       0.0000000       135.00000       0.0000000       334.00000       319687.00
       3.5135796      0.30834094      0.54652542      0.46666664      0.53438491
      -65.260544       49.634586       42.486347       127.68062       9.5699244
       14.455699
       0.0000000       134.00000    0.0095216669      -1.0000000       313297.00
       3.5926497      0.40842420      -1.0000000      -1.0000000      -1.0000000
      -1.0000000      -1.0000000      -1.0000000       125.81982       10.323247
       18.499895
       0.0000000       132.00000     0.033724371       325.00000       311132.00
       3.6002021      0.40621161      0.54734755      0.46666664      0.55379331
      -82.439407       53.899208       36.838917       124.27680       10.575900
       21.220337
       0.0000000       131.00000     0.048523631       318.00000       305415.00
       3.6556921      0.46916011      0.54700148      0.46875006      0.53034097
      -83.976875       54.508354       37.370716       123.22286       11.089406
       24.910591
       0.0000000       130.00000     0.058507323       314.00000       302651.00
       3.6620355      0.45198482      0.54342407      0.45161289      0.54609638
      -83.439201       56.106850       37.609707       123.30919       11.179355
       26.287596
       0.0000000       129.00000     0.073661387       321.00000       301195.00
       3.6582429      0.46613860      0.54114813      0.48387092      0.53412312
      -85.287590       55.660480       37.780106       122.20036       11.379943
       28.615894
       0.0000000       128.00000     0.083884433       316.00000       298785.00
       3.6411414      0.44240782      0.54362744      0.50000000      0.56882739
      -85.894623       55.386990       40.457283       121.59003       11.111087
       28.813463
       0.0000000       127.00000     0.099401802       319.00000       296427.00
       3.6360748      0.40938231      0.54204863      0.50000000      0.56156588
      -86.705429       53.475998       43.357727       121.80656       11.094220
       28.367970
       0.0000000       126.00000      0.10986994       318.00000       294242.00
       3.6099360      0.40313065      0.54467028      0.50000000      0.53216648
      -86.535446       52.708958       46.803665       122.02966       10.810638
       27.035139
       0.0000000       125.00000      0.12575933       325.00000       293875.00
       3.6012046      0.32458588      0.54170287      0.50000000      0.53491253
      -85.730583       56.570942       46.343765       120.45169       10.735826
       28.056120
       0.0000000       124.00000      0.14187621       326.00000       290259.00
       3.5960550      0.33307853      0.54674083      0.50000000      0.55312371
      -84.600670       63.996872       43.174137       121.59005       10.714068
       28.710831
       0.0000000       123.00000      0.15274876       326.00000       288614.00
       3.5845377      0.34709090      0.54099286      0.51515150      0.56842750
      -83.452255       70.070564       37.921253       123.78505       10.569340
       27.290800
       1.0000000       123.00000      0.15274876      -1.0000000       1.0000000
      0.28476351      0.39262477      -1.0000000      -1.0000000      -1.0000000
      -1.0000000      -1.0000000      -1.0000000      -1.0000000      -1.0000000
      -1.0000000
       0.0000000       122.00000      0.16925204       327.00000       286216.00
       3.5926964      0.37499526      0.54546887      0.45161289      0.57243991
      -84.175354       74.254883       32.892590       126.26679       10.724315
       26.310244
       0.0000000       121.00000      0.18038526       329.00000       283057.00
       3.5764639      0.36382386      0.54198819      0.48484850      0.54097658
      -81.995689       78.850861       29.410141       128.98251       10.651716
       25.051979
       0.0000000       120.00000      0.19728418       381.00000       289763.00
       3.5851421      0.37755099      0.54168010      0.48484850      0.52823365
      -83.498352       81.932846       28.068796       132.50185       10.734786
       22.924231
       0.0000000       119.00000      0.21442504       379.00000       286482.00
       3.5613189      0.37673154      0.53755862      0.46428573      0.52328956
      -83.311356       83.409615       28.362921       132.22691       10.453285
       21.843021
       0.0000000       118.00000      0.22598839       369.00000       282636.00
       3.5447438      0.35263404      0.53956783      0.48484850      0.55916893
      -83.639954       80.845474       31.308342       130.54346       10.393809
       21.788727
       0.0000000       117.00000      0.24354018       373.00000       279067.00
       3.5504818      0.39151651      0.53482795      0.51515150      0.55614620
      -84.820763       79.003197       31.805943       128.52025       10.517025
       24.884134
       0.0000000       116.00000      0.26134327       378.00000       276392.00
       3.6096652      0.41115344      0.53114349      0.53125000      0.55776554
      -85.067688       77.867989       38.993294       129.16800       11.247649
       34.071301
       0.0000000       115.00000      0.27335334       372.00000       273127.00
       3.6104090      0.34448722      0.52539247      0.48387092      0.55752385
      -84.824432       77.646339       43.704620       130.08875       11.246769
       35.632477
       0.0000000       114.00000      0.29158324       373.00000       269655.00
       3.5976717      0.41303059      0.52305901      0.51612902      0.54858851
      -78.221703       75.103386       54.942360       128.93849       11.178885
       43.257706
       0.0000000       113.00000      0.31007412       379.00000       267150.00
       3.6398726      0.44703865      0.51980495      0.55882359      0.54140073
      -70.473503       78.771210       57.474918       127.06346       11.438429
       50.257389
       0.0000000       112.00000      0.32882974       389.00000       263058.00
       3.5682983      0.52893931      0.52472013      0.51428568      0.56019211
      -61.679947       82.238708       66.177612       125.65531       11.656626
       61.195576
       1.0000000       112.00000      0.32882974      -1.0000000       1.0000000
      0.60136008      0.33182582      -1.0000000      -1.0000000      -1.0000000
      -1.0000000      -1.0000000      -1.0000000      -1.0000000      -1.0000000
      -1.0000000
       0.0000000       111.00000      0.34785384       392.00000       260612.00
       3.4745655      0.42807320      0.53223038      0.48387092      0.57524359
      -39.804066       87.445953       70.392258       124.24378       10.383979
       74.981346
       0.0000000       110.00000      0.36068764       390.00000       258476.00
       3.4060278      0.39182696      0.53145283      0.51612902      0.58245981
      -33.766472       86.143539       71.132393       125.47678       9.9402714
       81.271057
       0.0000000       109.00000      0.38016787       387.00000       254342.00
       3.3699424      0.28018466      0.53018284      0.51515150      0.55733693
      -24.934639       85.318703       78.264969       129.93015       10.039795
       86.212250
       0.0000000       108.00000      0.39992696       389.00000       252131.00
       3.4509001      0.38562733      0.54756600      0.46666664      0.58208579
      -21.960321       100.15306       93.141144       130.97517       10.372625
       89.787338
       1.0000000       108.00000      0.39992696      -1.0000000       1.0000000
     0.012363782      0.12434302      -1.0000000      -1.0000000      -1.0000000
      -1.0000000      -1.0000000      -1.0000000      -1.0000000      -1.0000000
      -1.0000000
       0.0000000       107.00000      0.41996893       386.00000       247609.00
       3.3955371      0.26707786      0.54373705      0.48387092      0.57293409
      -9.2970314       85.768784       85.844589       126.81034       9.6669741
       95.034729
       0.0000000       106.00000      0.44029784       374.00000       243374.00
       3.2622135      0.24516679      0.54425514      0.46666664      0.56876910
      -6.5924864       87.927895       85.698929       122.85106       8.4696198
       110.79863
       0.0000000       105.00000      0.46091780       378.00000       239193.00
       3.2458498      0.27960044      0.54968274      0.46666664      0.58066708
      -5.7352591       85.610245       91.850677       122.28509       8.3981333
       119.15557
       1.0000000       105.00000      0.46091780      -1.0000000       1.0000000
       0.0000000       0.0000000      -1.0000000      -1.0000000      -1.0000000
      -1.0000000      -1.0000000      -1.0000000      -1.0000000      -1.0000000
      -1.0000000
       0.0000000       104.00000      0.48183295       376.00000       235373.00
       3.2607002      0.30690497      0.55296469      0.51612902      0.58223540
      -1.4451065       86.466942       93.891357       124.94929       8.6178913
       112.69036
       1.0000000       104.00000      0.48183295      -1.0000000       1.0000000
    0.0013718095       0.0000000      -1.0000000      -1.0000000      -1.0000000
      -1.0000000      -1.0000000      -1.0000000      -1.0000000      -1.0000000
      -1.0000000
       0.0000000       103.00000      0.50304753       1185.0000       308561.00
       3.2760928      0.35643691      0.55079007      0.46666664      0.59335810
       7.5378275       97.218063       85.664986       125.48502       8.6884031
       124.94876
       0.0000000       102.00000      0.52456582       1181.0000       305451.00
       3.2614717      0.38809359      0.55183804      0.46666664      0.58169174
       3.4598761       105.02845       79.152580       128.11221       8.7253847
       120.40302
       1.0000000       102.00000      0.52456582      -1.0000000       1.0000000
    0.0013187687    0.0096565625      -1.0000000      -1.0000000      -1.0000000
      -1.0000000      -1.0000000      -1.0000000      -1.0000000      -1.0000000
      -1.0000000
       0.0000000       101.00000      0.54639220       1173.0000       301395.00
       3.2500005      0.44405028      0.54076284      0.54545456      0.59341961
      -1.2184184       115.12223       72.949341       128.55493       8.6958628
       121.37593
       1.0000000       101.00000      0.54639220      -1.0000000       1.0000000
   0.00068695279     0.031817008      -1.0000000      -1.0000000      -1.0000000
      -1.0000000      -1.0000000      -1.0000000      -1.0000000      -1.0000000
      -1.0000000
       0.0000000       100.00000      0.57598084       1178.0000       297622.00
       3.2038178      0.39747688      0.55020797      0.48387092      0.59159589
      -14.282887       105.51342       85.643288       123.98170       8.2384081
       133.06444
       1.0000000       100.00000      0.57598084      -1.0000000       1.0000000
    0.0011027317     0.012418481      -1.0000000      -1.0000000      -1.0000000
      -1.0000000      -1.0000000      -1.0000000      -1.0000000      -1.0000000
      -1.0000000
       0.0000000       99.000000      0.59854329       1187.0000       293357.00
       3.1638603      0.28569943      0.55112660      0.50000000      0.57066524
      -12.363207       105.39776       85.784653       121.04959       7.9738488
       143.97829
       0.0000000       98.000000      0.62142873       1186.0000       289828.00
       3.1620569      0.31048396      0.55260479      0.50000000      0.58718663
      -8.9737034       103.69579       89.989014       120.88662       8.0361824
       146.91335
       1.0000000       98.000000      0.62142873      -1.0000000       2.0000000
       0.0000000       0.0000000      -1.0000000      -1.0000000      -1.0000000
      -1.0000000      -1.0000000      -1.0000000      -1.0000000      -1.0000000
      -1.0000000
       0.0000000       97.000000      0.64464182       1167.0000       286095.00
       3.1651895      0.36993504      0.55246598      0.50000000      0.59243655
      -16.665533       111.80499       81.963905       120.38419       8.0354595
       153.43994
       1.0000000       97.000000      0.64464182      -1.0000000       1.0000000
       0.0000000       0.0000000      -1.0000000      -1.0000000      -1.0000000
      -1.0000000      -1.0000000      -1.0000000      -1.0000000      -1.0000000
      -1.0000000
       0.0000000       96.000000      0.67611039       1147.0000       281186.00
       3.1353378      0.21284120      0.55120236      0.50000000      0.57418764
      -21.165897       115.34879       80.725357       119.99944       7.7462811
       150.47630
       1.0000000       96.000000      0.67611039      -1.0000000       1.0000000
   0.00035514863       0.0000000      -1.0000000      -1.0000000      -1.0000000
      -1.0000000      -1.0000000      -1.0000000      -1.0000000      -1.0000000
      -1.0000000
       0.0000000       95.000000      0.70010638       1144.0000       277413.00
       3.1595702      0.22639172      0.55113667      0.46875006      0.58918649
      -25.170568       117.84454       82.217941       119.77403       7.7802224
       153.60239
       1.0000000       95.000000      0.70010638      -1.0000000       2.0000000
   0.00034659743    0.0068834377      -1.0000000      -1.0000000      -1.0000000
      -1.0000000      -1.0000000      -1.0000000      -1.0000000      -1.0000000
      -1.0000000
       0.0000000       94.000000      0.73263615       1138.0000       273216.00
       3.1413026      0.27883926      0.55502945      0.52941173      0.57095116
      -34.695705       120.26943       76.649323       120.31683       7.6890454
       151.72760
       1.0000000       94.000000      0.73263615      -1.0000000       2.0000000
    0.0016142910     0.069353666      -1.0000000      -1.0000000      -1.0000000
      -1.0000000      -1.0000000      -1.0000000      -1.0000000      -1.0000000
      -1.0000000
       0.0000000       93.000000      0.75744140       1124.0000       267646.00
       3.1503808      0.34373781      0.55455917      0.51515150      0.58409148
      -41.512577       121.00634       75.932487       121.10667       7.7854562
       153.08842
       0.0000000       92.000000      0.79106826       1056.0000       257137.00
       3.1580095      0.49011654      0.55472517      0.55882359      0.60334259
      -57.476414       121.88276       69.792900       122.58744       8.0776711
       156.43185
       0.0000000       91.000000      0.81671000       1017.0000       251111.00
       3.1183877      0.58228225      0.55323935      0.48484850      0.56598872
      -70.092270       118.54719       67.903069       123.04119       7.9504113
       163.64967
       0.0000000       90.000000      0.85147089       1016.0000       246116.00
       3.0690489      0.72243345      0.54681581      0.51515150      0.56678343
      -83.569969       102.35756       82.870071       123.72466       7.8889437
       161.27293
       1.0000000       90.000000      0.85147089      -1.0000000       1.0000000
   0.00037072171     0.011654004      -1.0000000      -1.0000000      -1.0000000
      -1.0000000      -1.0000000      -1.0000000      -1.0000000      -1.0000000
      -1.0000000
       0.0000000       89.000000      0.88689691       1013.0000       242313.00
       3.0302999      0.59840137      0.54683751      0.51515150      0.57882214
      -62.313828       97.961037       104.65169       125.39446       7.7554893
       160.67218
       1.0000000       89.000000      0.88689691      -1.0000000       1.0000000
   0.00037072171     0.011654004      -1.0000000      -1.0000000      -1.0000000
      -1.0000000      -1.0000000      -1.0000000      -1.0000000      -1.0000000
      -1.0000000
       0.0000000       88.000000      0.92300081       1005.0000       236679.00
       3.0127869      0.73324364      0.54338056      0.52941173      0.57728064
      -52.226555       103.40385       108.32099       125.95501       7.9277635
       159.65361
       1.0000000       88.000000      0.92300081      -1.0000000       1.0000000
   0.00038799466       0.0000000      -1.0000000      -1.0000000      -1.0000000
      -1.0000000      -1.0000000      -1.0000000      -1.0000000      -1.0000000
      -1.0000000
       0.0000000       87.000000      0.95053136       1010.0000       233803.00
       2.9764402      0.70716238      0.54030722      0.57575762      0.59880978
      -62.524509       103.93365       105.21104       126.67442       7.7080274
       159.09398
       1.0000000       87.000000      0.95053136      -1.0000000       1.0000000
   0.00038799466       0.0000000      -1.0000000      -1.0000000      -1.0000000
      -1.0000000      -1.0000000      -1.0000000      -1.0000000      -1.0000000
      -1.0000000
       0.0000000       86.000000      0.98785281       1032.0000       230402.00
       2.9519677      0.82190150      0.54148090      0.56250006      0.58091664
      -74.396492       93.469887       110.20683       126.49280       7.8338146
       153.74597
       0.0000000       85.000000      0.99729425       1036.0000       229373.00
       2.9285426      0.74969691      0.54030335      0.56250006      0.57498276
      -76.951080       88.265038       113.84149       125.12531       7.7481837
       147.60640
       0.0000000       84.000000       1.0355104       1037.0000       224613.00
       2.8799257      0.76086962      0.54760236      0.56250006      0.60840213
      -83.069664       103.33928       99.397751       125.51395       7.6035066
       150.88585
       0.0000000       83.000000       1.0744579       1042.0000       219500.00
       2.8906224      0.91801536      0.53593570      0.57142854      0.58957517
      -91.261154       102.78368       91.826378       126.80714       7.8713946
       156.72046
       1.0000000       83.000000       1.0744579      -1.0000000       1.0000000
   0.00050748844     0.028673377      -1.0000000      -1.0000000      -1.0000000
      -1.0000000      -1.0000000      -1.0000000      -1.0000000      -1.0000000
      -1.0000000
       0.0000000       82.000000       1.1141505       1039.0000       213345.00
       2.8261485      0.94377613      0.53193480      0.52941173      0.57382327
      -91.715591       116.28552       72.030563       128.23529       7.8104000
       154.57074
       1.0000000       82.000000       1.1141505      -1.0000000       1.0000000
    0.0033033916     0.015208280      -1.0000000      -1.0000000      -1.0000000
      -1.0000000      -1.0000000      -1.0000000      -1.0000000      -1.0000000
      -1.0000000
       0.0000000       81.000000       1.1546028       1005.0000       207171.00
       2.7755458      0.73009408      0.53416723      0.54285711      0.58510154
      -93.467361       121.24668       72.286491       122.09057       7.5753760
       148.41132
       1.0000000       81.000000       1.1546028      -1.0000000       4.0000000
    0.0016319564       0.0000000      -1.0000000      -1.0000000      -1.0000000
      -1.0000000      -1.0000000      -1.0000000      -1.0000000      -1.0000000
      -1.0000000
       0.0000000       80.000000       1.2062581       972.00000       197306.00
       2.7400241      0.83861035      0.53332198      0.51515150      0.58922821
      -89.415123       148.08910       9.7633667       122.56099       7.5787411
       130.77763
       1.0000000       80.000000       1.2062581      -1.0000000       2.0000000
   0.00027450282     0.018474601      -1.0000000      -1.0000000      -1.0000000
      -1.0000000      -1.0000000      -1.0000000      -1.0000000      -1.0000000
      -1.0000000
       0.0000000       79.000000       1.2484726       940.00000       190947.00
       2.6628239      0.79956388      0.54082555      0.57575762      0.60081589
      -121.49532       131.02383      -5.8563962       122.93104       7.2687845
       117.97523
       0.0000000       78.000000       1.3023784       871.00000       179522.00
       2.6547008       1.1457804      0.53312063      0.59459460      0.57423776
      -103.14478       138.94920       7.8406935       125.66054       8.0262060
       115.03507
       1.0000000       78.000000       1.3023784      -1.0000000       1.0000000
    0.0011067570     0.017990351      -1.0000000      -1.0000000      -1.0000000
      -1.0000000      -1.0000000      -1.0000000      -1.0000000      -1.0000000
      -1.0000000
       0.0000000       77.000000       1.3575766       827.00000       170340.00
       2.4509964       1.3270961      0.52775121      0.55882359      0.56291598
      -136.87773       81.833107       11.381055       123.54177       7.5089293
       117.77138
       1.0000000       77.000000       1.3575766      -1.0000000       1.0000000
     0.027801024      0.23870932      -1.0000000      -1.0000000      -1.0000000
      -1.0000000      -1.0000000      -1.0000000      -1.0000000      -1.0000000
      -1.0000000
       0.0000000       76.000000       1.4140983       826.00000       164471.00
       2.3181090       1.5987058      0.50180477      0.54285711      0.50881571
      -134.31798       55.640324       13.354144       121.83759       7.7262826
       118.13264
       0.0000000       75.000000       1.4719748       832.00000       158665.00
       2.1553135       1.4325553      0.50099510      0.50000000      0.47411516
      -135.95480      -29.454035       45.269615       121.13935       7.3419399
       117.28000
       1.0000000       75.000000       1.4719748      -1.0000000       1.0000000
       0.0000000       0.0000000      -1.0000000      -1.0000000      -1.0000000
      -1.0000000      -1.0000000      -1.0000000      -1.0000000      -1.0000000
      -1.0000000
       0.0000000       74.000000       1.5312390       881.00000       158002.00
       1.9674494       1.1135926      0.50948471      0.56250006      0.49283519
      -108.55633       24.302246       90.983246       121.06917       6.5500212
       110.42129
       0.0000000       73.000000       1.6042346       893.00000       151393.00
       1.8702898      0.85165614      0.50134104      0.50000000      0.47401577
      -111.53806       69.429138       54.320599       120.82236       5.8945670
       105.60644
       0.0000000       72.000000       1.6666696       1023.0000       153780.00
       1.8224268      0.81891066      0.50399280      0.59375006      0.48944360
      -114.78714       83.636993       17.387325       121.37053       5.7775502
       100.03186
       1.0000000       72.000000       1.6666696      -1.0000000       1.0000000
       0.0000000       0.0000000      -1.0000000      -1.0000000      -1.0000000
      -1.0000000      -1.0000000      -1.0000000      -1.0000000      -1.0000000
      -1.0000000
       0.0000000       71.000000       1.7435706       1745.0000       179072.00
       1.7086504      0.98969841      0.49276325      0.60526311      0.44956756
      -112.38881       40.007141       47.178036       121.26819       5.4799061
       104.91245
       1.0000000       71.000000       1.7435706      -1.0000000       1.0000000
   0.00085573061       0.0000000      -1.0000000      -1.0000000      -1.0000000
      -1.0000000      -1.0000000      -1.0000000      -1.0000000      -1.0000000
      -1.0000000
       0.0000000       70.000000       1.8226893       1666.0000       168896.00
       1.6449505      0.58389187      0.48796052      0.55882359      0.44475096
      -104.82969       44.066368       56.690117       118.43240       4.8818645
       112.92908
       0.0000000       69.000000       1.9040896       1638.0000       161021.00
       1.6043259      0.45644158      0.48988891      0.63888896      0.47069648
      -94.048584       26.089302       79.652557       117.26069       4.3698397
       113.83073
       0.0000000       68.000000       2.0020282       1515.0000       147639.00
       1.5899062      0.71107250      0.45170516      0.61538458      0.44993618
      -82.765327      -2.9462934       83.866310       121.98296       4.7175202
       104.30907
       0.0000000       67.000000       2.1032696       1399.0000       135309.00
       1.4305450       1.3370767      0.49691209      0.56250006      0.41836739
      -49.043480      -14.948520       110.60253       129.28452       4.9035974
       95.843491
       1.0000000       67.000000       2.1032696      -1.0000000       1.0000000
    0.0015438979       0.0000000      -1.0000000      -1.0000000      -1.0000000
      -1.0000000      -1.0000000      -1.0000000      -1.0000000      -1.0000000
      -1.0000000
       0.0000000       66.000000       2.2079256      -1.0000000       129878.00
       1.1663631       1.3769655      -1.0000000      -1.0000000      -1.0000000
      -1.0000000      -1.0000000      -1.0000000       128.72095       4.8529577
       92.899811
       1.0000000       66.000000       2.2079256      -1.0000000       2.0000000
    0.0017520994     0.012325346      -1.0000000      -1.0000000      -1.0000000
      -1.0000000      -1.0000000      -1.0000000      -1.0000000      -1.0000000
      -1.0000000
       0.0000000       65.000000       2.3161108      -1.0000000       119254.00
      0.99916869      0.92841798      -1.0000000      -1.0000000      -1.0000000
      -1.0000000      -1.0000000      -1.0000000       123.77325       4.0957088
       101.53250
       1.0000000       65.000000       2.3161108      -1.0000000       2.0000000
   0.00075344229    0.0045236740      -1.0000000      -1.0000000      -1.0000000
      -1.0000000      -1.0000000      -1.0000000      -1.0000000      -1.0000000
      -1.0000000
       0.0000000       64.000000       2.4442258      -1.0000000       113324.00
      0.90578020      0.86354631      -1.0000000      -1.0000000      -1.0000000
      -1.0000000      -1.0000000      -1.0000000       120.01827       4.4806981
       105.26677
       1.0000000       64.000000       2.4442258      -1.0000000       3.0000000
     0.025386870     0.025707668      -1.0000000      -1.0000000      -1.0000000
      -1.0000000      -1.0000000      -1.0000000      -1.0000000      -1.0000000
      -1.0000000
       0.0000000       63.000000       2.5772903      -1.0000000       105413.00
      0.88805181      0.89295173      -1.0000000      -1.0000000      -1.0000000
      -1.0000000      -1.0000000      -1.0000000       119.32606       5.7016711
       105.58749
       1.0000000       63.000000       2.5772903      -1.0000000       1.0000000
       0.0000000       0.0000000      -1.0000000      -1.0000000      -1.0000000
      -1.0000000      -1.0000000      -1.0000000      -1.0000000      -1.0000000
      -1.0000000
       0.0000000       62.000000       2.7331426      -1.0000000       95045.000
      0.78090990       1.0163814      -1.0000000      -1.0000000      -1.0000000
      -1.0000000      -1.0000000      -1.0000000       119.71448       5.5330415
       116.34215
       0.0000000       61.000000       2.8957851      -1.0000000       84877.000
      0.73320746      0.59760135      -1.0000000      -1.0000000      -1.0000000
      -1.0000000      -1.0000000      -1.0000000       124.23331       4.9561539
       117.30695
       1.0000000       61.000000       2.8957851      -1.0000000       1.0000000
       0.0000000       0.0000000      -1.0000000      -1.0000000      -1.0000000
      -1.0000000      -1.0000000      -1.0000000      -1.0000000      -1.0000000
      -1.0000000
       0.0000000       60.000000       3.0081310      -1.0000000       77713.000
      0.69109070      0.85000837      -1.0000000      -1.0000000      -1.0000000
      -1.0000000      -1.0000000      -1.0000000       133.37384       4.8355198
       108.71500
       1.0000000       60.000000       3.0081310      -1.0000000       2.0000000
    0.0037230948      0.24937379      -1.0000000      -1.0000000      -1.0000000
      -1.0000000      -1.0000000      -1.0000000      -1.0000000      -1.0000000
      -1.0000000
       0.0000000       59.000000       3.0848227      -1.0000000       72183.000
      0.63224179       1.3322368      -1.0000000      -1.0000000      -1.0000000
      -1.0000000      -1.0000000      -1.0000000       143.15921       5.3212280
       94.140770
       1.0000000       59.000000       3.0848227      -1.0000000       1.0000000
   0.00018921742       0.0000000      -1.0000000      -1.0000000      -1.0000000
      -1.0000000      -1.0000000      -1.0000000      -1.0000000      -1.0000000
      -1.0000000
       0.0000000       58.000000       3.2830331      -1.0000000       64750.000
      0.31222495       2.0189824      -1.0000000      -1.0000000      -1.0000000
      -1.0000000      -1.0000000      -1.0000000       153.08070       9.1210728
       81.634872
       1.0000000       58.000000       3.2830331      -1.0000000       6.0000000
    0.0031455524     0.031062149      -1.0000000      -1.0000000      -1.0000000
      -1.0000000      -1.0000000      -1.0000000      -1.0000000      -1.0000000
      -1.0000000
       0.0000000       57.000000       3.4908614      -1.0000000       55817.000
      0.12657019      0.78395855      -1.0000000      -1.0000000      -1.0000000
      -1.0000000      -1.0000000      -1.0000000       86.861404       3.5360711
       39.483807
       2.0000000       57.000000       3.4908614      0.26093072       57.000000
     0.081469081      0.40632513      -1.0000000      -1.0000000      -1.0000000
      -1.0000000      -1.0000000      -1.0000000      -1.0000000      -1.0000000
      -1.0000000
       1.0000000       57.000000       3.4908614      -1.0000000       3.0000000
    0.0029563350     0.031062149      -1.0000000      -1.0000000      -1.0000000
      -1.0000000      -1.0000000      -1.0000000      -1.0000000      -1.0000000
      -1.0000000
