       0.0000000       135.00000       0.0000000       2.0000000       30435.000
       12.771767       0.0000000      0.56908619      0.46666664      0.61810648
       20.707184       108.18211      -182.95091       164.38037       24.450949
       34.453968
       0.0000000       134.00000    0.0095216669       2.0000000       29982.000
       12.667048       0.0000000      0.57107699      0.50000000      0.62151074
       22.924770       110.36703      -184.57945       169.35408       24.155218
       26.724178
       0.0000000       133.00000     0.023974428       2.0000000       29150.000
       11.256237       0.0000000      0.56999195      0.53125000      0.65104538
       21.856659       98.791100      -167.02615       157.86156       18.703690
       14.549767
       0.0000000       132.00000     0.033724371       2.0000000       28955.000
       11.994603       0.0000000      0.57208502      0.44827580      0.62268025
       21.166769       103.82795      -182.08485       165.95689       21.226934
       16.090700
       0.0000000       131.00000     0.048523631       2.0000000       26083.000
       12.840981       0.0000000      0.57414806      0.44827580      0.61596364
       20.385105       108.87068      -193.17587       157.08778       24.600952
       38.374168
       0.0000000       130.00000     0.058507323       2.0000000       25870.000
       12.940948   0.00046934912      0.57184291      0.50000000      0.62036508
       20.555569       109.48672      -195.70930       153.83348       25.092184
       47.382191
       0.0000000       129.00000     0.073661387       2.0000000       25546.000
       13.021363     0.011835283      0.57168937      0.45161289      0.61892301
       20.786636       111.21558      -197.87431       151.22484       25.393141
       55.317635
       0.0000000       128.00000     0.083884433       2.0000000       25527.000
       13.024582     0.052052565      0.57375634      0.48484850      0.62700987
       21.293465       114.62605      -198.47862       149.86777       25.345083
       56.144993
       0.0000000       127.00000     0.099401802       2.0000000       25589.000
       13.057979     0.051255602      0.57389098      0.46875006      0.63736385
       25.786633       113.63109      -201.49449       147.67769       25.296741
       58.663601
       0.0000000       126.00000      0.10986994       2.0000000       25501.000
       13.053581     0.062638961      0.57294357      0.46875006      0.63314652
       25.855577       112.82443      -203.48608       146.07356       25.221945
       64.806320
       0.0000000       125.00000      0.12575933       2.0000000       25525.000
       13.068456     0.050557449      0.57439303      0.46875006      0.63953006
       25.970676       112.68011      -208.18872       147.59659       25.299376
       62.954876
       0.0000000       124.00000      0.14187621       2.0000000       25337.000
       13.094850     0.052377488      0.57678312      0.51515150      0.63607079
       28.609886       113.39930      -212.53375       148.42285       25.170727
       61.759212
       0.0000000       123.00000      0.15274876       2.0000000       25138.000
       13.145570     0.058219966      0.57572216      0.45161289      0.63034368
       29.143766       114.15939      -213.62614       148.84273       25.596539
       65.532387
       0.0000000       122.00000      0.16925204       2.0000000       24790.000
       13.117778     0.068914466      0.57685149      0.50000000      0.63815361
       31.251236       115.23667      -215.80688       150.11124       25.343208
       66.616737
       0.0000000       121.00000      0.18038526       2.0000000       24575.000
       13.154480     0.082855090      0.57839209      0.50000000      0.62843221
       32.144268       115.95950      -217.97017       149.44707       25.388086
       70.229240
       0.0000000       120.00000      0.19728418       2.0000000       24093.000
       13.230012     0.092320614      0.57758993      0.50000000      0.62844604
       32.926193       117.09391      -221.88223       148.93452       25.705463
       74.570076
       0.0000000       119.00000      0.21442504       2.0000000       20400.000
       13.259859      0.10521305      0.57663655      0.50000000      0.64336884
       28.270842       117.05317      -225.36342       148.51340       25.699036
       77.023872
       0.0000000       118.00000      0.22598839       2.0000000       20240.000
       13.266425      0.13498510      0.57387221      0.48387092      0.63930959
       24.597931       115.31979      -227.69926       147.75041       25.622391
       79.884705
       0.0000000       117.00000      0.24354018       2.0000000       19941.000
       13.304445      0.16986355      0.57684731      0.51515150      0.64454126
       15.862996       116.88922      -233.02153       148.77711       25.763836
       78.487007
       0.0000000       116.00000      0.26134327       2.0000000       18366.000
       13.287448      0.21349367      0.57892793      0.50000000      0.64895272
       8.2036858       119.83208      -236.40147       149.20811       25.642185
       76.379608
       0.0000000       115.00000      0.27335334       1.0000000       8407.0000
       13.299712      0.24201956      0.57866979      0.48387092      0.63782066
       2.9917541       121.10350      -238.18428       149.96257       25.686600
       74.703148
       0.0000000       114.00000      0.29158324       2.0000000       17783.000
       13.305312      0.29839253      0.58018500      0.48387092      0.64019835
      -4.1726398       124.57366      -241.49797       152.92163       25.616608
       70.565758
       0.0000000       113.00000      0.31007412       1.0000000       8422.0000
       13.338794      0.62719107      0.57764101      0.51515150      0.65257436
      -2.9323375       129.05916      -243.63458       155.31093       26.057465
       71.224319
       0.0000000       112.00000      0.32882974       1.0000000       7791.0000
       13.337809      0.48261708      0.57729989      0.50000000      0.64591062
   -0.0031357892       132.04163      -244.95126       154.34596       25.882114
       76.713829
       0.0000000       111.00000      0.34785384       37.000000       118012.00
       13.308683      0.50066596      0.57552248      0.48387092      0.64585882
     -0.86607480       132.10530      -247.91467       155.21973       25.747158
       76.229530
       0.0000000       110.00000      0.36068764       37.000000       117459.00
       13.385805      0.51493037      0.57460570      0.51515150      0.66854858
       1.6721247       134.56441      -253.26753       152.59409       25.930986
       86.167732
       0.0000000       109.00000      0.38016787       1.0000000       7344.0000
       13.437768      0.60670388      0.57108045      0.54545456      0.66204339
       4.9606047       140.37216      -257.01385       154.39342       26.155005
       86.056122
       0.0000000       108.00000      0.39992696       31.000000       100833.00
       13.407234      0.53266811      0.58780354      0.53125000      0.65810919
       3.5774813       143.68004      -265.47824       154.13443       26.052498
       90.114731
       0.0000000       107.00000      0.41996893       30.000000       97455.000
       13.443997      0.66890097      0.58845639      0.53125000      0.66301411
       2.1270423       150.48767      -265.61270       156.86813       26.283381
       85.820518
       0.0000000       106.00000      0.44029784       30.000000       95855.000
       13.494218      0.65495199      0.57653409      0.54545456      0.65428191
       7.9557395       146.35001      -268.71472       156.83420       26.431957
       87.909859
       0.0000000       105.00000      0.46091780       32.000000       95786.000
       13.481223      0.60036057      0.58029026      0.55882359      0.67382848
       1.9105459       152.10022      -276.03754       157.27693       26.339634
       86.536049
       1.0000000       105.00000      0.46091780      -1.0000000       1.0000000
    0.0015451349       0.0000000      -1.0000000      -1.0000000      -1.0000000
      -1.0000000      -1.0000000      -1.0000000      -1.0000000      -1.0000000
      -1.0000000
       0.0000000       104.00000      0.48183295       32.000000       93844.000
       13.422245      0.62457252      0.58534908      0.55882359      0.68380088
      -6.0232282       160.32567      -281.73730       157.90210       26.113373
       85.449272
       0.0000000       103.00000      0.50304753       30.000000       87473.000
       13.522514      0.60924274      0.58226734      0.55882359      0.66816157
      -14.125679       166.96898      -283.01630       157.73953       26.331839
       86.878036
       0.0000000       102.00000      0.52456582       29.000000       84646.000
       13.574906      0.68414265      0.58010900      0.60000002      0.67647713
      -19.469429       175.62778      -285.02197       155.54147       26.509619
       93.001022
       1.0000000       102.00000      0.52456582      -1.0000000       2.0000000
       0.0000000       0.0000000      -1.0000000      -1.0000000      -1.0000000
      -1.0000000      -1.0000000      -1.0000000      -1.0000000      -1.0000000
      -1.0000000
       0.0000000       101.00000      0.54639220       29.000000       82857.000
       13.588248      0.86131328      0.58648854      0.51612902      0.66467303
      -15.536031       197.40707      -281.79028       156.68686       26.878687
       90.338593
       1.0000000       101.00000      0.54639220      -1.0000000       2.0000000
   0.00026861817       0.0000000      -1.0000000      -1.0000000      -1.0000000
      -1.0000000      -1.0000000      -1.0000000      -1.0000000      -1.0000000
      -1.0000000
       0.0000000       100.00000      0.57598084       29.000000       78875.000
       13.481506       2.6425061      0.59176052      0.54545456      0.65601361
       6.2987638       211.46007      -297.00592       158.14960       28.380054
       95.611755
       0.0000000       99.000000      0.59854329       29.000000       74753.000
       13.224988       2.6292999      0.58773202      0.53125000      0.65631771
       39.161228       196.46739      -319.55905       160.52632       28.598013
       87.951607
       0.0000000       98.000000      0.62142873       31.000000       74035.000
       13.183303       2.5653689      0.58230609      0.55882359      0.65555114
       90.314690       180.84720      -335.38464       157.45186       29.482260
       101.44506
       1.0000000       98.000000      0.62142873      -1.0000000       1.0000000
   0.00062374794       0.0000000      -1.0000000      -1.0000000      -1.0000000
      -1.0000000      -1.0000000      -1.0000000      -1.0000000      -1.0000000
      -1.0000000
       0.0000000       97.000000      0.64464182       29.000000       70764.000
       12.924778       2.9880350      0.59927070      0.58823532      0.68436635
       131.08102       117.86722      -386.22165       159.89590       29.599794
       95.684753
       0.0000000       96.000000      0.67611039       27.000000       66300.000
       12.673924       2.5153441      0.61587065      0.58823532      0.69417977
       87.652657       54.873695      -490.72391       158.58757       30.530514
       114.81702
       1.0000000       96.000000      0.67611039      -1.0000000       2.0000000
      0.13806154      0.18524057      -1.0000000      -1.0000000      -1.0000000
      -1.0000000      -1.0000000      -1.0000000      -1.0000000      -1.0000000
      -1.0000000
       0.0000000       95.000000      0.70010638       25.000000       62047.000
       12.631248       3.0015318      0.58246142      0.66666663      0.68993568
       87.386185       89.688515      -514.35535       161.48724       32.128582
       126.85743
       1.0000000       95.000000      0.70010638      -1.0000000       3.0000000
      0.49384059      0.34330320      -1.0000000      -1.0000000      -1.0000000
      -1.0000000      -1.0000000      -1.0000000      -1.0000000      -1.0000000
      -1.0000000
       0.0000000       94.000000      0.73263615       26.000000       63079.000
       12.093689       3.0322204      0.56839269      0.61764705      0.69472748
       140.98756       194.09805      -553.54272       168.19232       34.156052
       129.08298
       1.0000000       94.000000      0.73263615      -1.0000000       5.0000000
       1.5588137       1.3116468      -1.0000000      -1.0000000      -1.0000000
      -1.0000000      -1.0000000      -1.0000000      -1.0000000      -1.0000000
      -1.0000000
       0.0000000       93.000000      0.75744140       22.000000       56688.000
       11.565827       3.5932856      0.57058513      0.65714288      0.69089979
       76.403374       172.15536      -488.17526       172.67464       31.946171
       118.63716
       1.0000000       93.000000      0.75744140      -1.0000000       1.0000000
      0.26378286      0.15940948      -1.0000000      -1.0000000      -1.0000000
      -1.0000000      -1.0000000      -1.0000000      -1.0000000      -1.0000000
      -1.0000000
       0.0000000       92.000000      0.79106826       22.000000       55077.000
       11.020088       4.7999678      0.53814304      0.65625000      0.67863572
      -29.087700       57.557446      -501.93478       181.72131       33.109589
       114.02533
       1.0000000       92.000000      0.79106826      -1.0000000       1.0000000
     0.010653156     0.081270061      -1.0000000      -1.0000000      -1.0000000
      -1.0000000      -1.0000000      -1.0000000      -1.0000000      -1.0000000
      -1.0000000
       0.0000000       91.000000      0.81671000       21.000000       51806.000
       10.925287       9.0965862      0.45265326      0.83333331      0.62076283
      -63.209183       79.401848      -556.43140       195.46796       46.151901
       101.56806
       1.0000000       91.000000      0.81671000      -1.0000000       4.0000000
      0.23824658      0.69105870      -1.0000000      -1.0000000      -1.0000000
      -1.0000000      -1.0000000      -1.0000000      -1.0000000      -1.0000000
      -1.0000000
       0.0000000       90.000000      0.85147089       21.000000       50676.000
       9.3871307       6.3553247      0.55840981      0.73809522      0.73693103
      -202.18378      -40.607941      -656.57104       172.02350       36.642513
       112.65477
       1.0000000       90.000000      0.85147089      -1.0000000       4.0000000
      0.37041802      0.64343606      -1.0000000      -1.0000000      -1.0000000
      -1.0000000      -1.0000000      -1.0000000      -1.0000000      -1.0000000
      -1.0000000
       0.0000000       89.000000      0.88689691       20.000000       47849.000
       9.2323589       6.8423281      0.54777282      0.80434781      0.74086964
      -244.68216       3.4584413      -627.92395       155.67047       37.160480
       124.64429
       1.0000000       89.000000      0.88689691      -1.0000000       5.0000000
      0.10521962      0.89086581      -1.0000000      -1.0000000      -1.0000000
      -1.0000000      -1.0000000      -1.0000000      -1.0000000      -1.0000000
      -1.0000000
       0.0000000       88.000000      0.92300081       20.000000       46023.000
       8.4732971       6.4846888      0.58604288      0.72972977      0.76667327
      -205.07637      -35.348591      -667.80078       152.44458       34.323334
       124.04465
       1.0000000       88.000000      0.92300081      -1.0000000       5.0000000
     0.016804776      0.20153837      -1.0000000      -1.0000000      -1.0000000
      -1.0000000      -1.0000000      -1.0000000      -1.0000000      -1.0000000
      -1.0000000
       0.0000000       87.000000      0.95053136       20.000000       45238.000
       8.1014242       6.4407554      0.55160749      0.76315790      0.73092169
      -221.87094      -102.46237      -625.78333       158.57750       33.420147
       90.722565
       1.0000000       87.000000      0.95053136      -1.0000000       5.0000000
     0.071663557      0.49555854      -1.0000000      -1.0000000      -1.0000000
      -1.0000000      -1.0000000      -1.0000000      -1.0000000      -1.0000000
      -1.0000000
       0.0000000       86.000000      0.98785281       19.000000       42204.000
       7.7444458       7.3486595      0.55441630      0.61290324      0.69507140
      -221.04512      -122.75414      -595.81854       164.28094       33.870064
       80.488602
       1.0000000       86.000000      0.98785281      -1.0000000       2.0000000
     0.010443818     0.092404507      -1.0000000      -1.0000000      -1.0000000
      -1.0000000      -1.0000000      -1.0000000      -1.0000000      -1.0000000
      -1.0000000
       0.0000000       85.000000      0.99729425       19.000000       42265.000
       7.5264568       7.1995497      0.55259961      0.75609756      0.67257631
      -238.43863      -147.48100      -597.97400       164.32439       33.556175
       83.769768
       1.0000000       85.000000      0.99729425      -1.0000000       1.0000000
     0.025642991      0.13751547      -1.0000000      -1.0000000      -1.0000000
      -1.0000000      -1.0000000      -1.0000000      -1.0000000      -1.0000000
      -1.0000000
       0.0000000       84.000000       1.0355104       18.000000       38319.000
       7.0481043       6.6773825      0.55958200      0.73684210      0.69698554
      -363.09561      -153.46626      -513.94312       160.27922       32.802219
       99.373642
       1.0000000       84.000000       1.0355104      -1.0000000       3.0000000
     0.050516185      0.36348845      -1.0000000      -1.0000000      -1.0000000
      -1.0000000      -1.0000000      -1.0000000      -1.0000000      -1.0000000
      -1.0000000
       0.0000000       83.000000       1.0744579       16.000000       33947.000
       6.4584794       6.2181449      0.57137489      0.75000000      0.73371351
      -353.32889      -71.452682      -547.50647       158.89838       31.765799
       117.11548
       1.0000000       83.000000       1.0744579      -1.0000000       6.0000000
      0.23696327      0.45335523      -1.0000000      -1.0000000      -1.0000000
      -1.0000000      -1.0000000      -1.0000000      -1.0000000      -1.0000000
      -1.0000000
       0.0000000       82.000000       1.1141505       16.000000       31740.000
       6.3013849       5.2585678      0.52556640      0.79069763      0.68612361
      -381.60861      -55.226463      -523.85846       158.62524       30.978214
       129.32704
       1.0000000       82.000000       1.1141505      -1.0000000       3.0000000
     0.014368514      0.11554867      -1.0000000      -1.0000000      -1.0000000
      -1.0000000      -1.0000000      -1.0000000      -1.0000000      -1.0000000
      -1.0000000
       0.0000000       81.000000       1.1546028       16.000000       30831.000
       6.2498984       8.1970396      0.44112736      0.85000002      0.66412050
      -375.70819       6.8762903      -566.54175       162.59567       41.335426
       117.17953
       1.0000000       81.000000       1.1546028      -1.0000000       11.000000
      0.46774478       1.5663424      -1.0000000      -1.0000000      -1.0000000
      -1.0000000      -1.0000000      -1.0000000      -1.0000000      -1.0000000
      -1.0000000
       0.0000000       80.000000       1.2062581       14.000000       26026.000
       5.1372523       7.7019300      0.53170484      0.72222221      0.64034730
      -499.98737       99.189430      -448.04736       160.71228       32.967991
       123.82767
       1.0000000       80.000000       1.2062581      -1.0000000       11.000000
      0.15563692      0.70728000      -1.0000000      -1.0000000      -1.0000000
      -1.0000000      -1.0000000      -1.0000000      -1.0000000      -1.0000000
      -1.0000000
       0.0000000       79.000000       1.2484726       18.000000       29899.000
       4.7378826       6.0831938      0.56336123      0.76315790      0.73716182
      -454.60831       234.69778      -429.58868       155.76471       28.854239
       124.60708
       1.0000000       79.000000       1.2484726      -1.0000000       7.0000000
     0.058613598      0.56876936      -1.0000000      -1.0000000      -1.0000000
      -1.0000000      -1.0000000      -1.0000000      -1.0000000      -1.0000000
      -1.0000000
       0.0000000       78.000000       1.3023784       24.000000       34250.000
       4.2882586       5.5841265      0.57385230      0.80952382      0.75689691
      -436.69006       286.70212      -393.67682       157.48521       27.420782
       140.65117
       1.0000000       78.000000       1.3023784      -1.0000000       7.0000000
      0.10473904      0.57619991      -1.0000000      -1.0000000      -1.0000000
      -1.0000000      -1.0000000      -1.0000000      -1.0000000      -1.0000000
      -1.0000000
       0.0000000       77.000000       1.3575766       461.00000       136769.00
       3.8986747       6.0900936      0.53612453      0.70588237      0.67577446
      -442.18097       301.64902      -324.93439       163.93726       27.112448
       141.50995
       1.0000000       77.000000       1.3575766      -1.0000000       5.0000000
     0.036559491      0.40798411      -1.0000000      -1.0000000      -1.0000000
      -1.0000000      -1.0000000      -1.0000000      -1.0000000      -1.0000000
      -1.0000000
       0.0000000       76.000000       1.4140983       464.00000       131664.00
       3.3602264       6.0385289      0.44593915      0.69999999      0.57672822
      -357.29434       199.83162      -206.24406       159.55388       27.593714
       137.64885
       1.0000000       76.000000       1.4140983      -1.0000000       5.0000000
     0.051537227      0.46849225      -1.0000000      -1.0000000      -1.0000000
      -1.0000000      -1.0000000      -1.0000000      -1.0000000      -1.0000000
      -1.0000000
       0.0000000       75.000000       1.4719748       476.00000       127563.00
       3.0773647       6.0279446      0.40868488      0.88333333      0.46685812
      -422.83533       205.74500       37.072662       155.19177       24.715443
       144.67892
       1.0000000       75.000000       1.4719748      -1.0000000       3.0000000
    0.0015529232     0.031930132      -1.0000000      -1.0000000      -1.0000000
      -1.0000000      -1.0000000      -1.0000000      -1.0000000      -1.0000000
      -1.0000000
       0.0000000       74.000000       1.5312390       663.00000       141455.00
       2.1465466       3.5199256      0.50888610      0.64864868      0.61947972
      -318.73071       160.94583       36.378845       144.55463       15.707543
       147.32692
       2.0000000       74.000000       1.5312390      0.26223329       71.000000
      0.37140760      0.64688796      -1.0000000      -1.0000000      -1.0000000
      -1.0000000      -1.0000000      -1.0000000      -1.0000000      -1.0000000
      -1.0000000
       1.0000000       74.000000       1.5312390      -1.0000000       2.0000000
     0.015928524     0.070810102      -1.0000000      -1.0000000      -1.0000000
      -1.0000000      -1.0000000      -1.0000000      -1.0000000      -1.0000000
      -1.0000000
       0.0000000       73.000000       1.6042346       461.00000       116366.00
       2.0331671       4.3055263      0.46608952      0.82692307      0.68469518
      -273.74277       178.13736       3.1832793       147.56700       19.583622
       151.80594
       1.0000000       73.000000       1.6042346      -1.0000000       2.0000000
    0.0013697007     0.011239405      -1.0000000      -1.0000000      -1.0000000
      -1.0000000      -1.0000000      -1.0000000      -1.0000000      -1.0000000
      -1.0000000
       0.0000000       72.000000       1.6666696       655.00000       128744.00
       1.7315034       3.1782088      0.45884779      0.71052635      0.59777796
      -221.41243       171.71494       118.96840       136.98830       13.842593
       162.38657
       1.0000000       72.000000       1.6666696      -1.0000000       2.0000000
    0.0046447850     0.036260519      -1.0000000      -1.0000000      -1.0000000
      -1.0000000      -1.0000000      -1.0000000      -1.0000000      -1.0000000
      -1.0000000
       0.0000000       71.000000       1.7435706       638.00000       121045.00
       1.4163252       2.8197701      0.40946001      0.60526311      0.40078294
      -108.33347       152.66441       21.491922       131.20514       11.693444
       174.42215
       1.0000000       71.000000       1.7435706      -1.0000000       4.0000000
     0.028232512      0.29830921      -1.0000000      -1.0000000      -1.0000000
      -1.0000000      -1.0000000      -1.0000000      -1.0000000      -1.0000000
      -1.0000000
       0.0000000       70.000000       1.8226893      -1.0000000       114122.00
       1.2662038       2.2606342      -1.0000000      -1.0000000      -1.0000000
      -1.0000000      -1.0000000      -1.0000000       131.80363       12.051127
       148.97580
       1.0000000       70.000000       1.8226893      -1.0000000       1.0000000
    0.0011383066       0.0000000      -1.0000000      -1.0000000      -1.0000000
      -1.0000000      -1.0000000      -1.0000000      -1.0000000      -1.0000000
      -1.0000000
       0.0000000       69.000000       1.9040896      -1.0000000       106285.00
      0.92451841       1.5402578      -1.0000000      -1.0000000      -1.0000000
      -1.0000000      -1.0000000      -1.0000000       121.17561       6.8642526
       152.52560
       2.0000000       69.000000       1.9040896      0.29303679       66.000000
      0.16358544      0.29431316      -1.0000000      -1.0000000      -1.0000000
      -1.0000000      -1.0000000      -1.0000000      -1.0000000      -1.0000000
      -1.0000000
       1.0000000       69.000000       1.9040896      -1.0000000       1.0000000
       0.0000000       0.0000000      -1.0000000      -1.0000000      -1.0000000
      -1.0000000      -1.0000000      -1.0000000      -1.0000000      -1.0000000
      -1.0000000
       0.0000000       68.000000       2.0020282      -1.0000000       97328.000
      0.75935090       1.4469707      -1.0000000      -1.0000000      -1.0000000
      -1.0000000      -1.0000000      -1.0000000       118.05234       6.4613857
       156.27296
       1.0000000       68.000000       2.0020282      -1.0000000       1.0000000
   0.00039997560       0.0000000      -1.0000000      -1.0000000      -1.0000000
      -1.0000000      -1.0000000      -1.0000000      -1.0000000      -1.0000000
      -1.0000000
       0.0000000       67.000000       2.1032696      -1.0000000       90761.000
      0.68048233       1.2869264      -1.0000000      -1.0000000      -1.0000000
      -1.0000000      -1.0000000      -1.0000000       122.45470       6.8686790
       91.443314
       1.0000000       67.000000       2.1032696      -1.0000000       5.0000000
    0.0012197769     0.016109759      -1.0000000      -1.0000000      -1.0000000
      -1.0000000      -1.0000000      -1.0000000      -1.0000000      -1.0000000
      -1.0000000
       0.0000000       66.000000       2.2079256      -1.0000000       87425.000
      0.55824196       1.2890999      -1.0000000      -1.0000000      -1.0000000
      -1.0000000      -1.0000000      -1.0000000       117.50382       5.5785575
       87.580215
       1.0000000       66.000000       2.2079256      -1.0000000       1.0000000
   0.00020152991       0.0000000      -1.0000000      -1.0000000      -1.0000000
      -1.0000000      -1.0000000      -1.0000000      -1.0000000      -1.0000000
      -1.0000000
       0.0000000       65.000000       2.3161108      -1.0000000       81972.000
      0.49929783       1.2095625      -1.0000000      -1.0000000      -1.0000000
      -1.0000000      -1.0000000      -1.0000000       101.38129       5.6698461
       136.21289
       1.0000000       65.000000       2.3161108      -1.0000000       3.0000000
   0.00085990346     0.037871158      -1.0000000      -1.0000000      -1.0000000
      -1.0000000      -1.0000000      -1.0000000      -1.0000000      -1.0000000
      -1.0000000
       0.0000000       64.000000       2.4442258      -1.0000000       81902.000
      0.42525604       1.2560283      -1.0000000      -1.0000000      -1.0000000
      -1.0000000      -1.0000000      -1.0000000       96.940613       5.5156889
       104.51997
       1.0000000       64.000000       2.4442258      -1.0000000       2.0000000
       0.0000000       0.0000000      -1.0000000      -1.0000000      -1.0000000
      -1.0000000      -1.0000000      -1.0000000      -1.0000000      -1.0000000
      -1.0000000
       0.0000000       63.000000       2.5772903      -1.0000000       118490.00
      0.33663246       1.4414244      -1.0000000      -1.0000000      -1.0000000
      -1.0000000      -1.0000000      -1.0000000       99.176468       6.0151415
       77.535858
       1.0000000       63.000000       2.5772903      -1.0000000       2.0000000
    0.0011744107     0.050150090      -1.0000000      -1.0000000      -1.0000000
      -1.0000000      -1.0000000      -1.0000000      -1.0000000      -1.0000000
      -1.0000000
       0.0000000       62.000000       2.7331426      -1.0000000       115397.00
      0.26573530       1.1141193      -1.0000000      -1.0000000      -1.0000000
      -1.0000000      -1.0000000      -1.0000000       96.951736       5.0946074
       78.667274
       1.0000000       62.000000       2.7331426      -1.0000000       2.0000000
   0.00023766275       0.0000000      -1.0000000      -1.0000000      -1.0000000
      -1.0000000      -1.0000000      -1.0000000      -1.0000000      -1.0000000
      -1.0000000
       0.0000000       61.000000       2.8957851      -1.0000000       126694.00
      0.20994049      0.75358880      -1.0000000      -1.0000000      -1.0000000
      -1.0000000      -1.0000000      -1.0000000       91.604950       4.0143900
       91.982368
       1.0000000       61.000000       2.8957851      -1.0000000       1.0000000
       0.0000000       0.0000000      -1.0000000      -1.0000000      -1.0000000
      -1.0000000      -1.0000000      -1.0000000      -1.0000000      -1.0000000
      -1.0000000
       0.0000000       60.000000       3.0081310      -1.0000000       116137.00
      0.20192130      0.65568185      -1.0000000      -1.0000000      -1.0000000
      -1.0000000      -1.0000000      -1.0000000       90.105743       3.8877761
       100.69038
       1.0000000       60.000000       3.0081310      -1.0000000       1.0000000
       0.0000000       0.0000000      -1.0000000      -1.0000000      -1.0000000
      -1.0000000      -1.0000000      -1.0000000      -1.0000000      -1.0000000
      -1.0000000
       0.0000000       59.000000       3.0848227      -1.0000000       113044.00
      0.18990612      0.65097475      -1.0000000      -1.0000000      -1.0000000
      -1.0000000      -1.0000000      -1.0000000       92.151466       3.8635314
       98.879807
       1.0000000       59.000000       3.0848227      -1.0000000       1.0000000
       0.0000000       0.0000000      -1.0000000      -1.0000000      -1.0000000
      -1.0000000      -1.0000000      -1.0000000      -1.0000000      -1.0000000
      -1.0000000
       0.0000000       58.000000       3.2830331      -1.0000000       101285.00
      0.16770773      0.74333453      -1.0000000      -1.0000000      -1.0000000
      -1.0000000      -1.0000000      -1.0000000       105.08875       3.8259504
       85.824570
       1.0000000       58.000000       3.2830331      -1.0000000       4.0000000
    0.0015832807       0.0000000      -1.0000000      -1.0000000      -1.0000000
      -1.0000000      -1.0000000      -1.0000000      -1.0000000      -1.0000000
      -1.0000000
       0.0000000       57.000000       3.4908614      -1.0000000       89154.000
      0.11081299       1.1670302      -1.0000000      -1.0000000      -1.0000000
      -1.0000000      -1.0000000      -1.0000000       117.29322       5.3387837
       67.147888
       1.0000000       57.000000       3.4908614      -1.0000000       2.0000000
    0.0022531704       0.0000000      -1.0000000      -1.0000000      -1.0000000
      -1.0000000      -1.0000000      -1.0000000      -1.0000000      -1.0000000
      -1.0000000
