       0.0000000       135.00000       0.0000000       345.00000       322000.00
       3.4242675      0.54354811      0.46982080      0.31250006      0.38710260
       16.468979      -109.49896       7.5685711       96.742195       9.9432850
       61.783489
       0.0000000       134.00000    0.0095216669       347.00000       320181.00
       3.4831197      0.50491101      0.46900719      0.31250006      0.40083718
       16.876217      -108.77673       13.203982       96.366730       10.094390
       61.930435
       0.0000000       133.00000     0.023974428       343.00000       315981.00
       3.5411942      0.50608152      0.45833060      0.34375006      0.38099635
       12.292372      -109.77052       21.013247       96.714691       11.012882
       61.902653
       0.0000000       132.00000     0.033724371       334.00000       313039.00
       3.4248040       1.2742429      0.46333504      0.36363643      0.40038791
       9.7645016      -110.55771       24.750589       98.393593       10.411469
       60.919903
       0.0000000       131.00000     0.048523631       336.00000       309200.00
       3.3768227       1.1630493      0.46427083      0.38235301      0.38433731
       14.726215      -110.59198       24.029148       96.892273       10.499561
       60.393284
       0.0000000       130.00000     0.058507323       338.00000       307642.00
       3.3814406       1.1435169      0.45934144      0.33333337      0.38826346
       19.098890      -112.32499       23.801611       96.585793       10.603552
       60.068695
       0.0000000       129.00000     0.073661387       346.00000       306422.00
       3.3204062       1.2733974      0.45933497      0.38235301      0.38017392
       30.177656      -112.38488       22.544960       96.815666       10.707982
       60.213551
       1.0000000       129.00000     0.073661387      -1.0000000       1.0000000
    0.0087201279     0.048959751      -1.0000000      -1.0000000      -1.0000000
      -1.0000000      -1.0000000      -1.0000000      -1.0000000      -1.0000000
      -1.0000000
       0.0000000       128.00000     0.083884433       338.00000       303332.00
       3.2970598       1.1907572      0.45645976      0.40000004      0.36545384
       31.357611      -112.73043       24.109861       96.054153       10.739109
       61.210697
       0.0000000       127.00000     0.099401802       349.00000       302613.00
       3.2382846       1.2308447      0.44835320      0.31250006      0.35726804
       25.955713      -112.80994       26.274992       95.535278       10.630796
       62.422146
       0.0000000       126.00000      0.10986994       342.00000       299187.00
       3.2268229       1.0940870      0.45406443      0.33333337      0.36716500
       26.797493      -116.82101       20.854191       95.754372       10.553292
       61.317791
       0.0000000       125.00000      0.12575933       341.00000       296995.00
       3.2305582       1.2078804      0.45642063      0.37142855      0.38151029
       34.803516      -121.08572       17.491556       96.046883       10.962016
       60.183174
       0.0000000       124.00000      0.14187621       335.00000       292121.00
       3.1651533       1.3895375      0.45753926      0.33333337      0.40045321
       42.170570      -119.28275       23.524603       99.013954       10.951123
       53.299957
       0.0000000       123.00000      0.15274876       336.00000       290687.00
       3.1554763       1.5159552      0.46353021      0.33333337      0.39928898
       55.382683      -117.65221       26.854710       89.076736       11.023369
       112.37413
       0.0000000       122.00000      0.16925204       644.00000       331366.00
       3.0526752       1.5383781      0.47204223      0.42857140      0.41287890
       70.629234      -114.07774       20.563414       98.478195       11.117600
       55.640907
       0.0000000       121.00000      0.18038526       356.00000       288515.00
       3.0191073       1.2778498      0.45910877      0.38235301      0.36430460
       74.518448      -113.43848       21.467415       97.790276       11.029514
       58.997375
       0.0000000       120.00000      0.19728418       654.00000       325916.00
       2.9997594       1.7491252      0.45339334      0.41666669      0.37359101
       83.507477      -106.49978       37.271408       100.35427       11.374319
       62.322445
       0.0000000       119.00000      0.21442504       358.00000       282567.00
       2.9371059       1.5367222      0.46085995      0.35294116      0.36502311
       64.081673      -103.81245       62.317741       97.513107       11.275864
       71.621216
       0.0000000       118.00000      0.22598839       655.00000       320892.00
       2.8368616       1.5540472      0.45452839      0.33333337      0.36492783
       64.302391      -103.95523       60.711815       98.192451       10.804648
       73.335182
       1.0000000       118.00000      0.22598839      -1.0000000       1.0000000
   0.00027793064     0.020540413      -1.0000000      -1.0000000      -1.0000000
      -1.0000000      -1.0000000      -1.0000000      -1.0000000      -1.0000000
      -1.0000000
       0.0000000       117.00000      0.24354018       1962.0000       391162.00
       2.8128428       1.7886391      0.44502449      0.28125006      0.33161685
       60.221264      -97.698517       52.651730       99.587372       11.333970
       78.179161
       0.0000000       116.00000      0.26134327       1968.0000       387911.00
       2.7502608       1.6891042      0.42501178      0.37142855      0.32541716
       60.248837      -98.339630       38.207123       98.774826       11.246989
       78.588379
       1.0000000       116.00000      0.26134327      -1.0000000       1.0000000
   0.00040303980     0.036770254      -1.0000000      -1.0000000      -1.0000000
      -1.0000000      -1.0000000      -1.0000000      -1.0000000      -1.0000000
      -1.0000000
       0.0000000       115.00000      0.27335334       1968.0000       385321.00
       2.7691405       1.7574289      0.41515768      0.30303037      0.30906904
       64.628067      -95.713188       34.371422       99.258583       11.884060
       78.406181
       1.0000000       115.00000      0.27335334      -1.0000000       1.0000000
   0.00074449676    0.0021496480      -1.0000000      -1.0000000      -1.0000000
      -1.0000000      -1.0000000      -1.0000000      -1.0000000      -1.0000000
      -1.0000000
       0.0000000       114.00000      0.29158324       1992.0000       382800.00
       2.6681614       1.8728485      0.42630160      0.24242431      0.32426715
       52.873470      -106.43835       22.533804       99.737274       11.563443
       78.125992
       1.0000000       114.00000      0.29158324      -1.0000000       1.0000000
   0.00097357464       0.0000000      -1.0000000      -1.0000000      -1.0000000
      -1.0000000      -1.0000000      -1.0000000      -1.0000000      -1.0000000
      -1.0000000
       0.0000000       113.00000      0.31007412       2025.0000       380752.00
       2.6019709       1.6050516      0.42586660      0.33333337      0.33637929
       58.522343      -109.66409       4.5638914       98.229752       11.420459
       79.836121
       0.0000000       112.00000      0.32882974       2028.0000       376009.00
       2.5647180       1.9538770      0.41353309      0.42424244      0.33607584
       71.005180      -99.920433      0.62070084       98.895927       11.609265
       82.156654
       0.0000000       111.00000      0.34785384       2054.0000       374230.00
       2.4868214       1.8826599      0.42670834      0.36363643      0.33806974
       75.162354      -101.05886      -22.011230       96.744682       11.509624
       86.281906
       1.0000000       111.00000      0.34785384      -1.0000000       1.0000000
     0.013395235      0.11111353      -1.0000000      -1.0000000      -1.0000000
      -1.0000000      -1.0000000      -1.0000000      -1.0000000      -1.0000000
      -1.0000000
       0.0000000       110.00000      0.36068764       2043.0000       372004.00
       2.4504380       1.4993954      0.42351130      0.39393944      0.36180824
       79.617325      -95.184937      -21.916159       95.724091       11.093102
       87.698608
       0.0000000       109.00000      0.38016787       2050.0000       368890.00
       2.3882678       1.4118310      0.43169498      0.38709676      0.34812394
       100.58336      -82.341896      -28.700691       95.845680       10.831241
       87.999039
       1.0000000       109.00000      0.38016787      -1.0000000       1.0000000
   0.00024418617     0.015837630      -1.0000000      -1.0000000      -1.0000000
      -1.0000000      -1.0000000      -1.0000000      -1.0000000      -1.0000000
      -1.0000000
       0.0000000       108.00000      0.39992696       2025.0000       365618.00
       2.3886075       1.7126985      0.43430349      0.47222227      0.34873408
       125.08884      -61.311554      -16.143885       97.272232       11.329087
       86.843452
       0.0000000       107.00000      0.41996893       1997.0000       360795.00
       2.3031509       2.1220508      0.40682891      0.51428568      0.33555886
       110.54062      -52.108654       15.770248       96.683846       11.902852
       87.737595
       1.0000000       107.00000      0.41996893      -1.0000000       1.0000000
   0.00036930075       0.0000000      -1.0000000      -1.0000000      -1.0000000
      -1.0000000      -1.0000000      -1.0000000      -1.0000000      -1.0000000
      -1.0000000
       0.0000000       106.00000      0.44029784       1959.0000       356766.00
       2.2577069       1.9381174      0.39801693      0.44117647      0.29660362
       93.092522      -53.353985       34.709743       97.065346       11.811877
       87.176102
       1.0000000       106.00000      0.44029784      -1.0000000       1.0000000
       0.0000000       0.0000000      -1.0000000      -1.0000000      -1.0000000
      -1.0000000      -1.0000000      -1.0000000      -1.0000000      -1.0000000
      -1.0000000
       0.0000000       105.00000      0.46091780       1966.0000       352942.00
       2.1856179       2.0535676      0.38272616      0.47058821      0.26377138
       77.229904      -47.526688       43.523045       97.158890       11.960449
       86.973091
       0.0000000       104.00000      0.48183295       1968.0000       349008.00
       2.1391590       1.8050348      0.37918568      0.41176474      0.22627468
       48.901375      -41.897663       60.338978       97.374054       11.905946
       86.350647
       0.0000000       103.00000      0.50304753       1983.0000       345132.00
       2.0884237       2.1359620      0.38213876      0.41176474      0.23829164
       12.511888      -50.004391       73.171997       98.365067       12.191132
       86.746513
       0.0000000       102.00000      0.52456582       1999.0000       343052.00
       1.9828299       2.4807596      0.38201478      0.42857140      0.27449271
       2.4407816      -67.631905       48.492542       99.517227       12.395846
       86.202019
       1.0000000       102.00000      0.52456582      -1.0000000       1.0000000
    0.0010337002     0.031910967      -1.0000000      -1.0000000      -1.0000000
      -1.0000000      -1.0000000      -1.0000000      -1.0000000      -1.0000000
      -1.0000000
       0.0000000       101.00000      0.54639220       2028.0000       340637.00
       1.9434271       2.2089906      0.39151993      0.41176474      0.25177723
       11.522933      -67.044678       38.979828       98.910629       11.963162
       85.878662
       0.0000000       100.00000      0.57598084       2314.0000       345804.00
       1.8749390       1.8054427      0.40081432      0.51515150      0.21954763
       18.498894      -58.886341       27.869236       98.285576       11.786686
       85.550789
       1.0000000       100.00000      0.57598084      -1.0000000       2.0000000
   0.00053884022     0.040456172      -1.0000000      -1.0000000      -1.0000000
      -1.0000000      -1.0000000      -1.0000000      -1.0000000      -1.0000000
      -1.0000000
       0.0000000       99.000000      0.59854329       2360.0000       342801.00
       1.8321549       1.6293221      0.40987554      0.53125000      0.22199896
       20.932808      -59.961975       19.212193       97.961617       11.395497
       86.245140
       0.0000000       98.000000      0.62142873       2366.0000       339567.00
       1.8065450       1.4945941      0.39769575      0.57575762      0.21860158
       21.980261      -63.206993       11.329285       97.877785       11.362237
       85.397621
       1.0000000       98.000000      0.62142873      -1.0000000       1.0000000
       0.0000000       0.0000000      -1.0000000      -1.0000000      -1.0000000
      -1.0000000      -1.0000000      -1.0000000      -1.0000000      -1.0000000
      -1.0000000
       0.0000000       97.000000      0.64464182       2389.0000       337384.00
       1.8085301       1.5254431      0.36972633      0.61764705      0.20344412
       28.215099      -66.539688       20.762135       98.700981       11.893555
       82.370209
       0.0000000       96.000000      0.67611039       2370.0000       333551.00
       1.7990974       1.8664135      0.36891448      0.69999999      0.23534152
       16.144903      -76.162399      -15.416187       102.17726       12.386040
       78.345139
       1.0000000       96.000000      0.67611039      -1.0000000       1.0000000
    0.0020455443     0.015710857      -1.0000000      -1.0000000      -1.0000000
      -1.0000000      -1.0000000      -1.0000000      -1.0000000      -1.0000000
      -1.0000000
       0.0000000       95.000000      0.70010638       2351.0000       329278.00
       1.6905360       2.7329509      0.33920994      0.66666663      0.20971577
       32.459385      -70.454971      -40.135914       100.93406       12.634856
       80.230446
       0.0000000       94.000000      0.73263615       2478.0000       329489.00
       1.5924158       2.1468379      0.40138343      0.63157892      0.28971356
       52.481670      -83.679527       1.2863189       97.916283       12.147897
       78.337997
       0.0000000       93.000000      0.75744140       2510.0000       326180.00
       1.5603391       1.9766353      0.39878312      0.56250006      0.26234207
       49.216263      -77.263496       30.676060       98.500153       12.070870
       77.824341
       1.0000000       93.000000      0.75744140      -1.0000000       1.0000000
   0.00054965331     0.025603523      -1.0000000      -1.0000000      -1.0000000
      -1.0000000      -1.0000000      -1.0000000      -1.0000000      -1.0000000
      -1.0000000
       0.0000000       92.000000      0.79106826      -1.0000000       324376.00
       1.4918358       2.4635227      -1.0000000      -1.0000000      -1.0000000
      -1.0000000      -1.0000000      -1.0000000       100.92960       12.735373
       74.121597
       0.0000000       91.000000      0.81671000      -1.0000000       322226.00
       1.4389893       2.4132674      -1.0000000      -1.0000000      -1.0000000
      -1.0000000      -1.0000000      -1.0000000       101.48422       12.341043
       73.832169
       0.0000000       90.000000      0.85147089      -1.0000000       321008.00
       1.3441638       2.3594403      -1.0000000      -1.0000000      -1.0000000
      -1.0000000      -1.0000000      -1.0000000       99.946999       12.072769
       74.275169
       0.0000000       89.000000      0.88689691      -1.0000000       317585.00
       1.3097372       2.0481472      -1.0000000      -1.0000000      -1.0000000
      -1.0000000      -1.0000000      -1.0000000       96.875778       11.926194
       78.600777
       0.0000000       88.000000      0.92300081      -1.0000000       313028.00
       1.2358303       1.7528231      -1.0000000      -1.0000000      -1.0000000
      -1.0000000      -1.0000000      -1.0000000       96.135452       10.953851
       78.385590
       1.0000000       88.000000      0.92300081      -1.0000000       2.0000000
    0.0021756812     0.050916184      -1.0000000      -1.0000000      -1.0000000
      -1.0000000      -1.0000000      -1.0000000      -1.0000000      -1.0000000
      -1.0000000
       0.0000000       87.000000      0.95053136      -1.0000000       310437.00
       1.2336501       2.1907542      -1.0000000      -1.0000000      -1.0000000
      -1.0000000      -1.0000000      -1.0000000       95.682457       11.720887
       77.960953
       1.0000000       87.000000      0.95053136      -1.0000000       1.0000000
       0.0000000       0.0000000      -1.0000000      -1.0000000      -1.0000000
      -1.0000000      -1.0000000      -1.0000000      -1.0000000      -1.0000000
      -1.0000000
       0.0000000       86.000000      0.98785281      -1.0000000       305560.00
       1.1769373       1.9243236      -1.0000000      -1.0000000      -1.0000000
      -1.0000000      -1.0000000      -1.0000000       96.245438       10.782114
       80.724129
       0.0000000       85.000000      0.99729425      -1.0000000       304632.00
       1.1731219       1.9541339      -1.0000000      -1.0000000      -1.0000000
      -1.0000000      -1.0000000      -1.0000000       95.968292       10.799963
       81.043350
       0.0000000       84.000000       1.0355104      -1.0000000       299611.00
       1.1248605       1.6644226      -1.0000000      -1.0000000      -1.0000000
      -1.0000000      -1.0000000      -1.0000000       94.584488       10.048014
       86.595001
       0.0000000       83.000000       1.0744579      -1.0000000       297380.00
       1.1102866       1.4900517      -1.0000000      -1.0000000      -1.0000000
      -1.0000000      -1.0000000      -1.0000000       93.271324       10.258629
       90.040558
       1.0000000       83.000000       1.0744579      -1.0000000       1.0000000
    0.0012292619       0.0000000      -1.0000000      -1.0000000      -1.0000000
      -1.0000000      -1.0000000      -1.0000000      -1.0000000      -1.0000000
      -1.0000000
       0.0000000       82.000000       1.1141505      -1.0000000       292196.00
       1.0826964       1.0181572      -1.0000000      -1.0000000      -1.0000000
      -1.0000000      -1.0000000      -1.0000000       92.949745       9.2481022
       95.980186
       1.0000000       82.000000       1.1141505      -1.0000000       1.0000000
   0.00035086917     0.020846836      -1.0000000      -1.0000000      -1.0000000
      -1.0000000      -1.0000000      -1.0000000      -1.0000000      -1.0000000
      -1.0000000
       0.0000000       81.000000       1.1546028      -1.0000000       288817.00
       1.0689799       1.2207218      -1.0000000      -1.0000000      -1.0000000
      -1.0000000      -1.0000000      -1.0000000       95.160774       9.5446587
       91.088081
       1.0000000       81.000000       1.1546028      -1.0000000       2.0000000
   0.00026862609       0.0000000      -1.0000000      -1.0000000      -1.0000000
      -1.0000000      -1.0000000      -1.0000000      -1.0000000      -1.0000000
      -1.0000000
       0.0000000       80.000000       1.2062581      -1.0000000       275944.00
       1.0615060       1.2217441      -1.0000000      -1.0000000      -1.0000000
      -1.0000000      -1.0000000      -1.0000000       98.861595       9.9502697
       84.366722
       0.0000000       79.000000       1.2484726      -1.0000000       268446.00
       1.0196013       1.5046730      -1.0000000      -1.0000000      -1.0000000
      -1.0000000      -1.0000000      -1.0000000       102.34001       9.5048447
       81.933395
       1.0000000       79.000000       1.2484726      -1.0000000       1.0000000
    0.0018299612       0.0000000      -1.0000000      -1.0000000      -1.0000000
      -1.0000000      -1.0000000      -1.0000000      -1.0000000      -1.0000000
      -1.0000000
       0.0000000       78.000000       1.3023784      -1.0000000       262961.00
      0.92669272       2.0825768      -1.0000000      -1.0000000      -1.0000000
      -1.0000000      -1.0000000      -1.0000000       100.43269       9.6898069
       80.124321
       0.0000000       77.000000       1.3575766      -1.0000000       258702.00
      0.85372049       1.7908013      -1.0000000      -1.0000000      -1.0000000
      -1.0000000      -1.0000000      -1.0000000       98.551674       8.9254932
       82.474739
       1.0000000       77.000000       1.3575766      -1.0000000       1.0000000
    0.0062320596     0.074159645      -1.0000000      -1.0000000      -1.0000000
      -1.0000000      -1.0000000      -1.0000000      -1.0000000      -1.0000000
      -1.0000000
       0.0000000       76.000000       1.4140983      -1.0000000       257045.00
      0.81550968       1.4498942      -1.0000000      -1.0000000      -1.0000000
      -1.0000000      -1.0000000      -1.0000000       98.144104       8.3021259
       85.665955
       1.0000000       76.000000       1.4140983      -1.0000000       1.0000000
    0.0042241043     0.051668018      -1.0000000      -1.0000000      -1.0000000
      -1.0000000      -1.0000000      -1.0000000      -1.0000000      -1.0000000
      -1.0000000
       0.0000000       75.000000       1.4719748      -1.0000000       247498.00
      0.77792424       1.3573995      -1.0000000      -1.0000000      -1.0000000
      -1.0000000      -1.0000000      -1.0000000       96.259239       8.2434311
       93.066971
       0.0000000       74.000000       1.5312390      -1.0000000       242694.00
      0.74442512       1.2720758      -1.0000000      -1.0000000      -1.0000000
      -1.0000000      -1.0000000      -1.0000000       95.583092       7.7995644
       95.166443
       1.0000000       74.000000       1.5312390      -1.0000000       1.0000000
   0.00032989366       0.0000000      -1.0000000      -1.0000000      -1.0000000
      -1.0000000      -1.0000000      -1.0000000      -1.0000000      -1.0000000
      -1.0000000
       0.0000000       73.000000       1.6042346      -1.0000000       235785.00
      0.69769639       1.3578510      -1.0000000      -1.0000000      -1.0000000
      -1.0000000      -1.0000000      -1.0000000       95.380638       7.3068991
       95.147209
       1.0000000       73.000000       1.6042346      -1.0000000       1.0000000
       0.0000000       0.0000000      -1.0000000      -1.0000000      -1.0000000
      -1.0000000      -1.0000000      -1.0000000      -1.0000000      -1.0000000
      -1.0000000
       0.0000000       72.000000       1.6666696      -1.0000000       228167.00
      0.62767512       1.4384316      -1.0000000      -1.0000000      -1.0000000
      -1.0000000      -1.0000000      -1.0000000       96.824379       6.7926402
       95.948090
       0.0000000       71.000000       1.7435706      -1.0000000       219420.00
      0.57263082       1.6186929      -1.0000000      -1.0000000      -1.0000000
      -1.0000000      -1.0000000      -1.0000000       95.845657       7.2478971
       100.60419
       1.0000000       71.000000       1.7435706      -1.0000000       1.0000000
   0.00047497489    0.0027354262      -1.0000000      -1.0000000      -1.0000000
      -1.0000000      -1.0000000      -1.0000000      -1.0000000      -1.0000000
      -1.0000000
       0.0000000       70.000000       1.8226893      -1.0000000       210103.00
      0.53344142       1.2939531      -1.0000000      -1.0000000      -1.0000000
      -1.0000000      -1.0000000      -1.0000000       94.948936       6.6866884
       108.77222
       1.0000000       70.000000       1.8226893      -1.0000000       1.0000000
       0.0000000       0.0000000      -1.0000000      -1.0000000      -1.0000000
      -1.0000000      -1.0000000      -1.0000000      -1.0000000      -1.0000000
      -1.0000000
       0.0000000       69.000000       1.9040896      -1.0000000       199383.00
      0.50035900      0.99888670      -1.0000000      -1.0000000      -1.0000000
      -1.0000000      -1.0000000      -1.0000000       95.278427       6.3885841
       115.37529
       1.0000000       69.000000       1.9040896      -1.0000000       2.0000000
   0.00033427391       0.0000000      -1.0000000      -1.0000000      -1.0000000
      -1.0000000      -1.0000000      -1.0000000      -1.0000000      -1.0000000
      -1.0000000
       0.0000000       68.000000       2.0020282      -1.0000000       190501.00
      0.46385771      0.95495301      -1.0000000      -1.0000000      -1.0000000
      -1.0000000      -1.0000000      -1.0000000       99.850594       5.8916612
       110.41483
       1.0000000       68.000000       2.0020282      -1.0000000       2.0000000
    0.0056244358     0.078631371      -1.0000000      -1.0000000      -1.0000000
      -1.0000000      -1.0000000      -1.0000000      -1.0000000      -1.0000000
      -1.0000000
       0.0000000       67.000000       2.1032696      -1.0000000       175577.00
      0.42275399       1.3612940      -1.0000000      -1.0000000      -1.0000000
      -1.0000000      -1.0000000      -1.0000000       111.18435       5.7301593
       96.057045
       0.0000000       66.000000       2.2079256      -1.0000000       163850.00
      0.32977045       1.3598042      -1.0000000      -1.0000000      -1.0000000
      -1.0000000      -1.0000000      -1.0000000       115.02616       5.2930021
       85.052856
       1.0000000       66.000000       2.2079256      -1.0000000       2.0000000
    0.0019184496    0.0088351164      -1.0000000      -1.0000000      -1.0000000
      -1.0000000      -1.0000000      -1.0000000      -1.0000000      -1.0000000
      -1.0000000
       0.0000000       65.000000       2.3161108      -1.0000000       155537.00
      0.25392300      0.71114790      -1.0000000      -1.0000000      -1.0000000
      -1.0000000      -1.0000000      -1.0000000       106.19354       3.8888621
       102.69132
       1.0000000       65.000000       2.3161108      -1.0000000       1.0000000
    0.0047376957      0.13065387      -1.0000000      -1.0000000      -1.0000000
      -1.0000000      -1.0000000      -1.0000000      -1.0000000      -1.0000000
      -1.0000000
       0.0000000       64.000000       2.4442258      -1.0000000       150007.00
      0.21154761      0.56096190      -1.0000000      -1.0000000      -1.0000000
      -1.0000000      -1.0000000      -1.0000000       99.698662       3.0649574
       99.908836
       1.0000000       64.000000       2.4442258      -1.0000000       5.0000000
    0.0080070328      0.11803039      -1.0000000      -1.0000000      -1.0000000
      -1.0000000      -1.0000000      -1.0000000      -1.0000000      -1.0000000
      -1.0000000
       0.0000000       63.000000       2.5772903      -1.0000000       143785.00
      0.18416864      0.56660378      -1.0000000      -1.0000000      -1.0000000
      -1.0000000      -1.0000000      -1.0000000       101.25478       3.3181286
       85.540123
       1.0000000       63.000000       2.5772903      -1.0000000       2.0000000
    0.0011586487     0.010453694      -1.0000000      -1.0000000      -1.0000000
      -1.0000000      -1.0000000      -1.0000000      -1.0000000      -1.0000000
      -1.0000000
       0.0000000       62.000000       2.7331426      -1.0000000       140196.00
      0.14283831       1.0000563      -1.0000000      -1.0000000      -1.0000000
      -1.0000000      -1.0000000      -1.0000000       98.476799       3.8367047
       76.785027
       1.0000000       62.000000       2.7331426      -1.0000000       1.0000000
   0.00068183511     0.011963615      -1.0000000      -1.0000000      -1.0000000
      -1.0000000      -1.0000000      -1.0000000      -1.0000000      -1.0000000
      -1.0000000
       0.0000000       61.000000       2.8957851      -1.0000000       147150.00
      0.10782926      0.48828846      -1.0000000      -1.0000000      -1.0000000
      -1.0000000      -1.0000000      -1.0000000       85.780548       2.8828294
       86.100517
       1.0000000       61.000000       2.8957851      -1.0000000       2.0000000
    0.0016728446      0.12343181      -1.0000000      -1.0000000      -1.0000000
      -1.0000000      -1.0000000      -1.0000000      -1.0000000      -1.0000000
      -1.0000000
       0.0000000       60.000000       3.0081310      -1.0000000       140836.00
     0.093504056      0.48830098      -1.0000000      -1.0000000      -1.0000000
      -1.0000000      -1.0000000      -1.0000000       78.960136       2.7182024
       83.005608
       1.0000000       60.000000       3.0081310      -1.0000000       1.0000000
       0.0000000       0.0000000      -1.0000000      -1.0000000      -1.0000000
      -1.0000000      -1.0000000      -1.0000000      -1.0000000      -1.0000000
      -1.0000000
       0.0000000       59.000000       3.0848227      -1.0000000       134613.00
     0.088214234      0.40633714      -1.0000000      -1.0000000      -1.0000000
      -1.0000000      -1.0000000      -1.0000000       77.064819       2.5451419
       81.526527
       0.0000000       58.000000       3.2830331      -1.0000000       140045.00
     0.074332729      0.31892008      -1.0000000      -1.0000000      -1.0000000
      -1.0000000      -1.0000000      -1.0000000       76.253929       2.0260885
       77.450691
       1.0000000       58.000000       3.2830331      -1.0000000       1.0000000
       0.0000000       0.0000000      -1.0000000      -1.0000000      -1.0000000
      -1.0000000      -1.0000000      -1.0000000      -1.0000000      -1.0000000
      -1.0000000
       0.0000000       57.000000       3.4908614      -1.0000000       127937.00
     0.061221235      0.37474206      -1.0000000      -1.0000000      -1.0000000
      -1.0000000      -1.0000000      -1.0000000       76.123314       2.5303433
       71.436615
