       0.0000000       135.00000       0.0000000       104.00000       242071.00
       38.467487       1.2377883      0.31958860      0.45161289      0.12232593
       1.1497287      -7.7646384       14.997170       228.17528       100.11800
       209.69571
       0.0000000       134.00000    0.0095216669       101.00000       238506.00
       38.382591       1.2396973      0.31926829      0.50000000      0.12281670
      0.22108836      -7.6675463       14.882470       227.42972       99.529541
       212.31908
       1.0000000       134.00000    0.0095216669      -1.0000000       1.0000000
       1.1490347      0.56092644      -1.0000000      -1.0000000      -1.0000000
      -1.0000000      -1.0000000      -1.0000000      -1.0000000      -1.0000000
      -1.0000000
       0.0000000       133.00000     0.023974428       101.00000       235743.00
       38.296894       1.2482741      0.31560391      0.48571426      0.12687215
       1.6050791      -5.6792970       16.483376       226.86008       98.390945
       213.81064
       1.0000000       133.00000     0.023974428      -1.0000000       3.0000000
    0.0066784214     0.066342302      -1.0000000      -1.0000000      -1.0000000
      -1.0000000      -1.0000000      -1.0000000      -1.0000000      -1.0000000
      -1.0000000
       0.0000000       132.00000     0.033724371       106.00000       237635.00
       38.267181       1.2996293      0.31424713      0.48571426      0.12640657
       1.5569690      -4.3467035       15.134599       227.36526       97.914368
       213.96770
       0.0000000       131.00000     0.048523631       103.00000       231634.00
       38.392036       1.2650280      0.31131691      0.47058821      0.10885248
      0.19343244     -0.83994734       11.121804       228.87325       98.038757
       215.18991
       1.0000000       131.00000     0.048523631      -1.0000000       3.0000000
   0.00018040111       0.0000000      -1.0000000      -1.0000000      -1.0000000
      -1.0000000      -1.0000000      -1.0000000      -1.0000000      -1.0000000
      -1.0000000
       0.0000000       130.00000     0.058507323       103.00000       230108.00
       38.460972       1.3307672      0.31024542      0.47058821      0.11083358
     -0.80965245     -0.41768336       10.580552       230.42270       98.676765
       214.29247
       1.0000000       130.00000     0.058507323      -1.0000000       2.0000000
   0.00045162757       0.0000000      -1.0000000      -1.0000000      -1.0000000
      -1.0000000      -1.0000000      -1.0000000      -1.0000000      -1.0000000
      -1.0000000
       0.0000000       129.00000     0.073661387       110.00000       230012.00
       38.490253       1.3670585      0.30849749      0.47058821      0.10447019
      0.44495991      0.75324601       9.5880022       233.29697       98.837997
       211.94150
       1.0000000       129.00000     0.073661387      -1.0000000       1.0000000
   0.00027202250       0.0000000      -1.0000000      -1.0000000      -1.0000000
      -1.0000000      -1.0000000      -1.0000000      -1.0000000      -1.0000000
      -1.0000000
       0.0000000       128.00000     0.083884433       103.00000       226150.00
       38.592464       1.3727609      0.31192899      0.48571426      0.11678026
     -0.71418035      0.25413591       9.6998501       234.66083       99.232399
       212.66324
       1.0000000       128.00000     0.083884433      -1.0000000       2.0000000
       0.0000000       0.0000000      -1.0000000      -1.0000000      -1.0000000
      -1.0000000      -1.0000000      -1.0000000      -1.0000000      -1.0000000
      -1.0000000
       0.0000000       127.00000     0.099401802       103.00000       223110.00
       38.516560       1.3787097      0.30680922      0.47058821      0.10726312
     -0.42194945       2.3424022       10.132971       236.33833       98.017784
       211.56435
       0.0000000       126.00000      0.10986994       106.00000       223106.00
       38.456821       1.4028093      0.30783990      0.48484850      0.10839988
      -2.8517308       1.1331724       8.6921825       237.33049       98.188004
       211.15036
       1.0000000       126.00000      0.10986994      -1.0000000       2.0000000
     0.011384532      0.11972887      -1.0000000      -1.0000000      -1.0000000
      -1.0000000      -1.0000000      -1.0000000      -1.0000000      -1.0000000
      -1.0000000
       0.0000000       125.00000      0.12575933       111.00000       223180.00
       38.579350       1.3829418      0.30154726      0.48484850      0.11246642
      -1.0438329       4.5417261       9.5358143       239.49991       98.253448
       210.74178
       1.0000000       125.00000      0.12575933      -1.0000000       2.0000000
   0.00068013044       0.0000000      -1.0000000      -1.0000000      -1.0000000
      -1.0000000      -1.0000000      -1.0000000      -1.0000000      -1.0000000
      -1.0000000
       0.0000000       124.00000      0.14187621       107.00000       217581.00
       38.651455       1.4363841      0.30579102      0.50000000      0.10807099
      -3.8423347       3.1523266       12.258643       240.84647       99.238686
       210.92873
       1.0000000       124.00000      0.14187621      -1.0000000       4.0000000
    0.0023791562     0.014982051      -1.0000000      -1.0000000      -1.0000000
      -1.0000000      -1.0000000      -1.0000000      -1.0000000      -1.0000000
      -1.0000000
       0.0000000       123.00000      0.15274876       107.00000       215466.00
       38.814632       1.4779917      0.30094329      0.41935480     0.087064594
      -1.7658359       5.2350607       12.158951       241.13609       99.436821
       211.41846
       1.0000000       123.00000      0.15274876      -1.0000000       1.0000000
       0.0000000       0.0000000      -1.0000000      -1.0000000      -1.0000000
      -1.0000000      -1.0000000      -1.0000000      -1.0000000      -1.0000000
      -1.0000000
       0.0000000       122.00000      0.16925204       108.00000       213154.00
       38.753407       1.5014389      0.30911666      0.52941173      0.10737651
      -2.3672616       1.5487237       7.4379983       239.91562       98.864159
       213.63605
       1.0000000       122.00000      0.16925204      -1.0000000       3.0000000
   0.00042834552       0.0000000      -1.0000000      -1.0000000      -1.0000000
      -1.0000000      -1.0000000      -1.0000000      -1.0000000      -1.0000000
      -1.0000000
       0.0000000       121.00000      0.18038526       105.00000       208212.00
       38.680126       1.5964527      0.30985138      0.50000000      0.11485363
      -4.0427456       2.1917667       9.0727301       238.38390       98.043198
       217.46036
       1.0000000       121.00000      0.18038526      -1.0000000       1.0000000
   0.00022256908       0.0000000      -1.0000000      -1.0000000      -1.0000000
      -1.0000000      -1.0000000      -1.0000000      -1.0000000      -1.0000000
      -1.0000000
       0.0000000       120.00000      0.19728418       105.00000       204450.00
       38.641365       1.6458102      0.30221170      0.46875006     0.096524097
      -3.0897977       3.4713650       5.3060665       237.86790       96.899727
       219.47215
       1.0000000       120.00000      0.19728418      -1.0000000       4.0000000
    0.0011680698     0.038160488      -1.0000000      -1.0000000      -1.0000000
      -1.0000000      -1.0000000      -1.0000000      -1.0000000      -1.0000000
      -1.0000000
       0.0000000       119.00000      0.21442504       103.00000       200044.00
       38.483055       1.7135618      0.29280654      0.54285711      0.10656688
      -2.3733451       2.7489142       2.1234717       238.49185       96.204666
       219.16795
       1.0000000       119.00000      0.21442504      -1.0000000       6.0000000
      0.36995906      0.18167970      -1.0000000      -1.0000000      -1.0000000
      -1.0000000      -1.0000000      -1.0000000      -1.0000000      -1.0000000
      -1.0000000
       0.0000000       118.00000      0.22598839       101.00000       197847.00
       38.594963       1.8446640      0.26025820      0.48484850     0.089811638
     -0.85210168       1.8824415     -0.99973458       239.45718       96.621628
       218.79251
       1.0000000       118.00000      0.22598839      -1.0000000       1.0000000
   0.00017020707    0.0021494995      -1.0000000      -1.0000000      -1.0000000
      -1.0000000      -1.0000000      -1.0000000      -1.0000000      -1.0000000
      -1.0000000
       0.0000000       117.00000      0.24354018       101.00000       194518.00
       38.595203       1.9678841      0.27758163      0.50000000     0.093494825
      -1.4069763       5.3168182      -1.2657827       241.38951       96.615952
       218.30083
       0.0000000       116.00000      0.26134327       103.00000       192572.00
       38.680164       2.1804996      0.28483859      0.46875006     0.082968220
      -3.0097456       9.0896606     -0.47923329       242.96655       96.971291
       220.35150
       1.0000000       116.00000      0.26134327      -1.0000000       4.0000000
     0.083939184    0.0052671810      -1.0000000      -1.0000000      -1.0000000
      -1.0000000      -1.0000000      -1.0000000      -1.0000000      -1.0000000
      -1.0000000
       0.0000000       115.00000      0.27335334       104.00000       192258.00
       38.680336       2.3338497      0.28199613      0.46875006     0.083128653
      -2.1310494       8.1304245      -1.2887450       244.16315       97.081909
       221.64804
       1.0000000       115.00000      0.27335334      -1.0000000       1.0000000
   0.00017014245       0.0000000      -1.0000000      -1.0000000      -1.0000000
      -1.0000000      -1.0000000      -1.0000000      -1.0000000      -1.0000000
      -1.0000000
       0.0000000       114.00000      0.29158324       103.00000       186610.00
       38.512733       1.9328144      0.29380399      0.45161289     0.079834253
       1.0287192       1.0849775      -1.6642013       243.31721       95.783257
       227.01010
       1.0000000       114.00000      0.29158324      -1.0000000       7.0000000
      0.14841054      0.13743829      -1.0000000      -1.0000000      -1.0000000
      -1.0000000      -1.0000000      -1.0000000      -1.0000000      -1.0000000
      -1.0000000
       0.0000000       113.00000      0.31007412       101.00000       181441.00
       38.525475       2.0259531      0.28004712      0.51515150     0.095609859
     0.024354158      -4.4217682       3.1556094       238.93724       94.596649
       235.06995
       1.0000000       113.00000      0.31007412      -1.0000000       1.0000000
       0.0000000       0.0000000      -1.0000000      -1.0000000      -1.0000000
      -1.0000000      -1.0000000      -1.0000000      -1.0000000      -1.0000000
      -1.0000000
       0.0000000       112.00000      0.32882974       95.000000       170919.00
       38.487652       2.5988195      0.29667363      0.51515150     0.089248396
      -3.8037565       1.9629102       1.7067804       236.11893       95.068443
       242.78085
       1.0000000       112.00000      0.32882974      -1.0000000       1.0000000
       0.0000000       0.0000000      -1.0000000      -1.0000000      -1.0000000
      -1.0000000      -1.0000000      -1.0000000      -1.0000000      -1.0000000
      -1.0000000
       0.0000000       111.00000      0.34785384       95.000000       169137.00
       38.575336       2.9376929      0.28748792      0.50000000     0.088336371
      -3.8093185       6.6875863     -0.75306338       236.68410       96.212135
       244.44240
       1.0000000       111.00000      0.34785384      -1.0000000       2.0000000
    0.0018867042       0.0000000      -1.0000000      -1.0000000      -1.0000000
      -1.0000000      -1.0000000      -1.0000000      -1.0000000      -1.0000000
      -1.0000000
       0.0000000       110.00000      0.36068764       96.000000       169105.00
       38.423450       2.8458142      0.28022096      0.50000000     0.085111044
     -0.82421660       4.3547826      -2.7729721       236.55556       94.399010
       243.75328
       1.0000000       110.00000      0.36068764      -1.0000000       3.0000000
     0.026181530      0.27010015      -1.0000000      -1.0000000      -1.0000000
      -1.0000000      -1.0000000      -1.0000000      -1.0000000      -1.0000000
      -1.0000000
       0.0000000       109.00000      0.38016787       97.000000       165815.00
       38.428036       3.1759424      0.28573939      0.48571426     0.081944741
      0.87203670      -2.5536270      0.62509406       237.57149       93.901245
       245.58093
       1.0000000       109.00000      0.38016787      -1.0000000       4.0000000
     0.030712926      0.20490757      -1.0000000      -1.0000000      -1.0000000
      -1.0000000      -1.0000000      -1.0000000      -1.0000000      -1.0000000
      -1.0000000
       0.0000000       108.00000      0.39992696       101.00000       164974.00
       38.521206       2.9849007      0.29049131      0.48571426     0.091292597
      -4.8302536       1.4283586     -0.13760363       240.37526       94.093971
       245.26463
       1.0000000       108.00000      0.39992696      -1.0000000       4.0000000
    0.0041535679     0.035944980      -1.0000000      -1.0000000      -1.0000000
      -1.0000000      -1.0000000      -1.0000000      -1.0000000      -1.0000000
      -1.0000000
       0.0000000       107.00000      0.41996893       95.000000       158297.00
       38.361473       3.4363203      0.28690085      0.48571426     0.093221523
      -7.1326890       6.0625849      -2.6162148       243.53899       94.249474
       246.47559
       1.0000000       107.00000      0.41996893      -1.0000000       11.000000
     0.062227607      0.31837654      -1.0000000      -1.0000000      -1.0000000
      -1.0000000      -1.0000000      -1.0000000      -1.0000000      -1.0000000
      -1.0000000
       0.0000000       106.00000      0.44029784       99.000000       159012.00
       38.255684       3.3542886      0.28367257      0.48571426     0.092927404
      -5.4203920       9.3405943     -0.34904703       245.80353       92.730621
       244.00496
       1.0000000       106.00000      0.44029784      -1.0000000       6.0000000
     0.025020194      0.24054730      -1.0000000      -1.0000000      -1.0000000
      -1.0000000      -1.0000000      -1.0000000      -1.0000000      -1.0000000
      -1.0000000
       0.0000000       105.00000      0.46091780       102.00000       157051.00
       38.106876       3.4575834      0.27017239      0.54054058     0.094919533
      -2.0711763       4.1225677      -1.5458359       247.26576       91.674728
       242.26950
       1.0000000       105.00000      0.46091780      -1.0000000       3.0000000
    0.0041149154     0.051716853      -1.0000000      -1.0000000      -1.0000000
      -1.0000000      -1.0000000      -1.0000000      -1.0000000      -1.0000000
      -1.0000000
       0.0000000       104.00000      0.48183295       106.00000       156591.00
       37.927078       3.5177813      0.28523499      0.51428568     0.061912838
       8.7772789       1.0301195      -4.5784593       249.98868       91.276657
       236.46622
       1.0000000       104.00000      0.48183295      -1.0000000       8.0000000
     0.026201112      0.22739141      -1.0000000      -1.0000000      -1.0000000
      -1.0000000      -1.0000000      -1.0000000      -1.0000000      -1.0000000
      -1.0000000
       0.0000000       103.00000      0.50304753       108.00000       153492.00
       37.994228       3.6910822      0.29242563      0.50000000     0.063759677
       23.783924      -2.3073883      -5.4373984       251.45436       90.896805
       233.72906
       1.0000000       103.00000      0.50304753      -1.0000000       8.0000000
      0.70339110      0.55489855      -1.0000000      -1.0000000      -1.0000000
      -1.0000000      -1.0000000      -1.0000000      -1.0000000      -1.0000000
      -1.0000000
       0.0000000       102.00000      0.52456582       108.00000       151450.00
       37.752201       3.8144040      0.29990783      0.51428568     0.083443157
       41.105080      -1.8604263      -5.8575082       251.14699       89.429619
       234.63626
       1.0000000       102.00000      0.52456582      -1.0000000       7.0000000
     0.050865279      0.38212703      -1.0000000      -1.0000000      -1.0000000
      -1.0000000      -1.0000000      -1.0000000      -1.0000000      -1.0000000
      -1.0000000
       0.0000000       101.00000      0.54639220       108.00000       148840.00
       37.857296       4.8421946      0.30589417      0.54285711     0.094148234
       51.364048      -2.8599291      -2.4903812       251.32240       90.595497
       237.46512
       1.0000000       101.00000      0.54639220      -1.0000000       6.0000000
      0.12177220      0.15428001      -1.0000000      -1.0000000      -1.0000000
      -1.0000000      -1.0000000      -1.0000000      -1.0000000      -1.0000000
      -1.0000000
       0.0000000       100.00000      0.57598084       102.00000       140136.00
       37.448299       4.1640677      0.30918428      0.57142854      0.12138912
       73.946884     -0.53126216       13.151944       250.45819       87.860252
       243.01068
       1.0000000       100.00000      0.57598084      -1.0000000       17.000000
     0.069094940      0.58366233      -1.0000000      -1.0000000      -1.0000000
      -1.0000000      -1.0000000      -1.0000000      -1.0000000      -1.0000000
      -1.0000000
       0.0000000       99.000000      0.59854329       89.000000       128399.00
       37.568436       3.9064870      0.31842935      0.52941173      0.12992848
       83.802170      -17.719088       21.074524       249.42302       87.907936
       250.96338
       1.0000000       99.000000      0.59854329      -1.0000000       5.0000000
     0.051886191      0.65372716      -1.0000000      -1.0000000      -1.0000000
      -1.0000000      -1.0000000      -1.0000000      -1.0000000      -1.0000000
      -1.0000000
       0.0000000       98.000000      0.62142873       87.000000       123549.00
       36.930275       6.5529251      0.33087113      0.54285711      0.16771932
       103.33091      -42.942863      -1.1899304       244.06677       87.451347
       259.41046
       1.0000000       98.000000      0.62142873      -1.0000000       13.000000
       2.4172834       1.7122471      -1.0000000      -1.0000000      -1.0000000
      -1.0000000      -1.0000000      -1.0000000      -1.0000000      -1.0000000
      -1.0000000
       0.0000000       97.000000      0.64464182       85.000000       120987.00
       36.215221       8.7490959      0.34310129      0.52941173      0.23218690
       127.71601       3.5899987      -53.626823       242.85919       87.481613
       258.16565
       1.0000000       97.000000      0.64464182      -1.0000000       4.0000000
     0.089790726      0.44534382      -1.0000000      -1.0000000      -1.0000000
      -1.0000000      -1.0000000      -1.0000000      -1.0000000      -1.0000000
      -1.0000000
       0.0000000       96.000000      0.67611039       83.000000       116277.00
       34.650307       10.153610      0.37486953      0.57142854      0.34937352
       117.93807       153.10899      -11.538950       244.38586       86.994270
       256.76175
       1.0000000       96.000000      0.67611039      -1.0000000       6.0000000
      0.22424711      0.72920281      -1.0000000      -1.0000000      -1.0000000
      -1.0000000      -1.0000000      -1.0000000      -1.0000000      -1.0000000
      -1.0000000
       0.0000000       95.000000      0.70010638       81.000000       112327.00
       35.295784       9.6821022      0.41080707      0.54545456      0.38538969
       82.653984       196.34758       100.62199       248.85287       88.772285
       253.85321
       1.0000000       95.000000      0.70010638      -1.0000000       13.000000
       1.0322033       1.3816061      -1.0000000      -1.0000000      -1.0000000
      -1.0000000      -1.0000000      -1.0000000      -1.0000000      -1.0000000
      -1.0000000
       0.0000000       94.000000      0.73263615       81.000000       110107.00
       31.706076       8.5404310      0.45343909      0.60000002      0.49045694
       9.3480692       177.65504       209.50790       245.14360       76.273941
       255.60445
       1.0000000       94.000000      0.73263615      -1.0000000       15.000000
      0.18585295      0.54920769      -1.0000000      -1.0000000      -1.0000000
      -1.0000000      -1.0000000      -1.0000000      -1.0000000      -1.0000000
      -1.0000000
       0.0000000       93.000000      0.75744140       77.000000       105658.00
       30.900955       6.1960506      0.48801810      0.65714288      0.54588950
      -22.573208       185.49049       250.92996       245.30263       71.429321
       256.65387
       1.0000000       93.000000      0.75744140      -1.0000000       4.0000000
    0.0083993981      0.22557465      -1.0000000      -1.0000000      -1.0000000
      -1.0000000      -1.0000000      -1.0000000      -1.0000000      -1.0000000
      -1.0000000
       0.0000000       92.000000      0.79106826       76.000000       101885.00
       30.450073       3.4184325      0.53870171      0.65714288      0.59953505
      -59.438236       195.52669       291.08051       245.93404       65.664009
       252.83961
       1.0000000       92.000000      0.79106826      -1.0000000       7.0000000
     0.030312615      0.32909611      -1.0000000      -1.0000000      -1.0000000
      -1.0000000      -1.0000000      -1.0000000      -1.0000000      -1.0000000
      -1.0000000
       0.0000000       91.000000      0.81671000       76.000000       98737.000
       30.396667       2.7913530      0.58225763      0.64864868      0.63921642
      -80.082306       200.28201       339.80441       245.29184       64.932358
       252.70853
       1.0000000       91.000000      0.81671000      -1.0000000       8.0000000
     0.020536172      0.16762045      -1.0000000      -1.0000000      -1.0000000
      -1.0000000      -1.0000000      -1.0000000      -1.0000000      -1.0000000
      -1.0000000
       0.0000000       90.000000      0.85147089       71.000000       93781.000
       29.992481       3.4205971      0.57968497      0.69444442      0.63985980
      -121.26115       206.63113       344.22742       248.74605       64.865646
       250.60077
       1.0000000       90.000000      0.85147089      -1.0000000       5.0000000
     0.027088323      0.26216735      -1.0000000      -1.0000000      -1.0000000
      -1.0000000      -1.0000000      -1.0000000      -1.0000000      -1.0000000
      -1.0000000
       0.0000000       89.000000      0.88689691       71.000000       91368.000
       29.296740       6.5656462      0.55735022      0.61290324      0.58477110
      -133.37375       177.34203       332.28656       251.88942       71.650749
       258.00388
       1.0000000       89.000000      0.88689691      -1.0000000       2.0000000
     0.056118887     0.087978257      -1.0000000      -1.0000000      -1.0000000
      -1.0000000      -1.0000000      -1.0000000      -1.0000000      -1.0000000
      -1.0000000
       0.0000000       88.000000      0.92300081       80.000000       92934.000
       27.368938       7.0064278      0.51379836      0.59375006      0.50269365
      -173.70865       152.64177       233.65941       244.84772       70.330864
       270.24051
       1.0000000       88.000000      0.92300081      -1.0000000       13.000000
      0.36192260      0.68549329      -1.0000000      -1.0000000      -1.0000000
      -1.0000000      -1.0000000      -1.0000000      -1.0000000      -1.0000000
      -1.0000000
       0.0000000       87.000000      0.95053136       77.000000       89847.000
       26.386307       7.6200128      0.49957696      0.50000000      0.45189196
      -198.29968       136.10281       183.31216       240.40549       71.473900
       284.43375
       1.0000000       87.000000      0.95053136      -1.0000000       9.0000000
     0.020286763      0.36336465      -1.0000000      -1.0000000      -1.0000000
      -1.0000000      -1.0000000      -1.0000000      -1.0000000      -1.0000000
      -1.0000000
       0.0000000       86.000000      0.98785281       62.000000       77618.000
       25.046684       6.3558264      0.48827410      0.50000000      0.45741126
      -203.36394       134.21996       158.33446       234.48439       64.916412
       302.64032
       1.0000000       86.000000      0.98785281      -1.0000000       15.000000
       1.8892312       1.3271007      -1.0000000      -1.0000000      -1.0000000
      -1.0000000      -1.0000000      -1.0000000      -1.0000000      -1.0000000
      -1.0000000
       0.0000000       85.000000      0.99729425       68.000000       80655.000
       24.973444       5.8507676      0.48137727      0.54545456      0.44624230
      -199.42429       137.99002       150.39017       233.86427       64.815956
       305.62372
       1.0000000       85.000000      0.99729425      -1.0000000       7.0000000
     0.024744184      0.30837218      -1.0000000      -1.0000000      -1.0000000
      -1.0000000      -1.0000000      -1.0000000      -1.0000000      -1.0000000
      -1.0000000
       0.0000000       84.000000       1.0355104       65.000000       75098.000
       24.470928       5.1845226      0.47405791      0.50000000      0.44903007
      -191.90741       178.14851       64.657112       232.58066       62.966621
       332.56879
       1.0000000       84.000000       1.0355104      -1.0000000       20.000000
      0.11975153       1.4362235      -1.0000000      -1.0000000      -1.0000000
      -1.0000000      -1.0000000      -1.0000000      -1.0000000      -1.0000000
      -1.0000000
       0.0000000       83.000000       1.0744579       57.000000       67683.000
       24.119827       4.7534466      0.36721206      0.48387092      0.30097517
      -115.72005       152.69310      -31.389519       237.11333       62.899559
       349.95081
       1.0000000       83.000000       1.0744579      -1.0000000       16.000000
      0.42578378       1.4208679      -1.0000000      -1.0000000      -1.0000000
      -1.0000000      -1.0000000      -1.0000000      -1.0000000      -1.0000000
      -1.0000000
       0.0000000       82.000000       1.1141505       54.000000       62999.000
       24.085533       2.5212529      0.40448454      0.52777779      0.37970063
      -137.81152       122.50014      -125.77789       244.98535       60.685947
       351.40024
       1.0000000       82.000000       1.1141505      -1.0000000       16.000000
     0.098106566       1.4737354      -1.0000000      -1.0000000      -1.0000000
      -1.0000000      -1.0000000      -1.0000000      -1.0000000      -1.0000000
      -1.0000000
       0.0000000       81.000000       1.1546028       50.000000       58252.000
       23.335972       3.9645314      0.39061892      0.64999998      0.43017510
      -161.33701       111.88315      -163.82922       257.61743       59.927769
       346.17230
       1.0000000       81.000000       1.1546028      -1.0000000       10.000000
     0.075821384      0.65418767      -1.0000000      -1.0000000      -1.0000000
      -1.0000000      -1.0000000      -1.0000000      -1.0000000      -1.0000000
      -1.0000000
       0.0000000       80.000000       1.2062581       46.000000       51171.000
       17.306696       10.594302      0.57554418      0.65789473      0.69939041
      -197.45384       209.47670      -146.24609       275.00134       108.45730
       331.24109
       2.0000000       80.000000       1.2062581      0.82945919       77.000000
       8.0224571      0.58540720      0.48050556      0.59459460      0.43355426
      -56.351341      -77.481308      -129.79999      -25664.113      -52825.086
      -11546.106
       1.0000000       80.000000       1.2062581      -1.0000000       15.000000
      0.76244986       2.1341580      -1.0000000      -1.0000000      -1.0000000
      -1.0000000      -1.0000000      -1.0000000      -1.0000000      -1.0000000
      -1.0000000
       0.0000000       79.000000       1.2484726       47.000000       50767.000
       12.904879       10.242223      0.56040150      0.72916669      0.69755554
      -195.65781       139.46771      -186.63132       289.15909       80.524635
       305.20386
       1.0000000       79.000000       1.2484726      -1.0000000       17.000000
      0.70979075      0.99544884      -1.0000000      -1.0000000      -1.0000000
      -1.0000000      -1.0000000      -1.0000000      -1.0000000      -1.0000000
      -1.0000000
       0.0000000       78.000000       1.3023784       52.000000       52243.000
       10.611192       4.9911294      0.63561875      0.63157892      0.71667981
      -166.67636       214.35237      -208.55003       284.08215       41.818756
       313.43240
       1.0000000       78.000000       1.3023784      -1.0000000       25.000000
      0.44058883      0.89683011      -1.0000000      -1.0000000      -1.0000000
      -1.0000000      -1.0000000      -1.0000000      -1.0000000      -1.0000000
      -1.0000000
       0.0000000       77.000000       1.3575766       45.000000       45272.000
       9.6719131       4.4279070      0.55863464      0.62500000      0.62904465
      -218.64136       201.20441      -151.28024       293.11206       41.167233
       303.94971
       1.0000000       77.000000       1.3575766      -1.0000000       15.000000
     0.023334241      0.29093559      -1.0000000      -1.0000000      -1.0000000
      -1.0000000      -1.0000000      -1.0000000      -1.0000000      -1.0000000
      -1.0000000
       0.0000000       76.000000       1.4140983       45.000000       44333.000
       8.6779919       7.8925605      0.56689984      0.57894731      0.64950514
      -287.26035       235.74461      -58.835449       299.72885       54.573814
       274.25723
       1.0000000       76.000000       1.4140983      -1.0000000       19.000000
     0.077012610      0.40128169      -1.0000000      -1.0000000      -1.0000000
      -1.0000000      -1.0000000      -1.0000000      -1.0000000      -1.0000000
      -1.0000000
       0.0000000       75.000000       1.4719748       46.000000       43035.000
       4.3622437       4.8305883      0.48182982      0.62162161      0.41689643
      -144.78748       151.77248      -40.655647       198.93436       14.616820
       10.075702
       1.0000000       75.000000       1.4719748      -1.0000000       43.000000
      0.40508556       2.2861347      -1.0000000      -1.0000000      -1.0000000
      -1.0000000      -1.0000000      -1.0000000      -1.0000000      -1.0000000
      -1.0000000
       0.0000000       74.000000       1.5312390       46.000000       41628.000
       4.8339987       7.0777941      0.44483387      0.38461536      0.32981318
      -50.968086       130.78925      -107.96072       212.23236       34.730625
       296.61414
       2.0000000       74.000000       1.5312390      0.27363077       70.000000
      0.68091714       1.0989412      -1.0000000      -1.0000000      -1.0000000
      -1.0000000      -1.0000000      -1.0000000      -1.0000000      -1.0000000
      -1.0000000
       0.0000000       73.000000       1.6042346       42.000000       37252.000
       3.7113965       5.0989327      0.46181878      0.38888890      0.37084678
      -129.63728       60.184643      -94.073700       208.60976       30.157915
       325.37009
       1.0000000       73.000000       1.6042346      -1.0000000       7.0000000
     0.091141685      0.38523988      -1.0000000      -1.0000000      -1.0000000
      -1.0000000      -1.0000000      -1.0000000      -1.0000000      -1.0000000
      -1.0000000
       0.0000000       72.000000       1.6666696       46.000000       35209.000
       3.1281216       2.7923443      0.41419232      0.54545456      0.25803426
      -182.03352       71.334602      -44.022076       192.69972       22.239035
       305.71341
       1.0000000       72.000000       1.6666696      -1.0000000       18.000000
      0.16287436       1.2449274      -1.0000000      -1.0000000      -1.0000000
      -1.0000000      -1.0000000      -1.0000000      -1.0000000      -1.0000000
      -1.0000000
       0.0000000       71.000000       1.7435706       41.000000       31117.000
       2.7591720       2.8664646      0.36844024      0.60000002      0.18537462
      -92.366585       64.816879      -23.342056       183.57056       19.956488
       252.22029
       1.0000000       71.000000       1.7435706      -1.0000000       7.0000000
     0.074301089      0.38999780      -1.0000000      -1.0000000      -1.0000000
      -1.0000000      -1.0000000      -1.0000000      -1.0000000      -1.0000000
      -1.0000000
       0.0000000       70.000000       1.8226893       38.000000       28322.000
       2.4884524       3.7488592      0.40042594      0.62500000      0.30841994
      -96.581520       46.207962      -16.393745       191.45425       22.080690
       219.44171
       1.0000000       70.000000       1.8226893      -1.0000000       4.0000000
     0.047859546      0.34362482      -1.0000000      -1.0000000      -1.0000000
      -1.0000000      -1.0000000      -1.0000000      -1.0000000      -1.0000000
      -1.0000000
       0.0000000       69.000000       1.9040896       111.00000       47045.000
       2.1889184       3.8572297      0.38919866      0.58823532      0.30838519
      -79.620583       44.133808       19.686901       192.59482       18.795870
       204.20457
       1.0000000       69.000000       1.9040896      -1.0000000       10.000000
    0.0061178838      0.16007198      -1.0000000      -1.0000000      -1.0000000
      -1.0000000      -1.0000000      -1.0000000      -1.0000000      -1.0000000
      -1.0000000
       0.0000000       68.000000       2.0020282       134.00000       48139.000
       1.8013837       2.0907016      0.28572625      0.50000000      0.26060516
      -13.745395      -3.6623735      -28.931574       167.70724       12.305430
       213.76511
       1.0000000       68.000000       2.0020282      -1.0000000       9.0000000
      0.14459745       1.0819941      -1.0000000      -1.0000000      -1.0000000
      -1.0000000      -1.0000000      -1.0000000      -1.0000000      -1.0000000
      -1.0000000
       0.0000000       67.000000       2.1032696       143.00000       45465.000
       1.5819054       1.5197219      0.36619040      0.48387092      0.18962802
       22.122374      -30.987833      -25.863813       139.94801       10.045018
       205.19174
       1.0000000       67.000000       2.1032696      -1.0000000       5.0000000
    0.0028452861     0.032010976      -1.0000000      -1.0000000      -1.0000000
      -1.0000000      -1.0000000      -1.0000000      -1.0000000      -1.0000000
      -1.0000000
       0.0000000       66.000000       2.2079256       213.00000       52700.000
       1.4837714       1.6150454      0.37258899      0.57575762      0.24904951
       81.501068      -6.7836766      -37.106899       134.21907       9.1521492
       170.56323
       0.0000000       65.000000       2.3161108      -1.0000000       46502.000
       1.3644087       1.1796356      -1.0000000      -1.0000000      -1.0000000
      -1.0000000      -1.0000000      -1.0000000       147.03345       8.9965544
       94.295418
       1.0000000       65.000000       2.3161108      -1.0000000       3.0000000
    0.0095158214     0.094855830      -1.0000000      -1.0000000      -1.0000000
      -1.0000000      -1.0000000      -1.0000000      -1.0000000      -1.0000000
      -1.0000000
       0.0000000       64.000000       2.4442258      -1.0000000       81505.000
       1.1610968       1.6828718      -1.0000000      -1.0000000      -1.0000000
      -1.0000000      -1.0000000      -1.0000000       134.75430       8.3180380
       133.69453
       1.0000000       64.000000       2.4442258      -1.0000000       3.0000000
    0.0020241230     0.050406877      -1.0000000      -1.0000000      -1.0000000
      -1.0000000      -1.0000000      -1.0000000      -1.0000000      -1.0000000
      -1.0000000
       0.0000000       63.000000       2.5772903      -1.0000000       86068.000
      0.99052149       1.3306048      -1.0000000      -1.0000000      -1.0000000
      -1.0000000      -1.0000000      -1.0000000       121.84415       7.2327380
       134.57426
       1.0000000       63.000000       2.5772903      -1.0000000       3.0000000
    0.0018899990     0.029683966      -1.0000000      -1.0000000      -1.0000000
      -1.0000000      -1.0000000      -1.0000000      -1.0000000      -1.0000000
      -1.0000000
       0.0000000       62.000000       2.7331426      -1.0000000       83877.000
      0.86733180       1.2180423      -1.0000000      -1.0000000      -1.0000000
      -1.0000000      -1.0000000      -1.0000000       120.52527       6.3906956
       111.78741
       1.0000000       62.000000       2.7331426      -1.0000000       7.0000000
    0.0072328015     0.022608240      -1.0000000      -1.0000000      -1.0000000
      -1.0000000      -1.0000000      -1.0000000      -1.0000000      -1.0000000
      -1.0000000
       0.0000000       61.000000       2.8957851      -1.0000000       76548.000
      0.74201220      0.92387676      -1.0000000      -1.0000000      -1.0000000
      -1.0000000      -1.0000000      -1.0000000       119.03208       4.8188267
       100.53660
       1.0000000       61.000000       2.8957851      -1.0000000       1.0000000
       0.0000000       0.0000000      -1.0000000      -1.0000000      -1.0000000
      -1.0000000      -1.0000000      -1.0000000      -1.0000000      -1.0000000
      -1.0000000
       0.0000000       60.000000       3.0081310      -1.0000000       74921.000
      0.67385495      0.94756538      -1.0000000      -1.0000000      -1.0000000
      -1.0000000      -1.0000000      -1.0000000       120.55785       4.6697264
       91.208458
       1.0000000       60.000000       3.0081310      -1.0000000       2.0000000
    0.0011585262     0.047521107      -1.0000000      -1.0000000      -1.0000000
      -1.0000000      -1.0000000      -1.0000000      -1.0000000      -1.0000000
      -1.0000000
       0.0000000       59.000000       3.0848227      -1.0000000       86862.000
      0.62932551       1.0022136      -1.0000000      -1.0000000      -1.0000000
      -1.0000000      -1.0000000      -1.0000000       122.24303       4.5301170
       85.862640
       1.0000000       59.000000       3.0848227      -1.0000000       2.0000000
       0.0000000       0.0000000      -1.0000000      -1.0000000      -1.0000000
      -1.0000000      -1.0000000      -1.0000000      -1.0000000      -1.0000000
      -1.0000000
       0.0000000       58.000000       3.2830331      -1.0000000       79831.000
      0.53903174      0.60715783      -1.0000000      -1.0000000      -1.0000000
      -1.0000000      -1.0000000      -1.0000000       122.00263       3.4227896
       80.081329
       1.0000000       58.000000       3.2830331      -1.0000000       3.0000000
   0.00069060855    0.0020348490      -1.0000000      -1.0000000      -1.0000000
      -1.0000000      -1.0000000      -1.0000000      -1.0000000      -1.0000000
      -1.0000000
       0.0000000       57.000000       3.4908614      -1.0000000       71664.000
      0.48107687      0.39206365      -1.0000000      -1.0000000      -1.0000000
      -1.0000000      -1.0000000      -1.0000000       113.12451       2.7381690
       88.175087
       1.0000000       57.000000       3.4908614      -1.0000000       1.0000000
       0.0000000       0.0000000      -1.0000000      -1.0000000      -1.0000000
      -1.0000000      -1.0000000      -1.0000000      -1.0000000      -1.0000000
      -1.0000000
