       0.0000000       135.00000       0.0000000       114.00000       247545.00
       4.0623107       1.1653512      0.53329641      0.56250006      0.58947730
      -54.965481       215.33830       14.434338       99.663475       14.751373
       46.678040
       0.0000000       134.00000    0.0095216669       112.00000       244642.00
       4.0710783       1.2028611      0.53522688      0.60606062      0.61284059
      -55.017853       221.93115       21.946058       98.628128       14.968621
       49.550381
       0.0000000       133.00000     0.023974428       110.00000       240499.00
       4.0601220       1.2003142      0.53259754      0.54838705      0.58986259
      -42.691395       229.35370       34.347820       98.836571       14.883073
       48.828873
       0.0000000       132.00000     0.033724371       108.00000       238804.00
       4.0419397       1.1302745      0.54177070      0.61764705      0.63304275
      -40.251904       238.77931       35.314579       98.635315       15.039707
       49.665409
       0.0000000       131.00000     0.048523631       110.00000       235382.00
       4.1063147       1.2076253      0.53349811      0.59375006      0.63315725
      -30.015429       246.17123       41.417320       101.33266       15.689267
       48.651699
       0.0000000       130.00000     0.058507323       108.00000       232730.00
       3.9721937       1.5706379      0.55333734      0.46666664      0.60630035
      -19.606241       250.31709       44.537212       100.56882       14.947383
       56.309906
       1.0000000       130.00000     0.058507323      -1.0000000       1.0000000
     0.027806981     0.097011596      -1.0000000      -1.0000000      -1.0000000
      -1.0000000      -1.0000000      -1.0000000      -1.0000000      -1.0000000
      -1.0000000
       0.0000000       129.00000     0.073661387       112.00000       231043.00
       3.9348757       1.5596219      0.53676122      0.57575762      0.59105182
      -7.9326601       259.54733       48.384506       99.519760       15.381854
       61.795799
       1.0000000       129.00000     0.073661387      -1.0000000       1.0000000
     0.027674636     0.093669914      -1.0000000      -1.0000000      -1.0000000
      -1.0000000      -1.0000000      -1.0000000      -1.0000000      -1.0000000
      -1.0000000
       0.0000000       128.00000     0.083884433       110.00000       229719.00
       3.9363017       1.8926363      0.54165423      0.54545456      0.62411129
      -3.1205702       268.04626       44.207024       100.17167       15.747604
       61.522041
       0.0000000       127.00000     0.099401802       112.00000       227576.00
       3.8780925       2.5325572      0.52925014      0.48275858      0.60553789
      -9.2111235       278.00491       37.424583       100.41354       16.644945
       63.679245
       0.0000000       126.00000      0.10986994       113.00000       226585.00
       3.8042054       2.6463661      0.53273237      0.55882359      0.62292713
      -24.415800       280.88965       50.608105       101.25499       16.802589
       62.330887
       1.0000000       126.00000      0.10986994      -1.0000000       1.0000000
    0.0044648624     0.043629657      -1.0000000      -1.0000000      -1.0000000
      -1.0000000      -1.0000000      -1.0000000      -1.0000000      -1.0000000
      -1.0000000
       0.0000000       125.00000      0.12575933       120.00000       227327.00
       3.7587390       3.0482845      0.51339179      0.67500001      0.63362634
      -20.116770       282.22375       71.589981       100.83948       17.905441
       62.961231
       0.0000000       124.00000      0.14187621       121.00000       224752.00
       3.6349576       3.3638921      0.53244865      0.43750000      0.60582739
      -8.6046057       298.60675       72.394836       101.20226       17.681932
       63.146717
       0.0000000       123.00000      0.15274876       121.00000       222646.00
       3.5941737       3.3529418      0.53182840      0.69230771      0.60853267
      -14.890240       307.05048       65.195831       100.42211       18.357922
       63.057289
       0.0000000       122.00000      0.16925204       1857.0000       402482.00
       3.5201027       3.3514018      0.52175468      0.72727275      0.64048332
       1.9429888       314.53384       63.832821       98.220100       18.671225
       70.919998
       0.0000000       121.00000      0.18038526       123.00000       217663.00
       3.4717267       3.2246835      0.50420350      0.68421054      0.63145596
      0.39562812       314.47238       52.318981       99.430801       18.395922
       65.908440
       0.0000000       120.00000      0.19728418       1892.0000       397578.00
       3.4597642       3.2136245      0.50652641      0.64864868      0.58169985
      -15.459881       310.57251       33.608456       98.547379       18.935917
       70.518768
       1.0000000       120.00000      0.19728418      -1.0000000       1.0000000
    0.0036339010     0.036170285      -1.0000000      -1.0000000      -1.0000000
      -1.0000000      -1.0000000      -1.0000000      -1.0000000      -1.0000000
      -1.0000000
       0.0000000       119.00000      0.21442504       1815.0000       391938.00
       3.3071508       3.5875554      0.52736008      0.66666663      0.63605893
      -46.732838       318.22092       35.417244       100.43889       18.095074
       70.763481
       0.0000000       118.00000      0.22598839       1826.0000       390435.00
       3.2744195       3.5606825      0.53195667      0.63888896      0.59220570
      -40.339928       315.88016       52.923138       99.251724       18.594732
       70.979004
       0.0000000       117.00000      0.24354018       1848.0000       386983.00
       3.1791081       3.3041394      0.51964545      0.69999999      0.60124320
      -5.6324730       312.18002       27.765686       98.914055       18.076916
       73.008156
       1.0000000       117.00000      0.24354018      -1.0000000       1.0000000
       0.0000000       0.0000000      -1.0000000      -1.0000000      -1.0000000
      -1.0000000      -1.0000000      -1.0000000      -1.0000000      -1.0000000
      -1.0000000
       0.0000000       116.00000      0.26134327       1891.0000       385218.00
       3.1071279       3.1486280      0.51602179      0.61764705      0.59482706
     -0.86398512       307.91827      -5.0259299       97.518669       17.575115
       74.977516
       1.0000000       116.00000      0.26134327      -1.0000000       2.0000000
    0.0099350838     0.084728993      -1.0000000      -1.0000000      -1.0000000
      -1.0000000      -1.0000000      -1.0000000      -1.0000000      -1.0000000
      -1.0000000
       0.0000000       115.00000      0.27335334       1899.0000       382824.00
       3.0744791       3.2215059      0.50442177      0.69999999      0.59851861
      -10.581507       298.68130      -14.248592       97.230705       17.931612
       76.370476
       1.0000000       115.00000      0.27335334      -1.0000000       1.0000000
    0.0066068280     0.043214504      -1.0000000      -1.0000000      -1.0000000
      -1.0000000      -1.0000000      -1.0000000      -1.0000000      -1.0000000
      -1.0000000
       0.0000000       114.00000      0.29158324       1906.0000       379739.00
       2.9898574       2.9575150      0.51258475      0.63888896      0.58727056
      -12.620044       305.85892      -19.114418       97.212578       16.788258
       77.356689
       0.0000000       113.00000      0.31007412       1918.0000       377027.00
       2.9861507       2.8540475      0.52592951      0.61764705      0.57242936
      -53.090393       309.28632      -33.804935       98.351585       17.196508
       76.551155
       0.0000000       112.00000      0.32882974       1932.0000       372609.00
       2.9026003       3.0447533      0.52054858      0.58823532      0.57027292
      -65.399315       313.57846      -19.006378       98.949524       17.040003
       76.054901
       0.0000000       111.00000      0.34785384       1952.0000       370551.00
       2.8687637       3.1766994      0.53315383      0.57575762      0.58093113
      -67.081062       314.83911      -7.2102833       99.354820       17.533915
       75.035995
       0.0000000       110.00000      0.36068764       2067.0000       372822.00
       2.7907372       3.0133088      0.52656025      0.59459460      0.60596335
      -61.270195       311.84674       2.8194065       100.91103       17.004412
       74.794350
       1.0000000       110.00000      0.36068764      -1.0000000       1.0000000
    0.0050389068     0.078950509      -1.0000000      -1.0000000      -1.0000000
      -1.0000000      -1.0000000      -1.0000000      -1.0000000      -1.0000000
      -1.0000000
       0.0000000       109.00000      0.38016787       2100.0000       370630.00
       2.7167785       3.2481332      0.52015907      0.55882359      0.53783476
      -52.176083       306.40616       16.560104       100.66618       17.485929
       74.068825
       1.0000000       109.00000      0.38016787      -1.0000000       1.0000000
     0.011029021     0.088768296      -1.0000000      -1.0000000      -1.0000000
      -1.0000000      -1.0000000      -1.0000000      -1.0000000      -1.0000000
      -1.0000000
       0.0000000       108.00000      0.39992696       2103.0000       368382.00
       2.6472926       3.5223117      0.48851386      0.64285713      0.52918524
      -63.023335       298.77112       2.1029432       100.43118       16.998590
       76.209488
       1.0000000       108.00000      0.39992696      -1.0000000       2.0000000
    0.0019009768      0.18546659      -1.0000000      -1.0000000      -1.0000000
      -1.0000000      -1.0000000      -1.0000000      -1.0000000      -1.0000000
      -1.0000000
       0.0000000       107.00000      0.41996893       2109.0000       364701.00
       2.5331154       3.6583638      0.50063968      0.53125000      0.52412981
      -68.488632       275.17026       3.5322061       97.896614       17.049273
       78.178551
       1.0000000       107.00000      0.41996893      -1.0000000       1.0000000
       0.0000000       0.0000000      -1.0000000      -1.0000000      -1.0000000
      -1.0000000      -1.0000000      -1.0000000      -1.0000000      -1.0000000
      -1.0000000
       0.0000000       106.00000      0.44029784       2111.0000       362125.00
       2.4829822       2.8811784      0.49208969      0.56756753      0.52417833
      -59.171288       267.95636      -1.0022999       97.103836       16.731739
       78.339386
       1.0000000       106.00000      0.44029784      -1.0000000       1.0000000
       0.0000000       0.0000000      -1.0000000      -1.0000000      -1.0000000
      -1.0000000      -1.0000000      -1.0000000      -1.0000000      -1.0000000
      -1.0000000
       0.0000000       105.00000      0.46091780       2098.0000       357601.00
       2.4485922       2.7299604      0.49309278      0.57142854      0.47850478
      -30.358603       269.13422       6.3276591       98.346741       16.506048
       77.763405
       0.0000000       104.00000      0.48183295       2097.0000       353545.00
       2.3929386       3.0851653      0.47768021      0.58974349      0.50301915
      -10.605906       262.11911       12.030718       99.453430       16.694750
       78.947281
       1.0000000       104.00000      0.48183295      -1.0000000       2.0000000
     0.023541654      0.22903680      -1.0000000      -1.0000000      -1.0000000
      -1.0000000      -1.0000000      -1.0000000      -1.0000000      -1.0000000
      -1.0000000
       0.0000000       103.00000      0.50304753       2109.0000       349606.00
       2.2936397       3.3456359      0.48381272      0.59459460      0.52675545
       20.795593       261.03387      -17.385096       98.706787       16.038010
       79.748665
       1.0000000       103.00000      0.50304753      -1.0000000       1.0000000
   0.00054684590     0.029166082      -1.0000000      -1.0000000      -1.0000000
      -1.0000000      -1.0000000      -1.0000000      -1.0000000      -1.0000000
      -1.0000000
       0.0000000       102.00000      0.52456582       2121.0000       347328.00
       2.1936564       3.4827251      0.47508240      0.43333334      0.47221157
       26.099632       241.91698      -53.077976       97.883553       16.280533
       81.425812
       1.0000000       102.00000      0.52456582      -1.0000000       1.0000000
    0.0059979660     0.084992945      -1.0000000      -1.0000000      -1.0000000
      -1.0000000      -1.0000000      -1.0000000      -1.0000000      -1.0000000
      -1.0000000
       0.0000000       101.00000      0.54639220       2139.0000       344480.00
       2.0973096       3.4561961      0.45850536      0.57142854      0.49818864
       20.782213       231.87332      -35.688881       96.924026       16.135111
       82.396530
       1.0000000       101.00000      0.54639220      -1.0000000       2.0000000
    0.0098077096      0.11203177      -1.0000000      -1.0000000      -1.0000000
      -1.0000000      -1.0000000      -1.0000000      -1.0000000      -1.0000000
      -1.0000000
       0.0000000       100.00000      0.57598084       2152.0000       340588.00
       2.0547028       3.0521717      0.47021106      0.41935480      0.46198046
       38.045650       236.54071      -45.474354       98.361649       15.422313
       83.051056
       1.0000000       100.00000      0.57598084      -1.0000000       3.0000000
   0.00054150890     0.018269178      -1.0000000      -1.0000000      -1.0000000
      -1.0000000      -1.0000000      -1.0000000      -1.0000000      -1.0000000
      -1.0000000
       0.0000000       99.000000      0.59854329       2113.0000       335168.00
       1.9261229       3.0472832      0.46654618      0.37931031      0.40651608
       56.902138       217.16263      -63.606823       98.676689       15.380903
       83.183434
       1.0000000       99.000000      0.59854329      -1.0000000       1.0000000
   0.00085188542       0.0000000      -1.0000000      -1.0000000      -1.0000000
      -1.0000000      -1.0000000      -1.0000000      -1.0000000      -1.0000000
      -1.0000000
       0.0000000       98.000000      0.62142873       2214.0000       334772.00
       1.9138335       3.4962161      0.46039957      0.41935480      0.37004954
       53.144077       191.46278      -71.348198       99.611618       16.079954
       82.043129
       1.0000000       98.000000      0.62142873      -1.0000000       3.0000000
     0.066256222      0.24573589      -1.0000000      -1.0000000      -1.0000000
      -1.0000000      -1.0000000      -1.0000000      -1.0000000      -1.0000000
      -1.0000000
       0.0000000       97.000000      0.64464182       2249.0000       333057.00
       1.8156450       3.6223090      0.46681124      0.48484850      0.40083554
       51.890850       180.16541      -94.478210       101.64930       15.450896
       81.170860
       0.0000000       96.000000      0.67611039       2254.0000       330076.00
       1.6629242       3.4500749      0.44476604      0.45161289      0.37268561
       2.8082228       150.03462      -126.84760       101.69057       15.073334
       82.722466
       1.0000000       96.000000      0.67611039      -1.0000000       1.0000000
   0.00025546600     0.016179388      -1.0000000      -1.0000000      -1.0000000
      -1.0000000      -1.0000000      -1.0000000      -1.0000000      -1.0000000
      -1.0000000
       0.0000000       95.000000      0.70010638       2237.0000       325657.00
       1.6324347       3.1820476      0.41897157      0.40625006      0.39344388
      -33.112461       140.59058      -109.67240       101.80215       15.022821
       84.230324
       0.0000000       94.000000      0.73263615       2177.0000       320069.00
       1.4983255       3.6503081      0.40269685      0.39999998      0.38489506
      -20.894190       142.63582      -82.259483       102.61253       15.312507
       84.021095
       1.0000000       94.000000      0.73263615      -1.0000000       1.0000000
      0.15509754      0.33013588      -1.0000000      -1.0000000      -1.0000000
      -1.0000000      -1.0000000      -1.0000000      -1.0000000      -1.0000000
      -1.0000000
       0.0000000       93.000000      0.75744140       2078.0000       312543.00
       1.4670752       3.1657372      0.40624467      0.41935480      0.37141651
      -16.355387       150.24643      -65.532204       104.61533       15.598316
       86.209595
       0.0000000       92.000000      0.79106826      -1.0000000       303733.00
       1.3497040       2.8716640      -1.0000000      -1.0000000      -1.0000000
      -1.0000000      -1.0000000      -1.0000000       107.92034       13.681937
       89.099937
       1.0000000       92.000000      0.79106826      -1.0000000       1.0000000
   0.00043857563    0.0052036843      -1.0000000      -1.0000000      -1.0000000
      -1.0000000      -1.0000000      -1.0000000      -1.0000000      -1.0000000
      -1.0000000
       0.0000000       91.000000      0.81671000      -1.0000000       300188.00
       1.2879442       3.3382690      -1.0000000      -1.0000000      -1.0000000
      -1.0000000      -1.0000000      -1.0000000       102.33521       14.205774
       96.613594
       0.0000000       90.000000      0.85147089      -1.0000000       294726.00
       1.1613035       2.8424842      -1.0000000      -1.0000000      -1.0000000
      -1.0000000      -1.0000000      -1.0000000       97.301247       12.401990
       111.32184
       1.0000000       90.000000      0.85147089      -1.0000000       5.0000000
    0.0027315904      0.11777933      -1.0000000      -1.0000000      -1.0000000
      -1.0000000      -1.0000000      -1.0000000      -1.0000000      -1.0000000
      -1.0000000
       0.0000000       89.000000      0.88689691      -1.0000000       289561.00
       1.0684605       2.7233431      -1.0000000      -1.0000000      -1.0000000
      -1.0000000      -1.0000000      -1.0000000       97.128380       11.611301
       115.80359
       1.0000000       89.000000      0.88689691      -1.0000000       1.0000000
    0.0012017140     0.058047786      -1.0000000      -1.0000000      -1.0000000
      -1.0000000      -1.0000000      -1.0000000      -1.0000000      -1.0000000
      -1.0000000
       0.0000000       88.000000      0.92300081      -1.0000000       283982.00
       1.0454080       2.8024421      -1.0000000      -1.0000000      -1.0000000
      -1.0000000      -1.0000000      -1.0000000       99.725494       11.897166
       117.55333
       0.0000000       87.000000      0.95053136      -1.0000000       280686.00
      0.92690939       3.0589979      -1.0000000      -1.0000000      -1.0000000
      -1.0000000      -1.0000000      -1.0000000       100.98167       11.927469
       117.02144
       0.0000000       86.000000      0.98785281      -1.0000000       275662.00
      0.95166129       2.9923973      -1.0000000      -1.0000000      -1.0000000
      -1.0000000      -1.0000000      -1.0000000       103.51411       13.700523
       112.55318
       1.0000000       86.000000      0.98785281      -1.0000000       3.0000000
    0.0034758928      0.13880921      -1.0000000      -1.0000000      -1.0000000
      -1.0000000      -1.0000000      -1.0000000      -1.0000000      -1.0000000
      -1.0000000
       0.0000000       85.000000      0.99729425      -1.0000000       274782.00
      0.86543542       1.8768572      -1.0000000      -1.0000000      -1.0000000
      -1.0000000      -1.0000000      -1.0000000       104.46328       9.9654760
       111.43246
       1.0000000       85.000000      0.99729425      -1.0000000       1.0000000
    0.0070349625      0.10998026      -1.0000000      -1.0000000      -1.0000000
      -1.0000000      -1.0000000      -1.0000000      -1.0000000      -1.0000000
      -1.0000000
       0.0000000       84.000000       1.0355104      -1.0000000       268454.00
      0.69476408       2.7696218      -1.0000000      -1.0000000      -1.0000000
      -1.0000000      -1.0000000      -1.0000000       109.59725       12.624500
       104.91535
       2.0000000       84.000000       1.0355104      0.71560538       81.000000
      0.29162234       1.1968424      -1.0000000      -1.0000000      -1.0000000
      -1.0000000      -1.0000000      -1.0000000      -1.0000000      -1.0000000
      -1.0000000
       0.0000000       83.000000       1.0744579      -1.0000000       261155.00
      0.63805175       2.4799857      -1.0000000      -1.0000000      -1.0000000
      -1.0000000      -1.0000000      -1.0000000       115.13824       13.694009
       101.58540
       0.0000000       82.000000       1.1141505      -1.0000000       256823.00
      0.67653197       2.0816972      -1.0000000      -1.0000000      -1.0000000
      -1.0000000      -1.0000000      -1.0000000       112.02299       11.646781
       109.45191
       1.0000000       82.000000       1.1141505      -1.0000000       3.0000000
    0.0083049779      0.19514887      -1.0000000      -1.0000000      -1.0000000
      -1.0000000      -1.0000000      -1.0000000      -1.0000000      -1.0000000
      -1.0000000
       0.0000000       81.000000       1.1546028      -1.0000000       254682.00
      0.40751839      0.74047095      -1.0000000      -1.0000000      -1.0000000
      -1.0000000      -1.0000000      -1.0000000       77.479958       3.8714902
       17.314615
       0.0000000       80.000000       1.2062581      -1.0000000       249140.00
      0.35526893      0.75474769      -1.0000000      -1.0000000      -1.0000000
      -1.0000000      -1.0000000      -1.0000000       76.976189       3.5397856
       16.004045
       0.0000000       79.000000       1.2484726      -1.0000000       242786.00
      0.38398781       1.0651069      -1.0000000      -1.0000000      -1.0000000
      -1.0000000      -1.0000000      -1.0000000       109.30934       5.2704329
       118.39532
       0.0000000       78.000000       1.3023784      -1.0000000       236311.00
      0.35235867      0.79461509      -1.0000000      -1.0000000      -1.0000000
      -1.0000000      -1.0000000      -1.0000000       105.82037       4.8330269
       113.42625
       0.0000000       77.000000       1.3575766      -1.0000000       229734.00
      0.33206829      0.62908745      -1.0000000      -1.0000000      -1.0000000
      -1.0000000      -1.0000000      -1.0000000       103.85614       4.2582836
       105.38604
       1.0000000       77.000000       1.3575766      -1.0000000       2.0000000
   0.00019403333    0.0074749179      -1.0000000      -1.0000000      -1.0000000
      -1.0000000      -1.0000000      -1.0000000      -1.0000000      -1.0000000
      -1.0000000
       0.0000000       76.000000       1.4140983      -1.0000000       223392.00
      0.30914524      0.62775117      -1.0000000      -1.0000000      -1.0000000
      -1.0000000      -1.0000000      -1.0000000       97.570557       3.8857965
       115.84384
       1.0000000       76.000000       1.4140983      -1.0000000       1.0000000
       0.0000000       0.0000000      -1.0000000      -1.0000000      -1.0000000
      -1.0000000      -1.0000000      -1.0000000      -1.0000000      -1.0000000
      -1.0000000
       0.0000000       75.000000       1.4719748      -1.0000000       238858.00
      0.29151595      0.65445936      -1.0000000      -1.0000000      -1.0000000
      -1.0000000      -1.0000000      -1.0000000       80.496155       3.5867126
       86.454842
       0.0000000       74.000000       1.5312390      -1.0000000       233813.00
      0.26134166      0.62842667      -1.0000000      -1.0000000      -1.0000000
      -1.0000000      -1.0000000      -1.0000000       79.180138       3.4634662
       98.065010
       0.0000000       73.000000       1.6042346      -1.0000000       227882.00
      0.24980941      0.61339480      -1.0000000      -1.0000000      -1.0000000
      -1.0000000      -1.0000000      -1.0000000       76.731918       3.3723938
       86.941620
       1.0000000       73.000000       1.6042346      -1.0000000       1.0000000
       0.0000000       0.0000000      -1.0000000      -1.0000000      -1.0000000
      -1.0000000      -1.0000000      -1.0000000      -1.0000000      -1.0000000
      -1.0000000
       0.0000000       72.000000       1.6666696      -1.0000000       222725.00
      0.23000592      0.58172405      -1.0000000      -1.0000000      -1.0000000
      -1.0000000      -1.0000000      -1.0000000       76.369202       3.0591247
       85.008408
       0.0000000       71.000000       1.7435706      -1.0000000       215083.00
      0.21650235      0.44078901      -1.0000000      -1.0000000      -1.0000000
      -1.0000000      -1.0000000      -1.0000000       75.316513       3.0080073
       81.459152
       0.0000000       70.000000       1.8226893      -1.0000000       265280.00
      0.20166701      0.51770252      -1.0000000      -1.0000000      -1.0000000
      -1.0000000      -1.0000000      -1.0000000       78.561974       3.1057649
       77.536049
       0.0000000       69.000000       1.9040896      -1.0000000       255333.00
      0.18493922      0.71538621      -1.0000000      -1.0000000      -1.0000000
      -1.0000000      -1.0000000      -1.0000000       82.675194       3.2046518
       73.705513
       0.0000000       68.000000       2.0020282      -1.0000000       242643.00
      0.15555437      0.65416503      -1.0000000      -1.0000000      -1.0000000
      -1.0000000      -1.0000000      -1.0000000       81.513336       2.9681132
       75.075340
       1.0000000       68.000000       2.0020282      -1.0000000       2.0000000
     0.013012087      0.20130645      -1.0000000      -1.0000000      -1.0000000
      -1.0000000      -1.0000000      -1.0000000      -1.0000000      -1.0000000
      -1.0000000
       0.0000000       67.000000       2.1032696      -1.0000000       234742.00
      0.11848667      0.37923586      -1.0000000      -1.0000000      -1.0000000
      -1.0000000      -1.0000000      -1.0000000       78.929314       2.0173070
       75.333031
       1.0000000       67.000000       2.1032696      -1.0000000       1.0000000
   0.00021745653    0.0066150515      -1.0000000      -1.0000000      -1.0000000
      -1.0000000      -1.0000000      -1.0000000      -1.0000000      -1.0000000
      -1.0000000
       0.0000000       66.000000       2.2079256      -1.0000000       225676.00
      0.10859776      0.38541681      -1.0000000      -1.0000000      -1.0000000
      -1.0000000      -1.0000000      -1.0000000       86.122581       2.0286050
       66.416229
       0.0000000       65.000000       2.3161108      -1.0000000       221596.00
     0.082630038      0.50742799      -1.0000000      -1.0000000      -1.0000000
      -1.0000000      -1.0000000      -1.0000000       84.353020       2.0782175
       68.083336
       0.0000000       64.000000       2.4442258      -1.0000000       209897.00
     0.064462386      0.25385791      -1.0000000      -1.0000000      -1.0000000
      -1.0000000      -1.0000000      -1.0000000       71.173828       1.6862117
       83.262520
       0.0000000       63.000000       2.5772903      -1.0000000       199708.00
     0.055589031      0.27959883      -1.0000000      -1.0000000      -1.0000000
      -1.0000000      -1.0000000      -1.0000000       65.503448       1.6705130
       82.043053
       0.0000000       62.000000       2.7331426      -1.0000000       188070.00
     0.052909005      0.28478131      -1.0000000      -1.0000000      -1.0000000
      -1.0000000      -1.0000000      -1.0000000       62.566105       1.8283312
       79.217834
       1.0000000       62.000000       2.7331426      -1.0000000       1.0000000
       0.0000000       0.0000000      -1.0000000      -1.0000000      -1.0000000
      -1.0000000      -1.0000000      -1.0000000      -1.0000000      -1.0000000
      -1.0000000
       0.0000000       61.000000       2.8957851      -1.0000000       172337.00
     0.047273885      0.19566579      -1.0000000      -1.0000000      -1.0000000
      -1.0000000      -1.0000000      -1.0000000       60.393547       1.6170938
       82.556534
       0.0000000       60.000000       3.0081310      -1.0000000       162030.00
     0.043153629      0.14940713      -1.0000000      -1.0000000      -1.0000000
      -1.0000000      -1.0000000      -1.0000000       59.970078       1.4470966
       86.631752
       1.0000000       60.000000       3.0081310      -1.0000000       2.0000000
       0.0000000       0.0000000      -1.0000000      -1.0000000      -1.0000000
      -1.0000000      -1.0000000      -1.0000000      -1.0000000      -1.0000000
      -1.0000000
       0.0000000       59.000000       3.0848227      -1.0000000       157597.00
     0.047740955      0.16068935      -1.0000000      -1.0000000      -1.0000000
      -1.0000000      -1.0000000      -1.0000000       61.148075       1.5237147
       82.983437
       1.0000000       59.000000       3.0848227      -1.0000000       1.0000000
       0.0000000       0.0000000      -1.0000000      -1.0000000      -1.0000000
      -1.0000000      -1.0000000      -1.0000000      -1.0000000      -1.0000000
      -1.0000000
       0.0000000       58.000000       3.2830331      -1.0000000       180993.00
     0.041059077      0.30786401      -1.0000000      -1.0000000      -1.0000000
      -1.0000000      -1.0000000      -1.0000000       68.313522       1.7418653
       64.361679
       1.0000000       58.000000       3.2830331      -1.0000000       1.0000000
       0.0000000       0.0000000      -1.0000000      -1.0000000      -1.0000000
      -1.0000000      -1.0000000      -1.0000000      -1.0000000      -1.0000000
      -1.0000000
       0.0000000       57.000000       3.4908614      -1.0000000       172983.00
     0.028812060      0.34545735      -1.0000000      -1.0000000      -1.0000000
      -1.0000000      -1.0000000      -1.0000000       71.160767       1.7747269
       53.117599
       1.0000000       57.000000       3.4908614      -1.0000000       3.0000000
       0.0000000       0.0000000      -1.0000000      -1.0000000      -1.0000000
      -1.0000000      -1.0000000      -1.0000000      -1.0000000      -1.0000000
      -1.0000000
