       0.0000000       135.00000       0.0000000       7.0000000       73672.000
       2.9704199       1.1706071      0.43303391      0.27586204      0.30572185
      -9.8929157       49.504490       38.512569       98.898079       13.052137
       74.397224
       0.0000000       134.00000    0.0095216669       6.0000000       65164.000
       2.5445168      0.79169625      0.42327681      0.19999999      0.24065308
      -5.6622496       36.877083       32.975258       96.156616       10.122001
       78.822876
       1.0000000       134.00000    0.0095216669      -1.0000000       1.0000000
    0.0014942150     0.056850664      -1.0000000      -1.0000000      -1.0000000
      -1.0000000      -1.0000000      -1.0000000      -1.0000000      -1.0000000
      -1.0000000
       0.0000000       133.00000     0.023974428       6.0000000       64204.000
       2.5118484      0.92939299      0.42353019      0.26666665      0.24320585
      -7.4752955       33.736080       35.526154       98.671150       10.248256
       75.388733
       0.0000000       132.00000     0.033724371       6.0000000       63775.000
       2.4921167      0.91920352      0.42893955      0.20689654      0.24502051
      -6.7754631       28.201704       40.885273       99.421150       10.329763
       76.554626
       0.0000000       131.00000     0.048523631       5.0000000       53182.000
       2.4586399      0.94544202      0.43394148      0.32258064      0.29877537
       1.9096892       25.446732       52.618580       102.61961       10.477798
       74.480713
       0.0000000       130.00000     0.058507323       5.0000000       52718.000
       2.4634244      0.99629277      0.43885872      0.23333335      0.27815664
       4.3755364       23.661970       53.396255       103.62838       10.518381
       69.711960
       0.0000000       129.00000     0.073661387       5.0000000       51990.000
       2.3051267      0.91132838      0.42270532      0.24137926      0.25897607
       18.269773       21.965918       40.243481       95.782486       9.0945663
       84.177269
       0.0000000       128.00000     0.083884433       5.0000000       51710.000
       2.3251882      0.93332738      0.41888919      0.24137926      0.20589606
       22.263247       18.289854       34.265701       93.289276       9.0382957
       93.595177
       0.0000000       127.00000     0.099401802       4.0000000       44935.000
       2.2695417      0.74032551      0.42333010      0.30000001      0.24864659
       26.242115       25.933727       24.032017       90.814140       8.6618853
       103.44253
       1.0000000       127.00000     0.099401802      -1.0000000       1.0000000
     0.045063704      0.23753345      -1.0000000      -1.0000000      -1.0000000
      -1.0000000      -1.0000000      -1.0000000      -1.0000000      -1.0000000
      -1.0000000
       0.0000000       126.00000      0.10986994       1423.0000       395307.00
       2.2726045      0.93524224      0.42443714      0.37500006      0.23514973
       26.253778       31.261068       20.236488       90.514244       8.8191566
       113.29202
       0.0000000       125.00000      0.12575933       1428.0000       393269.00
       2.2344365      0.88832802      0.43102401      0.30000001      0.22573176
       17.832434       36.086357       18.274368       90.592804       8.5756216
       113.92342
       0.0000000       124.00000      0.14187621       1435.0000       390128.00
       2.2125738      0.77731782      0.42161742      0.32258064      0.21585016
       12.547277       37.269093       18.902918       91.008636       8.4014044
       113.90112
       0.0000000       123.00000      0.15274876       1470.0000       389918.00
       2.1969130      0.76883250      0.42931697      0.32258064      0.22922906
       11.750908       37.918968       21.911188       91.756195       8.4091949
       114.06100
       0.0000000       122.00000      0.16925204       1469.0000       387031.00
       2.1891782      0.76147050      0.41797122      0.32258064      0.20154503
       10.479689       37.904190       20.525915       92.970238       8.3565159
       113.65582
       0.0000000       121.00000      0.18038526       1510.0000       385803.00
       2.1669688      0.86568695      0.42452586      0.26666665      0.18419638
       9.2496567       37.755318       20.842255       94.361275       8.4347630
       112.05491
       0.0000000       120.00000      0.19728418      -1.0000000       389095.00
       2.1091685      0.72479063      -1.0000000      -1.0000000      -1.0000000
      -1.0000000      -1.0000000      -1.0000000       96.540489       8.1302214
       110.11564
       0.0000000       119.00000      0.21442504       1671.0000       386436.00
       2.1312728      0.81350517      0.42758653      0.26666665      0.19841161
       15.640635       31.420933       24.011082       99.372673       8.6086292
       107.61993
       0.0000000       118.00000      0.22598839       1658.0000       383879.00
       2.1063752      0.72126651      0.42973939      0.30000001      0.18417786
       16.045855       30.973249       20.712814       96.931519       7.9992251
       105.78627
       0.0000000       117.00000      0.24354018       1676.0000       380240.00
       2.0615506      0.79699099      0.43044972      0.29032254      0.20550622
       13.226884       31.475449       20.117363       97.356544       7.8415828
       102.82289
       0.0000000       116.00000      0.26134327       1493.0000       369014.00
       2.0652201      0.70623523      0.42341700      0.23333335      0.18361938
       13.091489       27.409554       25.842955       99.144348       7.8628259
       99.304474
       0.0000000       115.00000      0.27335334       1506.0000       367070.00
       2.0499151      0.56320202      0.42839691      0.27272731      0.21134487
       14.450075       27.743132       29.274349       100.65179       7.6938334
       96.116013
       0.0000000       114.00000      0.29158324       1680.0000       371038.00
       2.0576806      0.51732910      0.43334106      0.22580642      0.23837802
       13.305805       26.577244       30.489233       103.62390       7.8417139
       91.180061
       0.0000000       113.00000      0.31007412       1491.0000       359718.00
       2.0412095      0.91055161      0.42907971      0.21875006      0.18743724
       14.354103       16.120966       34.804634       106.58987       8.2716274
       89.848152
       0.0000000       112.00000      0.32882974       1647.0000       361512.00
       1.9668843       1.0852637      0.41451618      0.27272731      0.18819812
       9.4343824       2.5701542       36.756046       107.30043       8.2116251
       89.259087
       1.0000000       112.00000      0.32882974      -1.0000000       1.0000000
       0.0000000       0.0000000      -1.0000000      -1.0000000      -1.0000000
      -1.0000000      -1.0000000      -1.0000000      -1.0000000      -1.0000000
      -1.0000000
       0.0000000       111.00000      0.34785384       1643.0000       358755.00
       1.9301280      0.81588924      0.42061824      0.26666665      0.15175369
       9.9442644      -8.9619284       34.071693       101.77549       7.8127408
       96.020828
       0.0000000       110.00000      0.36068764       1664.0000       357743.00
       1.9181072      0.98848456      0.42342025      0.13333338      0.15831354
       12.913053      -13.907991       30.340618       99.628639       8.2243891
       99.315277
       0.0000000       109.00000      0.38016787       1667.0000       354357.00
       1.8546928       1.0449201      0.41017273      0.19354838      0.16088103
       18.402306      -11.192991       21.733360       97.509415       8.1209183
       100.49781
       0.0000000       108.00000      0.39992696       1660.0000       352001.00
       1.8469377       1.0469577      0.40407237      0.16666669      0.15177359
       17.694050      -9.4830427       19.058582       96.544579       8.1195498
       100.83240
       1.0000000       108.00000      0.39992696      -1.0000000       1.0000000
   0.00058979378     0.018443227      -1.0000000      -1.0000000      -1.0000000
      -1.0000000      -1.0000000      -1.0000000      -1.0000000      -1.0000000
      -1.0000000
       0.0000000       107.00000      0.41996893       1189.0000       324545.00
       1.8231159      0.97189564      0.39726949      0.22580642      0.14693716
       15.569742      -11.419075       18.439875       95.771210       8.2592268
       108.78689
       0.0000000       106.00000      0.44029784       1181.0000       321477.00
       1.7768292       1.1397312      0.37894768      0.22580642      0.11273786
       9.6900330      -12.479222       13.816340       95.905037       8.3362570
       108.30415
       0.0000000       105.00000      0.46091780       1184.0000       317409.00
       1.7492079       1.0082444      0.37209272      0.19354838      0.14160442
       7.7025018      -10.540360       9.0561790       95.915115       8.3862801
       108.34375
       0.0000000       104.00000      0.48183295       1175.0000       312676.00
       1.7298003      0.92153466      0.38722456      0.22580642      0.10816911
       6.1066108      -5.8847532       1.4360070       96.647621       8.0164566
       108.46746
       1.0000000       104.00000      0.48183295      -1.0000000       1.0000000
   0.00043764091    0.0027774661      -1.0000000      -1.0000000      -1.0000000
      -1.0000000      -1.0000000      -1.0000000      -1.0000000      -1.0000000
      -1.0000000
       0.0000000       103.00000      0.50304753       1197.0000       309343.00
       1.6560240      0.78745037      0.34763202      0.16666669      0.10949309
     -0.99498934       3.1691914      -3.5665092       95.518898       7.6538210
       106.90836
       0.0000000       102.00000      0.52456582       1365.0000       315879.00
       1.6559575      0.74022883      0.36812270      0.22580642      0.11584912
      -1.5073702       12.282795      -6.6384540       96.224297       7.6196098
       106.54282
       1.0000000       102.00000      0.52456582      -1.0000000       2.0000000
    0.0012792108     0.075162493      -1.0000000      -1.0000000      -1.0000000
      -1.0000000      -1.0000000      -1.0000000      -1.0000000      -1.0000000
      -1.0000000
       0.0000000       101.00000      0.54639220       1233.0000       304995.00
       1.6245632      0.82306540      0.37342167      0.10714287      0.13385902
      -3.2620277       23.042566      -8.6322975       96.669350       7.7661858
       105.13545
       0.0000000       100.00000      0.57598084       1400.0000       310072.00
       1.5807302      0.84729528      0.41119069      0.25000006      0.18440019
      -6.2064676       25.036846      -24.622665       98.430244       7.7972507
       101.58461
       0.0000000       99.000000      0.59854329       1316.0000       301096.00
       1.7100399      0.96627229      0.41944239     0.093750119      0.21018597
      -1.7420396       28.554485      -38.291309       101.76438       8.2672243
       100.49168
       1.0000000       99.000000      0.59854329      -1.0000000       1.0000000
    0.0010171777     0.026481660      -1.0000000      -1.0000000      -1.0000000
      -1.0000000      -1.0000000      -1.0000000      -1.0000000      -1.0000000
      -1.0000000
       0.0000000       98.000000      0.62142873       1318.0000       297734.00
       1.4647391      0.82916498      0.41357478      0.25806451      0.23751356
       11.390496       14.421350      -47.318104       98.564156       6.8368368
       96.378510
       2.0000000       98.000000      0.62142873      0.30138546       93.000000
      0.38425979      0.70794249      -1.0000000      -1.0000000      -1.0000000
      -1.0000000      -1.0000000      -1.0000000      -1.0000000      -1.0000000
      -1.0000000
       1.0000000       98.000000      0.62142873      -1.0000000       3.0000000
       0.0000000       0.0000000      -1.0000000      -1.0000000      -1.0000000
      -1.0000000      -1.0000000      -1.0000000      -1.0000000      -1.0000000
      -1.0000000
       0.0000000       97.000000      0.64464182       1164.0000       285913.00
       1.4215728      0.66632068      0.42375857      0.34375006      0.29660732
       19.668127       7.3436365      -56.896328       100.89217       6.0928283
       92.750420
       0.0000000       96.000000      0.67611039       1159.0000       281934.00
       1.3906583      0.63232613      0.43730509      0.29411763      0.32020137
       22.101139       6.5913644      -70.980560       106.92430       6.4568076
       81.667892
       1.0000000       96.000000      0.67611039      -1.0000000       1.0000000
    0.0033625164     0.056476030      -1.0000000      -1.0000000      -1.0000000
      -1.0000000      -1.0000000      -1.0000000      -1.0000000      -1.0000000
      -1.0000000
       0.0000000       95.000000      0.70010638       1869.0000       313232.00
       1.3802083      0.67055452      0.43329427      0.31250006      0.38050237
       18.472651       7.8754592      -84.596092       113.09912       6.3904805
       74.122040
       0.0000000       94.000000      0.73263615      -1.0000000       309261.00
       1.3009737      0.52098829      -1.0000000      -1.0000000      -1.0000000
      -1.0000000      -1.0000000      -1.0000000       99.761650       5.4106174
       90.484344
       0.0000000       93.000000      0.75744140      -1.0000000       304231.00
       1.2749778      0.50933069      -1.0000000      -1.0000000      -1.0000000
      -1.0000000      -1.0000000      -1.0000000       94.148384       5.2833838
       96.585304
       0.0000000       92.000000      0.79106826      -1.0000000       300569.00
       1.2707020      0.86351377      -1.0000000      -1.0000000      -1.0000000
      -1.0000000      -1.0000000      -1.0000000       91.723953       5.5712500
       98.212700
       0.0000000       91.000000      0.81671000      -1.0000000       297074.00
       1.2368886      0.79210389      -1.0000000      -1.0000000      -1.0000000
      -1.0000000      -1.0000000      -1.0000000       89.498314       5.3914928
       99.815994
       0.0000000       90.000000      0.85147089      -1.0000000       276273.00
       1.2029378      0.78469777      -1.0000000      -1.0000000      -1.0000000
      -1.0000000      -1.0000000      -1.0000000       88.066582       5.2449017
       102.08275
       0.0000000       89.000000      0.88689691      -1.0000000       271592.00
       1.1627638      0.72731763      -1.0000000      -1.0000000      -1.0000000
      -1.0000000      -1.0000000      -1.0000000       87.273529       5.0915532
       104.96944
       0.0000000       88.000000      0.92300081      -1.0000000       265159.00
       1.1239983      0.72307456      -1.0000000      -1.0000000      -1.0000000
      -1.0000000      -1.0000000      -1.0000000       87.415649       5.0397372
       100.43928
       0.0000000       87.000000      0.95053136      -1.0000000       259742.00
       1.1330888      0.86288178      -1.0000000      -1.0000000      -1.0000000
      -1.0000000      -1.0000000      -1.0000000       88.048683       5.1973705
       102.48942
       0.0000000       86.000000      0.98785281      -1.0000000       253560.00
       1.0945734      0.66206276      -1.0000000      -1.0000000      -1.0000000
      -1.0000000      -1.0000000      -1.0000000       93.448944       4.9586291
       50.033684
       0.0000000       85.000000      0.99729425      -1.0000000       252322.00
       1.0868852      0.72188175      -1.0000000      -1.0000000      -1.0000000
      -1.0000000      -1.0000000      -1.0000000       92.693680       4.9825630
       53.393250
       0.0000000       84.000000       1.0355104      -1.0000000       247511.00
       1.0628585      0.62936682      -1.0000000      -1.0000000      -1.0000000
      -1.0000000      -1.0000000      -1.0000000       91.464386       4.7689013
       56.580784
       0.0000000       83.000000       1.0744579      -1.0000000       240290.00
       1.0342447      0.55048382      -1.0000000      -1.0000000      -1.0000000
      -1.0000000      -1.0000000      -1.0000000       90.933571       4.5793214
       52.964725
       0.0000000       82.000000       1.1141505      -1.0000000       234967.00
       1.0330262      0.58529645      -1.0000000      -1.0000000      -1.0000000
      -1.0000000      -1.0000000      -1.0000000       92.964607       4.6905179
       51.536999
       0.0000000       81.000000       1.1546028      -1.0000000       228987.00
       1.0110910      0.59709996      -1.0000000      -1.0000000      -1.0000000
      -1.0000000      -1.0000000      -1.0000000       92.857582       4.5726261
       59.418358
       0.0000000       80.000000       1.2062581      -1.0000000       232332.00
      0.99148113      0.31453398      -1.0000000      -1.0000000      -1.0000000
      -1.0000000      -1.0000000      -1.0000000       94.103035       4.1977558
       54.704433
       0.0000000       79.000000       1.2484726      -1.0000000       226117.00
      0.98513186      0.40526488      -1.0000000      -1.0000000      -1.0000000
      -1.0000000      -1.0000000      -1.0000000       98.565262       4.3484569
       47.084587
       0.0000000       78.000000       1.3023784      -1.0000000       215797.00
      0.96450603      0.79674560      -1.0000000      -1.0000000      -1.0000000
      -1.0000000      -1.0000000      -1.0000000       98.503311       4.6571865
       92.967499
       0.0000000       77.000000       1.3575766      -1.0000000       210201.00
      0.92105651      0.90729934      -1.0000000      -1.0000000      -1.0000000
      -1.0000000      -1.0000000      -1.0000000       99.171814       4.8818049
       94.798599
       1.0000000       77.000000       1.3575766      -1.0000000       1.0000000
   0.00022375559     0.016676834      -1.0000000      -1.0000000      -1.0000000
      -1.0000000      -1.0000000      -1.0000000      -1.0000000      -1.0000000
      -1.0000000
       0.0000000       76.000000       1.4140983      -1.0000000       204085.00
      0.85718459      0.98809874      -1.0000000      -1.0000000      -1.0000000
      -1.0000000      -1.0000000      -1.0000000       97.782852       5.1965189
       94.299530
       0.0000000       75.000000       1.4719748      -1.0000000       196627.00
      0.81606829       1.0868282      -1.0000000      -1.0000000      -1.0000000
      -1.0000000      -1.0000000      -1.0000000       96.347778       5.5639534
       91.771744
       0.0000000       74.000000       1.5312390      -1.0000000       191133.00
      0.77552789      0.94076884      -1.0000000      -1.0000000      -1.0000000
      -1.0000000      -1.0000000      -1.0000000       95.766899       5.3854399
       88.625786
       0.0000000       73.000000       1.6042346      -1.0000000       205428.00
      0.72115493       1.0575297      -1.0000000      -1.0000000      -1.0000000
      -1.0000000      -1.0000000      -1.0000000       95.166672       5.5129223
       87.666992
       1.0000000       73.000000       1.6042346      -1.0000000       2.0000000
   0.00029287397       0.0000000      -1.0000000      -1.0000000      -1.0000000
      -1.0000000      -1.0000000      -1.0000000      -1.0000000      -1.0000000
      -1.0000000
       0.0000000       72.000000       1.6666696      -1.0000000       201183.00
      0.68215841       1.1293306      -1.0000000      -1.0000000      -1.0000000
      -1.0000000      -1.0000000      -1.0000000       95.606552       5.5601082
       88.081558
       0.0000000       71.000000       1.7435706      -1.0000000       192362.00
      0.64705300      0.94133776      -1.0000000      -1.0000000      -1.0000000
      -1.0000000      -1.0000000      -1.0000000       92.656349       5.1992087
       93.613953
       1.0000000       71.000000       1.7435706      -1.0000000       1.0000000
       0.0000000       0.0000000      -1.0000000      -1.0000000      -1.0000000
      -1.0000000      -1.0000000      -1.0000000      -1.0000000      -1.0000000
      -1.0000000
       0.0000000       70.000000       1.8226893      -1.0000000       216786.00
      0.61484057      0.38273391      -1.0000000      -1.0000000      -1.0000000
      -1.0000000      -1.0000000      -1.0000000       89.900726       4.3240542
       90.097969
       1.0000000       70.000000       1.8226893      -1.0000000       1.0000000
    0.0011859353       0.0000000      -1.0000000      -1.0000000      -1.0000000
      -1.0000000      -1.0000000      -1.0000000      -1.0000000      -1.0000000
      -1.0000000
       0.0000000       69.000000       1.9040896      -1.0000000       196544.00
      0.62257415      0.35071656      -1.0000000      -1.0000000      -1.0000000
      -1.0000000      -1.0000000      -1.0000000       92.206085       4.2709327
       92.589294
       0.0000000       68.000000       2.0020282      -1.0000000       189785.00
      0.59646523      0.80479842      -1.0000000      -1.0000000      -1.0000000
      -1.0000000      -1.0000000      -1.0000000       94.667282       4.5328794
       91.932938
       1.0000000       68.000000       2.0020282      -1.0000000       2.0000000
     0.011403009     0.025180060      -1.0000000      -1.0000000      -1.0000000
      -1.0000000      -1.0000000      -1.0000000      -1.0000000      -1.0000000
      -1.0000000
       0.0000000       67.000000       2.1032696      -1.0000000       182481.00
      0.53350610      0.91231191      -1.0000000      -1.0000000      -1.0000000
      -1.0000000      -1.0000000      -1.0000000       97.635437       4.8253245
       86.343254
       1.0000000       67.000000       2.1032696      -1.0000000       2.0000000
     0.016454153      0.19774331      -1.0000000      -1.0000000      -1.0000000
      -1.0000000      -1.0000000      -1.0000000      -1.0000000      -1.0000000
      -1.0000000
       0.0000000       66.000000       2.2079256      -1.0000000       183233.00
      0.46772611      0.84911048      -1.0000000      -1.0000000      -1.0000000
      -1.0000000      -1.0000000      -1.0000000       101.21809       4.1858211
       78.780167
       1.0000000       66.000000       2.2079256      -1.0000000       1.0000000
       0.0000000       0.0000000      -1.0000000      -1.0000000      -1.0000000
      -1.0000000      -1.0000000      -1.0000000      -1.0000000      -1.0000000
      -1.0000000
       0.0000000       65.000000       2.3161108      -1.0000000       171077.00
      0.39586174      0.66135585      -1.0000000      -1.0000000      -1.0000000
      -1.0000000      -1.0000000      -1.0000000       100.86230       3.3881733
       82.654716
       0.0000000       64.000000       2.4442258      -1.0000000       156952.00
      0.37198022      0.51298290      -1.0000000      -1.0000000      -1.0000000
      -1.0000000      -1.0000000      -1.0000000       94.788864       3.1688333
       89.965981
       0.0000000       63.000000       2.5772903      -1.0000000       141350.00
      0.33968323      0.63937634      -1.0000000      -1.0000000      -1.0000000
      -1.0000000      -1.0000000      -1.0000000       93.172508       3.3529632
       90.919701
       1.0000000       63.000000       2.5772903      -1.0000000       1.0000000
       0.0000000       0.0000000      -1.0000000      -1.0000000      -1.0000000
      -1.0000000      -1.0000000      -1.0000000      -1.0000000      -1.0000000
      -1.0000000
       0.0000000       62.000000       2.7331426      -1.0000000       127641.00
      0.28852758      0.51629001      -1.0000000      -1.0000000      -1.0000000
      -1.0000000      -1.0000000      -1.0000000       89.837128       2.6387804
       96.548286
       0.0000000       61.000000       2.8957851      -1.0000000       125524.00
      0.26416102      0.60474771      -1.0000000      -1.0000000      -1.0000000
      -1.0000000      -1.0000000      -1.0000000       95.857559       3.0322044
       89.381058
       0.0000000       60.000000       3.0081310      -1.0000000       114942.00
      0.23162828      0.67437744      -1.0000000      -1.0000000      -1.0000000
      -1.0000000      -1.0000000      -1.0000000       98.008263       3.1524692
       91.403778
       1.0000000       60.000000       3.0081310      -1.0000000       1.0000000
    0.0018187100     0.041380271      -1.0000000      -1.0000000      -1.0000000
      -1.0000000      -1.0000000      -1.0000000      -1.0000000      -1.0000000
      -1.0000000
       0.0000000       59.000000       3.0848227      -1.0000000       108958.00
      0.21829082      0.60775381      -1.0000000      -1.0000000      -1.0000000
      -1.0000000      -1.0000000      -1.0000000       100.01080       3.1137657
       91.073990
       1.0000000       59.000000       3.0848227      -1.0000000       2.0000000
   0.00036188625       0.0000000      -1.0000000      -1.0000000      -1.0000000
      -1.0000000      -1.0000000      -1.0000000      -1.0000000      -1.0000000
      -1.0000000
       0.0000000       58.000000       3.2830331      -1.0000000       97835.000
      0.14748156      0.78210860      -1.0000000      -1.0000000      -1.0000000
      -1.0000000      -1.0000000      -1.0000000       104.77808       2.9226422
       81.307564
       1.0000000       58.000000       3.2830331      -1.0000000       1.0000000
    0.0024477723    0.0068010897      -1.0000000      -1.0000000      -1.0000000
      -1.0000000      -1.0000000      -1.0000000      -1.0000000      -1.0000000
      -1.0000000
       0.0000000       57.000000       3.4908614      -1.0000000       90825.000
      0.12225880      0.66471696      -1.0000000      -1.0000000      -1.0000000
      -1.0000000      -1.0000000      -1.0000000       105.96571       3.4663522
       74.418961
       1.0000000       57.000000       3.4908614      -1.0000000       3.0000000
   0.00083079730       0.0000000      -1.0000000      -1.0000000      -1.0000000
      -1.0000000      -1.0000000      -1.0000000      -1.0000000      -1.0000000
      -1.0000000
