       0.0000000       135.00000       0.0000000       12.000000       104808.00
       7.1556959      0.23298062      0.53135502      0.60606062      0.65540540
      -57.850780      -47.026550      -163.19276       123.25458       15.442193
       24.296438
       0.0000000       134.00000    0.0095216669       12.000000       103789.00
       7.1367159      0.30816281      0.53279436      0.61764705      0.64989966
      -66.252037      -44.348904      -163.96381       122.11674       15.259100
       24.164780
       0.0000000       133.00000     0.023974428       12.000000       102509.00
       7.1427755      0.36037239      0.53821212      0.60606062      0.64710832
      -71.341103      -34.087036      -167.90266       124.09492       15.382926
       24.776022
       0.0000000       132.00000     0.033724371       12.000000       101597.00
       7.2065330      0.46283859      0.53370196      0.60606062      0.64702684
      -65.592819      -32.942818      -172.36758       126.03532       15.818964
       23.751921
       0.0000000       131.00000     0.048523631       12.000000       97745.000
       7.1827378      0.88517249      0.52821082      0.60606062      0.65901339
      -60.847183      -36.991913      -178.89429       124.17419       16.135950
       28.367514
       0.0000000       130.00000     0.058507323       12.000000       97152.000
       7.1943235       1.0569783      0.53022248      0.61764705      0.66629559
      -67.097771      -42.695442      -177.37898       123.71384       16.306091
       30.426947
       0.0000000       129.00000     0.073661387       12.000000       95249.000
       7.1820989       1.0221287      0.52741164      0.66666663      0.65621018
      -78.742744      -43.333084      -173.15277       123.52710       16.283913
       29.023867
       0.0000000       128.00000     0.083884433       12.000000       94878.000
       7.1763062       1.0557112      0.53228050      0.60606062      0.65599602
      -89.206383      -21.437099      -178.32637       122.09078       16.446239
       35.263744
       0.0000000       127.00000     0.099401802       12.000000       93620.000
       7.1741052       1.1799160      0.53666669      0.63636363      0.66277558
      -72.298073      -23.413301      -193.09813       120.40732       16.775938
       41.514755
       0.0000000       126.00000      0.10986994       12.000000       93066.000
       7.1823182       1.2069138      0.53123707      0.64705884      0.65734154
      -73.829765      -22.961967      -194.21196       119.90414       16.848007
       44.087574
       0.0000000       125.00000      0.12575933       12.000000       89115.000
       7.1522965       1.3266797      0.52323323      0.63636363      0.65023071
      -72.567276      -24.172703      -198.67365       119.35882       16.943224
       46.716816
       0.0000000       124.00000      0.14187621       12.000000       88419.000
       7.0988836       1.2222139      0.53027344      0.65714288      0.65474004
      -84.191566      -26.147568      -201.84586       122.42123       16.879158
       43.477623
       0.0000000       123.00000      0.15274876       12.000000       86698.000
       7.0685949       1.3335431      0.55412692      0.59375006      0.66137338
      -99.150421      -23.280539      -204.78311       122.94439       16.881781
       45.087204
       1.0000000       123.00000      0.15274876      -1.0000000       1.0000000
     0.013143999      0.10447810      -1.0000000      -1.0000000      -1.0000000
      -1.0000000      -1.0000000      -1.0000000      -1.0000000      -1.0000000
      -1.0000000
       0.0000000       122.00000      0.16925204       13.000000       89289.000
       7.0360255       1.6232047      0.54811054      0.63636363      0.65588665
      -93.024490      -28.519594      -209.16570       119.75568       17.330940
       47.507412
       0.0000000       121.00000      0.18038526       13.000000       88427.000
       6.9854851       1.5982634      0.54684204      0.63636363      0.66446710
      -82.772087      -27.878908      -216.72343       121.99830       17.257273
       43.977596
       0.0000000       120.00000      0.19728418       13.000000       86317.000
       6.9864407       1.4757504      0.55400413      0.62500000      0.66197497
      -89.171661      -39.870277      -220.62495       124.08107       17.307232
       40.241123
       1.0000000       120.00000      0.19728418      -1.0000000       2.0000000
    0.0026272617     0.025855212      -1.0000000      -1.0000000      -1.0000000
      -1.0000000      -1.0000000      -1.0000000      -1.0000000      -1.0000000
      -1.0000000
       0.0000000       119.00000      0.21442504       13.000000       81898.000
       6.9086232       1.6833826      0.55198771      0.64705884      0.66049302
      -87.040947      -26.535913      -226.25461       124.08565       17.294147
       40.931324
       0.0000000       118.00000      0.22598839       14.000000       85213.000
       6.8265004       1.4714773      0.55310178      0.64705884      0.66441923
      -70.846046      -26.378511      -235.17863       121.74942       16.955610
       45.471912
       0.0000000       117.00000      0.24354018       14.000000       84158.000
       6.8010063       1.2757558      0.56188154      0.58064520      0.65527672
      -61.222523      -44.910950      -241.31467       118.91841       16.667925
       52.344769
       1.0000000       117.00000      0.24354018      -1.0000000       1.0000000
   0.00044562048    0.0094007738      -1.0000000      -1.0000000      -1.0000000
      -1.0000000      -1.0000000      -1.0000000      -1.0000000      -1.0000000
      -1.0000000
       0.0000000       116.00000      0.26134327       15.000000       84758.000
       6.7148948       1.1214675      0.55924487      0.58064520      0.65715045
      -68.639336      -65.257980      -238.72850       118.01068       16.265909
       55.922638
       0.0000000       115.00000      0.27335334       14.000000       80903.000
       6.6956453       1.1070555      0.55338979      0.58064520      0.65566355
      -81.505463      -74.339157      -234.81874       118.85402       16.249098
       55.463150
       0.0000000       114.00000      0.29158324       16.000000       86390.000
       6.6328359       1.2668070      0.55066013      0.59375006      0.65841424
      -102.28383      -72.598648      -233.46260       118.64068       16.409143
       63.065914
       0.0000000       113.00000      0.31007412       14.000000       75016.000
       6.6549644       1.4411526      0.54387718      0.57575762      0.65789127
      -107.31099      -33.593403      -248.36378       118.60976       17.008142
       67.217880
       1.0000000       113.00000      0.31007412      -1.0000000       1.0000000
       0.0000000       0.0000000      -1.0000000      -1.0000000      -1.0000000
      -1.0000000      -1.0000000      -1.0000000      -1.0000000      -1.0000000
      -1.0000000
       0.0000000       112.00000      0.32882974       14.000000       73141.000
       6.6947079       1.7627684      0.55694652      0.62500000      0.66616297
      -86.458649      -22.169172      -270.95554       121.89939       17.743912
       62.024197
       0.0000000       111.00000      0.34785384       15.000000       74124.000
       6.5893884       1.8509694      0.55628484      0.61290324      0.66103011
      -72.855499      -31.416481      -293.39752       121.81338       17.900785
       64.786880
       0.0000000       110.00000      0.36068764       14.000000       70783.000
       6.4640603       1.7941722      0.55499846      0.64705884      0.66492689
      -73.193306      -21.984133      -291.70883       122.55914       17.566952
       66.313789
       1.0000000       110.00000      0.36068764      -1.0000000       1.0000000
   0.00099881855     0.018738661      -1.0000000      -1.0000000      -1.0000000
      -1.0000000      -1.0000000      -1.0000000      -1.0000000      -1.0000000
      -1.0000000
       0.0000000       109.00000      0.38016787       37.000000       114069.00
       6.3767014       2.2633393      0.56397980      0.63636363      0.68399996
      -66.142853       12.402047      -319.10419       122.66362       18.222839
       61.878941
       1.0000000       109.00000      0.38016787      -1.0000000       2.0000000
    0.0013103325     0.013020109      -1.0000000      -1.0000000      -1.0000000
      -1.0000000      -1.0000000      -1.0000000      -1.0000000      -1.0000000
      -1.0000000
       0.0000000       108.00000      0.39992696       39.000000       111878.00
       6.2967086       2.6339359      0.55390453      0.62500000      0.64667392
      -37.178772       43.982162      -328.73877       124.60654       18.726103
       48.373569
       1.0000000       108.00000      0.39992696      -1.0000000       1.0000000
   0.00039450740    0.0029589967      -1.0000000      -1.0000000      -1.0000000
      -1.0000000      -1.0000000      -1.0000000      -1.0000000      -1.0000000
      -1.0000000
       0.0000000       107.00000      0.41996893       37.000000       106924.00
       6.1872563       2.7274890      0.54220134      0.65714288      0.65225804
       2.0195069       32.689533      -329.07077       119.33543       18.988768
       59.322411
       0.0000000       106.00000      0.44029784       41.000000       110753.00
       6.1301398       2.5200419      0.53505450      0.66666663      0.65411115
       12.370947       7.7673187      -333.36353       115.39819       19.148136
       76.530136
       0.0000000       105.00000      0.46091780       211.00000       201119.00
       6.0251107       2.4005828      0.53966790      0.63636363      0.65350699
      -8.8113260       47.882839      -339.13406       114.75854       19.039413
       98.712952
       1.0000000       105.00000      0.46091780      -1.0000000       1.0000000
   0.00033769364     0.013390763      -1.0000000      -1.0000000      -1.0000000
      -1.0000000      -1.0000000      -1.0000000      -1.0000000      -1.0000000
      -1.0000000
       0.0000000       104.00000      0.48183295       498.00000       253888.00
       5.9221592       2.0609629      0.55951542      0.62500000      0.65232098
       11.021762       100.06009      -344.85532       117.06670       18.438938
       95.510193
       0.0000000       103.00000      0.50304753       482.00000       246621.00
       5.9094801       1.8064957      0.53317475      0.68571424      0.66402811
       9.1157570       88.214119      -355.14420       120.17927       18.858095
       91.350861
       1.0000000       103.00000      0.50304753      -1.0000000       1.0000000
     0.060225166     0.045030817      -1.0000000      -1.0000000      -1.0000000
      -1.0000000      -1.0000000      -1.0000000      -1.0000000      -1.0000000
      -1.0000000
       0.0000000       102.00000      0.52456582       48.000000       108290.00
       5.8679762       1.7889766      0.54443556      0.63636363      0.67252284
       13.002061       113.06715      -347.53644       125.76158       19.016890
       81.900475
       0.0000000       101.00000      0.54639220       46.000000       103522.00
       5.9500403       2.1195292      0.55449295      0.68571424      0.69467682
       32.068718       156.59700      -363.41434       133.01343       20.260450
       69.699310
       0.0000000       100.00000      0.57598084       46.000000       99275.000
       5.5733137       3.0322962      0.52002406      0.74418604      0.65630090
       40.793549       186.69276      -337.11942       131.39235       20.196939
       69.924759
       1.0000000       100.00000      0.57598084      -1.0000000       1.0000000
     0.038014114      0.17667469      -1.0000000      -1.0000000      -1.0000000
      -1.0000000      -1.0000000      -1.0000000      -1.0000000      -1.0000000
      -1.0000000
       0.0000000       99.000000      0.59854329       45.000000       93297.000
       5.5491567       2.7890136      0.53732532      0.68421054      0.64185053
       77.163811       249.20428      -341.02579       124.05293       19.916174
       74.564026
       0.0000000       98.000000      0.62142873       44.000000       88720.000
       5.4372416       3.3165684      0.55400217      0.68571424      0.68437225
       100.93165       314.32425      -313.09543       120.86411       21.557854
       84.657829
       1.0000000       98.000000      0.62142873      -1.0000000       2.0000000
     0.044118792      0.10909525      -1.0000000      -1.0000000      -1.0000000
      -1.0000000      -1.0000000      -1.0000000      -1.0000000      -1.0000000
      -1.0000000
       0.0000000       97.000000      0.64464182       45.000000       88699.000
       5.1964202       4.3288407      0.57959610      0.66666669      0.70356148
       231.13850       274.85443      -317.08481       122.58483       21.771828
       85.938484
       0.0000000       96.000000      0.67611039       467.00000       219627.00
       5.0325432       5.0020514      0.55665302      0.74358976      0.69232911
       169.05881       198.44989      -416.19415       120.97352       23.342438
       89.172089
       0.0000000       95.000000      0.70010638       674.00000       240469.00
       4.8649564       5.1027298      0.53422225      0.78048778      0.66730952
       149.76588       210.08405      -436.16138       120.36765       24.399609
       81.555450
       0.0000000       94.000000      0.73263615       757.00000       243876.00
       4.5971642       4.1995945      0.52434629      0.75609756      0.66303056
       129.43219       204.38768      -417.16876       121.03188       23.660793
       80.962791
       1.0000000       94.000000      0.73263615      -1.0000000       4.0000000
     0.085950964      0.34390578      -1.0000000      -1.0000000      -1.0000000
      -1.0000000      -1.0000000      -1.0000000      -1.0000000      -1.0000000
      -1.0000000
       0.0000000       93.000000      0.75744140       1228.0000       274071.00
       4.3351970       4.5678229      0.53359872      0.73684210      0.65128720
       140.99136       253.17047      -377.37424       122.50497       22.837036
       82.379593
       1.0000000       93.000000      0.75744140      -1.0000000       3.0000000
     0.060516732      0.31961275      -1.0000000      -1.0000000      -1.0000000
      -1.0000000      -1.0000000      -1.0000000      -1.0000000      -1.0000000
      -1.0000000
       0.0000000       92.000000      0.79106826       1395.0000       277951.00
       4.1759939       4.6351748      0.54521513      0.72972977      0.64577025
       209.53479       213.26877      -373.58167       120.25213       22.764599
       83.307068
       1.0000000       92.000000      0.79106826      -1.0000000       2.0000000
     0.010415899     0.037494082      -1.0000000      -1.0000000      -1.0000000
      -1.0000000      -1.0000000      -1.0000000      -1.0000000      -1.0000000
      -1.0000000
       0.0000000       91.000000      0.81671000       1449.0000       277318.00
       4.1313672       4.8650007      0.54628664      0.74358976      0.67527443
       184.68918       175.05728      -383.51904       119.30480       23.326813
       84.465675
       0.0000000       90.000000      0.85147089       1484.0000       274427.00
       3.8578343       3.8764873      0.54239261      0.70588237      0.68761516
       165.35184       228.63364      -345.55298       118.67528       21.513632
       87.628113
       1.0000000       90.000000      0.85147089      -1.0000000       3.0000000
     0.046687475      0.32851244      -1.0000000      -1.0000000      -1.0000000
      -1.0000000      -1.0000000      -1.0000000      -1.0000000      -1.0000000
      -1.0000000
       0.0000000       89.000000      0.88689691       1503.0000       271481.00
       3.6209335       4.2521539      0.51118678      0.74358976      0.68142009
       206.84714       203.64442      -306.55811       117.64725       20.364759
       89.383476
       1.0000000       89.000000      0.88689691      -1.0000000       2.0000000
    0.0052653301     0.058481093      -1.0000000      -1.0000000      -1.0000000
      -1.0000000      -1.0000000      -1.0000000      -1.0000000      -1.0000000
      -1.0000000
       0.0000000       88.000000      0.92300081       1521.0000       267173.00
       3.5864172       3.8150148      0.50928205      0.68571424      0.60618591
       179.33540       152.27463      -339.70157       116.67844       20.973417
       90.894478
       1.0000000       88.000000      0.92300081      -1.0000000       2.0000000
     0.018516034      0.16106085      -1.0000000      -1.0000000      -1.0000000
      -1.0000000      -1.0000000      -1.0000000      -1.0000000      -1.0000000
      -1.0000000
       0.0000000       87.000000      0.95053136       1519.0000       263502.00
       3.4325492       3.4578786      0.50908989      0.66666669      0.60303968
       148.47809       168.18671      -339.66553       117.60496       19.730291
       90.363892
       1.0000000       87.000000      0.95053136      -1.0000000       3.0000000
     0.022492114      0.16698398      -1.0000000      -1.0000000      -1.0000000
      -1.0000000      -1.0000000      -1.0000000      -1.0000000      -1.0000000
      -1.0000000
       0.0000000       86.000000      0.98785281       1480.0000       256595.00
       3.3259933       3.3627708      0.53071958      0.66666669      0.60919142
       182.65974       187.50964      -320.63132       119.66246       20.004580
       87.793488
       1.0000000       86.000000      0.98785281      -1.0000000       3.0000000
     0.012409689      0.17205892      -1.0000000      -1.0000000      -1.0000000
      -1.0000000      -1.0000000      -1.0000000      -1.0000000      -1.0000000
      -1.0000000
       0.0000000       85.000000      0.99729425       1433.0000       252950.00
       3.3341019       3.4013469      0.53687596      0.68292683      0.67682421
       194.20227       179.12842      -325.77979       120.20544       20.315550
       87.926437
       0.0000000       84.000000       1.0355104       1432.0000       248109.00
       3.2514977       4.1270180      0.52147663      0.68750000      0.64531100
       193.29988       179.04968      -350.96567       121.80717       20.925369
       89.441544
       0.0000000       83.000000       1.0744579       1507.0000       246294.00
       2.9916770       4.1536212      0.49702886      0.68421054      0.58076555
       199.13248       183.04045      -276.00510       120.11988       20.695871
       90.084335
       1.0000000       83.000000       1.0744579      -1.0000000       3.0000000
     0.060215626      0.27537763      -1.0000000      -1.0000000      -1.0000000
      -1.0000000      -1.0000000      -1.0000000      -1.0000000      -1.0000000
      -1.0000000
       0.0000000       82.000000       1.1141505       1536.0000       241766.00
       2.8134980       3.4972117      0.50085723      0.64705884      0.58677000
       180.17294       175.03990      -263.85950       119.18461       19.242519
       91.301331
       1.0000000       82.000000       1.1141505      -1.0000000       5.0000000
     0.051736875      0.27122355      -1.0000000      -1.0000000      -1.0000000
      -1.0000000      -1.0000000      -1.0000000      -1.0000000      -1.0000000
      -1.0000000
       0.0000000       81.000000       1.1546028       1529.0000       236833.00
       2.7452793       3.6153831      0.49506921      0.61111116      0.58450282
       170.14978       186.87447      -251.69330       118.18973       19.242357
       92.095123
       1.0000000       81.000000       1.1546028      -1.0000000       2.0000000
     0.021319943     0.031414703      -1.0000000      -1.0000000      -1.0000000
      -1.0000000      -1.0000000      -1.0000000      -1.0000000      -1.0000000
      -1.0000000
       0.0000000       80.000000       1.2062581       1540.0000       229421.00
       2.5217459       4.6382046      0.46753412      0.62857145      0.51200950
       195.83846       163.99678      -167.52776       120.63470       19.688971
       92.677269
       1.0000000       80.000000       1.2062581      -1.0000000       2.0000000
     0.054586034      0.31402965      -1.0000000      -1.0000000      -1.0000000
      -1.0000000      -1.0000000      -1.0000000      -1.0000000      -1.0000000
      -1.0000000
       0.0000000       79.000000       1.2484726       1507.0000       223352.00
       2.1958308       4.8155522      0.41127899      0.51351351      0.41624746
       166.44702       98.858170      -153.47377       122.68433       18.285913
       95.770569
       1.0000000       79.000000       1.2484726      -1.0000000       3.0000000
     0.042742136      0.26268835      -1.0000000      -1.0000000      -1.0000000
      -1.0000000      -1.0000000      -1.0000000      -1.0000000      -1.0000000
      -1.0000000
       0.0000000       78.000000       1.3023784       1501.0000       216663.00
       1.9856360       4.4978738      0.42591900      0.60000002      0.47809783
       155.13725       32.829029      -162.65558       117.19667       18.565248
       100.54839
       1.0000000       78.000000       1.3023784      -1.0000000       1.0000000
     0.011373568      0.17213531      -1.0000000      -1.0000000      -1.0000000
      -1.0000000      -1.0000000      -1.0000000      -1.0000000      -1.0000000
      -1.0000000
       0.0000000       77.000000       1.3575766       1445.0000       207478.00
       1.8449109       3.4128790      0.42128906      0.61538458      0.48590648
       118.93154       51.938797      -137.65285       114.42425       16.931192
       111.42914
       1.0000000       77.000000       1.3575766      -1.0000000       4.0000000
    0.0051118095     0.083183277      -1.0000000      -1.0000000      -1.0000000
      -1.0000000      -1.0000000      -1.0000000      -1.0000000      -1.0000000
      -1.0000000
       0.0000000       76.000000       1.4140983       1406.0000       199300.00
       1.6855447       3.5221360      0.39957550      0.51428568      0.36489972
       122.71996       62.915161      -73.735794       114.79180       15.619752
       119.08807
       1.0000000       76.000000       1.4140983      -1.0000000       3.0000000
     0.015153492      0.18297729      -1.0000000      -1.0000000      -1.0000000
      -1.0000000      -1.0000000      -1.0000000      -1.0000000      -1.0000000
      -1.0000000
       0.0000000       75.000000       1.4719748       1423.0000       193215.00
       1.5152712       2.8671720      0.37472427      0.42424244      0.26581281
       107.39060       76.370483      -51.379269       116.70547       13.825634
       119.48042
       1.0000000       75.000000       1.4719748      -1.0000000       3.0000000
     0.016088798      0.12492554      -1.0000000      -1.0000000      -1.0000000
      -1.0000000      -1.0000000      -1.0000000      -1.0000000      -1.0000000
      -1.0000000
       0.0000000       74.000000       1.5312390       1364.0000       185451.00
       1.3135732       3.1893003      0.34229863      0.32258064      0.20686035
       86.405273       34.480221      -61.168846       120.01989       12.526870
       123.78757
       1.0000000       74.000000       1.5312390      -1.0000000       4.0000000
    0.0011595398     0.028000094      -1.0000000      -1.0000000      -1.0000000
      -1.0000000      -1.0000000      -1.0000000      -1.0000000      -1.0000000
      -1.0000000
       0.0000000       73.000000       1.6042346      -1.0000000       175289.00
       1.1393019       2.1789062      -1.0000000      -1.0000000      -1.0000000
      -1.0000000      -1.0000000      -1.0000000       123.77360       11.064718
       122.70620
       1.0000000       73.000000       1.6042346      -1.0000000       1.0000000
     0.015426578      0.13345493      -1.0000000      -1.0000000      -1.0000000
      -1.0000000      -1.0000000      -1.0000000      -1.0000000      -1.0000000
      -1.0000000
       0.0000000       72.000000       1.6666696      -1.0000000       169361.00
      0.98311734       1.8750703      -1.0000000      -1.0000000      -1.0000000
      -1.0000000      -1.0000000      -1.0000000       123.70325       9.7898855
       122.65711
       1.0000000       72.000000       1.6666696      -1.0000000       3.0000000
      0.12557767      0.35028254      -1.0000000      -1.0000000      -1.0000000
      -1.0000000      -1.0000000      -1.0000000      -1.0000000      -1.0000000
      -1.0000000
       0.0000000       71.000000       1.7435706      -1.0000000       159558.00
      0.85833752       1.7638290      -1.0000000      -1.0000000      -1.0000000
      -1.0000000      -1.0000000      -1.0000000       124.85845       8.3213825
       127.40709
       1.0000000       71.000000       1.7435706      -1.0000000       2.0000000
    0.0013467318     0.063338055      -1.0000000      -1.0000000      -1.0000000
      -1.0000000      -1.0000000      -1.0000000      -1.0000000      -1.0000000
      -1.0000000
       0.0000000       70.000000       1.8226893      -1.0000000       153546.00
      0.70779306       2.3558719      -1.0000000      -1.0000000      -1.0000000
      -1.0000000      -1.0000000      -1.0000000       125.88023       10.327079
       133.71336
       1.0000000       70.000000       1.8226893      -1.0000000       1.0000000
     0.033914875      0.25778085      -1.0000000      -1.0000000      -1.0000000
      -1.0000000      -1.0000000      -1.0000000      -1.0000000      -1.0000000
      -1.0000000
       0.0000000       69.000000       1.9040896      -1.0000000       146079.00
      0.55976719       2.3925345      -1.0000000      -1.0000000      -1.0000000
      -1.0000000      -1.0000000      -1.0000000       121.72095       10.042863
       130.78314
       1.0000000       69.000000       1.9040896      -1.0000000       3.0000000
   0.00060048979    0.0058123856      -1.0000000      -1.0000000      -1.0000000
      -1.0000000      -1.0000000      -1.0000000      -1.0000000      -1.0000000
      -1.0000000
       0.0000000       68.000000       2.0020282      -1.0000000       139421.00
      0.49590418       1.7275717      -1.0000000      -1.0000000      -1.0000000
      -1.0000000      -1.0000000      -1.0000000       116.75925       8.7867155
       132.76797
       1.0000000       68.000000       2.0020282      -1.0000000       1.0000000
     0.046233736     0.091535397      -1.0000000      -1.0000000      -1.0000000
      -1.0000000      -1.0000000      -1.0000000      -1.0000000      -1.0000000
      -1.0000000
       0.0000000       67.000000       2.1032696      -1.0000000       130627.00
      0.37961969       1.2773024      -1.0000000      -1.0000000      -1.0000000
      -1.0000000      -1.0000000      -1.0000000       105.61749       6.5534277
       141.88239
       1.0000000       67.000000       2.1032696      -1.0000000       2.0000000
    0.0066553087     0.055021964      -1.0000000      -1.0000000      -1.0000000
      -1.0000000      -1.0000000      -1.0000000      -1.0000000      -1.0000000
      -1.0000000
       0.0000000       66.000000       2.2079256      -1.0000000       120996.00
      0.31262407       1.4560790      -1.0000000      -1.0000000      -1.0000000
      -1.0000000      -1.0000000      -1.0000000       100.39990       6.5229917
       134.48206
       0.0000000       65.000000       2.3161108      -1.0000000       114999.00
      0.26943606       1.4371657      -1.0000000      -1.0000000      -1.0000000
      -1.0000000      -1.0000000      -1.0000000       99.251701       5.9873943
       132.94902
       1.0000000       65.000000       2.3161108      -1.0000000       3.0000000
   0.00038704593       0.0000000      -1.0000000      -1.0000000      -1.0000000
      -1.0000000      -1.0000000      -1.0000000      -1.0000000      -1.0000000
      -1.0000000
       0.0000000       64.000000       2.4442258      -1.0000000       111928.00
      0.22230022       1.1868497      -1.0000000      -1.0000000      -1.0000000
      -1.0000000      -1.0000000      -1.0000000       97.063271       5.3905439
       130.57503
       0.0000000       63.000000       2.5772903      -1.0000000       105885.00
      0.19286926      0.79172730      -1.0000000      -1.0000000      -1.0000000
      -1.0000000      -1.0000000      -1.0000000       97.164116       4.7680688
       129.46251
       1.0000000       63.000000       2.5772903      -1.0000000       1.0000000
       0.0000000       0.0000000      -1.0000000      -1.0000000      -1.0000000
      -1.0000000      -1.0000000      -1.0000000      -1.0000000      -1.0000000
      -1.0000000
       0.0000000       62.000000       2.7331426      -1.0000000       103639.00
      0.14945039      0.74699742      -1.0000000      -1.0000000      -1.0000000
      -1.0000000      -1.0000000      -1.0000000       95.440796       3.8645034
       124.59070
       1.0000000       62.000000       2.7331426      -1.0000000       4.0000000
    0.0018466645   0.00031082708      -1.0000000      -1.0000000      -1.0000000
      -1.0000000      -1.0000000      -1.0000000      -1.0000000      -1.0000000
      -1.0000000
       0.0000000       61.000000       2.8957851      -1.0000000       112462.00
      0.12560830      0.67957407      -1.0000000      -1.0000000      -1.0000000
      -1.0000000      -1.0000000      -1.0000000       91.745468       3.0805795
       92.640594
       1.0000000       61.000000       2.8957851      -1.0000000       3.0000000
   0.00074582352       0.0000000      -1.0000000      -1.0000000      -1.0000000
      -1.0000000      -1.0000000      -1.0000000      -1.0000000      -1.0000000
      -1.0000000
       0.0000000       60.000000       3.0081310      -1.0000000       109233.00
      0.10530073      0.72882581      -1.0000000      -1.0000000      -1.0000000
      -1.0000000      -1.0000000      -1.0000000       88.529922       3.6103966
       81.432053
       1.0000000       60.000000       3.0081310      -1.0000000       1.0000000
   0.00059998955       0.0000000      -1.0000000      -1.0000000      -1.0000000
      -1.0000000      -1.0000000      -1.0000000      -1.0000000      -1.0000000
      -1.0000000
       0.0000000       59.000000       3.0848227      -1.0000000       132726.00
     0.094056413      0.46192119      -1.0000000      -1.0000000      -1.0000000
      -1.0000000      -1.0000000      -1.0000000       89.428856       2.9541245
       76.081558
       0.0000000       58.000000       3.2830331      -1.0000000       125515.00
     0.081499845      0.33762142      -1.0000000      -1.0000000      -1.0000000
      -1.0000000      -1.0000000      -1.0000000       86.492874       2.4233420
       83.466408
       1.0000000       58.000000       3.2830331      -1.0000000       3.0000000
   0.00086467183      0.12746328      -1.0000000      -1.0000000      -1.0000000
      -1.0000000      -1.0000000      -1.0000000      -1.0000000      -1.0000000
      -1.0000000
       0.0000000       57.000000       3.4908614      -1.0000000       110376.00
     0.067204751      0.41662923      -1.0000000      -1.0000000      -1.0000000
      -1.0000000      -1.0000000      -1.0000000       82.128860       2.1417255
       83.991203
       1.0000000       57.000000       3.4908614      -1.0000000       1.0000000
   0.00037127838       0.0000000      -1.0000000      -1.0000000      -1.0000000
      -1.0000000      -1.0000000      -1.0000000      -1.0000000      -1.0000000
      -1.0000000
