       0.0000000       135.00000       0.0000000       387.00000       329916.00
       5.6293497      0.13744117      0.50823593      0.45161289      0.47208807
       103.55531      -61.119221       25.199203       135.69304       27.733206
       194.37183
       0.0000000       134.00000    0.0095216669      -1.0000000       324267.00
       5.5196810      0.17137395      -1.0000000      -1.0000000      -1.0000000
      -1.0000000      -1.0000000      -1.0000000       135.48624       26.771030
       200.35254
       0.0000000       132.00000     0.033724371       386.00000       322969.00
       5.5363674      0.10962348      0.50862890      0.45161289      0.46456376
       93.458649      -81.367477       22.118895       136.06750       27.704176
       203.25417
       1.0000000       132.00000     0.033724371      -1.0000000       1.0000000
   0.00033900965     0.010877672      -1.0000000      -1.0000000      -1.0000000
      -1.0000000      -1.0000000      -1.0000000      -1.0000000      -1.0000000
      -1.0000000
       0.0000000       131.00000     0.048523631       386.00000       318634.00
       5.7325301      0.41622776      0.50733060      0.48387092      0.47811064
       98.967209      -100.05920       13.568573       139.03787       27.820469
       206.20964
       1.0000000       131.00000     0.048523631      -1.0000000       1.0000000
   0.00033900965     0.010877672      -1.0000000      -1.0000000      -1.0000000
      -1.0000000      -1.0000000      -1.0000000      -1.0000000      -1.0000000
      -1.0000000
       0.0000000       130.00000     0.058507323       383.00000       316127.00
       5.7543082      0.36157545      0.50036532      0.48387092      0.45750117
       100.65443      -102.44243      -4.5681276       136.91463       27.332232
       208.52362
       1.0000000       130.00000     0.058507323      -1.0000000       1.0000000
       0.0000000       0.0000000      -1.0000000      -1.0000000      -1.0000000
      -1.0000000      -1.0000000      -1.0000000      -1.0000000      -1.0000000
      -1.0000000
       0.0000000       129.00000     0.073661387       386.00000       314028.00
       5.2588964     0.049038120      0.50578678      0.44444442      0.43571943
       90.923561      -88.422752      -12.010755       133.93822       20.712439
       210.02234
       0.0000000       128.00000     0.083884433       453.00000       323507.00
       5.1139579     0.097382352      0.51372814      0.46666664      0.47112262
       99.748116      -84.872803      -12.554226       134.12460       19.814054
       211.26329
       1.0000000       128.00000     0.083884433      -1.0000000       1.0000000
       0.0000000       0.0000000      -1.0000000      -1.0000000      -1.0000000
      -1.0000000      -1.0000000      -1.0000000      -1.0000000      -1.0000000
      -1.0000000
       0.0000000       127.00000     0.099401802       464.00000       322068.00
       5.1123447     0.065875717      0.51917356      0.51612902      0.46021378
       111.17632      -71.860092      -13.517636       135.56656       17.025278
       213.17136
       1.0000000       127.00000     0.099401802      -1.0000000       1.0000000
    0.0011308347     0.015063042      -1.0000000      -1.0000000      -1.0000000
      -1.0000000      -1.0000000      -1.0000000      -1.0000000      -1.0000000
      -1.0000000
       0.0000000       126.00000      0.10986994       463.00000       319886.00
       4.9011121     0.015185325      0.51803505      0.53125000      0.48773810
       108.08503      -58.589371      -12.957952       136.36430       18.076025
       213.23378
       2.0000000       126.00000      0.10986994      0.28197876       115.00000
       1.2408187      0.45150742      -1.0000000      -1.0000000      -1.0000000
      -1.0000000      -1.0000000      -1.0000000      -1.0000000      -1.0000000
      -1.0000000
       0.0000000       125.00000      0.12575933       460.00000       317230.00
       4.8347788     0.027417406      0.51555806      0.48387092      0.49341032
       115.95749      -57.940968      -18.490513       138.36324       19.283237
       211.12317
       1.0000000       125.00000      0.12575933      -1.0000000       3.0000000
      0.28012625     0.039236403      -1.0000000      -1.0000000      -1.0000000
      -1.0000000      -1.0000000      -1.0000000      -1.0000000      -1.0000000
      -1.0000000
       0.0000000       124.00000      0.14187621       452.00000       312338.00
       5.3013101     0.040991768      0.51985651      0.46666664      0.45360324
       126.35252      -51.958553      -36.410461       140.16406       19.174644
       206.36176
       1.0000000       124.00000      0.14187621      -1.0000000       1.0000000
   0.00099796662       0.0000000      -1.0000000      -1.0000000      -1.0000000
      -1.0000000      -1.0000000      -1.0000000      -1.0000000      -1.0000000
      -1.0000000
       0.0000000       123.00000      0.15274876       455.00000       311212.00
       4.5704083      0.14536259      0.51153982      0.51515150      0.52922761
       107.48540      -38.194241      -30.729984       140.32132       15.166025
       204.89018
       0.0000000       122.00000      0.16925204       460.00000       308858.00
       4.5206180     0.073059231      0.50821507      0.50000000      0.52379048
       107.39986      -33.897720      -28.820995       143.23233       14.545870
       199.08359
       1.0000000       122.00000      0.16925204      -1.0000000       1.0000000
    0.0059683505   0.00027703648      -1.0000000      -1.0000000      -1.0000000
      -1.0000000      -1.0000000      -1.0000000      -1.0000000      -1.0000000
      -1.0000000
       0.0000000       121.00000      0.18038526       465.00000       306169.00
       4.5263195     0.077718556      0.50941455      0.46666664      0.50836122
       106.10612      -33.542538      -31.036398       145.92546       14.517849
       196.16231
       0.0000000       120.00000      0.19728418       469.00000       303370.00
       4.5503273     0.062457070      0.50828570      0.54838705      0.53156644
       109.06464      -30.027592      -32.849335       151.36624       15.228326
       191.08815
       0.0000000       119.00000      0.21442504       474.00000       301134.00
       4.7655163     0.067140520      0.51149154      0.56250006      0.39518261
       133.87450      -25.980326      -33.923443       159.41173       17.507864
       183.24330
       0.0000000       118.00000      0.22598839       476.00000       299301.00
       4.5879970     0.068266772      0.52959442      0.50000000      0.53108466
       142.42432      -28.222630      -26.205349       159.70966       15.178919
       175.56636
       0.0000000       117.00000      0.24354018       479.00000       295200.00
       4.4686780     0.057849042      0.53540385      0.53333330      0.55991364
       132.81963      -19.730011      -21.914682       159.94951       13.557222
       165.81432
       0.0000000       116.00000      0.26134327       484.00000       292354.00
       4.6971207     0.082135886      0.52877647      0.48275858      0.55252761
       141.85139      -7.8379908      -21.135305       167.02948       16.523928
       165.33820
       1.0000000       116.00000      0.26134327      -1.0000000       1.0000000
    0.0059683505   0.00027703648      -1.0000000      -1.0000000      -1.0000000
      -1.0000000      -1.0000000      -1.0000000      -1.0000000      -1.0000000
      -1.0000000
       0.0000000       115.00000      0.27335334       478.00000       289278.00
       4.7917414      0.21818654      0.52648592      0.53333330      0.54819840
       169.57724      -1.3314714      -9.7719784       165.87392       17.907808
       174.17232
       0.0000000       114.00000      0.29158324       482.00000       286236.00
       4.4003978      0.10778544      0.52969140      0.51612902      0.53869754
       141.16718       7.5788841      -8.3762627       147.97974       12.909982
       188.89758
       1.0000000       114.00000      0.29158324      -1.0000000       1.0000000
   0.00034064057       0.0000000      -1.0000000      -1.0000000      -1.0000000
      -1.0000000      -1.0000000      -1.0000000      -1.0000000      -1.0000000
      -1.0000000
       0.0000000       113.00000      0.31007412       486.00000       283571.00
       4.4005556      0.10430704      0.53689128      0.51612902      0.55282485
       141.81732       13.281519      -7.8621187       143.23418       12.885305
       194.48935
       0.0000000       112.00000      0.32882974       497.00000       279357.00
       4.3694034     0.099168904      0.53455037      0.53125000      0.54234809
       142.94695       16.840237      -7.2156882       140.96254       12.540223
       196.18399
       0.0000000       111.00000      0.34785384       502.00000       277257.00
       4.3950438     0.093315147      0.53714293      0.50000000      0.54682398
       144.95187       20.549959      -4.3596416       139.99599       12.736575
       195.94882
       0.0000000       110.00000      0.36068764       504.00000       275510.00
       4.4000797     0.096408114      0.53925961      0.51612902      0.54312694
       145.90369       20.764673      -2.0733073       138.82515       12.826731
       197.87436
       0.0000000       109.00000      0.38016787       503.00000       271540.00
       4.3939624     0.082559489      0.53894812      0.51612902      0.56940788
       147.34872       22.548954     0.065153211       136.51956       12.768560
       197.14148
       1.0000000       109.00000      0.38016787      -1.0000000       1.0000000
       0.0000000       0.0000000      -1.0000000      -1.0000000      -1.0000000
      -1.0000000      -1.0000000      -1.0000000      -1.0000000      -1.0000000
      -1.0000000
       0.0000000       108.00000      0.39992696       504.00000       269415.00
       4.3977799     0.082886167      0.54359823      0.55172414      0.53692079
       149.64223       23.014597     -0.44865334       133.05692       12.692541
       202.98250
       1.0000000       108.00000      0.39992696      -1.0000000       1.0000000
    0.0083246203     0.028143534      -1.0000000      -1.0000000      -1.0000000
      -1.0000000      -1.0000000      -1.0000000      -1.0000000      -1.0000000
      -1.0000000
       0.0000000       107.00000      0.41996893       509.00000       266207.00
       4.3908072      0.21530803      0.54087842      0.50000000      0.54055244
       149.57080       28.557787      -3.6594265       129.49628       12.625622
       211.24376
       0.0000000       106.00000      0.44029784       499.00000       262168.00
       4.4063139      0.21877915      0.54164964      0.55172414      0.53969687
       149.82912       31.816778     -0.30850846       126.96799       12.719653
       218.67108
       1.0000000       106.00000      0.44029784      -1.0000000       1.0000000
       0.0000000       0.0000000      -1.0000000      -1.0000000      -1.0000000
      -1.0000000      -1.0000000      -1.0000000      -1.0000000      -1.0000000
      -1.0000000
       0.0000000       105.00000      0.46091780       509.00000       259106.00
       4.3856955      0.20723251      0.54366696      0.51612902      0.54782456
       151.28780       35.909477       4.0163565       124.72195       12.419365
       220.39314
       0.0000000       104.00000      0.48183295       521.00000       256848.00
       4.3879833      0.21060027      0.54533279      0.56666672      0.55897886
       153.98357       35.294510       5.8705120       123.23003       12.502563
       220.20015
       1.0000000       104.00000      0.48183295      -1.0000000       1.0000000
       0.0000000       0.0000000      -1.0000000      -1.0000000      -1.0000000
      -1.0000000      -1.0000000      -1.0000000      -1.0000000      -1.0000000
      -1.0000000
       0.0000000       103.00000      0.50304753       522.00000       252223.00
       4.3970542      0.22404031      0.54223114      0.55172414      0.56874686
       156.45731       38.181850       7.6164007       122.19251       12.484865
       218.46422
       1.0000000       103.00000      0.50304753      -1.0000000       1.0000000
       0.0000000       0.0000000      -1.0000000      -1.0000000      -1.0000000
      -1.0000000      -1.0000000      -1.0000000      -1.0000000      -1.0000000
      -1.0000000
       0.0000000       102.00000      0.52456582       519.00000       249258.00
       4.3904786      0.23053420      0.54395914      0.50000000      0.55144560
       157.39824       40.237225       11.177113       122.40013       12.463968
       218.56900
       0.0000000       101.00000      0.54639220       531.00000       247361.00
       4.3886051      0.25176033      0.54503447      0.51612902      0.54319209
       159.38464       40.266941       14.248888       122.90573       12.398017
       213.60590
       0.0000000       100.00000      0.57598084       544.00000       244913.00
       4.3868666      0.31084138      0.54689348      0.51724136      0.58566964
       163.23138       37.296387       15.294262       124.09565       12.407518
       209.82454
       1.0000000       100.00000      0.57598084      -1.0000000       1.0000000
    0.0010411945       0.0000000      -1.0000000      -1.0000000      -1.0000000
      -1.0000000      -1.0000000      -1.0000000      -1.0000000      -1.0000000
      -1.0000000
       0.0000000       99.000000      0.59854329       548.00000       240196.00
       4.4143324      0.37320504      0.54437965      0.56666672      0.53982395
       166.20731       36.422215       18.112766       125.53327       12.664415
       200.47552
       0.0000000       98.000000      0.62142873       549.00000       236456.00
       4.4199772      0.48813653      0.54708588      0.51724136      0.53623122
       167.51126       35.217266       29.083231       126.43254       12.729595
       204.05949
       0.0000000       97.000000      0.64464182       533.00000       232180.00
       4.4021721      0.60953909      0.54110390      0.55172414      0.54999638
       170.57108       17.850666       33.453102       126.74295       12.871128
       198.65057
       0.0000000       96.000000      0.67611039       525.00000       227389.00
       4.3687019      0.48387259      0.54557055      0.51724136      0.56117654
       175.53928       15.688778       23.521217       126.84006       12.488080
       194.51653
       1.0000000       96.000000      0.67611039      -1.0000000       1.0000000
    0.0036065083     0.014706521      -1.0000000      -1.0000000      -1.0000000
      -1.0000000      -1.0000000      -1.0000000      -1.0000000      -1.0000000
      -1.0000000
       0.0000000       95.000000      0.70010638       528.00000       224226.00
       4.3398757      0.49214289      0.54516685      0.56666672      0.54972637
       177.87714       20.360357       17.825153       127.16484       12.343913
       200.79282
       1.0000000       95.000000      0.70010638      -1.0000000       2.0000000
   0.00032834889       0.0000000      -1.0000000      -1.0000000      -1.0000000
      -1.0000000      -1.0000000      -1.0000000      -1.0000000      -1.0000000
      -1.0000000
       0.0000000       94.000000      0.73263615       535.00000       220304.00
       4.3543901      0.36799431      0.54059154      0.53125000      0.56503832
       177.87386       21.114138       17.508181       128.95866       12.414713
       201.81078
       0.0000000       93.000000      0.75744140       650.00000       228997.00
       4.3522592      0.37897003      0.54244810      0.51612902      0.54247427
       181.59297       17.701324       20.266197       130.32207       12.401334
       195.63860
       0.0000000       92.000000      0.79106826       634.00000       222072.00
       4.3607998      0.46874961      0.54540217      0.51612902      0.55046147
       186.23828       19.667124       8.3188391       131.32387       12.411100
       199.77209
       1.0000000       92.000000      0.79106826      -1.0000000       3.0000000
    0.0090863330     0.090052400      -1.0000000      -1.0000000      -1.0000000
      -1.0000000      -1.0000000      -1.0000000      -1.0000000      -1.0000000
      -1.0000000
       0.0000000       91.000000      0.81671000       661.00000       221435.00
       4.3281240      0.49779984      0.54246777      0.51612902      0.54079491
       184.87897       27.928028      -7.4265099       131.75122       12.282667
       197.46315
       1.0000000       91.000000      0.81671000      -1.0000000       1.0000000
   0.00073968619       0.0000000      -1.0000000      -1.0000000      -1.0000000
      -1.0000000      -1.0000000      -1.0000000      -1.0000000      -1.0000000
      -1.0000000
       0.0000000       90.000000      0.85147089       679.00000       218481.00
       4.3314748      0.56007248      0.54344517      0.53125000      0.55853909
       189.89447       31.435514      -7.2175198       133.77458       12.604259
       193.33530
       1.0000000       90.000000      0.85147089      -1.0000000       1.0000000
       0.0000000       0.0000000      -1.0000000      -1.0000000      -1.0000000
      -1.0000000      -1.0000000      -1.0000000      -1.0000000      -1.0000000
      -1.0000000
       0.0000000       89.000000      0.88689691       669.00000       214084.00
       4.3207951      0.66903991      0.54023194      0.53125000      0.57021546
       189.61877       30.341738      -25.185658       137.10606       12.661585
       192.70299
       1.0000000       89.000000      0.88689691      -1.0000000       1.0000000
       0.0000000       0.0000000      -1.0000000      -1.0000000      -1.0000000
      -1.0000000      -1.0000000      -1.0000000      -1.0000000      -1.0000000
      -1.0000000
       0.0000000       88.000000      0.92300081       880.00000       227386.00
       4.3149447      0.63215923      0.54100388      0.51612902      0.54895860
       189.38036       48.488602      -6.4551954       137.13661       12.700614
       187.16444
       0.0000000       87.000000      0.95053136       883.00000       224510.00
       4.3112993      0.70273519      0.53941065      0.53125000      0.52398407
       192.51160       42.633419       9.6887951       137.98015       12.739212
       180.02965
       0.0000000       86.000000      0.98785281       882.00000       219386.00
       4.2871728      0.66556346      0.54073322      0.51612902      0.54992288
       196.79605       22.674938       9.0909748       139.29614       12.631317
       166.59261
       1.0000000       86.000000      0.98785281      -1.0000000       1.0000000
   0.00076370372       0.0000000      -1.0000000      -1.0000000      -1.0000000
      -1.0000000      -1.0000000      -1.0000000      -1.0000000      -1.0000000
      -1.0000000
       0.0000000       85.000000      0.99729425       873.00000       217118.00
       4.2381048      0.65765405      0.54023862      0.51612902      0.53936702
       197.08197       22.810469       2.6013520       139.87595       12.380768
       163.65536
       1.0000000       85.000000      0.99729425      -1.0000000       2.0000000
    0.0016176151       0.0000000      -1.0000000      -1.0000000      -1.0000000
      -1.0000000      -1.0000000      -1.0000000      -1.0000000      -1.0000000
      -1.0000000
       0.0000000       84.000000       1.0355104       854.00000       210870.00
       4.2838531      0.42846927      0.54191506      0.53125000      0.55642295
       198.52333       45.362862      -2.2507668       144.73816       12.455791
       152.27423
       1.0000000       84.000000       1.0355104      -1.0000000       1.0000000
    0.0010320921       0.0000000      -1.0000000      -1.0000000      -1.0000000
      -1.0000000      -1.0000000      -1.0000000      -1.0000000      -1.0000000
      -1.0000000
       0.0000000       83.000000       1.0744579       830.00000       203496.00
       4.4070292      0.22168276      0.54280955      0.51612902      0.52736950
       209.22171       36.437225      -4.6634607       152.25438       13.293429
       149.06259
       0.0000000       82.000000       1.1141505       766.00000       192418.00
       4.3289118      0.84865922      0.54426968      0.53571427      0.56581974
       206.90167       42.519955      -27.204603       146.73181       13.139943
       160.51944
       1.0000000       82.000000       1.1141505      -1.0000000       2.0000000
      0.12683551       0.0000000      -1.0000000      -1.0000000      -1.0000000
      -1.0000000      -1.0000000      -1.0000000      -1.0000000      -1.0000000
      -1.0000000
       0.0000000       81.000000       1.1546028       764.00000       188540.00
       4.2447581      0.85275596      0.54141790      0.50000000      0.54752988
       192.95628       72.357430      -45.176666       144.15092       12.625627
       168.21745
       1.0000000       81.000000       1.1546028      -1.0000000       2.0000000
    0.0030521550     0.073056524      -1.0000000      -1.0000000      -1.0000000
      -1.0000000      -1.0000000      -1.0000000      -1.0000000      -1.0000000
      -1.0000000
       0.0000000       80.000000       1.2062581       756.00000       180857.00
       4.1198912      0.89404166      0.54477906      0.53333330      0.54789418
       162.34782       130.93692      -36.324314       144.42616       11.928022
       163.30322
       1.0000000       80.000000       1.2062581      -1.0000000       3.0000000
    0.0038987380      0.10740161      -1.0000000      -1.0000000      -1.0000000
      -1.0000000      -1.0000000      -1.0000000      -1.0000000      -1.0000000
      -1.0000000
       0.0000000       79.000000       1.2484726       878.00000       186233.00
       4.0509458      0.93775284      0.54209894      0.51724136      0.55840176
       133.02306       165.02138      -3.7451546       144.70268       11.539927
       161.11522
       0.0000000       78.000000       1.3023784       934.00000       184313.00
       4.0399218       1.0664136      0.52888316      0.58064520      0.53411984
       108.41316       176.53960       32.106964       144.13226       11.754994
       168.26123
       1.0000000       78.000000       1.3023784      -1.0000000       2.0000000
   0.00046112333       0.0000000      -1.0000000      -1.0000000      -1.0000000
      -1.0000000      -1.0000000      -1.0000000      -1.0000000      -1.0000000
      -1.0000000
       0.0000000       77.000000       1.3575766       925.00000       177458.00
       3.9231687      0.93784988      0.52913320      0.56666672      0.54373854
       76.033684       191.40697       27.787264       143.35281       11.028454
       167.98515
       0.0000000       76.000000       1.4140983       898.00000       169651.00
       3.8415964      0.83304101      0.52306771      0.51612902      0.52124816
       27.700500       202.27716       45.694778       149.04286       10.621932
       155.34422
       0.0000000       75.000000       1.4719748       922.00000       164970.00
       3.8605850       1.0171663      0.53718084      0.56666672      0.55480725
       59.116508       200.14847       96.825401       160.83664       11.471451
       130.49123
       1.0000000       75.000000       1.4719748      -1.0000000       3.0000000
   0.00092475433     0.020970987      -1.0000000      -1.0000000      -1.0000000
      -1.0000000      -1.0000000      -1.0000000      -1.0000000      -1.0000000
      -1.0000000
       0.0000000       74.000000       1.5312390       761.00000       149507.00
       3.9522746       1.2382385      0.50469559      0.56250006      0.53357798
       112.16319       190.98561       73.210983       168.82002       12.885990
       122.79242
       1.0000000       74.000000       1.5312390      -1.0000000       2.0000000
     0.069570132      0.33021685      -1.0000000      -1.0000000      -1.0000000
      -1.0000000      -1.0000000      -1.0000000      -1.0000000      -1.0000000
      -1.0000000
       0.0000000       73.000000       1.6042346       838.00000       147647.00
       3.5378201       2.2871187      0.48106813      0.66666663      0.53780037
       70.239906       172.30527       51.097172       157.20155       11.984630
       125.65621
       1.0000000       73.000000       1.6042346      -1.0000000       7.0000000
    0.0099216434      0.12511482      -1.0000000      -1.0000000      -1.0000000
      -1.0000000      -1.0000000      -1.0000000      -1.0000000      -1.0000000
      -1.0000000
       0.0000000       72.000000       1.6666696       874.00000       144779.00
       3.3074982       2.0013375      0.47021040      0.69230771      0.55896783
       56.316971       168.30867       31.673939       161.34850       11.685593
       111.19746
       1.0000000       72.000000       1.6666696      -1.0000000       5.0000000
    0.0026179257     0.058836646      -1.0000000      -1.0000000      -1.0000000
      -1.0000000      -1.0000000      -1.0000000      -1.0000000      -1.0000000
      -1.0000000
       0.0000000       71.000000       1.7435706       884.00000       138638.00
       3.0365431       1.5971724      0.49527320      0.62068963      0.54683268
      -15.585625       167.75259       30.754824       149.93210       10.014327
       118.12116
       1.0000000       71.000000       1.7435706      -1.0000000       3.0000000
   0.00054675044       0.0000000      -1.0000000      -1.0000000      -1.0000000
      -1.0000000      -1.0000000      -1.0000000      -1.0000000      -1.0000000
      -1.0000000
       0.0000000       70.000000       1.8226893       907.00000       133665.00
       2.8289917       1.4920608      0.48029867      0.63888896      0.53608477
      -29.811256       148.70705       23.217913       142.81566       9.1953793
       116.89201
       1.0000000       70.000000       1.8226893      -1.0000000       1.0000000
       0.0000000       0.0000000      -1.0000000      -1.0000000      -1.0000000
      -1.0000000      -1.0000000      -1.0000000      -1.0000000      -1.0000000
      -1.0000000
       0.0000000       69.000000       1.9040896       911.00000       128113.00
       2.6260951       1.4601538      0.45885721      0.53125000      0.48473102
      -65.509079       114.12180       20.921844       140.20650       8.7404385
       111.24193
       0.0000000       68.000000       2.0020282       1163.0000       133120.00
       2.3098519       1.4387450      0.41477874      0.37037033      0.33904189
      -18.611641       84.290787       16.071711       140.22884       7.7961740
       102.64525
       1.0000000       68.000000       2.0020282      -1.0000000       1.0000000
       0.0000000       0.0000000      -1.0000000      -1.0000000      -1.0000000
      -1.0000000      -1.0000000      -1.0000000      -1.0000000      -1.0000000
      -1.0000000
       0.0000000       67.000000       2.1032696       1144.0000       124604.00
       1.9420197      0.91684109      0.41789368      0.35483867      0.34103650
      -26.934175       55.982880      -43.129597       141.74863       6.0681996
       99.174675
       1.0000000       67.000000       2.1032696      -1.0000000       3.0000000
     0.068539917      0.32626995      -1.0000000      -1.0000000      -1.0000000
      -1.0000000      -1.0000000      -1.0000000      -1.0000000      -1.0000000
      -1.0000000
       0.0000000       66.000000       2.2079256       1199.0000       119392.00
       1.7481397      0.66308004      0.42205641      0.26666665      0.31806400
      -78.533554       2.9115477      -3.6424766       137.41417       4.6888943
       109.14130
       1.0000000       66.000000       2.2079256      -1.0000000       2.0000000
     0.034690632      0.16313498      -1.0000000      -1.0000000      -1.0000000
      -1.0000000      -1.0000000      -1.0000000      -1.0000000      -1.0000000
      -1.0000000
       0.0000000       65.000000       2.3161108       1112.0000       107568.00
       1.6347058      0.48128995      0.42026627      0.29032254      0.29077321
      -71.623680       17.638248       7.8951440       133.39238       3.9041429
       118.61486
       1.0000000       65.000000       2.3161108      -1.0000000       3.0000000
     0.022050702      0.13163789      -1.0000000      -1.0000000      -1.0000000
      -1.0000000      -1.0000000      -1.0000000      -1.0000000      -1.0000000
      -1.0000000
       0.0000000       64.000000       2.4442258       1042.0000       96809.000
       1.5010937      0.82446355      0.40546268      0.28125006      0.29979393
      -63.050243      -6.3315516       20.890276       140.94905       3.7708654
       112.26290
       1.0000000       64.000000       2.4442258      -1.0000000       1.0000000
       0.0000000       0.0000000      -1.0000000      -1.0000000      -1.0000000
      -1.0000000      -1.0000000      -1.0000000      -1.0000000      -1.0000000
      -1.0000000
       0.0000000       63.000000       2.5772903       958.00000       85578.000
       1.2817023       1.0830380      0.38746613      0.37500006      0.18435159
      -58.642113      -35.207565       13.195706       148.24188       4.3076043
       112.21865
       0.0000000       62.000000       2.7331426      -1.0000000       75792.000
       1.0571896      0.93930292      -1.0000000      -1.0000000      -1.0000000
      -1.0000000      -1.0000000      -1.0000000       139.50377       4.6563210
       129.15565
       0.0000000       61.000000       2.8957851      -1.0000000       68984.000
      0.90186602      0.91892868      -1.0000000      -1.0000000      -1.0000000
      -1.0000000      -1.0000000      -1.0000000       146.24591       4.6134753
       113.93655
       1.0000000       61.000000       2.8957851      -1.0000000       4.0000000
       0.0000000       0.0000000      -1.0000000      -1.0000000      -1.0000000
      -1.0000000      -1.0000000      -1.0000000      -1.0000000      -1.0000000
      -1.0000000
       0.0000000       60.000000       3.0081310      -1.0000000       62761.000
      0.86158371       2.6620846      -1.0000000      -1.0000000      -1.0000000
      -1.0000000      -1.0000000      -1.0000000       156.65955       16.738308
       95.365723
       1.0000000       60.000000       3.0081310      -1.0000000       2.0000000
     0.068086788     0.046219524      -1.0000000      -1.0000000      -1.0000000
      -1.0000000      -1.0000000      -1.0000000      -1.0000000      -1.0000000
      -1.0000000
       0.0000000       59.000000       3.0848227      -1.0000000       59263.000
      0.78795481       2.3896925      -1.0000000      -1.0000000      -1.0000000
      -1.0000000      -1.0000000      -1.0000000       166.57684       10.561851
       89.837364
       1.0000000       59.000000       3.0848227      -1.0000000       1.0000000
       0.0000000       0.0000000      -1.0000000      -1.0000000      -1.0000000
      -1.0000000      -1.0000000      -1.0000000      -1.0000000      -1.0000000
      -1.0000000
       0.0000000       58.000000       3.2830331      -1.0000000       55264.000
      0.19115369      0.44716632      -1.0000000      -1.0000000      -1.0000000
      -1.0000000      -1.0000000      -1.0000000       91.542953       1.7522081
       20.697620
       1.0000000       58.000000       3.2830331      -1.0000000       4.0000000
   0.00043084010     0.012059236      -1.0000000      -1.0000000      -1.0000000
      -1.0000000      -1.0000000      -1.0000000      -1.0000000      -1.0000000
      -1.0000000
       0.0000000       57.000000       3.4908614      -1.0000000       49195.000
      0.16371880      0.31175211      -1.0000000      -1.0000000      -1.0000000
      -1.0000000      -1.0000000      -1.0000000       82.928261       1.7377273
       33.361988
