       0.0000000       135.00000       0.0000000       20.000000       132714.00
       1.7304082      0.75996709      0.44305003      0.36363643      0.33526698
      -11.796300       76.222931       3.6603203       75.943375       7.5353293
       24.286798
       0.0000000       134.00000    0.0095216669       20.000000       131821.00
       1.7221055      0.81638622      0.44107980      0.38235301      0.33452094
      -13.766990       76.633904      0.38300169       75.521690       7.4613218
       25.165815
       0.0000000       133.00000     0.023974428       20.000000       130342.00
       1.7252101      0.81145614      0.45191106      0.36363643      0.32170263
      -17.728659       77.303825      -5.8326955       75.677010       7.6323466
       25.342632
       0.0000000       132.00000     0.033724371       20.000000       129461.00
       1.6936220      0.69632840      0.45565331      0.31250006      0.31959018
      -22.884493       76.592819      -5.7110190       75.587288       7.3202939
       25.947086
       0.0000000       131.00000     0.048523631       20.000000       125168.00
       1.7057358      0.68292636      0.45213598      0.29032254      0.33198404
      -30.530300       76.873497      -4.4595957       75.380096       7.3590846
       26.140224
       0.0000000       130.00000     0.058507323       20.000000       124383.00
       1.6993482      0.62927890      0.44484687      0.32258064      0.32754466
      -34.043655       76.133484      -4.7197666       75.529976       7.3641820
       26.198025
       0.0000000       129.00000     0.073661387       21.000000       125069.00
       1.7185061      0.62497127      0.45058674      0.38235301      0.33314568
      -41.118389       72.701447      -6.1458855       76.244354       7.3558593
       25.833376
       0.0000000       128.00000     0.083884433       23.000000       129587.00
       1.6900438      0.62181473      0.44888484      0.35294116      0.33547822
      -44.282909       73.020805      -9.1104059       76.491745       7.1927233
       25.845964
       0.0000000       127.00000     0.099401802       21.000000       123130.00
       1.6889293      0.63609225      0.44615591      0.29032254      0.31381184
      -49.085663       68.495361      -9.0757837       75.439911       7.3079681
       27.026922
       0.0000000       126.00000      0.10986994       21.000000       122491.00
       1.6967460      0.66751391      0.44306117      0.36363643      0.31733009
      -53.650410       66.275864      -9.2284918       75.082825       7.3221550
       28.025286
       0.0000000       125.00000      0.12575933       22.000000       121229.00
       1.6866931      0.65628517      0.43775040      0.38235301      0.33801103
      -62.348083       62.367897      -8.6450138       74.679047       7.4593177
       28.633001
       0.0000000       124.00000      0.14187621       55.000000       174238.00
       1.6678737      0.66648078      0.44032297      0.31250006      0.36542818
      -70.190071       59.095745      -11.361653       75.709099       7.1951680
       28.437403
       0.0000000       123.00000      0.15274876       58.000000       175920.00
       1.7031813      0.72666520      0.44293940      0.28125006      0.34810185
      -72.847847       57.047306      -13.495827       75.971916       7.5486836
       29.352962
       0.0000000       122.00000      0.16925204       57.000000       172768.00
       1.6430600      0.72610152      0.43627366      0.28125006      0.35254830
      -74.210243       55.971348      -18.579851       76.489304       7.2650442
       30.160233
       0.0000000       121.00000      0.18038526       56.000000       169015.00
       1.6889464      0.69830710      0.44199494      0.40000004      0.36545533
      -73.070282       55.719723      -21.626072       76.159592       7.6332221
       31.500286
       0.0000000       120.00000      0.19728418       56.000000       166033.00
       1.6711749      0.74721187      0.44644997      0.32258064      0.34443033
      -74.742386       55.965183      -30.264744       79.154037       7.4983902
       30.935398
       0.0000000       119.00000      0.21442504       56.000000       162929.00
       1.6544039      0.76104373      0.45084298      0.27272731      0.36915734
      -75.353165       54.218277      -35.941673       81.882584       7.4797878
       28.566994
       0.0000000       118.00000      0.22598839       58.000000       165385.00
       1.6740597      0.74652839      0.45058557      0.32352942      0.37400550
      -78.259300       51.465782      -40.700310       83.719147       7.7360616
       27.726883
       0.0000000       117.00000      0.24354018       63.000000       167124.00
       1.6569502      0.66530007      0.44460124      0.36363643      0.34794390
      -81.632759       45.153900      -46.709404       85.847038       7.5951343
       27.422466
       0.0000000       116.00000      0.26134327       63.000000       163552.00
       1.6524466      0.65163457      0.43911186      0.28125006      0.33900988
      -80.778145       37.600914      -49.521809       86.747002       7.5306215
       24.409885
       0.0000000       115.00000      0.27335334       64.000000       163687.00
       1.6347033      0.66156423      0.43541268      0.37142855      0.36683604
      -83.034843       33.252022      -51.807194       86.568298       7.3330464
       21.859018
       0.0000000       114.00000      0.29158324       62.000000       158067.00
       1.6606069      0.67665780      0.43980891      0.35294116      0.35371360
      -89.070160       26.081553      -53.313686       86.170166       7.4855180
       23.385153
       0.0000000       113.00000      0.31007412       61.000000       153369.00
       1.6401446      0.74024153      0.43099207      0.40000004      0.36926112
      -91.271675       22.839491      -51.569672       85.955215       7.4678898
       20.906218
       0.0000000       112.00000      0.32882974       58.000000       144005.00
       1.6368583      0.61372894      0.43691841      0.41666669      0.39889315
      -95.667068       17.599663      -56.057190       87.191772       7.6199136
       26.340200
       0.0000000       111.00000      0.34785384       58.000000       141785.00
       1.6534305      0.71496278      0.43378720      0.40000004      0.36862144
      -94.236740       12.114368      -63.526409       86.320084       7.8823886
       37.168671
       0.0000000       110.00000      0.36068764       56.000000       139686.00
       1.6548190      0.66779208      0.42742905      0.40000004      0.36951593
      -87.095497       6.2356086      -65.461349       86.448875       7.8215752
       39.975071
       0.0000000       109.00000      0.38016787       56.000000       136382.00
       1.6130881      0.55400681      0.42636174      0.38235301      0.36531711
      -84.188744       5.4289532      -72.819649       86.742348       7.8558207
       42.596657
       1.0000000       109.00000      0.38016787      -1.0000000       1.0000000
    0.0013834778     0.024214873      -1.0000000      -1.0000000      -1.0000000
      -1.0000000      -1.0000000      -1.0000000      -1.0000000      -1.0000000
      -1.0000000
       0.0000000       108.00000      0.39992696       58.000000       134392.00
       1.6844727      0.66083795      0.45283732      0.42857140      0.36011362
      -84.302353       4.2718911      -83.779526       89.934029       8.4899597
       43.746754
       0.0000000       107.00000      0.41996893       59.000000       132634.00
       1.6262522       1.4216568      0.46164328      0.39393944      0.39537573
      -85.307571      -5.4278350      -94.636360       88.070763       8.4904985
       43.129318
       0.0000000       106.00000      0.44029784       59.000000       131047.00
       1.6040576       1.3128095      0.44702044      0.42857140      0.37017453
      -80.198143      -28.581106      -82.695557       86.833992       8.4220781
       44.574150
       0.0000000       105.00000      0.46091780       59.000000       127513.00
       1.5607183       1.3209594      0.44804752      0.37500006      0.38094014
      -85.464264      -51.017380      -64.912804       85.581497       8.5371761
       45.741005
       0.0000000       104.00000      0.48183295       60.000000       126311.00
       1.5380772       1.0940914      0.44107395      0.32258064      0.36665493
      -91.619789      -51.391918      -51.531456       89.346222       8.2475615
       39.431576
       0.0000000       103.00000      0.50304753      -1.0000000       123605.00
       1.5030403       1.1288543      -1.0000000      -1.0000000      -1.0000000
      -1.0000000      -1.0000000      -1.0000000       87.155220       8.2328501
       49.784981
       0.0000000       102.00000      0.52456582      -1.0000000       121809.00
       1.5163063       1.1996000      -1.0000000      -1.0000000      -1.0000000
      -1.0000000      -1.0000000      -1.0000000       85.532127       8.6393595
       60.366226
       0.0000000       101.00000      0.54639220      -1.0000000       120851.00
       1.4825947       1.4007819      -1.0000000      -1.0000000      -1.0000000
      -1.0000000      -1.0000000      -1.0000000       87.324486       8.8600330
       60.190376
       0.0000000       100.00000      0.57598084      -1.0000000       115797.00
       1.4529644       1.7861962      -1.0000000      -1.0000000      -1.0000000
      -1.0000000      -1.0000000      -1.0000000       89.029434       9.4863377
       57.325222
       0.0000000       99.000000      0.59854329      -1.0000000       116379.00
       1.3935444       2.0574055      -1.0000000      -1.0000000      -1.0000000
      -1.0000000      -1.0000000      -1.0000000       91.382797       9.5503130
       55.828945
       0.0000000       98.000000      0.62142873      -1.0000000       111803.00
       1.3510123       1.9968418      -1.0000000      -1.0000000      -1.0000000
      -1.0000000      -1.0000000      -1.0000000       91.516571       9.8924961
       53.140270
       0.0000000       97.000000      0.64464182      -1.0000000       109213.00
       1.3387921       1.6229966      -1.0000000      -1.0000000      -1.0000000
      -1.0000000      -1.0000000      -1.0000000       91.064354       9.5521488
       51.964252
       0.0000000       96.000000      0.67611039      -1.0000000       104198.00
       1.3033354       1.6384406      -1.0000000      -1.0000000      -1.0000000
      -1.0000000      -1.0000000      -1.0000000       89.229790       9.5728426
       58.510105
       0.0000000       95.000000      0.70010638      -1.0000000       345447.00
       1.2651663       1.8508884      -1.0000000      -1.0000000      -1.0000000
      -1.0000000      -1.0000000      -1.0000000       88.839134       9.2529917
       65.134560
       0.0000000       94.000000      0.73263615      -1.0000000       343651.00
       1.2082269       2.1726046      -1.0000000      -1.0000000      -1.0000000
      -1.0000000      -1.0000000      -1.0000000       87.838959       9.5277891
       69.240952
       0.0000000       93.000000      0.75744140      -1.0000000       340468.00
       1.1855220       1.8433559      -1.0000000      -1.0000000      -1.0000000
      -1.0000000      -1.0000000      -1.0000000       86.594292       9.1526623
       71.759407
       1.0000000       93.000000      0.75744140      -1.0000000       2.0000000
       0.0000000       0.0000000      -1.0000000      -1.0000000      -1.0000000
      -1.0000000      -1.0000000      -1.0000000      -1.0000000      -1.0000000
      -1.0000000
       0.0000000       92.000000      0.79106826      -1.0000000       335990.00
       1.1279787       1.3735675      -1.0000000      -1.0000000      -1.0000000
      -1.0000000      -1.0000000      -1.0000000       85.392342       8.2620907
       74.153801
       0.0000000       91.000000      0.81671000      -1.0000000       335265.00
       1.1448780       1.3306350      -1.0000000      -1.0000000      -1.0000000
      -1.0000000      -1.0000000      -1.0000000       86.345055       8.6212139
       75.473885
       1.0000000       91.000000      0.81671000      -1.0000000       1.0000000
   0.00021475155       0.0000000      -1.0000000      -1.0000000      -1.0000000
      -1.0000000      -1.0000000      -1.0000000      -1.0000000      -1.0000000
      -1.0000000
       0.0000000       90.000000      0.85147089      -1.0000000       331938.00
       1.1240621       1.6152542      -1.0000000      -1.0000000      -1.0000000
      -1.0000000      -1.0000000      -1.0000000       87.018707       8.8480654
       74.355850
       0.0000000       89.000000      0.88689691      -1.0000000       328859.00
       1.0864183       1.2014586      -1.0000000      -1.0000000      -1.0000000
      -1.0000000      -1.0000000      -1.0000000       87.473137       8.2795134
       73.749611
       0.0000000       88.000000      0.92300081      -1.0000000       324635.00
       1.0633223       1.0469373      -1.0000000      -1.0000000      -1.0000000
      -1.0000000      -1.0000000      -1.0000000       88.998123       8.0505428
       71.179665
       0.0000000       87.000000      0.95053136      -1.0000000       333341.00
       1.0673916       1.2901659      -1.0000000      -1.0000000      -1.0000000
      -1.0000000      -1.0000000      -1.0000000       92.341873       8.3009701
       66.527588
       0.0000000       86.000000      0.98785281      -1.0000000       325110.00
      0.99230838       1.7064418      -1.0000000      -1.0000000      -1.0000000
      -1.0000000      -1.0000000      -1.0000000       94.548538       8.0653639
       63.996769
       0.0000000       85.000000      0.99729425      -1.0000000       323953.00
      0.97996736       1.8513520      -1.0000000      -1.0000000      -1.0000000
      -1.0000000      -1.0000000      -1.0000000       93.526573       8.4722395
       64.271637
       0.0000000       84.000000       1.0355104      -1.0000000       316951.00
      0.92000699       1.5285108      -1.0000000      -1.0000000      -1.0000000
      -1.0000000      -1.0000000      -1.0000000       89.414223       7.7794294
       69.979630
       0.0000000       83.000000       1.0744579      -1.0000000       311505.00
      0.88078040       1.2344697      -1.0000000      -1.0000000      -1.0000000
      -1.0000000      -1.0000000      -1.0000000       87.216759       7.1123562
       74.342529
       1.0000000       83.000000       1.0744579      -1.0000000       2.0000000
    0.0037176327     0.094240397      -1.0000000      -1.0000000      -1.0000000
      -1.0000000      -1.0000000      -1.0000000      -1.0000000      -1.0000000
      -1.0000000
       0.0000000       82.000000       1.1141505      -1.0000000       307092.00
      0.85257459       1.0778935      -1.0000000      -1.0000000      -1.0000000
      -1.0000000      -1.0000000      -1.0000000       86.512581       7.0728669
       76.836601
       0.0000000       81.000000       1.1546028      -1.0000000       302768.00
      0.83372641       1.1270667      -1.0000000      -1.0000000      -1.0000000
      -1.0000000      -1.0000000      -1.0000000       87.505974       7.0512033
       77.419067
       0.0000000       80.000000       1.2062581      -1.0000000       295874.00
      0.79368395       1.0130076      -1.0000000      -1.0000000      -1.0000000
      -1.0000000      -1.0000000      -1.0000000       89.068718       7.0373783
       75.030243
       1.0000000       80.000000       1.2062581      -1.0000000       2.0000000
    0.0019473319     0.087256415      -1.0000000      -1.0000000      -1.0000000
      -1.0000000      -1.0000000      -1.0000000      -1.0000000      -1.0000000
      -1.0000000
       0.0000000       79.000000       1.2484726      -1.0000000       291282.00
      0.76960891       1.1811379      -1.0000000      -1.0000000      -1.0000000
      -1.0000000      -1.0000000      -1.0000000       90.184807       6.9221430
       74.214920
       0.0000000       78.000000       1.3023784      -1.0000000       284855.00
      0.72571409       1.3316147      -1.0000000      -1.0000000      -1.0000000
      -1.0000000      -1.0000000      -1.0000000       90.687141       6.7437429
       75.481621
       0.0000000       77.000000       1.3575766      -1.0000000       279504.00
      0.67651647       1.2563678      -1.0000000      -1.0000000      -1.0000000
      -1.0000000      -1.0000000      -1.0000000       88.280762       6.9054809
       80.965950
       0.0000000       76.000000       1.4140983      -1.0000000       269396.00
      0.63444567      0.99923217      -1.0000000      -1.0000000      -1.0000000
      -1.0000000      -1.0000000      -1.0000000       86.378471       6.1948090
       90.201691
       0.0000000       75.000000       1.4719748      -1.0000000       261421.00
      0.62751108      0.89199334      -1.0000000      -1.0000000      -1.0000000
      -1.0000000      -1.0000000      -1.0000000       86.400970       6.1651664
       91.222809
       1.0000000       75.000000       1.4719748      -1.0000000       1.0000000
       0.0000000       0.0000000      -1.0000000      -1.0000000      -1.0000000
      -1.0000000      -1.0000000      -1.0000000      -1.0000000      -1.0000000
      -1.0000000
       0.0000000       74.000000       1.5312390      -1.0000000       254080.00
      0.60025436      0.99417561      -1.0000000      -1.0000000      -1.0000000
      -1.0000000      -1.0000000      -1.0000000       88.753410       5.8092074
       91.675842
       0.0000000       73.000000       1.6042346      -1.0000000       239350.00
      0.58736736      0.59509361      -1.0000000      -1.0000000      -1.0000000
      -1.0000000      -1.0000000      -1.0000000       91.860252       5.8324971
       88.874809
       1.0000000       73.000000       1.6042346      -1.0000000       3.0000000
    0.0010787421       0.0000000      -1.0000000      -1.0000000      -1.0000000
      -1.0000000      -1.0000000      -1.0000000      -1.0000000      -1.0000000
      -1.0000000
       0.0000000       72.000000       1.6666696      -1.0000000       236725.00
      0.55350679       1.2438322      -1.0000000      -1.0000000      -1.0000000
      -1.0000000      -1.0000000      -1.0000000       94.024643       5.9544959
       90.667702
       1.0000000       72.000000       1.6666696      -1.0000000       1.0000000
   0.00074473314     0.012304345      -1.0000000      -1.0000000      -1.0000000
      -1.0000000      -1.0000000      -1.0000000      -1.0000000      -1.0000000
      -1.0000000
       0.0000000       71.000000       1.7435706      -1.0000000       227775.00
      0.50755215      0.99212056      -1.0000000      -1.0000000      -1.0000000
      -1.0000000      -1.0000000      -1.0000000       93.762932       5.4238458
       95.565353
       1.0000000       71.000000       1.7435706      -1.0000000       2.0000000
    0.0034123661    0.0069977357      -1.0000000      -1.0000000      -1.0000000
      -1.0000000      -1.0000000      -1.0000000      -1.0000000      -1.0000000
      -1.0000000
       0.0000000       70.000000       1.8226893      -1.0000000       219301.00
      0.44738066      0.99195343      -1.0000000      -1.0000000      -1.0000000
      -1.0000000      -1.0000000      -1.0000000       95.606163       4.9833469
       96.509064
       1.0000000       70.000000       1.8226893      -1.0000000       2.0000000
    0.0030303451     0.087423041      -1.0000000      -1.0000000      -1.0000000
      -1.0000000      -1.0000000      -1.0000000      -1.0000000      -1.0000000
      -1.0000000
       0.0000000       69.000000       1.9040896      -1.0000000       210343.00
      0.41181299       1.2005242      -1.0000000      -1.0000000      -1.0000000
      -1.0000000      -1.0000000      -1.0000000       100.38821       4.8970480
       90.718857
       0.0000000       68.000000       2.0020282      -1.0000000       200631.00
      0.35401604       1.3564023      -1.0000000      -1.0000000      -1.0000000
      -1.0000000      -1.0000000      -1.0000000       102.92115       6.0058756
       85.505745
       1.0000000       68.000000       2.0020282      -1.0000000       1.0000000
       0.0000000       0.0000000      -1.0000000      -1.0000000      -1.0000000
      -1.0000000      -1.0000000      -1.0000000      -1.0000000      -1.0000000
      -1.0000000
       0.0000000       67.000000       2.1032696      -1.0000000       190469.00
      0.30276066      0.82843089      -1.0000000      -1.0000000      -1.0000000
      -1.0000000      -1.0000000      -1.0000000       93.453354       4.4039254
       103.28234
       1.0000000       67.000000       2.1032696      -1.0000000       2.0000000
   0.00084394525     0.021206265      -1.0000000      -1.0000000      -1.0000000
      -1.0000000      -1.0000000      -1.0000000      -1.0000000      -1.0000000
      -1.0000000
       0.0000000       66.000000       2.2079256      -1.0000000       176948.00
      0.27177498      0.67965949      -1.0000000      -1.0000000      -1.0000000
      -1.0000000      -1.0000000      -1.0000000       90.227142       4.1439886
       103.17821
       1.0000000       66.000000       2.2079256      -1.0000000       1.0000000
       0.0000000       0.0000000      -1.0000000      -1.0000000      -1.0000000
      -1.0000000      -1.0000000      -1.0000000      -1.0000000      -1.0000000
      -1.0000000
       0.0000000       65.000000       2.3161108      -1.0000000       168963.00
      0.23581323      0.59158200      -1.0000000      -1.0000000      -1.0000000
      -1.0000000      -1.0000000      -1.0000000       90.944702       3.3278949
       97.283798
       1.0000000       65.000000       2.3161108      -1.0000000       2.0000000
       0.0000000       0.0000000      -1.0000000      -1.0000000      -1.0000000
      -1.0000000      -1.0000000      -1.0000000      -1.0000000      -1.0000000
      -1.0000000
       0.0000000       64.000000       2.4442258      -1.0000000       162959.00
      0.20370319      0.63778603      -1.0000000      -1.0000000      -1.0000000
      -1.0000000      -1.0000000      -1.0000000       94.068115       2.7225647
       86.836693
       1.0000000       64.000000       2.4442258      -1.0000000       1.0000000
   0.00017744198    0.0047148997      -1.0000000      -1.0000000      -1.0000000
      -1.0000000      -1.0000000      -1.0000000      -1.0000000      -1.0000000
      -1.0000000
       0.0000000       63.000000       2.5772903      -1.0000000       160988.00
      0.16071196      0.48263296      -1.0000000      -1.0000000      -1.0000000
      -1.0000000      -1.0000000      -1.0000000       91.318062       2.5187173
       81.644035
       1.0000000       63.000000       2.5772903      -1.0000000       1.0000000
       0.0000000       0.0000000      -1.0000000      -1.0000000      -1.0000000
      -1.0000000      -1.0000000      -1.0000000      -1.0000000      -1.0000000
      -1.0000000
       0.0000000       62.000000       2.7331426      -1.0000000       159220.00
      0.13943179      0.42393661      -1.0000000      -1.0000000      -1.0000000
      -1.0000000      -1.0000000      -1.0000000       83.945435       2.2790096
       93.666176
       1.0000000       62.000000       2.7331426      -1.0000000       3.0000000
       0.0000000       0.0000000      -1.0000000      -1.0000000      -1.0000000
      -1.0000000      -1.0000000      -1.0000000      -1.0000000      -1.0000000
      -1.0000000
       0.0000000       61.000000       2.8957851      -1.0000000       146642.00
      0.12595589      0.52300745      -1.0000000      -1.0000000      -1.0000000
      -1.0000000      -1.0000000      -1.0000000       83.340195       2.2812667
       87.885887
       1.0000000       61.000000       2.8957851      -1.0000000       2.0000000
       0.0000000       0.0000000      -1.0000000      -1.0000000      -1.0000000
      -1.0000000      -1.0000000      -1.0000000      -1.0000000      -1.0000000
      -1.0000000
       0.0000000       60.000000       3.0081310      -1.0000000       141639.00
      0.10707781      0.53362656      -1.0000000      -1.0000000      -1.0000000
      -1.0000000      -1.0000000      -1.0000000       85.375206       2.4132731
       79.894638
       1.0000000       60.000000       3.0081310      -1.0000000       1.0000000
   0.00046031221       0.0000000      -1.0000000      -1.0000000      -1.0000000
      -1.0000000      -1.0000000      -1.0000000      -1.0000000      -1.0000000
      -1.0000000
       0.0000000       59.000000       3.0848227      -1.0000000       136870.00
     0.093741313      0.53568631      -1.0000000      -1.0000000      -1.0000000
      -1.0000000      -1.0000000      -1.0000000       87.150749       2.0262222
       74.635330
       0.0000000       58.000000       3.2830331      -1.0000000       129129.00
     0.065614298      0.36441624      -1.0000000      -1.0000000      -1.0000000
      -1.0000000      -1.0000000      -1.0000000       83.699272       1.8086243
       74.324226
       1.0000000       58.000000       3.2830331      -1.0000000       3.0000000
       0.0000000       0.0000000      -1.0000000      -1.0000000      -1.0000000
      -1.0000000      -1.0000000      -1.0000000      -1.0000000      -1.0000000
      -1.0000000
       0.0000000       57.000000       3.4908614      -1.0000000       123576.00
     0.053109139      0.24272245      -1.0000000      -1.0000000      -1.0000000
      -1.0000000      -1.0000000      -1.0000000       76.284561       1.3499849
       80.761642
       1.0000000       57.000000       3.4908614      -1.0000000       4.0000000
   0.00067343307   0.00012851486      -1.0000000      -1.0000000      -1.0000000
      -1.0000000      -1.0000000      -1.0000000      -1.0000000      -1.0000000
      -1.0000000
