       0.0000000       135.00000       0.0000000       2.0000000       30463.000
       2.1440470      0.68465221      0.38071990      0.21875006      0.12851287
       6.4591641      -8.7738161       14.655191       66.186806       6.9019017
       33.066288
       0.0000000       134.00000    0.0095216669       2.0000000       30009.000
       2.1523204      0.66928840      0.37425488      0.19999999      0.13506162
       7.6286116      -9.7360010       15.364284       66.068527       7.0037818
       34.163708
       0.0000000       133.00000     0.023974428       2.0000000       29174.000
       2.1834888      0.71288568      0.37753335      0.25806451      0.11099799
       9.4778442      -9.1175442       13.691532       66.445953       7.1136193
       34.112282
       0.0000000       132.00000     0.033724371       2.0000000       28980.000
       2.1730459      0.76280534      0.36800981      0.22580642      0.12499067
       11.251183      -8.1790361       13.932451       67.282463       7.0579019
       34.801861
       0.0000000       131.00000     0.048523631       2.0000000       26111.000
       2.1533036      0.80381578      0.36729896      0.13793099      0.11773645
       12.639678      -7.6340933       13.310525       67.784851       7.2150712
       36.248314
       0.0000000       130.00000     0.058507323       2.0000000       25900.000
       2.1355455      0.68230140      0.36569986      0.10344827      0.11784346
       13.635681      -6.9965487       12.865247       66.721855       6.9581413
       35.564766
       0.0000000       129.00000     0.073661387       2.0000000       25574.000
       2.2066603      0.62874699      0.35448006      0.16666669      0.11839069
       15.234076      -5.0362525       12.361295       68.359161       7.2399063
       37.639801
       0.0000000       128.00000     0.083884433       2.0000000       25558.000
       2.1651788      0.67138046      0.35479638      0.16666669      0.11917774
       18.090260      -3.6392162       11.393454       67.884460       6.7964864
       33.616814
       0.0000000       127.00000     0.099401802       2.0000000       25617.000
       2.1402216      0.77465117      0.33724004      0.12500012      0.13226786
       20.599300      -3.5897672       7.3758607       68.557243       6.9875288
       32.823933
       0.0000000       126.00000      0.10986994       2.0000000       25531.000
       2.1791570      0.66487896      0.33493865     0.068965554      0.13349842
       23.929369      -3.5292604       7.1190896       71.125916       7.2266979
       29.348774
       0.0000000       125.00000      0.12575933       2.0000000       25558.000
       2.1802399      0.65692651      0.33798215      0.13793099      0.13324070
       26.381680      -4.9459386       4.8993983       73.722939       7.0851793
       28.648159
       0.0000000       124.00000      0.14187621       2.0000000       25370.000
       2.0888147      0.58726531      0.33633453      0.16666669      0.15680431
       26.388538      -5.0813828      -1.0159801       68.198647       6.2614956
       28.018753
       0.0000000       123.00000      0.15274876       2.0000000       25178.000
       2.0226517      0.39143699      0.34235120      0.10344827      0.12191939
       26.825167      -3.0749607      -6.0318971       71.938652       5.7176809
       18.178537
       1.0000000       123.00000      0.15274876      -1.0000000       1.0000000
     0.010865315      0.12759303      -1.0000000      -1.0000000      -1.0000000
      -1.0000000      -1.0000000      -1.0000000      -1.0000000      -1.0000000
      -1.0000000
       0.0000000       122.00000      0.16925204       2.0000000       24821.000
       2.1427906      0.44553918      0.34078881      0.13793099      0.12248825
       29.523645      -5.8954988      -4.6509323       70.390671       6.6221571
       26.996414
       0.0000000       121.00000      0.18038526       2.0000000       24607.000
       2.1433094      0.58076906      0.34562257      0.16666669      0.15152700
       26.533960      -4.1193056      -4.2307844       76.225433       6.6577024
       24.388893
       1.0000000       121.00000      0.18038526      -1.0000000       1.0000000
    0.0030822107      0.10979493      -1.0000000      -1.0000000      -1.0000000
      -1.0000000      -1.0000000      -1.0000000      -1.0000000      -1.0000000
      -1.0000000
       0.0000000       120.00000      0.19728418       2.0000000       24119.000
       2.1347830       1.0610111      0.32549340      0.19999999      0.12613787
       26.324762      -7.6474209      -6.2468953       78.893402       7.2402678
       32.020744
       0.0000000       119.00000      0.21442504       2.0000000       20427.000
       2.0663824      0.93100059      0.31972748      0.13793099      0.14134642
       23.516409      -13.137552     -0.73938209       80.148537       7.0618982
       27.310982
       0.0000000       118.00000      0.22598839       2.0000000       20268.000
       2.0444036      0.78512245      0.33692518      0.19999999      0.14704032
       24.550598      -14.345869       2.6722698       82.174217       6.8351712
       28.623247
       0.0000000       117.00000      0.24354018       2.0000000       19970.000
       2.0558624       1.0216825      0.32850984      0.30555558      0.14547935
       23.302803      -14.437554       2.2873068       85.475906       7.1960349
       23.862593
       0.0000000       116.00000      0.26134327       2.0000000       18391.000
       2.0269976       1.3040935      0.35243011      0.25000006      0.14985576
       33.987328      -17.417070       10.799990       85.676712       7.5740585
       30.183270
       1.0000000       116.00000      0.26134327      -1.0000000       1.0000000
    0.0014126995     0.035863023      -1.0000000      -1.0000000      -1.0000000
      -1.0000000      -1.0000000      -1.0000000      -1.0000000      -1.0000000
      -1.0000000
       0.0000000       115.00000      0.27335334       1.0000000       8432.0000
       1.9740168       1.3700638      0.34419230      0.23333335      0.14935628
       35.698792      -14.350158       10.916991       81.124245       7.6865840
       30.071739
       0.0000000       114.00000      0.29158324       2.0000000       17808.000
       2.0255740       1.2696260      0.35793960      0.28125006      0.19803789
       41.079273      -22.118862       17.008358       80.759087       8.1524515
       37.024055
       1.0000000       114.00000      0.29158324      -1.0000000       1.0000000
   0.00046533995     0.045968823      -1.0000000      -1.0000000      -1.0000000
      -1.0000000      -1.0000000      -1.0000000      -1.0000000      -1.0000000
      -1.0000000
       0.0000000       113.00000      0.31007412       1.0000000       8449.0000
       1.9102206       1.4975393      0.39238277      0.22580642      0.20265809
       61.702381      -13.984213       24.173466       79.945374       7.2942300
       36.845940
       0.0000000       112.00000      0.32882974       1.0000000       7813.0000
       1.8951839       1.4051199      0.40233025      0.29032254      0.20553584
       66.686920      -29.661602       19.581680       77.710403       7.9989820
       44.583138
       0.0000000       111.00000      0.34785384       1.0000000       7595.0000
       1.9311390       1.1726040      0.40257829      0.31250006      0.23321977
       62.588367      -34.719387       19.303043       81.410988       8.3923693
       40.767216
       0.0000000       110.00000      0.36068764       1.0000000       8022.0000
       1.9591470       1.2927110      0.39309382      0.25806451      0.22076729
       55.230362      -42.534676       11.659980       85.835312       8.5636549
       41.315346
       0.0000000       109.00000      0.38016787       1.0000000       7367.0000
       1.8270903       1.9402440      0.39456442      0.12500012      0.20000249
       44.396496      -47.258057      -5.3627334       89.355019       8.5993786
       39.374439
       0.0000000       108.00000      0.39992696       1.0000000       7395.0000
       1.8224728       2.3106194      0.38413635      0.30303037      0.19288713
       51.933945      -29.150167      -8.5486670       89.650215       9.2932129
       38.976112
       0.0000000       107.00000      0.41996893       1.0000000       7223.0000
       1.6669443       2.4982121      0.36268783      0.28125006      0.19500834
       48.794800      -14.616962      -13.905544       87.353012       9.0871019
       42.087906
       0.0000000       106.00000      0.44029784       1.0000000       7117.0000
       1.6562768       2.1713870      0.38313967      0.30303037      0.20826000
       50.587772      -6.4525790      -11.174409       86.195435       9.1165562
       42.617973
       0.0000000       105.00000      0.46091780       1837.0000       348322.00
       1.5582666       2.1585557      0.36165309      0.22580642      0.14699283
       48.112667       7.4321675      -19.125423       84.174004       8.5603790
       46.524151
       0.0000000       104.00000      0.48183295       3597.0000       392220.00
       1.5559784       2.5099411      0.36373687      0.37142855      0.14577842
       41.621292       13.260079      -30.578510       81.656616       9.8563671
       47.993759
       1.0000000       104.00000      0.48183295      -1.0000000       1.0000000
   0.00087559898     0.043606941      -1.0000000      -1.0000000      -1.0000000
      -1.0000000      -1.0000000      -1.0000000      -1.0000000      -1.0000000
      -1.0000000
       0.0000000       103.00000      0.50304753      -1.0000000       391738.00
       1.5208057       2.1160674      -1.0000000      -1.0000000      -1.0000000
      -1.0000000      -1.0000000      -1.0000000       81.712036       9.3884907
       48.222618
       0.0000000       102.00000      0.52456582       3806.0000       389439.00
       1.4558841       2.3502657      0.29752812      0.30303037      0.17938608
       39.952065       17.295681      -7.1960182       83.174034       9.1932669
       48.004589
       0.0000000       101.00000      0.54639220      -1.0000000       387566.00
       1.4369124       2.7067401      -1.0000000      -1.0000000      -1.0000000
      -1.0000000      -1.0000000      -1.0000000       81.802940       9.9365864
       49.963589
       0.0000000       100.00000      0.57598084      -1.0000000       383404.00
       1.3749595       2.2098832      -1.0000000      -1.0000000      -1.0000000
      -1.0000000      -1.0000000      -1.0000000       81.350510       9.4779758
       50.684502
       0.0000000       99.000000      0.59854329      -1.0000000       378649.00
       1.3255525       1.9989203      -1.0000000      -1.0000000      -1.0000000
      -1.0000000      -1.0000000      -1.0000000       82.451248       9.1130180
       50.345577
       0.0000000       98.000000      0.62142873      -1.0000000       369893.00
       1.3298697       2.3334320      -1.0000000      -1.0000000      -1.0000000
      -1.0000000      -1.0000000      -1.0000000       85.356850       9.7668581
       50.036240
       0.0000000       97.000000      0.64464182      -1.0000000       365070.00
       1.2485921       2.0298393      -1.0000000      -1.0000000      -1.0000000
      -1.0000000      -1.0000000      -1.0000000       84.778770       8.5771923
       51.680534
       0.0000000       96.000000      0.67611039      -1.0000000       362304.00
       1.1876866       2.2449555      -1.0000000      -1.0000000      -1.0000000
      -1.0000000      -1.0000000      -1.0000000       81.541496       8.8316040
       53.896568
       0.0000000       95.000000      0.70010638      -1.0000000       362001.00
       1.1400079       2.0151489      -1.0000000      -1.0000000      -1.0000000
      -1.0000000      -1.0000000      -1.0000000       81.572113       8.7156973
       55.918072
       0.0000000       94.000000      0.73263615      -1.0000000       358011.00
       1.0839164       2.2971096      -1.0000000      -1.0000000      -1.0000000
      -1.0000000      -1.0000000      -1.0000000       83.676468       8.8106737
       57.478413
       1.0000000       94.000000      0.73263615      -1.0000000       1.0000000
   0.00045527724    0.0097097997      -1.0000000      -1.0000000      -1.0000000
      -1.0000000      -1.0000000      -1.0000000      -1.0000000      -1.0000000
      -1.0000000
       0.0000000       93.000000      0.75744140      -1.0000000       353957.00
       1.0495049       2.4966652      -1.0000000      -1.0000000      -1.0000000
      -1.0000000      -1.0000000      -1.0000000       84.539177       8.8211279
       58.084976
       1.0000000       93.000000      0.75744140      -1.0000000       3.0000000
    0.0026647474     0.076806728      -1.0000000      -1.0000000      -1.0000000
      -1.0000000      -1.0000000      -1.0000000      -1.0000000      -1.0000000
      -1.0000000
       0.0000000       92.000000      0.79106826      -1.0000000       347140.00
      0.94958174       2.5835118      -1.0000000      -1.0000000      -1.0000000
      -1.0000000      -1.0000000      -1.0000000       84.586121       8.8625278
       60.103489
       1.0000000       92.000000      0.79106826      -1.0000000       1.0000000
   0.00073189090     0.051747885      -1.0000000      -1.0000000      -1.0000000
      -1.0000000      -1.0000000      -1.0000000      -1.0000000      -1.0000000
      -1.0000000
       0.0000000       91.000000      0.81671000      -1.0000000       342913.00
      0.91593188       2.2472274      -1.0000000      -1.0000000      -1.0000000
      -1.0000000      -1.0000000      -1.0000000       85.124504       8.7618885
       61.438507
       0.0000000       90.000000      0.85147089      -1.0000000       336435.00
      0.86186886       2.0520155      -1.0000000      -1.0000000      -1.0000000
      -1.0000000      -1.0000000      -1.0000000       87.307259       7.9470863
       64.659882
       1.0000000       90.000000      0.85147089      -1.0000000       1.0000000
   0.00033453151     0.020324854      -1.0000000      -1.0000000      -1.0000000
      -1.0000000      -1.0000000      -1.0000000      -1.0000000      -1.0000000
      -1.0000000
       0.0000000       89.000000      0.88689691      -1.0000000       304074.00
      0.78908157       1.9858180      -1.0000000      -1.0000000      -1.0000000
      -1.0000000      -1.0000000      -1.0000000       87.455826       7.2018633
       69.013168
       0.0000000       88.000000      0.92300081      -1.0000000       324875.00
      0.75543588       1.7885594      -1.0000000      -1.0000000      -1.0000000
      -1.0000000      -1.0000000      -1.0000000       86.034798       7.8840370
       72.309418
       0.0000000       87.000000      0.95053136      -1.0000000       314424.00
      0.72165173       1.3318452      -1.0000000      -1.0000000      -1.0000000
      -1.0000000      -1.0000000      -1.0000000       85.821442       7.0027413
       75.764656
       1.0000000       87.000000      0.95053136      -1.0000000       1.0000000
   0.00041820906     0.011972819      -1.0000000      -1.0000000      -1.0000000
      -1.0000000      -1.0000000      -1.0000000      -1.0000000      -1.0000000
      -1.0000000
       0.0000000       86.000000      0.98785281      -1.0000000       261639.00
      0.71584415       1.6492070      -1.0000000      -1.0000000      -1.0000000
      -1.0000000      -1.0000000      -1.0000000       86.966805       7.3217983
       76.658394
       0.0000000       85.000000      0.99729425      -1.0000000       260306.00
      0.68517208       1.6399314      -1.0000000      -1.0000000      -1.0000000
      -1.0000000      -1.0000000      -1.0000000       87.174530       6.8014970
       76.554291
       0.0000000       84.000000       1.0355104      -1.0000000       252411.00
      0.65145063       1.8803816      -1.0000000      -1.0000000      -1.0000000
      -1.0000000      -1.0000000      -1.0000000       86.197937       7.7822638
       75.411789
       1.0000000       84.000000       1.0355104      -1.0000000       2.0000000
    0.0037300971     0.064034635      -1.0000000      -1.0000000      -1.0000000
      -1.0000000      -1.0000000      -1.0000000      -1.0000000      -1.0000000
      -1.0000000
       0.0000000       83.000000       1.0744579      -1.0000000       246454.00
      0.62012452       1.8516783      -1.0000000      -1.0000000      -1.0000000
      -1.0000000      -1.0000000      -1.0000000       86.113297       7.9157271
       73.894547
       1.0000000       83.000000       1.0744579      -1.0000000       1.0000000
    0.0019421664     0.046800490      -1.0000000      -1.0000000      -1.0000000
      -1.0000000      -1.0000000      -1.0000000      -1.0000000      -1.0000000
      -1.0000000
       0.0000000       82.000000       1.1141505      -1.0000000       238657.00
      0.56182164       2.2831080      -1.0000000      -1.0000000      -1.0000000
      -1.0000000      -1.0000000      -1.0000000       86.803856       7.8704810
       75.053497
       1.0000000       82.000000       1.1141505      -1.0000000       1.0000000
   0.00031736179     0.023343772      -1.0000000      -1.0000000      -1.0000000
      -1.0000000      -1.0000000      -1.0000000      -1.0000000      -1.0000000
      -1.0000000
       0.0000000       81.000000       1.1546028      -1.0000000       235905.00
      0.49019185       2.6569233      -1.0000000      -1.0000000      -1.0000000
      -1.0000000      -1.0000000      -1.0000000       85.420029       8.5371275
       77.677498
       1.0000000       81.000000       1.1546028      -1.0000000       1.0000000
       0.0000000       0.0000000      -1.0000000      -1.0000000      -1.0000000
      -1.0000000      -1.0000000      -1.0000000      -1.0000000      -1.0000000
      -1.0000000
       0.0000000       80.000000       1.2062581      -1.0000000       288211.00
      0.44117558       2.6481757      -1.0000000      -1.0000000      -1.0000000
      -1.0000000      -1.0000000      -1.0000000       84.687546       8.9453068
       72.196213
       1.0000000       80.000000       1.2062581      -1.0000000       1.0000000
    0.0028333610     0.018502867      -1.0000000      -1.0000000      -1.0000000
      -1.0000000      -1.0000000      -1.0000000      -1.0000000      -1.0000000
      -1.0000000
       0.0000000       79.000000       1.2484726      -1.0000000       283244.00
      0.37682703       2.6767023      -1.0000000      -1.0000000      -1.0000000
      -1.0000000      -1.0000000      -1.0000000       84.454231       8.8888178
       73.176414
       1.0000000       79.000000       1.2484726      -1.0000000       2.0000000
   0.00053842022    0.0047762771      -1.0000000      -1.0000000      -1.0000000
      -1.0000000      -1.0000000      -1.0000000      -1.0000000      -1.0000000
      -1.0000000
       0.0000000       78.000000       1.3023784      -1.0000000       275081.00
      0.34461811       2.6479962      -1.0000000      -1.0000000      -1.0000000
      -1.0000000      -1.0000000      -1.0000000       85.669243       10.972890
       76.153763
       2.0000000       78.000000       1.3023784      0.90416896       70.000000
     0.032878466      0.27234191      -1.0000000      -1.0000000      -1.0000000
      -1.0000000      -1.0000000      -1.0000000      -1.0000000      -1.0000000
      -1.0000000
       1.0000000       78.000000       1.3023784      -1.0000000       2.0000000
       0.0000000       0.0000000      -1.0000000      -1.0000000      -1.0000000
      -1.0000000      -1.0000000      -1.0000000      -1.0000000      -1.0000000
      -1.0000000
       0.0000000       77.000000       1.3575766      -1.0000000       272710.00
      0.28524148       2.1865606      -1.0000000      -1.0000000      -1.0000000
      -1.0000000      -1.0000000      -1.0000000       84.936783       8.0033484
       83.455841
       1.0000000       77.000000       1.3575766      -1.0000000       3.0000000
    0.0042172049     0.035572698      -1.0000000      -1.0000000      -1.0000000
      -1.0000000      -1.0000000      -1.0000000      -1.0000000      -1.0000000
      -1.0000000
       0.0000000       76.000000       1.4140983      -1.0000000       265055.00
      0.26866081       4.3095813      -1.0000000      -1.0000000      -1.0000000
      -1.0000000      -1.0000000      -1.0000000       82.037552       18.263868
       92.297432
       1.0000000       76.000000       1.4140983      -1.0000000       3.0000000
    0.0047548380     0.088729152      -1.0000000      -1.0000000      -1.0000000
      -1.0000000      -1.0000000      -1.0000000      -1.0000000      -1.0000000
      -1.0000000
       0.0000000       75.000000       1.4719748      -1.0000000       254723.00
      0.17880951       3.5114181      -1.0000000      -1.0000000      -1.0000000
      -1.0000000      -1.0000000      -1.0000000       84.302406       16.212864
       104.81030
       1.0000000       75.000000       1.4719748      -1.0000000       3.0000000
     0.030018688      0.33576893      -1.0000000      -1.0000000      -1.0000000
      -1.0000000      -1.0000000      -1.0000000      -1.0000000      -1.0000000
      -1.0000000
       0.0000000       74.000000       1.5312390      -1.0000000       247900.00
      0.17914534       4.7968407      -1.0000000      -1.0000000      -1.0000000
      -1.0000000      -1.0000000      -1.0000000       84.989830       22.332668
       120.43827
       2.0000000       74.000000       1.5312390      0.44514337       73.000000
     0.079745360       2.0110552      -1.0000000      -1.0000000      -1.0000000
      -1.0000000      -1.0000000      -1.0000000      -1.0000000      -1.0000000
      -1.0000000
       1.0000000       74.000000       1.5312390      -1.0000000       1.0000000
       0.0000000       0.0000000      -1.0000000      -1.0000000      -1.0000000
      -1.0000000      -1.0000000      -1.0000000      -1.0000000      -1.0000000
      -1.0000000
       0.0000000       73.000000       1.6042346      -1.0000000       240591.00
     0.054692835      0.29507437      -1.0000000      -1.0000000      -1.0000000
      -1.0000000      -1.0000000      -1.0000000       50.734657       1.2378230
       17.130201
       2.0000000       73.000000       1.6042346      0.96236748       72.000000
     0.052634604       2.3147404      -1.0000000      -1.0000000      -1.0000000
      -1.0000000      -1.0000000      -1.0000000      -1.0000000      -1.0000000
      -1.0000000
       1.0000000       73.000000       1.6042346      -1.0000000       3.0000000
   0.00028172435     0.014041029      -1.0000000      -1.0000000      -1.0000000
      -1.0000000      -1.0000000      -1.0000000      -1.0000000      -1.0000000
      -1.0000000
       0.0000000       72.000000       1.6666696      -1.0000000       233468.00
     0.045765910      0.24848135      -1.0000000      -1.0000000      -1.0000000
      -1.0000000      -1.0000000      -1.0000000       48.673107       1.0219771
       13.501792
       0.0000000       71.000000       1.7435706      -1.0000000       225188.00
     0.046108786      0.37627292      -1.0000000      -1.0000000      -1.0000000
      -1.0000000      -1.0000000      -1.0000000       52.134819       1.5352697
       22.705357
       0.0000000       70.000000       1.8226893      -1.0000000       218570.00
     0.036363188      0.36741966      -1.0000000      -1.0000000      -1.0000000
      -1.0000000      -1.0000000      -1.0000000       61.691021       1.4659427
       24.531382
       0.0000000       69.000000       1.9040896      -1.0000000       214312.00
     0.032873109      0.27954754      -1.0000000      -1.0000000      -1.0000000
      -1.0000000      -1.0000000      -1.0000000       71.577148       1.8292551
       134.55609
       0.0000000       68.000000       2.0020282      -1.0000000       205817.00
     0.027407780      0.30231521      -1.0000000      -1.0000000      -1.0000000
      -1.0000000      -1.0000000      -1.0000000       69.359650       1.7219290
       122.46346
       0.0000000       67.000000       2.1032696      -1.0000000       201615.00
     0.019528164      0.37231711      -1.0000000      -1.0000000      -1.0000000
      -1.0000000      -1.0000000      -1.0000000       55.323750       1.5529562
       53.313564
       2.0000000       67.000000       2.1032696      0.25225741       65.000000
    0.0032624067     0.040478650      -1.0000000      -1.0000000      -1.0000000
      -1.0000000      -1.0000000      -1.0000000      -1.0000000      -1.0000000
      -1.0000000
       0.0000000       66.000000       2.2079256      -1.0000000       199681.00
     0.017875794      0.29631919      -1.0000000      -1.0000000      -1.0000000
      -1.0000000      -1.0000000      -1.0000000       62.287132       1.6869866
       29.765226
       0.0000000       65.000000       2.3161108      -1.0000000       191200.00
     0.012932848      0.21284647      -1.0000000      -1.0000000      -1.0000000
      -1.0000000      -1.0000000      -1.0000000       49.393131       1.0098737
       48.534290
       0.0000000       64.000000       2.4442258      -1.0000000       317314.00
     0.010614770      0.19002439      -1.0000000      -1.0000000      -1.0000000
      -1.0000000      -1.0000000      -1.0000000       43.094231      0.94339943
       58.353840
       0.0000000       63.000000       2.5772903      -1.0000000       323003.00
    0.0096612582      0.17302153      -1.0000000      -1.0000000      -1.0000000
      -1.0000000      -1.0000000      -1.0000000       43.050900      0.93671614
       64.160828
       0.0000000       62.000000       2.7331426      -1.0000000       309544.00
    0.0081529794      0.12235610      -1.0000000      -1.0000000      -1.0000000
      -1.0000000      -1.0000000      -1.0000000       43.885044      0.74300456
       61.009315
       0.0000000       61.000000       2.8957851      -1.0000000       271209.00
    0.0074454839      0.13925685      -1.0000000      -1.0000000      -1.0000000
      -1.0000000      -1.0000000      -1.0000000       46.864548      0.81869376
       51.958832
       0.0000000       60.000000       3.0081310      -1.0000000       276974.00
    0.0053988025      0.14702718      -1.0000000      -1.0000000      -1.0000000
      -1.0000000      -1.0000000      -1.0000000       50.423157      0.84821582
       47.977268
       0.0000000       59.000000       3.0848227      -1.0000000       270665.00
    0.0049340767      0.14410914      -1.0000000      -1.0000000      -1.0000000
      -1.0000000      -1.0000000      -1.0000000       51.337032      0.74525553
       44.899162
       0.0000000       58.000000       3.2830331      -1.0000000       306610.00
    0.0031133820      0.11735857      -1.0000000      -1.0000000      -1.0000000
      -1.0000000      -1.0000000      -1.0000000       48.299229      0.64591539
       48.342049
       1.0000000       58.000000       3.2830331      -1.0000000       1.0000000
       0.0000000       0.0000000      -1.0000000      -1.0000000      -1.0000000
      -1.0000000      -1.0000000      -1.0000000      -1.0000000      -1.0000000
      -1.0000000
       0.0000000       57.000000       3.4908614      -1.0000000       300909.00
    0.0024140207      0.13342994      -1.0000000      -1.0000000      -1.0000000
      -1.0000000      -1.0000000      -1.0000000       41.319050      0.94999951
       49.895699
