       0.0000000       135.00000       0.0000000       222.00000       292278.00
       6.8448586      0.76083642      0.51231146      0.37500006      0.45867214
       16.703819       153.21422       26.790068       136.50781       19.587873
       66.575050
       0.0000000       134.00000    0.0095216669       219.00000       289235.00
       6.8493967      0.77223784      0.51269132      0.34375006      0.45519972
       15.592032       154.63972       31.829861       136.43094       19.700808
       74.582733
       0.0000000       133.00000     0.023974428       225.00000       287583.00
       6.8601179      0.80704206      0.51144516      0.37500006      0.45012537
       15.926104       154.55879       38.688541       137.34743       19.816311
       80.233849
       1.0000000       133.00000     0.023974428      -1.0000000       1.0000000
    0.0048648654     0.044098616      -1.0000000      -1.0000000      -1.0000000
      -1.0000000      -1.0000000      -1.0000000      -1.0000000      -1.0000000
      -1.0000000
       0.0000000       132.00000     0.033724371       223.00000       286036.00
       6.8422294      0.72352409      0.51217932      0.39393944      0.47530490
       18.891766       155.08653       40.227863       138.05058       19.796247
       82.597618
       0.0000000       131.00000     0.048523631       225.00000       282495.00
       6.8562927      0.67988628      0.51251638      0.37500006      0.45357895
       21.877089       156.83023       37.718727       137.50813       19.681477
       97.843971
       1.0000000       131.00000     0.048523631      -1.0000000       2.0000000
    0.0022618240     0.064644873      -1.0000000      -1.0000000      -1.0000000
      -1.0000000      -1.0000000      -1.0000000      -1.0000000      -1.0000000
      -1.0000000
       0.0000000       130.00000     0.058507323       223.00000       280352.00
       6.8683591      0.72140837      0.51503593      0.37500006      0.44999436
       21.651247       158.55545       39.553528       137.00905       19.885323
       108.39330
       0.0000000       129.00000     0.073661387       228.00000       278830.00
       6.8563848      0.77663004      0.51196146      0.37500006      0.48257151
       16.527407       161.79475       41.977386       138.81725       19.880232
       108.90375
       1.0000000       129.00000     0.073661387      -1.0000000       2.0000000
   0.00020943848    0.0033025723      -1.0000000      -1.0000000      -1.0000000
      -1.0000000      -1.0000000      -1.0000000      -1.0000000      -1.0000000
      -1.0000000
       0.0000000       128.00000     0.083884433       226.00000       277242.00
       6.8828869      0.80789667      0.51308078      0.37500006      0.46800745
       13.185605       161.31429       47.821789       139.43777       20.244728
       110.04424
       0.0000000       127.00000     0.099401802       226.00000       274180.00
       6.8831768      0.86525267      0.50823623      0.37500006      0.46839535
       15.912766       162.14200       54.986816       140.43074       20.263369
       105.70173
       0.0000000       126.00000      0.10986994       224.00000       271485.00
       6.8797183      0.84645939      0.51260740      0.37500006      0.47754407
       13.588757       162.24135       55.130310       139.23877       20.316187
       110.91124
       0.0000000       125.00000      0.12575933       228.00000       270621.00
       6.8585191      0.71287572      0.51259452      0.32258064      0.46890977
       6.9699702       163.70882       52.037659       134.70938       19.868870
       124.45908
       1.0000000       125.00000      0.12575933      -1.0000000       1.0000000
       0.0000000       0.0000000      -1.0000000      -1.0000000      -1.0000000
      -1.0000000      -1.0000000      -1.0000000      -1.0000000      -1.0000000
      -1.0000000
       0.0000000       124.00000      0.14187621       227.00000       267028.00
       6.8510337      0.64954412      0.51443261      0.37500006      0.47081146
       2.5566394       165.22400       59.804142       131.63663       19.689663
       135.41713
       0.0000000       123.00000      0.15274876       227.00000       265244.00
       6.8515234      0.63932419      0.51397341      0.37500006      0.45812055
      -3.4935632       165.44904       63.201958       130.25552       19.724991
       143.57182
       0.0000000       122.00000      0.16925204       232.00000       263681.00
       6.8801174      0.58921939      0.51657552      0.32258064      0.46428493
      -13.257305       166.33267       68.596817       130.15492       19.805532
       146.85022
       0.0000000       121.00000      0.18038526       640.00000       327601.00
       6.8809972      0.58844012      0.51513171      0.37500006      0.46425161
      -20.403006       166.44533       70.989204       129.75177       19.834417
       158.37056
       1.0000000       121.00000      0.18038526      -1.0000000       1.0000000
       0.0000000       0.0000000      -1.0000000      -1.0000000      -1.0000000
      -1.0000000      -1.0000000      -1.0000000      -1.0000000      -1.0000000
      -1.0000000
       0.0000000       120.00000      0.19728418       627.00000       323119.00
       6.9013128      0.67831665      0.51066113      0.35483867      0.45876876
      -26.135082       166.93248       74.125938       131.02171       20.159388
       159.51776
       1.0000000       120.00000      0.19728418      -1.0000000       1.0000000
     0.057482112      0.16889785      -1.0000000      -1.0000000      -1.0000000
      -1.0000000      -1.0000000      -1.0000000      -1.0000000      -1.0000000
      -1.0000000
       0.0000000       119.00000      0.21442504       626.00000       320093.00
       6.8747678       1.4922675      0.51292562      0.39393944      0.47738782
      -34.755608       169.67766       74.498978       128.76711       20.664164
       160.94756
       0.0000000       118.00000      0.22598839       621.00000       317238.00
       6.8197923       1.7385712      0.50711918      0.39393944      0.46990475
      -54.988800       166.53189       68.597717       127.94855       20.632477
       163.74872
       1.0000000       118.00000      0.22598839      -1.0000000       1.0000000
       0.0000000       0.0000000      -1.0000000      -1.0000000      -1.0000000
      -1.0000000      -1.0000000      -1.0000000      -1.0000000      -1.0000000
      -1.0000000
       0.0000000       117.00000      0.24354018       619.00000       312796.00
       6.7415252       1.8004609      0.51462811      0.37500006      0.48086083
      -71.106178       153.24074       92.573669       127.96873       20.373585
       166.95799
       1.0000000       117.00000      0.24354018      -1.0000000       1.0000000
   0.00060896919     0.024761671      -1.0000000      -1.0000000      -1.0000000
      -1.0000000      -1.0000000      -1.0000000      -1.0000000      -1.0000000
      -1.0000000
       0.0000000       116.00000      0.26134327       594.00000       306493.00
       6.6568708       1.7431921      0.51193488      0.39393944      0.44035441
      -67.319969       141.40617       113.68739       127.34153       20.217754
       170.82808
       0.0000000       115.00000      0.27335334       584.00000       303045.00
       6.6340981       1.6770387      0.51189786      0.39393944      0.45983127
      -60.641247       147.20348       112.22508       127.42153       20.084925
       172.90717
       0.0000000       114.00000      0.29158324       585.00000       299546.00
       6.5418444       1.6419336      0.50637752      0.34375006      0.47093168
      -59.126362       150.05070       108.23846       128.06255       19.844744
       175.14519
       0.0000000       113.00000      0.31007412       576.00000       295135.00
       6.5292864       1.6135904      0.50355017      0.37500006      0.43482441
      -60.612080       149.63277       110.25092       128.26959       20.079348
       179.25436
       0.0000000       112.00000      0.32882974       592.00000       291557.00
       6.4521847       1.5206889      0.50437880      0.32258064      0.43927425
      -65.152237       146.24640       115.32093       129.19455       19.817219
       180.53128
       0.0000000       111.00000      0.34785384       590.00000       288480.00
       6.3933058       1.3447275      0.50800282      0.32258064      0.43919474
      -54.769524       136.40646       131.74211       130.46707       19.443851
       179.65683
       0.0000000       110.00000      0.36068764       581.00000       285468.00
       6.4147854       1.2380481      0.50732166      0.32258064      0.45470044
      -41.923187       133.92027       140.60631       131.58133       19.334131
       177.02608
       0.0000000       109.00000      0.38016787       580.00000       281549.00
       6.3957310       1.1409193      0.50549984      0.32258064      0.41235691
      -32.636623       130.44324       146.68282       133.20860       19.314888
       175.22305
       0.0000000       108.00000      0.39992696       573.00000       278504.00
       6.3840051       1.1340290      0.50463760      0.30000001      0.42366600
      -21.036589       126.61317       152.50414       135.70370       19.278028
       169.53905
       0.0000000       107.00000      0.41996893       581.00000       275679.00
       6.3498745       1.3504876      0.50750977      0.32258064      0.46113756
      -8.3932371       124.76015       159.40756       139.13760       19.256018
       158.25102
       1.0000000       107.00000      0.41996893      -1.0000000       1.0000000
   0.00076501520     0.022414604      -1.0000000      -1.0000000      -1.0000000
      -1.0000000      -1.0000000      -1.0000000      -1.0000000      -1.0000000
      -1.0000000
       0.0000000       106.00000      0.44029784       577.00000       272561.00
       6.3152008       1.5330032      0.50167269      0.32258064      0.41688961
       6.1113415       120.16239       161.97548       142.85905       19.413086
       149.72232
       0.0000000       105.00000      0.46091780       579.00000       268469.00
       6.2715650       1.6482495      0.49738267      0.32258064      0.42112499
       18.236107       124.43455       163.01430       146.49521       19.980633
       144.95889
       0.0000000       104.00000      0.48183295       576.00000       264211.00
       6.1963010       1.8153391      0.49614936      0.32258064      0.42886424
       13.777274       108.70471       175.25743       149.19498       20.142527
       141.35257
       0.0000000       103.00000      0.50304753       571.00000       258594.00
       6.0409818       2.7331610      0.49406964      0.41176474      0.43711197
       30.664787       80.097588       180.83629       147.29300       21.060947
       141.38469
       1.0000000       103.00000      0.50304753      -1.0000000       3.0000000
      0.70069243      0.94264724      -1.0000000      -1.0000000      -1.0000000
      -1.0000000      -1.0000000      -1.0000000      -1.0000000      -1.0000000
      -1.0000000
       0.0000000       102.00000      0.52456582       562.00000       254751.00
       6.0138960       2.9348080      0.49225932      0.24137926      0.43753409
       81.551254       67.936852       195.24672       149.84271       21.615395
       149.05278
       1.0000000       102.00000      0.52456582      -1.0000000       1.0000000
   0.00071897882       0.0000000      -1.0000000      -1.0000000      -1.0000000
      -1.0000000      -1.0000000      -1.0000000      -1.0000000      -1.0000000
      -1.0000000
       0.0000000       101.00000      0.54639220       560.00000       251068.00
       5.6323256       1.9319135      0.48737472      0.44117647      0.46593064
       79.939156       47.058289       186.08234       141.99527       18.227453
       152.09393
       1.0000000       101.00000      0.54639220      -1.0000000       1.0000000
   0.00031407282     0.011512034      -1.0000000      -1.0000000      -1.0000000
      -1.0000000      -1.0000000      -1.0000000      -1.0000000      -1.0000000
      -1.0000000
       0.0000000       100.00000      0.57598084       553.00000       246041.00
       5.4754367       1.2846082      0.50244218      0.46875006      0.46997398
       108.42439       24.182714       184.17941       134.30273       16.907076
       164.27032
       1.0000000       100.00000      0.57598084      -1.0000000       3.0000000
   0.00031407282     0.011512034      -1.0000000      -1.0000000      -1.0000000
      -1.0000000      -1.0000000      -1.0000000      -1.0000000      -1.0000000
      -1.0000000
       0.0000000       99.000000      0.59854329       542.00000       239433.00
       5.4773850       1.1476134      0.50098336      0.43750000      0.50708073
       129.56573       16.668066       179.73372       133.25507       16.698637
       168.52486
       0.0000000       98.000000      0.62142873       523.00000       233167.00
       5.4568229       1.1361444      0.48784125      0.45161289      0.45575207
       133.72043       9.9690609       179.12192       133.90314       16.867580
       173.81743
       1.0000000       98.000000      0.62142873      -1.0000000       1.0000000
   0.00024775721     0.022736315      -1.0000000      -1.0000000      -1.0000000
      -1.0000000      -1.0000000      -1.0000000      -1.0000000      -1.0000000
      -1.0000000
       0.0000000       97.000000      0.64464182       514.00000       229812.00
       5.3686657       2.1806142      0.49434254      0.50000000      0.48211333
       142.82454      -5.7216592       171.50769       134.91133       17.757452
       173.56044
       1.0000000       97.000000      0.64464182      -1.0000000       4.0000000
    0.0020331269     0.072048794      -1.0000000      -1.0000000      -1.0000000
      -1.0000000      -1.0000000      -1.0000000      -1.0000000      -1.0000000
      -1.0000000
       0.0000000       96.000000      0.67611039       518.00000       226451.00
       5.2946467       2.1277506      0.48417452      0.39999998      0.41749492
       149.48409       7.8195424       156.35144       138.42735       17.853403
       171.07352
       0.0000000       95.000000      0.70010638       539.00000       225475.00
       5.2760768       2.1396153      0.48933777      0.50000000      0.47946185
       174.73193       49.111576       132.60159       142.60193       17.806574
       164.03665
       1.0000000       95.000000      0.70010638      -1.0000000       2.0000000
    0.0013959540     0.031916008      -1.0000000      -1.0000000      -1.0000000
      -1.0000000      -1.0000000      -1.0000000      -1.0000000      -1.0000000
      -1.0000000
       0.0000000       94.000000      0.73263615       555.00000       222557.00
       5.1032205       1.9681038      0.47082284      0.43750000      0.41124925
       177.80966       74.450943       101.70102       149.21428       16.960476
       154.84966
       1.0000000       94.000000      0.73263615      -1.0000000       1.0000000
       0.0000000       0.0000000      -1.0000000      -1.0000000      -1.0000000
      -1.0000000      -1.0000000      -1.0000000      -1.0000000      -1.0000000
      -1.0000000
       0.0000000       93.000000      0.75744140       616.00000       225128.00
       4.9761100       2.0125287      0.48662356      0.40625006      0.49716008
       195.04701       87.932167       83.620514       152.83885       16.573977
       141.54456
       1.0000000       93.000000      0.75744140      -1.0000000       2.0000000
   0.00085025503       0.0000000      -1.0000000      -1.0000000      -1.0000000
      -1.0000000      -1.0000000      -1.0000000      -1.0000000      -1.0000000
      -1.0000000
       0.0000000       92.000000      0.79106826       721.00000       230708.00
       4.9225583       2.7927904      0.46618345      0.38235301      0.48201445
       208.43414       95.837585       8.0983343       165.49982       18.412224
       121.43372
       0.0000000       91.000000      0.81671000       736.00000       228458.00
       4.6737714       2.5422399      0.45131898      0.38235301      0.37400964
       177.16736       106.28393      -60.295769       164.05988       17.406076
       125.02428
       1.0000000       91.000000      0.81671000      -1.0000000       1.0000000
       0.0000000       0.0000000      -1.0000000      -1.0000000      -1.0000000
      -1.0000000      -1.0000000      -1.0000000      -1.0000000      -1.0000000
      -1.0000000
       0.0000000       90.000000      0.85147089       759.00000       226093.00
       4.1622953       2.7871323      0.44059342      0.26470590      0.41275647
       92.081314       157.20093      -96.327095       148.08102       16.051460
       148.07005
       1.0000000       90.000000      0.85147089      -1.0000000       1.0000000
   0.00035670443     0.019512637      -1.0000000      -1.0000000      -1.0000000
      -1.0000000      -1.0000000      -1.0000000      -1.0000000      -1.0000000
      -1.0000000
       0.0000000       89.000000      0.88689691       759.00000       222627.00
       3.9859517       2.0104113      0.46527934      0.19354838      0.45156872
       103.65326       175.41846      -67.597969       141.04065       14.340888
       160.07628
       1.0000000       89.000000      0.88689691      -1.0000000       1.0000000
      0.35568488      0.45245713      -1.0000000      -1.0000000      -1.0000000
      -1.0000000      -1.0000000      -1.0000000      -1.0000000      -1.0000000
      -1.0000000
       0.0000000       88.000000      0.92300081       758.00000       217072.00
       3.8832724       1.3387957      0.46934041      0.25000006      0.47732171
       104.93313       174.08243      -66.610954       135.82208       13.146935
       162.71132
       0.0000000       87.000000      0.95053136       798.00000       217427.00
       3.8630075       1.2243466      0.45329031      0.16129035      0.46475959
       124.08932       162.66750      -56.017075       136.41974       13.052238
       162.28021
       1.0000000       87.000000      0.95053136      -1.0000000       1.0000000
       0.0000000       0.0000000      -1.0000000      -1.0000000      -1.0000000
      -1.0000000      -1.0000000      -1.0000000      -1.0000000      -1.0000000
      -1.0000000
       0.0000000       86.000000      0.98785281       808.00000       213412.00
       3.8129663       1.4481878      0.44674891      0.27272731      0.46191019
       133.51965       168.09790      -23.984270       139.54904       13.302973
       150.95036
       1.0000000       86.000000      0.98785281      -1.0000000       1.0000000
       0.0000000       0.0000000      -1.0000000      -1.0000000      -1.0000000
      -1.0000000      -1.0000000      -1.0000000      -1.0000000      -1.0000000
      -1.0000000
       0.0000000       85.000000      0.99729425       802.00000       211419.00
       3.7951491       1.5358217      0.45767650      0.40000004      0.45624354
       147.57304       174.39256      -14.868020       140.37396       13.439138
       148.97934
       0.0000000       84.000000       1.0355104       822.00000       208422.00
       3.7910762       1.3137252      0.47139210      0.41666669      0.48728368
       185.20123       167.27457       26.554564       148.08177       13.890521
       130.40060
       1.0000000       84.000000       1.0355104      -1.0000000       1.0000000
   0.00045405506    0.0043828003      -1.0000000      -1.0000000      -1.0000000
      -1.0000000      -1.0000000      -1.0000000      -1.0000000      -1.0000000
      -1.0000000
       0.0000000       83.000000       1.0744579       818.00000       202633.00
       3.6937656       1.7040876      0.45378253      0.39999998      0.45993251
       245.64970       140.25409       9.4021597       158.22333       14.952518
       107.56065
       1.0000000       83.000000       1.0744579      -1.0000000       2.0000000
     0.011843494      0.11964966      -1.0000000      -1.0000000      -1.0000000
      -1.0000000      -1.0000000      -1.0000000      -1.0000000      -1.0000000
      -1.0000000
       0.0000000       82.000000       1.1141505       974.00000       208932.00
       3.5770082       2.9897799      0.51476949      0.42424244      0.57264829
       265.31293       123.07309      -64.438629       157.45476       16.134319
       107.82348
       1.0000000       82.000000       1.1141505      -1.0000000       2.0000000
       0.0000000       0.0000000      -1.0000000      -1.0000000      -1.0000000
      -1.0000000      -1.0000000      -1.0000000      -1.0000000      -1.0000000
      -1.0000000
       0.0000000       81.000000       1.1546028       1042.0000       209663.00
       3.3275232       2.5447044      0.48103413      0.46875006      0.53910094
       224.83316       65.798241      -141.81114       139.75011       14.432629
       126.49652
       1.0000000       81.000000       1.1546028      -1.0000000       1.0000000
       0.0000000       0.0000000      -1.0000000      -1.0000000      -1.0000000
      -1.0000000      -1.0000000      -1.0000000      -1.0000000      -1.0000000
      -1.0000000
       0.0000000       80.000000       1.2062581       1062.0000       203380.00
       3.1267302       2.4124441      0.50382346      0.47058821      0.57104564
       111.96825       98.036438      -233.20949       131.17027       14.010582
       118.86873
       1.0000000       80.000000       1.2062581      -1.0000000       2.0000000
   0.00056759358       0.0000000      -1.0000000      -1.0000000      -1.0000000
      -1.0000000      -1.0000000      -1.0000000      -1.0000000      -1.0000000
      -1.0000000
       0.0000000       79.000000       1.2484726       1059.0000       198955.00
       2.9921813       2.5379210      0.47124338      0.57142854      0.49649626
       90.575180       127.94756      -206.06126       130.00615       14.206250
       121.70024
       1.0000000       79.000000       1.2484726      -1.0000000       2.0000000
       0.0000000       0.0000000      -1.0000000      -1.0000000      -1.0000000
      -1.0000000      -1.0000000      -1.0000000      -1.0000000      -1.0000000
      -1.0000000
       0.0000000       78.000000       1.3023784       1047.0000       191837.00
       2.7879503       2.4976330      0.46712366      0.58333337      0.53424561
       81.756500       133.95557      -189.10472       127.32694       13.573998
       114.91937
       1.0000000       78.000000       1.3023784      -1.0000000       4.0000000
    0.0030672432    0.0060114684      -1.0000000      -1.0000000      -1.0000000
      -1.0000000      -1.0000000      -1.0000000      -1.0000000      -1.0000000
      -1.0000000
       0.0000000       77.000000       1.3575766       1052.0000       185780.00
       2.6215417       2.7541540      0.45941678      0.44117647      0.50975788
       99.145897       158.29662      -123.46489       126.59059       13.911410
       112.38949
       1.0000000       77.000000       1.3575766      -1.0000000       1.0000000
    0.0058394982       0.0000000      -1.0000000      -1.0000000      -1.0000000
      -1.0000000      -1.0000000      -1.0000000      -1.0000000      -1.0000000
      -1.0000000
       0.0000000       76.000000       1.4140983       1032.0000       178479.00
       2.4149539       2.6842582      0.44106042      0.31250006      0.43892202
       142.59361       168.61067      -57.280354       126.34093       13.349745
       112.95084
       1.0000000       76.000000       1.4140983      -1.0000000       1.0000000
   0.00028418461       0.0000000      -1.0000000      -1.0000000      -1.0000000
      -1.0000000      -1.0000000      -1.0000000      -1.0000000      -1.0000000
      -1.0000000
       0.0000000       75.000000       1.4719748       1032.0000       172024.00
       2.3105574       2.3199711      0.43027344      0.39393944      0.44318822
       126.87492       182.18347      -68.520622       123.48112       13.500948
       116.92418
       1.0000000       75.000000       1.4719748      -1.0000000       1.0000000
   0.00026690000    0.0048477692      -1.0000000      -1.0000000      -1.0000000
      -1.0000000      -1.0000000      -1.0000000      -1.0000000      -1.0000000
      -1.0000000
       0.0000000       74.000000       1.5312390       1021.0000       166587.00
       2.2012069       2.0469501      0.42481545      0.48648649      0.47501490
       107.17340       201.36938      -43.434151       120.75755       12.674454
       120.02608
       1.0000000       74.000000       1.5312390      -1.0000000       3.0000000
     0.048800431      0.37206629      -1.0000000      -1.0000000      -1.0000000
      -1.0000000      -1.0000000      -1.0000000      -1.0000000      -1.0000000
      -1.0000000
       0.0000000       73.000000       1.6042346       1612.0000       188527.00
       2.1525888       1.7732873      0.40363541      0.58974349      0.41985774
       81.940590       210.28911      -18.820274       126.66524       12.624497
       105.76134
       1.0000000       73.000000       1.6042346      -1.0000000       1.0000000
    0.0084743351       0.0000000      -1.0000000      -1.0000000      -1.0000000
      -1.0000000      -1.0000000      -1.0000000      -1.0000000      -1.0000000
      -1.0000000
       0.0000000       72.000000       1.6666696       1017.0000       153444.00
       2.0057807       2.4616032      0.42701545      0.42424244      0.40007046
       17.274979       248.30836      -25.834799       133.02768       13.566564
       98.499893
       0.0000000       71.000000       1.7435706       1533.0000       171111.00
       1.9193255       2.9034076      0.46197096      0.56250006      0.46670538
       8.6703968       284.50107       68.009453       140.45822       15.567563
       86.003426
       1.0000000       71.000000       1.7435706      -1.0000000       1.0000000
       0.0000000       0.0000000      -1.0000000      -1.0000000      -1.0000000
      -1.0000000      -1.0000000      -1.0000000      -1.0000000      -1.0000000
      -1.0000000
       0.0000000       70.000000       1.8226893       1428.0000       159707.00
       1.7290266       2.5239625      0.42817244      0.59375006      0.48838797
       47.911488       222.92911       15.282033       128.77995       12.775584
       101.81907
       0.0000000       69.000000       1.9040896       1462.0000       154458.00
       1.5879949       2.5455997      0.40364292      0.61290324      0.40234211
       64.325676       164.60553      -84.786018       124.34116       11.870142
       103.29296
       1.0000000       69.000000       1.9040896      -1.0000000       2.0000000
    0.0013656375       0.0000000      -1.0000000      -1.0000000      -1.0000000
      -1.0000000      -1.0000000      -1.0000000      -1.0000000      -1.0000000
      -1.0000000
       0.0000000       68.000000       2.0020282      -1.0000000       144125.00
       1.3905158       2.3538508      -1.0000000      -1.0000000      -1.0000000
      -1.0000000      -1.0000000      -1.0000000       122.64660       11.237862
       104.91333
       1.0000000       68.000000       2.0020282      -1.0000000       2.0000000
   0.00075625913    0.0072302367      -1.0000000      -1.0000000      -1.0000000
      -1.0000000      -1.0000000      -1.0000000      -1.0000000      -1.0000000
      -1.0000000
       0.0000000       67.000000       2.1032696      -1.0000000       133214.00
       1.2178785       2.4095044      -1.0000000      -1.0000000      -1.0000000
      -1.0000000      -1.0000000      -1.0000000       123.72846       11.042953
       106.61810
       0.0000000       66.000000       2.2079256      -1.0000000       129688.00
       1.1021806       1.8101443      -1.0000000      -1.0000000      -1.0000000
      -1.0000000      -1.0000000      -1.0000000       123.66635       9.7019720
       114.54691
       1.0000000       66.000000       2.2079256      -1.0000000       1.0000000
    0.0010707047       0.0000000      -1.0000000      -1.0000000      -1.0000000
      -1.0000000      -1.0000000      -1.0000000      -1.0000000      -1.0000000
      -1.0000000
       0.0000000       65.000000       2.3161108      -1.0000000       116730.00
       1.1007072       1.8640777      -1.0000000      -1.0000000      -1.0000000
      -1.0000000      -1.0000000      -1.0000000       126.13094       13.182281
       114.94997
       0.0000000       64.000000       2.4442258      -1.0000000       106241.00
      0.69960278       2.5214374      -1.0000000      -1.0000000      -1.0000000
      -1.0000000      -1.0000000      -1.0000000       137.97693       14.032198
       104.80027
       1.0000000       64.000000       2.4442258      -1.0000000       2.0000000
      0.24354733       1.9127560      -1.0000000      -1.0000000      -1.0000000
      -1.0000000      -1.0000000      -1.0000000      -1.0000000      -1.0000000
      -1.0000000
       0.0000000       63.000000       2.5772903      -1.0000000       98923.000
      0.79999316       4.5472155      -1.0000000      -1.0000000      -1.0000000
      -1.0000000      -1.0000000      -1.0000000       153.25407       20.474619
       85.532211
       1.0000000       63.000000       2.5772903      -1.0000000       4.0000000
     0.015425986      0.13386944      -1.0000000      -1.0000000      -1.0000000
      -1.0000000      -1.0000000      -1.0000000      -1.0000000      -1.0000000
      -1.0000000
       0.0000000       62.000000       2.7331426      -1.0000000       91951.000
      0.23984839      0.37884238      -1.0000000      -1.0000000      -1.0000000
      -1.0000000      -1.0000000      -1.0000000       89.237167       2.0249178
       26.972120
       0.0000000       61.000000       2.8957851      -1.0000000       82315.000
      0.22406594      0.53396028      -1.0000000      -1.0000000      -1.0000000
      -1.0000000      -1.0000000      -1.0000000       102.11768       3.1178834
       37.521160
       1.0000000       61.000000       2.8957851      -1.0000000       1.0000000
       0.0000000       0.0000000      -1.0000000      -1.0000000      -1.0000000
      -1.0000000      -1.0000000      -1.0000000      -1.0000000      -1.0000000
      -1.0000000
       0.0000000       60.000000       3.0081310      -1.0000000       75792.000
      0.20811269      0.45953429      -1.0000000      -1.0000000      -1.0000000
      -1.0000000      -1.0000000      -1.0000000       93.726723       2.9360056
       47.918606
       1.0000000       60.000000       3.0081310      -1.0000000       1.0000000
       0.0000000       0.0000000      -1.0000000      -1.0000000      -1.0000000
      -1.0000000      -1.0000000      -1.0000000      -1.0000000      -1.0000000
      -1.0000000
       0.0000000       59.000000       3.0848227      -1.0000000       71343.000
      0.18314022      0.50792503      -1.0000000      -1.0000000      -1.0000000
      -1.0000000      -1.0000000      -1.0000000       89.826454       2.8277583
       56.972210
       1.0000000       59.000000       3.0848227      -1.0000000       2.0000000
    0.0031424530     0.087322041      -1.0000000      -1.0000000      -1.0000000
      -1.0000000      -1.0000000      -1.0000000      -1.0000000      -1.0000000
      -1.0000000
       0.0000000       58.000000       3.2830331      -1.0000000       62182.000
      0.16205640      0.62776071      -1.0000000      -1.0000000      -1.0000000
      -1.0000000      -1.0000000      -1.0000000       87.309319       3.0553942
       69.088440
       0.0000000       57.000000       3.4908614      -1.0000000       56040.000
      0.13099182      0.51646543      -1.0000000      -1.0000000      -1.0000000
      -1.0000000      -1.0000000      -1.0000000       85.509491       3.1121361
       65.719635
       1.0000000       57.000000       3.4908614      -1.0000000       1.0000000
       0.0000000       0.0000000      -1.0000000      -1.0000000      -1.0000000
      -1.0000000      -1.0000000      -1.0000000      -1.0000000      -1.0000000
      -1.0000000
