       0.0000000       135.00000       0.0000000       102.00000       240777.00
       3.7335536       1.3186604      0.34197390      0.51515150      0.30095080
      -5.0330281      -56.632538      -56.393116       97.788002       17.371008
       84.285172
       0.0000000       134.00000    0.0095216669       100.00000       237872.00
       3.6781855       1.3526462      0.33857992      0.50000000      0.29674309
      -8.1885595      -58.471127      -53.652252       97.061798       17.036434
       91.145538
       0.0000000       133.00000     0.023974428       1426.0000       412356.00
       3.7169433       1.0895420      0.33139592      0.50000000      0.27585804
      -14.034554      -53.363510      -51.302322       96.103493       16.912231
       95.585770
       0.0000000       132.00000     0.033724371       1438.0000       411910.00
       3.6781251      0.84573233      0.34325263      0.55882359      0.28690937
      -17.170809      -49.127003      -56.131477       96.285698       16.737883
       94.620621
       0.0000000       131.00000     0.048523631       1439.0000       408106.00
       3.7078621      0.85484171      0.34249675      0.52941173      0.30550683
      -20.629053      -45.560192      -62.891029       97.237839       17.239485
       94.025299
       0.0000000       130.00000     0.058507323       1410.0000       404181.00
       3.7311904       1.0754989      0.34337121      0.57142854      0.28870302
      -21.184877      -47.067986      -66.834343       98.698708       17.338142
       95.387260
       0.0000000       129.00000     0.073661387       1388.0000       400342.00
       3.6942925       2.1619959      0.34272811      0.58333337      0.28803849
      -28.350512      -44.369114      -68.342545       99.821396       18.486612
       97.063271
       0.0000000       128.00000     0.083884433       1378.0000       397435.00
       3.6967390       2.1765308      0.33961615      0.57142854      0.27828178
      -24.740705      -43.330509      -68.711914       99.491455       18.692022
       99.796944
       0.0000000       127.00000     0.099401802       1372.0000       394958.00
       3.6529102       2.0202327      0.33842984      0.56756753      0.29219434
      -14.206790      -41.505672      -71.684158       98.835609       17.744047
       102.75005
       0.0000000       126.00000      0.10986994       1374.0000       393020.00
       3.5970211       2.0728807      0.33433682      0.54285711      0.28583911
      -2.1697211      -37.308586      -71.821999       97.801598       18.275595
       103.67687
       1.0000000       126.00000      0.10986994      -1.0000000       1.0000000
       0.0000000       0.0000000      -1.0000000      -1.0000000      -1.0000000
      -1.0000000      -1.0000000      -1.0000000      -1.0000000      -1.0000000
      -1.0000000
       0.0000000       125.00000      0.12575933       1361.0000       390032.00
       3.6272035       1.9415714      0.32907018      0.58333337      0.26810613
      -3.2517610      -33.261684      -62.689793       97.572006       17.615128
       104.80311
       1.0000000       125.00000      0.12575933      -1.0000000       2.0000000
    0.0011353180     0.061426930      -1.0000000      -1.0000000      -1.0000000
      -1.0000000      -1.0000000      -1.0000000      -1.0000000      -1.0000000
      -1.0000000
       0.0000000       124.00000      0.14187621       1358.0000       386497.00
       3.5440688       1.7168542      0.31540105      0.57142854      0.25299221
      -8.6372528      -26.615059      -51.572063       98.004478       17.490078
       103.90343
       1.0000000       124.00000      0.14187621      -1.0000000       1.0000000
       0.0000000       0.0000000      -1.0000000      -1.0000000      -1.0000000
      -1.0000000      -1.0000000      -1.0000000      -1.0000000      -1.0000000
      -1.0000000
       0.0000000       123.00000      0.15274876       1315.0000       382560.00
       3.5941591       1.6494949      0.30616617      0.58333337      0.23307791
      -12.955955      -35.587479      -46.767475       98.234245       17.591118
       102.96127
       1.0000000       123.00000      0.15274876      -1.0000000       2.0000000
    0.0013399756     0.049173677      -1.0000000      -1.0000000      -1.0000000
      -1.0000000      -1.0000000      -1.0000000      -1.0000000      -1.0000000
      -1.0000000
       0.0000000       122.00000      0.16925204       1288.0000       378203.00
       3.4609647       1.5926164      0.32470322      0.56756753      0.25692651
      -17.568676      -62.540550      -45.511093       100.19077       17.023935
       100.66843
       1.0000000       122.00000      0.16925204      -1.0000000       1.0000000
   0.00049950584     0.042862169      -1.0000000      -1.0000000      -1.0000000
      -1.0000000      -1.0000000      -1.0000000      -1.0000000      -1.0000000
      -1.0000000
       0.0000000       121.00000      0.18038526       1286.0000       375021.00
       3.7392852       2.6310477      0.34331748      0.54545456      0.28507799
      -22.944105      -64.739677      -58.452507       101.38338       20.918983
       97.142914
       1.0000000       121.00000      0.18038526      -1.0000000       1.0000000
   0.00064952113     0.020584466      -1.0000000      -1.0000000      -1.0000000
      -1.0000000      -1.0000000      -1.0000000      -1.0000000      -1.0000000
      -1.0000000
       0.0000000       120.00000      0.19728418       1255.0000       369908.00
       3.3381019       1.5088164      0.40565959      0.43750000      0.25750029
      -37.321640      -77.630745      -111.78384       104.91281       14.243734
       95.241806
       1.0000000       120.00000      0.19728418      -1.0000000       1.0000000
    0.0021953259     0.038049582      -1.0000000      -1.0000000      -1.0000000
      -1.0000000      -1.0000000      -1.0000000      -1.0000000      -1.0000000
      -1.0000000
       0.0000000       119.00000      0.21442504       1272.0000       367991.00
       3.4351387       3.0292618      0.39676219      0.64999998      0.54670453
      -40.644581      -91.738205      -127.41724       106.12808       24.855686
       100.93614
       2.0000000       119.00000      0.21442504      0.35175934       111.00000
      0.94244105      0.74541086      -1.0000000      -1.0000000      -1.0000000
      -1.0000000      -1.0000000      -1.0000000      -1.0000000      -1.0000000
      -1.0000000
       0.0000000       118.00000      0.22598839       1312.0000       368174.00
       3.2107742       2.4745178      0.42804980      0.47058821      0.50464553
      -43.729355      -116.97010      -176.32513       110.26323       20.546265
       109.31785
       0.0000000       117.00000      0.24354018       1305.0000       363413.00
       3.2418828       2.9636717      0.40779108      0.41935480      0.46973780
      -39.165249      -110.59935      -212.45146       105.90309       20.464895
       113.20170
       0.0000000       116.00000      0.26134327       1309.0000       360230.00
       2.8121409       1.4733371      0.42073217      0.43333334      0.40696964
      -27.601418      -47.597305      -119.88322       98.962898       13.281616
       129.08414
       0.0000000       115.00000      0.27335334       1302.0000       357240.00
       2.7660968       1.3090713      0.42022243      0.34482753      0.37505355
      -30.230110      -41.023632      -118.58318       97.675392       12.446286
       135.28600
       0.0000000       114.00000      0.29158324       1303.0000       353760.00
       2.7477858       1.2010262      0.42359117      0.39999998      0.36952984
      -27.940891      -28.450480      -118.77450       98.402214       12.130792
       138.08153
       1.0000000       114.00000      0.29158324      -1.0000000       1.0000000
    0.0021872642     0.011531022      -1.0000000      -1.0000000      -1.0000000
      -1.0000000      -1.0000000      -1.0000000      -1.0000000      -1.0000000
      -1.0000000
       0.0000000       113.00000      0.31007412       1312.0000       350900.00
       2.6814227       1.0640782      0.42427331      0.31034482      0.33938813
      -24.324068      -27.320612      -120.07280       100.93395       11.685113
       133.79440
       1.0000000       113.00000      0.31007412      -1.0000000       2.0000000
   0.00053270441     0.017309280      -1.0000000      -1.0000000      -1.0000000
      -1.0000000      -1.0000000      -1.0000000      -1.0000000      -1.0000000
      -1.0000000
       0.0000000       112.00000      0.32882974       1342.0000       347666.00
       2.7363288       1.2768337      0.42787123      0.45454544      0.35326138
      -11.715324      -9.7493935      -124.46922       105.52094       12.123119
       128.22865
       1.0000000       112.00000      0.32882974      -1.0000000       2.0000000
    0.0023944318     0.045302184      -1.0000000      -1.0000000      -1.0000000
      -1.0000000      -1.0000000      -1.0000000      -1.0000000      -1.0000000
      -1.0000000
       0.0000000       111.00000      0.34785384       1327.0000       343927.00
       2.6792212       1.5674396      0.42710447      0.43750000      0.38581052
       16.022133       1.4973682      -133.64828       109.50175       12.084814
       120.34316
       0.0000000       110.00000      0.36068764       1335.0000       342529.00
       2.6781559       1.6914066      0.42752245      0.42424244      0.38848963
       38.628033       13.365389      -125.98055       113.34144       12.226498
       115.17738
       0.0000000       109.00000      0.38016787       1360.0000       340232.00
       2.6747236       1.5097328      0.42113602      0.39999998      0.38440350
       66.830780       34.491257      -126.48035       118.87070       12.543633
       107.97838
       0.0000000       108.00000      0.39992696       1397.0000       339960.00
       2.6474893       1.1835147      0.42647627      0.41935480      0.49309903
       86.300461       21.952908      -138.01283       126.79243       12.444382
       92.266670
       0.0000000       107.00000      0.41996893       1417.0000       336915.00
       2.6654565       1.6041040      0.43097773      0.48484850      0.46671042
       124.28562       29.233286      -119.10544       129.09875       13.296684
       84.998543
       0.0000000       106.00000      0.44029784       1422.0000       334540.00
       2.5518513       1.7951863      0.43111348      0.42424244      0.39741766
       132.45432       36.611744      -120.59138       117.80166       12.519170
       97.227448
       0.0000000       105.00000      0.46091780       1457.0000       332093.00
       2.5104177       1.5048909      0.44467798      0.43333334      0.41354817
       143.31180       25.616693      -110.57935       103.81012       12.133550
       96.143333
       1.0000000       105.00000      0.46091780      -1.0000000       1.0000000
    0.0016840637       0.0000000      -1.0000000      -1.0000000      -1.0000000
      -1.0000000      -1.0000000      -1.0000000      -1.0000000      -1.0000000
      -1.0000000
       0.0000000       104.00000      0.48183295       1460.0000       328216.00
       2.5209157       1.3812430      0.44814786      0.53125000      0.45316681
       151.55438       15.727505      -114.20721       97.692459       12.376118
       90.515320
       0.0000000       103.00000      0.50304753       1459.0000       323642.00
       2.4788563       1.6703411      0.45444140      0.44117647      0.50337529
       156.18985       29.345976      -125.62762       96.811005       12.666988
       86.479279
       0.0000000       102.00000      0.52456582       1481.0000       321576.00
       2.4749956       2.0392203      0.48693311      0.55882359      0.48801720
       155.31546       43.358681      -157.94141       97.313675       12.958099
       82.117401
       0.0000000       101.00000      0.54639220       1474.0000       317678.00
       2.3718073       2.0685468      0.49413639      0.53333330      0.49603355
       139.40656       72.215019      -184.71065       97.323334       13.012616
       78.535431
       1.0000000       101.00000      0.54639220      -1.0000000       1.0000000
   0.00021888631     0.013451369      -1.0000000      -1.0000000      -1.0000000
      -1.0000000      -1.0000000      -1.0000000      -1.0000000      -1.0000000
      -1.0000000
       0.0000000       100.00000      0.57598084       1483.0000       314129.00
       2.3845069       2.2275546      0.47374371      0.61764705      0.49385405
       182.16142       119.70686      -118.80045       98.301544       13.390362
       72.937866
       1.0000000       100.00000      0.57598084      -1.0000000       1.0000000
   0.00051121990     0.037474331      -1.0000000      -1.0000000      -1.0000000
      -1.0000000      -1.0000000      -1.0000000      -1.0000000      -1.0000000
      -1.0000000
       0.0000000       99.000000      0.59854329       1475.0000       309074.00
       2.2925594       2.6078532      0.48724818      0.51612902      0.49047676
       215.80011       120.07406      -68.497757       99.498299       14.092673
       69.612679
       0.0000000       98.000000      0.62142873       1488.0000       306360.00
       2.2647965       2.9674041      0.48329127      0.61111116      0.49925092
       238.96478       61.588696      -39.146797       100.82193       14.520247
       66.088882
       0.0000000       97.000000      0.64464182       1491.0000       303775.00
       2.1345193       3.3986175      0.48099235      0.54838705      0.44788146
       247.46025      -9.5461645      -62.295200       100.84795       14.472338
       64.483650
       1.0000000       97.000000      0.64464182      -1.0000000       1.0000000
       0.0000000       0.0000000      -1.0000000      -1.0000000      -1.0000000
      -1.0000000      -1.0000000      -1.0000000      -1.0000000      -1.0000000
      -1.0000000
       0.0000000       96.000000      0.67611039       2713.0000       343325.00
       2.0048890       2.7179441      0.47811070      0.65789473      0.48574424
       210.60905      -57.996227      -124.97981       98.908653       13.915673
       63.420242
       1.0000000       96.000000      0.67611039      -1.0000000       1.0000000
   0.00073280238     0.028336344      -1.0000000      -1.0000000      -1.0000000
      -1.0000000      -1.0000000      -1.0000000      -1.0000000      -1.0000000
      -1.0000000
       0.0000000       95.000000      0.70010638       1505.0000       297511.00
       1.9471686       2.5401194      0.46256414      0.51612902      0.44109222
       185.90257      -50.631325      -137.90973       96.608978       13.325027
       67.808510
       0.0000000       94.000000      0.73263615       1518.0000       294231.00
       1.9047204       2.5300343      0.45562643      0.69230771      0.45314717
       180.85779      -50.386524      -166.43854       95.433182       13.325098
       69.675438
       0.0000000       93.000000      0.75744140       2868.0000       336333.00
       1.8596609       2.4296429      0.42919976      0.69999999      0.47214189
       148.11118      -47.492477      -179.55760       96.792633       13.696322
       65.819336
       1.0000000       93.000000      0.75744140      -1.0000000       1.0000000
     0.018574893      0.10094996      -1.0000000      -1.0000000      -1.0000000
      -1.0000000      -1.0000000      -1.0000000      -1.0000000      -1.0000000
      -1.0000000
       0.0000000       92.000000      0.79106826       1551.0000       285627.00
       1.7891394       2.3424180      0.43222517      0.69999999      0.46037063
       106.04984      -6.7040205      -192.26706       95.759315       13.433362
       71.788689
       1.0000000       92.000000      0.79106826      -1.0000000       4.0000000
     0.020300333      0.16286452      -1.0000000      -1.0000000      -1.0000000
      -1.0000000      -1.0000000      -1.0000000      -1.0000000      -1.0000000
      -1.0000000
       0.0000000       91.000000      0.81671000       1566.0000       283002.00
       1.7247494       2.3553543      0.44635168      0.70454550      0.46773824
       114.23801       13.080830      -205.42677       97.304092       12.855213
       70.630028
       0.0000000       90.000000      0.85147089       2978.0000       326265.00
       1.6572020       2.4122639      0.45937440      0.61764705      0.52975309
       164.20576      0.59947801      -184.15744       97.347801       12.949162
       68.339867
       1.0000000       90.000000      0.85147089      -1.0000000       2.0000000
    0.0052673439     0.029577028      -1.0000000      -1.0000000      -1.0000000
      -1.0000000      -1.0000000      -1.0000000      -1.0000000      -1.0000000
      -1.0000000
       0.0000000       89.000000      0.88689691      -1.0000000       321859.00
       1.5449021       2.2096906      -1.0000000      -1.0000000      -1.0000000
      -1.0000000      -1.0000000      -1.0000000       97.298195       12.626147
       68.452698
       1.0000000       89.000000      0.88689691      -1.0000000       2.0000000
     0.018130882      0.15801605      -1.0000000      -1.0000000      -1.0000000
      -1.0000000      -1.0000000      -1.0000000      -1.0000000      -1.0000000
      -1.0000000
       0.0000000       88.000000      0.92300081      -1.0000000       318837.00
       1.5497450       2.2972007      -1.0000000      -1.0000000      -1.0000000
      -1.0000000      -1.0000000      -1.0000000       99.485275       13.278387
       66.776741
       1.0000000       88.000000      0.92300081      -1.0000000       2.0000000
     0.014456648     0.044897594      -1.0000000      -1.0000000      -1.0000000
      -1.0000000      -1.0000000      -1.0000000      -1.0000000      -1.0000000
      -1.0000000
       0.0000000       87.000000      0.95053136      -1.0000000       315700.00
       1.4527408       2.9680095      -1.0000000      -1.0000000      -1.0000000
      -1.0000000      -1.0000000      -1.0000000       100.56116       12.718010
       67.307953
       0.0000000       86.000000      0.98785281      -1.0000000       310646.00
       1.3512886       2.3614330      -1.0000000      -1.0000000      -1.0000000
      -1.0000000      -1.0000000      -1.0000000       96.328880       12.397009
       69.237862
       1.0000000       86.000000      0.98785281      -1.0000000       4.0000000
    0.0084018642      0.10532610      -1.0000000      -1.0000000      -1.0000000
      -1.0000000      -1.0000000      -1.0000000      -1.0000000      -1.0000000
      -1.0000000
       0.0000000       85.000000      0.99729425      -1.0000000       310338.00
       1.3420992       2.2249799      -1.0000000      -1.0000000      -1.0000000
      -1.0000000      -1.0000000      -1.0000000       96.538910       12.185607
       69.321571
       0.0000000       84.000000       1.0355104      -1.0000000       306965.00
       1.3099124       2.0975335      -1.0000000      -1.0000000      -1.0000000
      -1.0000000      -1.0000000      -1.0000000       97.211151       12.111147
       70.451935
       1.0000000       84.000000       1.0355104      -1.0000000       2.0000000
    0.0047332132      0.17635197      -1.0000000      -1.0000000      -1.0000000
      -1.0000000      -1.0000000      -1.0000000      -1.0000000      -1.0000000
      -1.0000000
       0.0000000       83.000000       1.0744579      -1.0000000       301668.00
       1.2667650       2.6945200      -1.0000000      -1.0000000      -1.0000000
      -1.0000000      -1.0000000      -1.0000000       98.684883       12.560396
       71.257973
       0.0000000       82.000000       1.1141505      -1.0000000       296356.00
       1.1384655       2.2329605      -1.0000000      -1.0000000      -1.0000000
      -1.0000000      -1.0000000      -1.0000000       98.057747       10.798779
       71.837914
       1.0000000       82.000000       1.1141505      -1.0000000       1.0000000
    0.0036177281     0.063093990      -1.0000000      -1.0000000      -1.0000000
      -1.0000000      -1.0000000      -1.0000000      -1.0000000      -1.0000000
      -1.0000000
       0.0000000       81.000000       1.1546028      -1.0000000       291193.00
       1.1120740       1.9779760      -1.0000000      -1.0000000      -1.0000000
      -1.0000000      -1.0000000      -1.0000000       98.282028       11.078542
       73.622643
       1.0000000       81.000000       1.1546028      -1.0000000       1.0000000
    0.0096082278     0.063642301      -1.0000000      -1.0000000      -1.0000000
      -1.0000000      -1.0000000      -1.0000000      -1.0000000      -1.0000000
      -1.0000000
       0.0000000       80.000000       1.2062581      -1.0000000       284789.00
       1.0602119       2.3295574      -1.0000000      -1.0000000      -1.0000000
      -1.0000000      -1.0000000      -1.0000000       98.405502       11.391413
       74.946358
       0.0000000       79.000000       1.2484726      -1.0000000       278842.00
      0.93253011       1.8769826      -1.0000000      -1.0000000      -1.0000000
      -1.0000000      -1.0000000      -1.0000000       98.739616       9.3475361
       77.624855
       1.0000000       79.000000       1.2484726      -1.0000000       1.0000000
     0.010218315      0.13240579      -1.0000000      -1.0000000      -1.0000000
      -1.0000000      -1.0000000      -1.0000000      -1.0000000      -1.0000000
      -1.0000000
       0.0000000       78.000000       1.3023784      -1.0000000       270610.00
      0.86620474       1.3404739      -1.0000000      -1.0000000      -1.0000000
      -1.0000000      -1.0000000      -1.0000000       97.269714       8.5229836
       86.192291
       1.0000000       78.000000       1.3023784      -1.0000000       1.0000000
   0.00039304848     0.027404653      -1.0000000      -1.0000000      -1.0000000
      -1.0000000      -1.0000000      -1.0000000      -1.0000000      -1.0000000
      -1.0000000
       0.0000000       77.000000       1.3575766      -1.0000000       262718.00
      0.82222539       1.6737763      -1.0000000      -1.0000000      -1.0000000
      -1.0000000      -1.0000000      -1.0000000       95.132645       8.2342558
       91.757004
       0.0000000       76.000000       1.4140983      -1.0000000       254580.00
      0.72659087       1.2900363      -1.0000000      -1.0000000      -1.0000000
      -1.0000000      -1.0000000      -1.0000000       94.512962       6.8812294
       96.126740
       1.0000000       76.000000       1.4140983      -1.0000000       3.0000000
    0.0013226677     0.023480663      -1.0000000      -1.0000000      -1.0000000
      -1.0000000      -1.0000000      -1.0000000      -1.0000000      -1.0000000
      -1.0000000
       0.0000000       75.000000       1.4719748      -1.0000000       246704.00
      0.67072248       1.0658906      -1.0000000      -1.0000000      -1.0000000
      -1.0000000      -1.0000000      -1.0000000       94.356346       5.9805613
       96.031105
       1.0000000       75.000000       1.4719748      -1.0000000       1.0000000
     0.022127584      0.28069028      -1.0000000      -1.0000000      -1.0000000
      -1.0000000      -1.0000000      -1.0000000      -1.0000000      -1.0000000
      -1.0000000
       0.0000000       74.000000       1.5312390      -1.0000000       239502.00
      0.64510363       1.0624048      -1.0000000      -1.0000000      -1.0000000
      -1.0000000      -1.0000000      -1.0000000       101.75349       6.0679073
       89.065247
       1.0000000       74.000000       1.5312390      -1.0000000       1.0000000
   0.00022322628       0.0000000      -1.0000000      -1.0000000      -1.0000000
      -1.0000000      -1.0000000      -1.0000000      -1.0000000      -1.0000000
      -1.0000000
       0.0000000       73.000000       1.6042346      -1.0000000       232310.00
      0.62738717       2.0969706      -1.0000000      -1.0000000      -1.0000000
      -1.0000000      -1.0000000      -1.0000000       114.47070       8.4122992
       72.838867
       1.0000000       73.000000       1.6042346      -1.0000000       2.0000000
    0.0044917399      0.18285815      -1.0000000      -1.0000000      -1.0000000
      -1.0000000      -1.0000000      -1.0000000      -1.0000000      -1.0000000
      -1.0000000
       0.0000000       72.000000       1.6666696      -1.0000000       223640.00
      0.50905091       2.3173728      -1.0000000      -1.0000000      -1.0000000
      -1.0000000      -1.0000000      -1.0000000       110.51630       9.3559923
       79.621002
       1.0000000       72.000000       1.6666696      -1.0000000       1.0000000
    0.0043817204       0.0000000      -1.0000000      -1.0000000      -1.0000000
      -1.0000000      -1.0000000      -1.0000000      -1.0000000      -1.0000000
      -1.0000000
       0.0000000       71.000000       1.7435706      -1.0000000       216262.00
      0.30275476       1.9034582      -1.0000000      -1.0000000      -1.0000000
      -1.0000000      -1.0000000      -1.0000000       99.979347       8.6399202
       91.552757
       2.0000000       71.000000       1.7435706      0.40332484       71.000000
      0.12210852      0.14948557      -1.0000000      -1.0000000      -1.0000000
      -1.0000000      -1.0000000      -1.0000000      -1.0000000      -1.0000000
      -1.0000000
       2.0000000       71.000000       1.7435706      0.51362222       67.000000
     0.032548737      0.17400973      -1.0000000      -1.0000000      -1.0000000
      -1.0000000      -1.0000000      -1.0000000      -1.0000000      -1.0000000
      -1.0000000
       1.0000000       71.000000       1.7435706      -1.0000000       1.0000000
    0.0016813170     0.026569562      -1.0000000      -1.0000000      -1.0000000
      -1.0000000      -1.0000000      -1.0000000      -1.0000000      -1.0000000
      -1.0000000
       0.0000000       70.000000       1.8226893      -1.0000000       211440.00
      0.24561638       2.0418429      -1.0000000      -1.0000000      -1.0000000
      -1.0000000      -1.0000000      -1.0000000       101.24650       8.8483000
       84.204140
       1.0000000       70.000000       1.8226893      -1.0000000       1.0000000
       0.0000000       0.0000000      -1.0000000      -1.0000000      -1.0000000
      -1.0000000      -1.0000000      -1.0000000      -1.0000000      -1.0000000
      -1.0000000
       0.0000000       69.000000       1.9040896      -1.0000000       201331.00
      0.19302304       2.1072931      -1.0000000      -1.0000000      -1.0000000
      -1.0000000      -1.0000000      -1.0000000       105.45071       9.4147825
       76.892281
       0.0000000       68.000000       2.0020282      -1.0000000       206734.00
      0.11504764       1.4234035      -1.0000000      -1.0000000      -1.0000000
      -1.0000000      -1.0000000      -1.0000000       100.19888       5.6975327
       85.682693
       1.0000000       68.000000       2.0020282      -1.0000000       2.0000000
   0.00037287248     0.015858293      -1.0000000      -1.0000000      -1.0000000
      -1.0000000      -1.0000000      -1.0000000      -1.0000000      -1.0000000
      -1.0000000
       0.0000000       67.000000       2.1032696      -1.0000000       200098.00
     0.063370965      0.32133922      -1.0000000      -1.0000000      -1.0000000
      -1.0000000      -1.0000000      -1.0000000       62.149937       1.5370533
       27.941534
       1.0000000       67.000000       2.1032696      -1.0000000       5.0000000
    0.0098623658      0.10640963      -1.0000000      -1.0000000      -1.0000000
      -1.0000000      -1.0000000      -1.0000000      -1.0000000      -1.0000000
      -1.0000000
       0.0000000       66.000000       2.2079256      -1.0000000       171080.00
     0.057278536      0.32059649      -1.0000000      -1.0000000      -1.0000000
      -1.0000000      -1.0000000      -1.0000000       61.289455       1.4494289
       28.508837
       0.0000000       65.000000       2.3161108      -1.0000000       161221.00
     0.049417309      0.31789681      -1.0000000      -1.0000000      -1.0000000
      -1.0000000      -1.0000000      -1.0000000       58.454578       1.4376155
       31.656282
       0.0000000       64.000000       2.4442258      -1.0000000       175373.00
     0.045128904      0.21160966      -1.0000000      -1.0000000      -1.0000000
      -1.0000000      -1.0000000      -1.0000000       58.820152       1.0715204
       36.888100
       0.0000000       63.000000       2.5772903      -1.0000000       157525.00
     0.039875533      0.22698450      -1.0000000      -1.0000000      -1.0000000
      -1.0000000      -1.0000000      -1.0000000       58.566940       1.1486530
       41.878151
       0.0000000       62.000000       2.7331426      -1.0000000       160104.00
     0.033421393      0.24775092      -1.0000000      -1.0000000      -1.0000000
      -1.0000000      -1.0000000      -1.0000000       57.856907       1.1022168
       44.800541
       0.0000000       61.000000       2.8957851      -1.0000000       165805.00
     0.027238645      0.17687859      -1.0000000      -1.0000000      -1.0000000
      -1.0000000      -1.0000000      -1.0000000       54.435829      0.96002936
       45.660332
       0.0000000       60.000000       3.0081310      -1.0000000       230523.00
     0.026719134      0.16292885      -1.0000000      -1.0000000      -1.0000000
      -1.0000000      -1.0000000      -1.0000000       54.157085      0.97937876
       60.396980
       0.0000000       59.000000       3.0848227      -1.0000000       240783.00
     0.024530796      0.16900764      -1.0000000      -1.0000000      -1.0000000
      -1.0000000      -1.0000000      -1.0000000       55.393612      0.87805533
       56.916275
       0.0000000       58.000000       3.2830331      -1.0000000       221362.00
     0.017399995      0.10134392      -1.0000000      -1.0000000      -1.0000000
      -1.0000000      -1.0000000      -1.0000000       54.446369      0.72622913
       61.722061
       0.0000000       57.000000       3.4908614      -1.0000000       209314.00
     0.016047571      0.14303112      -1.0000000      -1.0000000      -1.0000000
      -1.0000000      -1.0000000      -1.0000000       59.462910      0.76906908
       55.836174
