       0.0000000       135.00000       0.0000000       3231.0000       471586.00
       2.2583239       1.9707240      0.49842817      0.46875006      0.56475985
       82.143761      -153.30780      -53.522209       86.728722       11.710083
       45.543247
       0.0000000       134.00000    0.0095216669      -1.0000000       466652.00
       2.2000384       1.9366246      -1.0000000      -1.0000000      -1.0000000
      -1.0000000      -1.0000000      -1.0000000       85.774246       11.599536
       45.500107
       0.0000000       132.00000     0.033724371       3286.0000       466026.00
       2.2229624       1.7862678      0.49788421      0.47058821      0.56025648
       75.894264      -167.25615      -26.970999       86.361382       11.772088
       45.606991
       0.0000000       131.00000     0.048523631       3304.0000       462833.00
       2.1687732       2.0501130      0.49073070      0.55555552      0.57695818
       64.544937      -177.15759      -15.891908       86.551842       11.812023
       46.645271
       0.0000000       130.00000     0.058507323       3324.0000       460524.00
       2.1132231       1.9116518      0.49948370      0.48484850      0.53226972
       57.070240      -176.08923      -19.360590       86.135277       11.252894
       46.999012
       0.0000000       129.00000     0.073661387       3348.0000       458157.00
       2.0970352       1.6921836      0.49535024      0.48484850      0.54269868
       41.351807      -179.77855      -23.875998       85.009987       11.237061
       47.167042
       0.0000000       128.00000     0.083884433       3355.0000       455866.00
       2.0970502       1.5802140      0.49370050      0.48571426      0.56087965
       26.252790      -185.06308      -25.290369       85.599342       11.028660
       47.437458
       0.0000000       127.00000     0.099401802       3382.0000       454433.00
       2.0296831       1.8332391      0.48638108      0.51428568      0.54840982
       3.3521240      -182.17570      -44.355930       84.847191       11.347713
       48.062771
       0.0000000       126.00000      0.10986994       3379.0000       452212.00
       2.0510206       1.6168618      0.48892736      0.47058821      0.52028519
     -0.19625993      -172.54482      -72.319237       84.673409       11.276676
       48.554153
       1.0000000       126.00000      0.10986994      -1.0000000       1.0000000
   0.00038779396     0.012960820      -1.0000000      -1.0000000      -1.0000000
      -1.0000000      -1.0000000      -1.0000000      -1.0000000      -1.0000000
      -1.0000000
       0.0000000       125.00000      0.12575933       3436.0000       450938.00
       1.9697522       1.8104466      0.48878038      0.45454544      0.51496375
       20.237244      -154.38170      -111.23767       85.297127       10.831609
       48.515316
       0.0000000       124.00000      0.14187621       3422.0000       447645.00
       1.9707071       1.7131687      0.49795556      0.39999998      0.50227141
       55.966358      -141.28932      -125.72774       85.898697       11.249454
       47.251549
       0.0000000       123.00000      0.15274876       3444.0000       446220.00
       1.9460524       1.9016817      0.50467438      0.45161289      0.53008080
       77.344650      -131.13982      -127.07767       87.996185       11.179085
       45.473141
       0.0000000       122.00000      0.16925204       3420.0000       442881.00
       1.8959125       2.0569034      0.51014006      0.48484850      0.54394436
       109.94232      -135.39351      -107.67850       88.169250       11.420693
       45.596745
       0.0000000       121.00000      0.18038526       3453.0000       440806.00
       1.8719393       2.1373851      0.52053154      0.58823532      0.55507463
       125.34193      -139.76184      -83.548973       87.848396       11.499122
       46.199699
       0.0000000       120.00000      0.19728418       3610.0000       440625.00
       1.8024306       2.2282109      0.51773047      0.50000000      0.56061542
       127.44270      -153.71695      -55.628414       86.961639       11.293727
       46.913433
       0.0000000       119.00000      0.21442504       3493.0000       435689.00
       1.7710505       1.9679679      0.51449019      0.57142854      0.57916325
       122.71867      -170.63718      -34.006340       87.130844       10.811090
       48.148357
       0.0000000       118.00000      0.22598839       3650.0000       436906.00
       1.7171501       1.9796293      0.50363344      0.65789473      0.57701761
       116.73607      -174.85739      -16.849716       86.494942       10.895357
       48.976963
       0.0000000       117.00000      0.24354018       3684.0000       433811.00
       1.7316364       1.7826685      0.49670631      0.61764705      0.54435730
       85.854698      -188.23306      -15.861721       85.271553       11.196364
       49.132595
       0.0000000       116.00000      0.26134327       3723.0000       431350.00
       1.6798402       1.9615124      0.50979531      0.53125000      0.56508994
       70.494125      -197.53848      -38.586197       87.731750       10.809242
       49.545536
       0.0000000       115.00000      0.27335334       3741.0000       429166.00
       1.6513833       1.8318605      0.50475514      0.57575762      0.54873943
       69.413567      -194.09058      -54.282177       86.847214       10.627335
       49.229866
       0.0000000       114.00000      0.29158324       3727.0000       425773.00
       1.6313319       1.9659038      0.49804011      0.66666663      0.56399900
       84.753418      -176.92313      -74.861343       86.528358       11.051331
       50.052719
       0.0000000       113.00000      0.31007412       3734.0000       422928.00
       1.5844526       2.0312831      0.49637094      0.57142854      0.56945366
       87.002121      -176.30511      -77.399513       87.613342       11.076718
       50.110466
       0.0000000       112.00000      0.32882974      -1.0000000       419056.00
       1.5482717       2.0196915      -1.0000000      -1.0000000      -1.0000000
      -1.0000000      -1.0000000      -1.0000000       88.132042       10.871125
       50.349941
       0.0000000       111.00000      0.34785384      -1.0000000       417072.00
       1.4753197       2.2458267      -1.0000000      -1.0000000      -1.0000000
      -1.0000000      -1.0000000      -1.0000000       87.379807       11.074410
       51.562824
       0.0000000       110.00000      0.36068764      -1.0000000       416119.00
       1.4291270       1.9984571      -1.0000000      -1.0000000      -1.0000000
      -1.0000000      -1.0000000      -1.0000000       86.418083       10.446418
       52.352066
       0.0000000       109.00000      0.38016787      -1.0000000       412664.00
       1.4162030       1.7867160      -1.0000000      -1.0000000      -1.0000000
      -1.0000000      -1.0000000      -1.0000000       86.634720       10.400241
       52.535774
       0.0000000       108.00000      0.39992696      -1.0000000       411489.00
       1.3883221       1.9294823      -1.0000000      -1.0000000      -1.0000000
      -1.0000000      -1.0000000      -1.0000000       87.401917       10.641004
       52.554195
       0.0000000       107.00000      0.41996893      -1.0000000       408300.00
       1.3466973       1.8500606      -1.0000000      -1.0000000      -1.0000000
      -1.0000000      -1.0000000      -1.0000000       88.237991       10.315166
       51.892014
       0.0000000       106.00000      0.44029784      -1.0000000       406937.00
       1.3170731       2.0550830      -1.0000000      -1.0000000      -1.0000000
      -1.0000000      -1.0000000      -1.0000000       89.267738       10.451110
       51.829994
       0.0000000       105.00000      0.46091780      -1.0000000       404080.00
       1.2553388       2.2049105      -1.0000000      -1.0000000      -1.0000000
      -1.0000000      -1.0000000      -1.0000000       88.800674       10.648173
       52.050045
       0.0000000       104.00000      0.48183295      -1.0000000       400995.00
       1.2159805       1.7222786      -1.0000000      -1.0000000      -1.0000000
      -1.0000000      -1.0000000      -1.0000000       87.968567       9.7654505
       53.256744
       0.0000000       103.00000      0.50304753      -1.0000000       397742.00
       1.1953543       1.9329222      -1.0000000      -1.0000000      -1.0000000
      -1.0000000      -1.0000000      -1.0000000       88.102905       10.288018
       53.688923
       0.0000000       102.00000      0.52456582      -1.0000000       395962.00
       1.1519178       1.8607804      -1.0000000      -1.0000000      -1.0000000
      -1.0000000      -1.0000000      -1.0000000       89.185982       9.8035641
       52.924503
       1.0000000       102.00000      0.52456582      -1.0000000       1.0000000
     0.012306742      0.13750920      -1.0000000      -1.0000000      -1.0000000
      -1.0000000      -1.0000000      -1.0000000      -1.0000000      -1.0000000
      -1.0000000
       0.0000000       101.00000      0.54639220      -1.0000000       393325.00
       1.0976160       1.9254805      -1.0000000      -1.0000000      -1.0000000
      -1.0000000      -1.0000000      -1.0000000       88.562698       9.6223240
       54.207771
       0.0000000       100.00000      0.57598084      -1.0000000       388075.00
       1.0680226       1.7634376      -1.0000000      -1.0000000      -1.0000000
      -1.0000000      -1.0000000      -1.0000000       87.939941       9.4657583
       56.345673
       1.0000000       100.00000      0.57598084      -1.0000000       1.0000000
       0.0000000       0.0000000      -1.0000000      -1.0000000      -1.0000000
      -1.0000000      -1.0000000      -1.0000000      -1.0000000      -1.0000000
      -1.0000000
       0.0000000       99.000000      0.59854329      -1.0000000       384167.00
       1.0104022       1.7758157      -1.0000000      -1.0000000      -1.0000000
      -1.0000000      -1.0000000      -1.0000000       86.751122       9.2589340
       59.014542
       1.0000000       99.000000      0.59854329      -1.0000000       1.0000000
       0.0000000       0.0000000      -1.0000000      -1.0000000      -1.0000000
      -1.0000000      -1.0000000      -1.0000000      -1.0000000      -1.0000000
      -1.0000000
       0.0000000       98.000000      0.62142873      -1.0000000       380443.00
      0.98064339       1.4414035      -1.0000000      -1.0000000      -1.0000000
      -1.0000000      -1.0000000      -1.0000000       85.529510       8.6260891
       60.960369
       1.0000000       98.000000      0.62142873      -1.0000000       1.0000000
       0.0000000       0.0000000      -1.0000000      -1.0000000      -1.0000000
      -1.0000000      -1.0000000      -1.0000000      -1.0000000      -1.0000000
      -1.0000000
       0.0000000       97.000000      0.64464182      -1.0000000       378371.00
      0.97333097       1.5945226      -1.0000000      -1.0000000      -1.0000000
      -1.0000000      -1.0000000      -1.0000000       85.647324       9.1770926
       62.908504
       0.0000000       96.000000      0.67611039      -1.0000000       374682.00
      0.92605221       1.7306391      -1.0000000      -1.0000000      -1.0000000
      -1.0000000      -1.0000000      -1.0000000       85.734688       9.0861750
       64.901047
       0.0000000       95.000000      0.70010638      -1.0000000       371437.00
      0.89382195       1.8156033      -1.0000000      -1.0000000      -1.0000000
      -1.0000000      -1.0000000      -1.0000000       84.949066       9.2359781
       68.142403
       0.0000000       94.000000      0.73263615      -1.0000000       367410.00
      0.85447270       1.4843559      -1.0000000      -1.0000000      -1.0000000
      -1.0000000      -1.0000000      -1.0000000       83.120819       8.6699629
       73.289780
       0.0000000       93.000000      0.75744140      -1.0000000       362645.00
      0.84906930       1.3454803      -1.0000000      -1.0000000      -1.0000000
      -1.0000000      -1.0000000      -1.0000000       83.397728       8.5557175
       76.231827
       0.0000000       92.000000      0.79106826      -1.0000000       354715.00
      0.81095338       1.3146306      -1.0000000      -1.0000000      -1.0000000
      -1.0000000      -1.0000000      -1.0000000       83.958038       8.4610453
       80.704941
       0.0000000       91.000000      0.81671000      -1.0000000       350421.00
      0.79275924       1.2778441      -1.0000000      -1.0000000      -1.0000000
      -1.0000000      -1.0000000      -1.0000000       84.630867       8.4091940
       80.227280
       0.0000000       90.000000      0.85147089      -1.0000000       344468.00
      0.81639963       1.4865943      -1.0000000      -1.0000000      -1.0000000
      -1.0000000      -1.0000000      -1.0000000       88.244217       9.0605478
       77.547531
       0.0000000       89.000000      0.88689691      -1.0000000       338102.00
      0.68173480       1.7940575      -1.0000000      -1.0000000      -1.0000000
      -1.0000000      -1.0000000      -1.0000000       91.616127       8.2450552
       77.070747
       0.0000000       88.000000      0.92300081      -1.0000000       333080.00
      0.76787561       1.9207982      -1.0000000      -1.0000000      -1.0000000
      -1.0000000      -1.0000000      -1.0000000       95.708855       10.339249
       78.049393
       1.0000000       88.000000      0.92300081      -1.0000000       1.0000000
      0.12466579      0.55959904      -1.0000000      -1.0000000      -1.0000000
      -1.0000000      -1.0000000      -1.0000000      -1.0000000      -1.0000000
      -1.0000000
       0.0000000       87.000000      0.95053136      -1.0000000       330883.00
     0.088823155      0.10514485      -1.0000000      -1.0000000      -1.0000000
      -1.0000000      -1.0000000      -1.0000000       45.939301      0.56867087
       6.0659328
       2.0000000       87.000000      0.95053136       2.2456262       86.000000
      0.39621928       2.2560327      -1.0000000      -1.0000000      -1.0000000
      -1.0000000      -1.0000000      -1.0000000      -1.0000000      -1.0000000
      -1.0000000
       0.0000000       86.000000      0.98785281      -1.0000000       326685.00
      0.17644045      0.34180421      -1.0000000      -1.0000000      -1.0000000
      -1.0000000      -1.0000000      -1.0000000       57.533749       1.3983502
       8.8666534
       0.0000000       85.000000      0.99729425      -1.0000000       325625.00
      0.12549129      0.28939152      -1.0000000      -1.0000000      -1.0000000
      -1.0000000      -1.0000000      -1.0000000       56.281155       1.0037712
       7.1920915
       0.0000000       84.000000       1.0355104      -1.0000000       321474.00
      0.34608254       2.4262764      -1.0000000      -1.0000000      -1.0000000
      -1.0000000      -1.0000000      -1.0000000       107.11907       10.846469
       68.737823
       0.0000000       83.000000       1.0744579      -1.0000000       318339.00
      0.10741965      0.25978094      -1.0000000      -1.0000000      -1.0000000
      -1.0000000      -1.0000000      -1.0000000       57.093277      0.99241287
       7.0795999
       2.0000000       83.000000       1.0744579       1.0760182       80.000000
      0.21130536       1.8372209      -1.0000000      -1.0000000      -1.0000000
      -1.0000000      -1.0000000      -1.0000000      -1.0000000      -1.0000000
      -1.0000000
       0.0000000       82.000000       1.1141505      -1.0000000       313819.00
      0.23905018      0.59592104      -1.0000000      -1.0000000      -1.0000000
      -1.0000000      -1.0000000      -1.0000000       67.504471       3.2187595
       17.480963
       0.0000000       81.000000       1.1546028      -1.0000000       310089.00
      0.22784394      0.62796104      -1.0000000      -1.0000000      -1.0000000
      -1.0000000      -1.0000000      -1.0000000       70.043030       3.4287281
       28.613075
       0.0000000       80.000000       1.2062581      -1.0000000       303984.00
      0.22172521      0.74788165      -1.0000000      -1.0000000      -1.0000000
      -1.0000000      -1.0000000      -1.0000000       70.113953       3.7548366
       34.062576
       0.0000000       79.000000       1.2484726      -1.0000000       299572.00
      0.20687005      0.94179028      -1.0000000      -1.0000000      -1.0000000
      -1.0000000      -1.0000000      -1.0000000       66.509529       3.8862932
       43.808510
       0.0000000       78.000000       1.3023784      -1.0000000       299636.00
      0.19637713      0.78849447      -1.0000000      -1.0000000      -1.0000000
      -1.0000000      -1.0000000      -1.0000000       62.151077       3.8715572
       49.032310
       0.0000000       77.000000       1.3575766      -1.0000000       379261.00
      0.18756860      0.64337790      -1.0000000      -1.0000000      -1.0000000
      -1.0000000      -1.0000000      -1.0000000       63.068905       3.6330855
       54.906654
       1.0000000       77.000000       1.3575766      -1.0000000       2.0000000
       0.0000000       0.0000000      -1.0000000      -1.0000000      -1.0000000
      -1.0000000      -1.0000000      -1.0000000      -1.0000000      -1.0000000
      -1.0000000
       0.0000000       76.000000       1.4140983      -1.0000000       290705.00
      0.17848450      0.65345716      -1.0000000      -1.0000000      -1.0000000
      -1.0000000      -1.0000000      -1.0000000       65.290451       3.5820999
       49.958008
       0.0000000       75.000000       1.4719748      -1.0000000       285017.00
      0.16461009      0.68308115      -1.0000000      -1.0000000      -1.0000000
      -1.0000000      -1.0000000      -1.0000000       66.112335       3.4406550
       47.838226
       0.0000000       74.000000       1.5312390      -1.0000000       365618.00
      0.15783833      0.67561197      -1.0000000      -1.0000000      -1.0000000
      -1.0000000      -1.0000000      -1.0000000       66.167343       3.5322540
       48.934959
       0.0000000       73.000000       1.6042346      -1.0000000       358002.00
      0.14067666      0.83220607      -1.0000000      -1.0000000      -1.0000000
      -1.0000000      -1.0000000      -1.0000000       66.357246       3.5232599
       50.076115
       0.0000000       72.000000       1.6666696      -1.0000000       346678.00
      0.12694527      0.70410228      -1.0000000      -1.0000000      -1.0000000
      -1.0000000      -1.0000000      -1.0000000       63.218372       3.2142096
       56.441349
       0.0000000       71.000000       1.7435706      -1.0000000       336083.00
      0.12116101      0.61634922      -1.0000000      -1.0000000      -1.0000000
      -1.0000000      -1.0000000      -1.0000000       61.031857       3.2722304
       62.069248
       0.0000000       70.000000       1.8226893      -1.0000000       328308.00
      0.11126667      0.54746616      -1.0000000      -1.0000000      -1.0000000
      -1.0000000      -1.0000000      -1.0000000       62.969879       3.1220577
       62.367737
       0.0000000       69.000000       1.9040896      -1.0000000       321654.00
      0.11529721      0.53892106      -1.0000000      -1.0000000      -1.0000000
      -1.0000000      -1.0000000      -1.0000000       66.834053       3.3035467
       57.678455
       1.0000000       69.000000       1.9040896      -1.0000000       1.0000000
       0.0000000       0.0000000      -1.0000000      -1.0000000      -1.0000000
      -1.0000000      -1.0000000      -1.0000000      -1.0000000      -1.0000000
      -1.0000000
       0.0000000       68.000000       2.0020282      -1.0000000       310269.00
     0.093746118      0.72675806      -1.0000000      -1.0000000      -1.0000000
      -1.0000000      -1.0000000      -1.0000000       67.356316       3.2324748
       56.233612
       1.0000000       68.000000       2.0020282      -1.0000000       1.0000000
    0.0026084073    0.0050771995      -1.0000000      -1.0000000      -1.0000000
      -1.0000000      -1.0000000      -1.0000000      -1.0000000      -1.0000000
      -1.0000000
       0.0000000       67.000000       2.1032696      -1.0000000       301550.00
     0.085644543      0.50967401      -1.0000000      -1.0000000      -1.0000000
      -1.0000000      -1.0000000      -1.0000000       68.454384       2.8695090
       55.655064
       0.0000000       66.000000       2.2079256      -1.0000000       289878.00
     0.079495624      0.67532396      -1.0000000      -1.0000000      -1.0000000
      -1.0000000      -1.0000000      -1.0000000       70.534088       3.0290101
       49.786308
       0.0000000       65.000000       2.3161108      -1.0000000       279815.00
     0.068508558      0.37951395      -1.0000000      -1.0000000      -1.0000000
      -1.0000000      -1.0000000      -1.0000000       65.235039       2.4604309
       56.734497
       0.0000000       64.000000       2.4442258      -1.0000000       266301.00
     0.057593558      0.48421884      -1.0000000      -1.0000000      -1.0000000
      -1.0000000      -1.0000000      -1.0000000       59.878845       2.2385788
       59.448448
       0.0000000       63.000000       2.5772903      -1.0000000       259783.00
     0.050007552      0.40740842      -1.0000000      -1.0000000      -1.0000000
      -1.0000000      -1.0000000      -1.0000000       57.535503       2.0940602
       55.974911
       0.0000000       62.000000       2.7331426      -1.0000000       246146.00
     0.046347596      0.37219504      -1.0000000      -1.0000000      -1.0000000
      -1.0000000      -1.0000000      -1.0000000       59.524235       2.1679158
       54.548679
       0.0000000       61.000000       2.8957851      -1.0000000       253385.00
     0.044107717      0.33158341      -1.0000000      -1.0000000      -1.0000000
      -1.0000000      -1.0000000      -1.0000000       61.409081       2.1662071
       50.777500
