       0.0000000       135.00000       0.0000000       164.00000       271582.00
       1.7419102      0.99790055      0.44074720      0.51612902      0.35587484
     -0.21860500      -50.028332       66.187424       97.393036       9.2708549
       12.543998
       0.0000000       134.00000    0.0095216669       162.00000       268833.00
       1.7323142       1.0575091      0.44460195      0.50000000      0.39569953
      -6.0653968      -46.083141       70.428444       98.658852       9.6496572
       16.100166
       0.0000000       133.00000     0.023974428       159.00000       264389.00
       1.6960490       1.0862708      0.44359004      0.41379309      0.36851919
      -17.146130      -46.912842       66.750626       96.999596       9.5075006
       23.635212
       0.0000000       132.00000     0.033724371       159.00000       263337.00
       1.7189797       1.1175519      0.44165644      0.41379309      0.33975101
      -18.635794      -50.610832       65.212921       95.473877       10.088403
       28.419340
       0.0000000       131.00000     0.048523631       160.00000       259524.00
       1.7028009       1.1641035      0.43557453      0.46666664      0.39228043
      -16.685841      -55.911568       59.571815       93.658234       10.138184
       34.943340
       0.0000000       130.00000     0.058507323       160.00000       258157.00
       1.6799996       1.1682161      0.43393642      0.51612902      0.37454993
      -10.770872      -57.577698       57.718254       91.997063       10.096315
       39.438225
       0.0000000       129.00000     0.073661387       161.00000       254928.00
       1.6570970       1.2230995      0.43556368      0.48387092      0.38486934
      -2.8699074      -58.651855       55.720715       91.903404       9.9779654
       42.028900
       0.0000000       128.00000     0.083884433       160.00000       253798.00
       1.6380185       1.2241185      0.43263885      0.46666664      0.34835246
       1.9657103      -58.894871       57.421837       91.949966       10.133985
       43.633617
       0.0000000       127.00000     0.099401802       161.00000       251516.00
       1.6324190       1.2577062      0.42432386      0.50000000      0.34686828
       3.0387716      -56.757072       55.658077       92.504349       10.242126
       44.960159
       0.0000000       126.00000      0.10986994       158.00000       248706.00
       1.5931982       1.2846543      0.42367184      0.42424244      0.33121666
       1.3855897      -57.219875       54.864517       92.050102       10.081419
       45.930813
       0.0000000       125.00000      0.12575933       158.00000       246173.00
       1.5778618       1.1335278      0.42011517      0.40625006      0.33710104
     -0.94541031      -55.943928       53.244133       91.280006       10.132263
       48.477261
       0.0000000       124.00000      0.14187621       161.00000       243942.00
       1.5445794       1.3398360      0.41171250      0.45454544      0.32932702
      -1.0964667      -57.978703       48.894009       89.930351       9.8963184
       54.054966
       0.0000000       123.00000      0.15274876       162.00000       242596.00
       1.5548140       1.1503172      0.40152800      0.50000000      0.33662233
       5.3773203      -57.039642       48.510544       88.059380       10.223678
       56.682228
       0.0000000       122.00000      0.16925204      -1.0000000       240685.00
       1.5275575       1.1525303      -1.0000000      -1.0000000      -1.0000000
      -1.0000000      -1.0000000      -1.0000000       88.199608       10.112829
       57.557842
       0.0000000       121.00000      0.18038526      -1.0000000       237924.00
       1.5113192       1.1513205      -1.0000000      -1.0000000      -1.0000000
      -1.0000000      -1.0000000      -1.0000000       87.940033       10.080349
       59.096478
       0.0000000       120.00000      0.19728418      -1.0000000       234213.00
       1.4907155       1.2446387      -1.0000000      -1.0000000      -1.0000000
      -1.0000000      -1.0000000      -1.0000000       87.367386       10.042825
       62.523106
       0.0000000       119.00000      0.21442504      -1.0000000       230648.00
       1.4702133       1.1967785      -1.0000000      -1.0000000      -1.0000000
      -1.0000000      -1.0000000      -1.0000000       86.628586       9.9844799
       63.039337
       0.0000000       118.00000      0.22598839      -1.0000000       229883.00
       1.4726176       1.1186512      -1.0000000      -1.0000000      -1.0000000
      -1.0000000      -1.0000000      -1.0000000       86.448921       10.356542
       64.069260
       1.0000000       118.00000      0.22598839      -1.0000000       1.0000000
       0.0000000       0.0000000      -1.0000000      -1.0000000      -1.0000000
      -1.0000000      -1.0000000      -1.0000000      -1.0000000      -1.0000000
      -1.0000000
       0.0000000       117.00000      0.24354018      -1.0000000       418342.00
       1.4495208       1.1101251      -1.0000000      -1.0000000      -1.0000000
      -1.0000000      -1.0000000      -1.0000000       86.650970       10.191518
       68.104088
       0.0000000       116.00000      0.26134327      -1.0000000       222872.00
       1.4403923       1.3974465      -1.0000000      -1.0000000      -1.0000000
      -1.0000000      -1.0000000      -1.0000000       88.991859       10.439650
       63.830978
       0.0000000       115.00000      0.27335334      -1.0000000       415141.00
       1.4101263       1.6322578      -1.0000000      -1.0000000      -1.0000000
      -1.0000000      -1.0000000      -1.0000000       87.530914       10.508918
       67.302063
       1.0000000       115.00000      0.27335334      -1.0000000       1.0000000
    0.0047372989     0.032650508      -1.0000000      -1.0000000      -1.0000000
      -1.0000000      -1.0000000      -1.0000000      -1.0000000      -1.0000000
      -1.0000000
       0.0000000       114.00000      0.29158324      -1.0000000       218754.00
       1.3888994       1.2723466      -1.0000000      -1.0000000      -1.0000000
      -1.0000000      -1.0000000      -1.0000000       87.459503       10.306267
       64.623016
       0.0000000       113.00000      0.31007412      -1.0000000       411464.00
       1.3612634       1.3939383      -1.0000000      -1.0000000      -1.0000000
      -1.0000000      -1.0000000      -1.0000000       87.650276       10.216722
       66.689072
       0.0000000       112.00000      0.32882974      -1.0000000       408251.00
       1.3434122       1.3122375      -1.0000000      -1.0000000      -1.0000000
      -1.0000000      -1.0000000      -1.0000000       88.277512       10.203597
       66.174278
       0.0000000       111.00000      0.34785384      -1.0000000       405664.00
       1.3102471       1.4483458      -1.0000000      -1.0000000      -1.0000000
      -1.0000000      -1.0000000      -1.0000000       89.046715       10.180032
       66.327927
       1.0000000       111.00000      0.34785384      -1.0000000       1.0000000
     0.014130642     0.093531616      -1.0000000      -1.0000000      -1.0000000
      -1.0000000      -1.0000000      -1.0000000      -1.0000000      -1.0000000
      -1.0000000
       0.0000000       110.00000      0.36068764      -1.0000000       400949.00
       1.2959456       1.2789979      -1.0000000      -1.0000000      -1.0000000
      -1.0000000      -1.0000000      -1.0000000       88.544067       10.002020
       67.114494
       1.0000000       110.00000      0.36068764      -1.0000000       1.0000000
       0.0000000       0.0000000      -1.0000000      -1.0000000      -1.0000000
      -1.0000000      -1.0000000      -1.0000000      -1.0000000      -1.0000000
      -1.0000000
       0.0000000       109.00000      0.38016787      -1.0000000       397924.00
       1.2481602       1.1368670      -1.0000000      -1.0000000      -1.0000000
      -1.0000000      -1.0000000      -1.0000000       88.662743       9.4808035
       67.084190
       1.0000000       109.00000      0.38016787      -1.0000000       1.0000000
    0.0045262934      0.11333440      -1.0000000      -1.0000000      -1.0000000
      -1.0000000      -1.0000000      -1.0000000      -1.0000000      -1.0000000
      -1.0000000
       0.0000000       108.00000      0.39992696      -1.0000000       395959.00
       1.2686088       1.3104835      -1.0000000      -1.0000000      -1.0000000
      -1.0000000      -1.0000000      -1.0000000       89.236206       9.7951117
       68.491241
       0.0000000       107.00000      0.41996893      -1.0000000       392759.00
       1.2186972       1.4231933      -1.0000000      -1.0000000      -1.0000000
      -1.0000000      -1.0000000      -1.0000000       88.480721       9.4859028
       70.037033
       0.0000000       106.00000      0.44029784      -1.0000000       384461.00
       1.2010208       1.0091007      -1.0000000      -1.0000000      -1.0000000
      -1.0000000      -1.0000000      -1.0000000       86.901276       8.8380680
       70.794960
       0.0000000       105.00000      0.46091780      -1.0000000       381064.00
       1.1944379       1.1009567      -1.0000000      -1.0000000      -1.0000000
      -1.0000000      -1.0000000      -1.0000000       87.136833       9.1444159
       71.391228
       1.0000000       105.00000      0.46091780      -1.0000000       1.0000000
       0.0000000       0.0000000      -1.0000000      -1.0000000      -1.0000000
      -1.0000000      -1.0000000      -1.0000000      -1.0000000      -1.0000000
      -1.0000000
       0.0000000       104.00000      0.48183295      -1.0000000       378685.00
       1.1904148       1.2412584      -1.0000000      -1.0000000      -1.0000000
      -1.0000000      -1.0000000      -1.0000000       88.198463       9.3715019
       71.843140
       0.0000000       103.00000      0.50304753      -1.0000000       374659.00
       1.1524475       1.4194684      -1.0000000      -1.0000000      -1.0000000
      -1.0000000      -1.0000000      -1.0000000       89.303764       8.9994535
       71.202591
       0.0000000       102.00000      0.52456582      -1.0000000       368463.00
       1.1212933       1.0594003      -1.0000000      -1.0000000      -1.0000000
      -1.0000000      -1.0000000      -1.0000000       87.509735       8.7272100
       71.637703
       0.0000000       101.00000      0.54639220      -1.0000000       366149.00
       1.1087909       1.0539842      -1.0000000      -1.0000000      -1.0000000
      -1.0000000      -1.0000000      -1.0000000       88.219315       8.5965385
       72.703384
       0.0000000       100.00000      0.57598084      -1.0000000       365171.00
       1.0747663       1.2934750      -1.0000000      -1.0000000      -1.0000000
      -1.0000000      -1.0000000      -1.0000000       89.474922       8.7443647
       71.815407
       0.0000000       99.000000      0.59854329      -1.0000000       368386.00
       1.0435545       1.2402653      -1.0000000      -1.0000000      -1.0000000
      -1.0000000      -1.0000000      -1.0000000       89.917435       8.6949978
       70.153671
       0.0000000       98.000000      0.62142873      -1.0000000       365538.00
       1.0175301       1.0345942      -1.0000000      -1.0000000      -1.0000000
      -1.0000000      -1.0000000      -1.0000000       91.257599       8.2622604
       68.685295
       1.0000000       98.000000      0.62142873      -1.0000000       1.0000000
    0.0074089961      0.11875856      -1.0000000      -1.0000000      -1.0000000
      -1.0000000      -1.0000000      -1.0000000      -1.0000000      -1.0000000
      -1.0000000
       0.0000000       97.000000      0.64464182      -1.0000000       367911.00
       1.0012635       1.1710362      -1.0000000      -1.0000000      -1.0000000
      -1.0000000      -1.0000000      -1.0000000       93.652252       8.5709410
       65.683449
       0.0000000       96.000000      0.67611039      -1.0000000       363634.00
      0.96619296       1.2357879      -1.0000000      -1.0000000      -1.0000000
      -1.0000000      -1.0000000      -1.0000000       95.301514       8.1960449
       64.959778
       0.0000000       95.000000      0.70010638      -1.0000000       362252.00
      0.94224912       1.2059727      -1.0000000      -1.0000000      -1.0000000
      -1.0000000      -1.0000000      -1.0000000       93.253914       8.4140863
       66.801239
       0.0000000       94.000000      0.73263615      -1.0000000       357932.00
      0.91293895       1.0853134      -1.0000000      -1.0000000      -1.0000000
      -1.0000000      -1.0000000      -1.0000000       91.030670       8.0655861
       69.789970
       0.0000000       93.000000      0.75744140      -1.0000000       354534.00
      0.90144306       1.1748286      -1.0000000      -1.0000000      -1.0000000
      -1.0000000      -1.0000000      -1.0000000       89.810509       8.0051966
       72.259331
       0.0000000       92.000000      0.79106826      -1.0000000       350335.00
      0.87344742       1.0590876      -1.0000000      -1.0000000      -1.0000000
      -1.0000000      -1.0000000      -1.0000000       87.409431       7.9247074
       75.547752
       0.0000000       91.000000      0.81671000      -1.0000000       347927.00
      0.86177146      0.95423108      -1.0000000      -1.0000000      -1.0000000
      -1.0000000      -1.0000000      -1.0000000       87.280502       7.7349010
       76.683029
       0.0000000       90.000000      0.85147089      -1.0000000       344889.00
      0.84462196      0.92048663      -1.0000000      -1.0000000      -1.0000000
      -1.0000000      -1.0000000      -1.0000000       86.074409       7.6382804
       77.855476
       0.0000000       89.000000      0.88689691      -1.0000000       341352.00
      0.82307553      0.99904937      -1.0000000      -1.0000000      -1.0000000
      -1.0000000      -1.0000000      -1.0000000       85.811798       7.5600147
       81.588684
       0.0000000       88.000000      0.92300081      -1.0000000       336384.00
      0.78867269      0.97779864      -1.0000000      -1.0000000      -1.0000000
      -1.0000000      -1.0000000      -1.0000000       85.728333       7.1398640
       84.657318
       0.0000000       87.000000      0.95053136      -1.0000000       333406.00
      0.78392094      0.92308360      -1.0000000      -1.0000000      -1.0000000
      -1.0000000      -1.0000000      -1.0000000       85.565033       7.3872557
       86.159691
       0.0000000       86.000000      0.98785281      -1.0000000       329339.00
      0.76366454      0.83585685      -1.0000000      -1.0000000      -1.0000000
      -1.0000000      -1.0000000      -1.0000000       85.379059       6.9659896
       88.703842
       0.0000000       85.000000      0.99729425      -1.0000000       327884.00
      0.75854957      0.81564814      -1.0000000      -1.0000000      -1.0000000
      -1.0000000      -1.0000000      -1.0000000       85.060997       6.8673868
       89.354004
       0.0000000       84.000000       1.0355104      -1.0000000       323397.00
      0.73948640      0.77824032      -1.0000000      -1.0000000      -1.0000000
      -1.0000000      -1.0000000      -1.0000000       84.746895       6.9017100
       91.635696
       0.0000000       83.000000       1.0744579      -1.0000000       318854.00
      0.75043148      0.86852860      -1.0000000      -1.0000000      -1.0000000
      -1.0000000      -1.0000000      -1.0000000       86.021317       7.1732864
       91.764732
       0.0000000       82.000000       1.1141505      -1.0000000       312837.00
      0.72961384      0.90470910      -1.0000000      -1.0000000      -1.0000000
      -1.0000000      -1.0000000      -1.0000000       87.487450       6.9813495
       92.048752
       0.0000000       81.000000       1.1546028      -1.0000000       307473.00
      0.71194661      0.78020567      -1.0000000      -1.0000000      -1.0000000
      -1.0000000      -1.0000000      -1.0000000       86.848228       6.9625521
       93.198418
       0.0000000       80.000000       1.2062581      -1.0000000       299281.00
      0.71015662      0.62251258      -1.0000000      -1.0000000      -1.0000000
      -1.0000000      -1.0000000      -1.0000000       86.164566       6.6734290
       94.320473
       0.0000000       79.000000       1.2484726      -1.0000000       291739.00
      0.71141541      0.61107939      -1.0000000      -1.0000000      -1.0000000
      -1.0000000      -1.0000000      -1.0000000       86.017746       6.8530154
       93.537918
       0.0000000       78.000000       1.3023784      -1.0000000       283000.00
      0.71186960      0.32419476      -1.0000000      -1.0000000      -1.0000000
      -1.0000000      -1.0000000      -1.0000000       87.534843       7.2028790
       88.647621
       0.0000000       77.000000       1.3575766      -1.0000000       270773.00
      0.70109361      0.32314324      -1.0000000      -1.0000000      -1.0000000
      -1.0000000      -1.0000000      -1.0000000       89.991142       6.1758623
       89.224434
       0.0000000       76.000000       1.4140983      -1.0000000       262882.00
      0.67543447      0.88971895      -1.0000000      -1.0000000      -1.0000000
      -1.0000000      -1.0000000      -1.0000000       88.980812       6.7599573
       91.715172
       1.0000000       76.000000       1.4140983      -1.0000000       1.0000000
   0.00020506985       0.0000000      -1.0000000      -1.0000000      -1.0000000
      -1.0000000      -1.0000000      -1.0000000      -1.0000000      -1.0000000
      -1.0000000
       0.0000000       75.000000       1.4719748      -1.0000000       256010.00
      0.65994841      0.92874664      -1.0000000      -1.0000000      -1.0000000
      -1.0000000      -1.0000000      -1.0000000       89.040886       6.6256318
       93.629837
       0.0000000       74.000000       1.5312390      -1.0000000       248024.00
      0.64688200      0.91367823      -1.0000000      -1.0000000      -1.0000000
      -1.0000000      -1.0000000      -1.0000000       87.798416       6.9062266
       95.690125
       1.0000000       74.000000       1.5312390      -1.0000000       1.0000000
       0.0000000       0.0000000      -1.0000000      -1.0000000      -1.0000000
      -1.0000000      -1.0000000      -1.0000000      -1.0000000      -1.0000000
      -1.0000000
       0.0000000       73.000000       1.6042346      -1.0000000       238642.00
      0.60104066      0.76917452      -1.0000000      -1.0000000      -1.0000000
      -1.0000000      -1.0000000      -1.0000000       88.191345       6.4878755
       94.458504
       0.0000000       72.000000       1.6666696      -1.0000000       228926.00
      0.59369928      0.77967829      -1.0000000      -1.0000000      -1.0000000
      -1.0000000      -1.0000000      -1.0000000       90.279335       6.2342105
       93.624855
       1.0000000       72.000000       1.6666696      -1.0000000       1.0000000
   0.00087145896       0.0000000      -1.0000000      -1.0000000      -1.0000000
      -1.0000000      -1.0000000      -1.0000000      -1.0000000      -1.0000000
      -1.0000000
       0.0000000       71.000000       1.7435706      -1.0000000       215341.00
      0.54550898      0.95247430      -1.0000000      -1.0000000      -1.0000000
      -1.0000000      -1.0000000      -1.0000000       92.807434       6.0099201
       94.748650
       1.0000000       71.000000       1.7435706      -1.0000000       1.0000000
     0.015698889      0.15221155      -1.0000000      -1.0000000      -1.0000000
      -1.0000000      -1.0000000      -1.0000000      -1.0000000      -1.0000000
      -1.0000000
       0.0000000       70.000000       1.8226893      -1.0000000       204123.00
      0.53230113      0.95652181      -1.0000000      -1.0000000      -1.0000000
      -1.0000000      -1.0000000      -1.0000000       94.231537       5.8967462
       98.401848
       0.0000000       69.000000       1.9040896      -1.0000000       194713.00
      0.47796160      0.86843145      -1.0000000      -1.0000000      -1.0000000
      -1.0000000      -1.0000000      -1.0000000       93.374832       5.5143661
       102.02549
       1.0000000       69.000000       1.9040896      -1.0000000       2.0000000
    0.0034941394     0.043556498      -1.0000000      -1.0000000      -1.0000000
      -1.0000000      -1.0000000      -1.0000000      -1.0000000      -1.0000000
      -1.0000000
       0.0000000       68.000000       2.0020282      -1.0000000       190841.00
      0.44902980      0.82495379      -1.0000000      -1.0000000      -1.0000000
      -1.0000000      -1.0000000      -1.0000000       96.155121       5.8144941
       97.990807
       1.0000000       68.000000       2.0020282      -1.0000000       1.0000000
   0.00055771164     0.018052047      -1.0000000      -1.0000000      -1.0000000
      -1.0000000      -1.0000000      -1.0000000      -1.0000000      -1.0000000
      -1.0000000
       0.0000000       67.000000       2.1032696      -1.0000000       185966.00
      0.42249453       1.0779920      -1.0000000      -1.0000000      -1.0000000
      -1.0000000      -1.0000000      -1.0000000       105.24351       6.4566917
       84.878578
       0.0000000       66.000000       2.2079256      -1.0000000       186096.00
      0.37856922       1.0413839      -1.0000000      -1.0000000      -1.0000000
      -1.0000000      -1.0000000      -1.0000000       105.58752       6.1350021
       79.579330
       1.0000000       66.000000       2.2079256      -1.0000000       2.0000000
    0.0014569547     0.052675981      -1.0000000      -1.0000000      -1.0000000
      -1.0000000      -1.0000000      -1.0000000      -1.0000000      -1.0000000
      -1.0000000
       0.0000000       65.000000       2.3161108      -1.0000000       174430.00
      0.33928642      0.87371927      -1.0000000      -1.0000000      -1.0000000
      -1.0000000      -1.0000000      -1.0000000       95.713257       5.2134476
       89.938652
       1.0000000       65.000000       2.3161108      -1.0000000       2.0000000
     0.011430765      0.20591436      -1.0000000      -1.0000000      -1.0000000
      -1.0000000      -1.0000000      -1.0000000      -1.0000000      -1.0000000
      -1.0000000
       0.0000000       64.000000       2.4442258      -1.0000000       160472.00
      0.32267752      0.77836502      -1.0000000      -1.0000000      -1.0000000
      -1.0000000      -1.0000000      -1.0000000       91.652451       5.0538583
       93.746292
       0.0000000       63.000000       2.5772903      -1.0000000       147066.00
      0.29070652      0.80547315      -1.0000000      -1.0000000      -1.0000000
      -1.0000000      -1.0000000      -1.0000000       85.614586       4.4139400
       93.619423
       0.0000000       62.000000       2.7331426      -1.0000000       139340.00
      0.24501222      0.68189055      -1.0000000      -1.0000000      -1.0000000
      -1.0000000      -1.0000000      -1.0000000       88.319504       4.1945367
       90.121468
       0.0000000       61.000000       2.8957851      -1.0000000       136220.00
      0.21735930      0.82995862      -1.0000000      -1.0000000      -1.0000000
      -1.0000000      -1.0000000      -1.0000000       95.637016       3.7675476
       78.665955
       1.0000000       61.000000       2.8957851      -1.0000000       3.0000000
    0.0070422569     0.039547283      -1.0000000      -1.0000000      -1.0000000
      -1.0000000      -1.0000000      -1.0000000      -1.0000000      -1.0000000
      -1.0000000
       0.0000000       60.000000       3.0081310      -1.0000000       127742.00
      0.20026630       1.0760455      -1.0000000      -1.0000000      -1.0000000
      -1.0000000      -1.0000000      -1.0000000       99.076622       5.5609193
       73.679489
       0.0000000       59.000000       3.0848227      -1.0000000       123595.00
      0.17082036      0.85476607      -1.0000000      -1.0000000      -1.0000000
      -1.0000000      -1.0000000      -1.0000000       100.10146       4.0307040
       71.634697
       0.0000000       58.000000       3.2830331      -1.0000000       110195.00
      0.12832808      0.61416972      -1.0000000      -1.0000000      -1.0000000
      -1.0000000      -1.0000000      -1.0000000       92.291176       3.0874834
       83.208397
       0.0000000       57.000000       3.4908614      -1.0000000       97086.000
      0.11343470      0.60023099      -1.0000000      -1.0000000      -1.0000000
      -1.0000000      -1.0000000      -1.0000000       87.860107       2.8068588
       83.699837
