       0.0000000       135.00000       0.0000000       492.00000       346817.00
       5.4777780       4.1812177      0.58457470      0.60000002      0.74732202
      -347.34570      -130.87236       275.38336       116.95347       29.009920
       35.326183
       0.0000000       134.00000    0.0095216669      -1.0000000       341153.00
       5.3253613       4.4450507      -1.0000000      -1.0000000      -1.0000000
      -1.0000000      -1.0000000      -1.0000000       118.60355       28.362228
       37.472279
       0.0000000       132.00000     0.033724371       491.00000       339806.00
       5.3429685       5.0753975      0.56887966      0.73529410      0.75934970
      -381.79535      -73.639404       291.15637       116.22839       29.664003
       40.943874
       1.0000000       132.00000     0.033724371      -1.0000000       1.0000000
    0.0084533412     0.086711347      -1.0000000      -1.0000000      -1.0000000
      -1.0000000      -1.0000000      -1.0000000      -1.0000000      -1.0000000
      -1.0000000
       0.0000000       131.00000     0.048523631       497.00000       336430.00
       5.2400398       5.1743393      0.57336283      0.75675678      0.78567511
      -415.15125      -113.57550       263.77158       114.67731       29.643734
       44.647892
       1.0000000       131.00000     0.048523631      -1.0000000       1.0000000
    0.0084533412     0.086711347      -1.0000000      -1.0000000      -1.0000000
      -1.0000000      -1.0000000      -1.0000000      -1.0000000      -1.0000000
      -1.0000000
       0.0000000       130.00000     0.058507323       501.00000       334682.00
       5.1465354       5.4394307      0.57547629      0.75675678      0.78706026
      -399.06421      -129.99948       283.33356       113.95514       29.484022
       45.970707
       1.0000000       130.00000     0.058507323      -1.0000000       1.0000000
    0.0084533412     0.086711347      -1.0000000      -1.0000000      -1.0000000
      -1.0000000      -1.0000000      -1.0000000      -1.0000000      -1.0000000
      -1.0000000
       0.0000000       129.00000     0.073661387       513.00000       333588.00
       5.0511465       5.7903929      0.59689659      0.72727275      0.76648098
      -405.28076      -138.59174       298.08008       112.95235       30.305746
       48.243744
       1.0000000       129.00000     0.073661387      -1.0000000       1.0000000
    0.0049260249     0.055739027      -1.0000000      -1.0000000      -1.0000000
      -1.0000000      -1.0000000      -1.0000000      -1.0000000      -1.0000000
      -1.0000000
       0.0000000       128.00000     0.083884433       507.00000       331162.00
       5.0037799       6.0960622      0.58760458      0.63636363      0.76170248
      -398.89325      -131.90915       305.50974       113.40085       31.002439
       48.195992
       1.0000000       128.00000     0.083884433      -1.0000000       2.0000000
     0.053994320      0.28643528      -1.0000000      -1.0000000      -1.0000000
      -1.0000000      -1.0000000      -1.0000000      -1.0000000      -1.0000000
      -1.0000000
       0.0000000       127.00000     0.099401802       531.00000       331492.00
       4.9831553       6.5945387      0.56608498      0.71875000      0.76383322
      -408.47446      -122.02666       317.50793       112.86596       32.365215
       52.058685
       1.0000000       127.00000     0.099401802      -1.0000000       1.0000000
     0.026997160      0.14321764      -1.0000000      -1.0000000      -1.0000000
      -1.0000000      -1.0000000      -1.0000000      -1.0000000      -1.0000000
      -1.0000000
       0.0000000       126.00000      0.10986994       522.00000       327953.00
       4.8531828       6.8546391      0.58273965      0.68750000      0.77491212
      -415.74789      -121.95794       313.67993       112.41734       31.706865
       53.397148
       1.0000000       126.00000      0.10986994      -1.0000000       3.0000000
     0.016979572      0.11086728      -1.0000000      -1.0000000      -1.0000000
      -1.0000000      -1.0000000      -1.0000000      -1.0000000      -1.0000000
      -1.0000000
       0.0000000       125.00000      0.12575933       541.00000       328251.00
       4.6709328       6.9876318      0.57424742      0.68750000      0.75779909
      -424.71085      -98.851692       300.95718       109.84876       31.803530
       56.633251
       1.0000000       125.00000      0.12575933      -1.0000000       5.0000000
    0.0047048128      0.13714064      -1.0000000      -1.0000000      -1.0000000
      -1.0000000      -1.0000000      -1.0000000      -1.0000000      -1.0000000
      -1.0000000
       0.0000000       124.00000      0.14187621       543.00000       324670.00
       4.5853596       6.2130752      0.56528014      0.79487175      0.75081635
      -424.84137      -101.11091       300.88483       108.01851       31.331064
       59.648342
       1.0000000       124.00000      0.14187621      -1.0000000       4.0000000
     0.015450209      0.12006009      -1.0000000      -1.0000000      -1.0000000
      -1.0000000      -1.0000000      -1.0000000      -1.0000000      -1.0000000
      -1.0000000
       0.0000000       123.00000      0.15274876       543.00000       323052.00
       4.5656824       5.9760127      0.56763309      0.79487175      0.76132333
      -430.52423      -107.47913       324.12247       107.51916       31.536516
       62.045319
       1.0000000       123.00000      0.15274876      -1.0000000       5.0000000
     0.016111627      0.35086229      -1.0000000      -1.0000000      -1.0000000
      -1.0000000      -1.0000000      -1.0000000      -1.0000000      -1.0000000
      -1.0000000
       0.0000000       122.00000      0.16925204       536.00000       318953.00
       4.4473362       5.8951716      0.55436271      0.79487175      0.76064771
      -427.17847      -107.07113       347.03018       108.99768       30.454908
       62.500828
       1.0000000       122.00000      0.16925204      -1.0000000       3.0000000
    0.0072796312      0.20474819      -1.0000000      -1.0000000      -1.0000000
      -1.0000000      -1.0000000      -1.0000000      -1.0000000      -1.0000000
      -1.0000000
       0.0000000       121.00000      0.18038526       543.00000       316520.00
       4.2088823       5.4996381      0.56270117      0.76923072      0.75225794
      -429.02353      -88.389412       372.02652       107.57674       28.774416
       67.943138
       1.0000000       121.00000      0.18038526      -1.0000000       1.0000000
    0.0025431146       0.0000000      -1.0000000      -1.0000000      -1.0000000
      -1.0000000      -1.0000000      -1.0000000      -1.0000000      -1.0000000
      -1.0000000
       0.0000000       120.00000      0.19728418       546.00000       313587.00
       4.2505093       5.5196424      0.60267568      0.68750000      0.77112406
      -469.77875      -77.734253       372.35538       105.30696       30.671030
       71.247795
       1.0000000       120.00000      0.19728418      -1.0000000       4.0000000
     0.062818184      0.40591366      -1.0000000      -1.0000000      -1.0000000
      -1.0000000      -1.0000000      -1.0000000      -1.0000000      -1.0000000
      -1.0000000
       0.0000000       119.00000      0.21442504       549.00000       310868.00
       4.2499285       5.7294917      0.58243954      0.71428573      0.78171831
      -460.75125      -94.319443       368.47498       105.51639       31.109514
       71.645424
       1.0000000       119.00000      0.21442504      -1.0000000       4.0000000
      0.11024782      0.82127479      -1.0000000      -1.0000000      -1.0000000
      -1.0000000      -1.0000000      -1.0000000      -1.0000000      -1.0000000
      -1.0000000
       0.0000000       118.00000      0.22598839       549.00000       308784.00
       4.1292405       5.7270927      0.55764014      0.75675678      0.76539034
      -432.97751      -77.381783       367.72327       105.83150       30.813576
       71.715813
       1.0000000       118.00000      0.22598839      -1.0000000       2.0000000
     0.034697182      0.12592863      -1.0000000      -1.0000000      -1.0000000
      -1.0000000      -1.0000000      -1.0000000      -1.0000000      -1.0000000
      -1.0000000
       0.0000000       117.00000      0.24354018       549.00000       304293.00
       4.0331812       6.0710950      0.59464431      0.74358976      0.79940975
      -458.55054      -61.765877       367.20392       104.00282       30.464052
       76.759552
       1.0000000       117.00000      0.24354018      -1.0000000       1.0000000
     0.039383899      0.12913610      -1.0000000      -1.0000000      -1.0000000
      -1.0000000      -1.0000000      -1.0000000      -1.0000000      -1.0000000
      -1.0000000
       0.0000000       116.00000      0.26134327       1421.0000       365835.00
       3.8803396       5.2312784      0.59655547      0.78048778      0.75769311
      -465.76901      -52.212021       367.41302       102.75807       28.696695
       82.646301
       1.0000000       116.00000      0.26134327      -1.0000000       2.0000000
     0.071114983      0.22102153      -1.0000000      -1.0000000      -1.0000000
      -1.0000000      -1.0000000      -1.0000000      -1.0000000      -1.0000000
      -1.0000000
       0.0000000       115.00000      0.27335334       1419.0000       363115.00
       3.8164442       5.1788816      0.60142803      0.78048778      0.75031543
      -478.92023      -57.534443       358.58945       102.95639       28.095041
       83.242020
       0.0000000       114.00000      0.29158324       1428.0000       360054.00
       3.8062422       5.5864401      0.58113062      0.73529410      0.75445735
      -490.46970      -67.344856       331.50058       104.19817       29.300289
       82.403404
       1.0000000       114.00000      0.29158324      -1.0000000       3.0000000
     0.035098787      0.19950083      -1.0000000      -1.0000000      -1.0000000
      -1.0000000      -1.0000000      -1.0000000      -1.0000000      -1.0000000
      -1.0000000
       0.0000000       113.00000      0.31007412       1436.0000       357181.00
       3.6876590       5.4692936      0.57985008      0.65625000      0.74914724
      -478.14929      -90.768066       321.21762       106.60325       28.761444
       80.467834
       1.0000000       113.00000      0.31007412      -1.0000000       3.0000000
     0.026286907      0.15986261      -1.0000000      -1.0000000      -1.0000000
      -1.0000000      -1.0000000      -1.0000000      -1.0000000      -1.0000000
      -1.0000000
       0.0000000       112.00000      0.32882974      -1.0000000       353250.00
     0.080178812     0.034511879      -1.0000000      -1.0000000      -1.0000000
      -1.0000000      -1.0000000      -1.0000000       35.631695      0.30094674
       3.8353696
       2.0000000       112.00000      0.32882974       45.144176       112.00000
       3.6196065       5.6601505      0.57677925      0.72727275      0.77849942
      -517.10474      -118.19020       344.93723      -564.51392      -127.53011
       407.01263
       1.0000000       112.00000      0.32882974      -1.0000000       4.0000000
     0.015220203      0.20682854      -1.0000000      -1.0000000      -1.0000000
      -1.0000000      -1.0000000      -1.0000000      -1.0000000      -1.0000000
      -1.0000000
       0.0000000       111.00000      0.34785384       1467.0000       351013.00
       3.6094790       5.5046763      0.59497666      0.78378379      0.78316838
      -490.61578      -130.78709       320.74728       107.00419       29.318617
       81.128220
       0.0000000       110.00000      0.36068764      -1.0000000       348922.00
      0.15997998     0.062033482      -1.0000000      -1.0000000      -1.0000000
      -1.0000000      -1.0000000      -1.0000000       45.416092      0.59677780
       4.6725035
       0.0000000       109.00000      0.38016787      -1.0000000       346643.00
      0.13701247     0.057220008      -1.0000000      -1.0000000      -1.0000000
      -1.0000000      -1.0000000      -1.0000000       44.188953      0.52954161
       4.5927219
       0.0000000       108.00000      0.39992696      -1.0000000       344408.00
     0.080682956     0.036617074      -1.0000000      -1.0000000      -1.0000000
      -1.0000000      -1.0000000      -1.0000000       36.570015      0.30856627
       4.0059290
       2.0000000       108.00000      0.39992696       40.538448       108.00000
       3.2707620       5.8151679      0.56888914      0.72727275      0.78277546
      -509.26630      -170.37212       314.69675      -577.24811      -194.41559
       370.22546
       0.0000000       107.00000      0.41996893       1495.0000       340440.00
       3.1519763       4.8385596      0.54194462      0.72222221      0.76071870
      -447.25308      -196.24146       302.82639       105.59380       25.992393
       87.451050
       0.0000000       106.00000      0.44029784      -1.0000000       336911.00
     0.092790671     0.039000664      -1.0000000      -1.0000000      -1.0000000
      -1.0000000      -1.0000000      -1.0000000       37.397430      0.34372461
       4.3565426
       2.0000000       106.00000      0.44029784       35.248825       105.00000
       3.2707620       5.8151679      0.48392364      0.51612902      0.53672385
      -56.268078       155.68901      -16.123745       5901.9692      -473.90375
      -227.25076
       0.0000000       105.00000      0.46091780       1479.0000       333127.00
       3.0577877       5.2842598      0.54194832      0.75000000      0.77419209
      -405.74454      -207.30881       313.19669       104.99722       25.710115
       93.594078
       0.0000000       104.00000      0.48183295      -1.0000000       329302.00
      0.15247022     0.069959529      -1.0000000      -1.0000000      -1.0000000
      -1.0000000      -1.0000000      -1.0000000       46.823341      0.60470939
       4.9597034
       0.0000000       103.00000      0.50304753       1489.0000       325110.00
       2.8331702       5.0244231      0.55367345      0.72222221      0.74153680
      -340.67920      -157.43889       401.96793       105.89833       24.506701
       94.699547
       0.0000000       102.00000      0.52456582       1503.0000       322669.00
       2.8437924       4.6290479      0.56606960      0.68571424      0.74506384
      -348.57220      -119.63227       418.27740       107.32308       24.833393
       91.794342
       0.0000000       101.00000      0.54639220       1503.0000       319209.00
       2.7398138       4.2910700      0.56420934      0.65625000      0.70794815
      -366.52487      -85.628479       421.78696       110.48915       23.518412
       88.962700
       1.0000000       101.00000      0.54639220      -1.0000000       1.0000000
       0.0000000       0.0000000      -1.0000000      -1.0000000      -1.0000000
      -1.0000000      -1.0000000      -1.0000000      -1.0000000      -1.0000000
      -1.0000000
       0.0000000       100.00000      0.57598084       1495.0000       314709.00
       2.6678936       4.8911681      0.55093223      0.72972977      0.76830703
      -395.43698      -54.574688       409.98401       113.98206       24.779957
       83.156731
       1.0000000       100.00000      0.57598084      -1.0000000       3.0000000
   0.00047277173       0.0000000      -1.0000000      -1.0000000      -1.0000000
      -1.0000000      -1.0000000      -1.0000000      -1.0000000      -1.0000000
      -1.0000000
       0.0000000       99.000000      0.59854329       1493.0000       309910.00
       2.5387957       4.6562877      0.55924320      0.72972977      0.72816420
      -390.54645      -61.997799       377.95132       116.93812       24.166096
       79.654114
       1.0000000       99.000000      0.59854329      -1.0000000       4.0000000
     0.027187041      0.22922659      -1.0000000      -1.0000000      -1.0000000
      -1.0000000      -1.0000000      -1.0000000      -1.0000000      -1.0000000
      -1.0000000
       0.0000000       98.000000      0.62142873       1523.0000       308037.00
       2.4182642       4.1857538      0.55526549      0.67647058      0.69716537
      -382.05728      -75.039146       370.82343       114.92666       24.157267
       79.837929
       1.0000000       98.000000      0.62142873      -1.0000000       4.0000000
     0.047098190      0.52170264      -1.0000000      -1.0000000      -1.0000000
      -1.0000000      -1.0000000      -1.0000000      -1.0000000      -1.0000000
      -1.0000000
       0.0000000       97.000000      0.64464182       1522.0000       305312.00
       2.4185464       4.6819592      0.55026931      0.71428573      0.74294567
      -399.40381      -73.869095       338.17456       111.36882       24.366297
       81.347572
       1.0000000       97.000000      0.64464182      -1.0000000       7.0000000
     0.030970993      0.35198119      -1.0000000      -1.0000000      -1.0000000
      -1.0000000      -1.0000000      -1.0000000      -1.0000000      -1.0000000
      -1.0000000
       0.0000000       96.000000      0.67611039       1539.0000       302723.00
       2.2919595       5.7535915      0.54418331      0.69444442      0.71887690
      -416.29987      -85.036026       293.57101       109.50111       23.525208
       82.797913
       1.0000000       96.000000      0.67611039      -1.0000000       2.0000000
    0.0072744898     0.060443189      -1.0000000      -1.0000000      -1.0000000
      -1.0000000      -1.0000000      -1.0000000      -1.0000000      -1.0000000
      -1.0000000
       0.0000000       95.000000      0.70010638       1543.0000       299401.00
       2.1144893       5.3717012      0.53358096      0.66666669      0.71793711
      -397.56665      -116.16873       259.95557       105.02620       22.024557
       86.851891
       1.0000000       95.000000      0.70010638      -1.0000000       4.0000000
    0.0035563882     0.063804336      -1.0000000      -1.0000000      -1.0000000
      -1.0000000      -1.0000000      -1.0000000      -1.0000000      -1.0000000
      -1.0000000
       0.0000000       94.000000      0.73263615       1570.0000       296748.00
       2.0311720       4.8440495      0.53599358      0.51851851      0.65219939
      -354.14664      -163.80168       272.48608       100.83279       21.313383
       88.453857
       1.0000000       94.000000      0.73263615      -1.0000000       3.0000000
   0.00058896933     0.024038354      -1.0000000      -1.0000000      -1.0000000
      -1.0000000      -1.0000000      -1.0000000      -1.0000000      -1.0000000
      -1.0000000
       0.0000000       93.000000      0.75744140       1567.0000       292185.00
       1.9793650       4.3040357      0.52477336      0.65714288      0.69599032
      -320.98132      -184.46614       296.56320       99.947922       20.637640
       89.811256
       1.0000000       93.000000      0.75744140      -1.0000000       3.0000000
       0.0000000       0.0000000      -1.0000000      -1.0000000      -1.0000000
      -1.0000000      -1.0000000      -1.0000000      -1.0000000      -1.0000000
      -1.0000000
       0.0000000       92.000000      0.79106826       1588.0000       287353.00
       1.9454126       4.3501859      0.52097815      0.69444442      0.65969384
      -268.21512      -169.13402       352.58429       101.44744       20.791376
       87.640388
       1.0000000       92.000000      0.79106826      -1.0000000       1.0000000
   0.00020887706     0.046308924      -1.0000000      -1.0000000      -1.0000000
      -1.0000000      -1.0000000      -1.0000000      -1.0000000      -1.0000000
      -1.0000000
       0.0000000       91.000000      0.81671000       1600.0000       284588.00
       1.7890108       4.0338063      0.49236575      0.68292683      0.58423626
      -237.81555      -108.78828       360.64786       103.21947       19.919657
       87.162933
       1.0000000       91.000000      0.81671000      -1.0000000       5.0000000
     0.026284707      0.22611791      -1.0000000      -1.0000000      -1.0000000
      -1.0000000      -1.0000000      -1.0000000      -1.0000000      -1.0000000
      -1.0000000
       0.0000000       90.000000      0.85147089       1639.0000       281724.00
       1.6714257       4.5754566      0.51743084      0.66666663      0.65339649
      -258.13931      -51.259346       345.00174       104.78808       20.243513
       83.601883
       1.0000000       90.000000      0.85147089      -1.0000000       3.0000000
     0.015105713      0.13315383      -1.0000000      -1.0000000      -1.0000000
      -1.0000000      -1.0000000      -1.0000000      -1.0000000      -1.0000000
      -1.0000000
       0.0000000       89.000000      0.88689691       1684.0000       279849.00
       1.6114539       4.7648897      0.50484735      0.69444442      0.66415870
      -289.56808      -36.207241       322.14252       105.71565       19.961514
       83.080650
       1.0000000       89.000000      0.88689691      -1.0000000       4.0000000
     0.026488244      0.33148706      -1.0000000      -1.0000000      -1.0000000
      -1.0000000      -1.0000000      -1.0000000      -1.0000000      -1.0000000
      -1.0000000
       0.0000000       88.000000      0.92300081      -1.0000000       279282.00
       1.5101324       4.8928266      -1.0000000      -1.0000000      -1.0000000
      -1.0000000      -1.0000000      -1.0000000       104.92990       20.499161
       83.444603
       1.0000000       88.000000      0.92300081      -1.0000000       2.0000000
   0.00046287457     0.030311365      -1.0000000      -1.0000000      -1.0000000
      -1.0000000      -1.0000000      -1.0000000      -1.0000000      -1.0000000
      -1.0000000
       0.0000000       87.000000      0.95053136      -1.0000000       276642.00
       1.4658347       4.1836133      -1.0000000      -1.0000000      -1.0000000
      -1.0000000      -1.0000000      -1.0000000       103.40484       19.580313
       85.891106
       1.0000000       87.000000      0.95053136      -1.0000000       2.0000000
    0.0011560825     0.040707143      -1.0000000      -1.0000000      -1.0000000
      -1.0000000      -1.0000000      -1.0000000      -1.0000000      -1.0000000
      -1.0000000
       0.0000000       86.000000      0.98785281      -1.0000000       272418.00
       1.3169510       3.6391850      -1.0000000      -1.0000000      -1.0000000
      -1.0000000      -1.0000000      -1.0000000       102.60770       16.680639
       88.391983
       1.0000000       86.000000      0.98785281      -1.0000000       1.0000000
    0.0016520226     0.072916359      -1.0000000      -1.0000000      -1.0000000
      -1.0000000      -1.0000000      -1.0000000      -1.0000000      -1.0000000
      -1.0000000
       0.0000000       85.000000      0.99729425      -1.0000000       271297.00
       1.3097448       3.8108666      -1.0000000      -1.0000000      -1.0000000
      -1.0000000      -1.0000000      -1.0000000       102.78381       17.318577
       89.019974
       1.0000000       85.000000      0.99729425      -1.0000000       2.0000000
     0.024722034      0.12887557      -1.0000000      -1.0000000      -1.0000000
      -1.0000000      -1.0000000      -1.0000000      -1.0000000      -1.0000000
      -1.0000000
       0.0000000       84.000000       1.0355104      -1.0000000       267987.00
       1.2360381       4.1156006      -1.0000000      -1.0000000      -1.0000000
      -1.0000000      -1.0000000      -1.0000000       103.02217       17.935390
       87.462456
       1.0000000       84.000000       1.0355104      -1.0000000       2.0000000
     0.016240455      0.11615534      -1.0000000      -1.0000000      -1.0000000
      -1.0000000      -1.0000000      -1.0000000      -1.0000000      -1.0000000
      -1.0000000
       0.0000000       83.000000       1.0744579      -1.0000000       262349.00
       1.1217719       3.6010363      -1.0000000      -1.0000000      -1.0000000
      -1.0000000      -1.0000000      -1.0000000       104.65298       16.099730
       86.760742
       1.0000000       83.000000       1.0744579      -1.0000000       2.0000000
    0.0043936120     0.027484935      -1.0000000      -1.0000000      -1.0000000
      -1.0000000      -1.0000000      -1.0000000      -1.0000000      -1.0000000
      -1.0000000
       0.0000000       82.000000       1.1141505      -1.0000000       256761.00
       1.0450662       3.3280954      -1.0000000      -1.0000000      -1.0000000
      -1.0000000      -1.0000000      -1.0000000       105.63037       16.094528
       86.834335
       1.0000000       82.000000       1.1141505      -1.0000000       6.0000000
     0.014169614      0.28495622      -1.0000000      -1.0000000      -1.0000000
      -1.0000000      -1.0000000      -1.0000000      -1.0000000      -1.0000000
      -1.0000000
       0.0000000       81.000000       1.1546028      -1.0000000       252954.00
       1.0445465       3.1812599      -1.0000000      -1.0000000      -1.0000000
      -1.0000000      -1.0000000      -1.0000000       106.92986       15.900822
       84.290474
       1.0000000       81.000000       1.1546028      -1.0000000       2.0000000
    0.0012075177     0.030546032      -1.0000000      -1.0000000      -1.0000000
      -1.0000000      -1.0000000      -1.0000000      -1.0000000      -1.0000000
      -1.0000000
       0.0000000       80.000000       1.2062581      -1.0000000       247748.00
      0.91012448       3.0870314      -1.0000000      -1.0000000      -1.0000000
      -1.0000000      -1.0000000      -1.0000000       107.10149       15.175507
       87.921822
       1.0000000       80.000000       1.2062581      -1.0000000       1.0000000
   0.00028006927    0.0098612532      -1.0000000      -1.0000000      -1.0000000
      -1.0000000      -1.0000000      -1.0000000      -1.0000000      -1.0000000
      -1.0000000
       0.0000000       79.000000       1.2484726      -1.0000000       240791.00
      0.78931022       3.0918941      -1.0000000      -1.0000000      -1.0000000
      -1.0000000      -1.0000000      -1.0000000       103.34932       14.225348
       97.676926
       1.0000000       79.000000       1.2484726      -1.0000000       2.0000000
     0.026328277      0.13454430      -1.0000000      -1.0000000      -1.0000000
      -1.0000000      -1.0000000      -1.0000000      -1.0000000      -1.0000000
      -1.0000000
       0.0000000       78.000000       1.3023784      -1.0000000       233505.00
      0.76096731       2.8944516      -1.0000000      -1.0000000      -1.0000000
      -1.0000000      -1.0000000      -1.0000000       96.065742       13.331319
       109.42283
       1.0000000       78.000000       1.3023784      -1.0000000       3.0000000
    0.0088905884      0.18818275      -1.0000000      -1.0000000      -1.0000000
      -1.0000000      -1.0000000      -1.0000000      -1.0000000      -1.0000000
      -1.0000000
       0.0000000       77.000000       1.3575766      -1.0000000       224848.00
      0.71275109       1.9027821      -1.0000000      -1.0000000      -1.0000000
      -1.0000000      -1.0000000      -1.0000000       93.795166       12.148016
       115.05820
       1.0000000       77.000000       1.3575766      -1.0000000       6.0000000
     0.013256634      0.20364102      -1.0000000      -1.0000000      -1.0000000
      -1.0000000      -1.0000000      -1.0000000      -1.0000000      -1.0000000
      -1.0000000
       0.0000000       76.000000       1.4140983      -1.0000000       216689.00
      0.67326891       1.4701613      -1.0000000      -1.0000000      -1.0000000
      -1.0000000      -1.0000000      -1.0000000       96.392509       11.537493
       113.13458
       1.0000000       76.000000       1.4140983      -1.0000000       2.0000000
    0.0041548340      0.11093001      -1.0000000      -1.0000000      -1.0000000
      -1.0000000      -1.0000000      -1.0000000      -1.0000000      -1.0000000
      -1.0000000
       0.0000000       75.000000       1.4719748      -1.0000000       210006.00
      0.63204730       2.0302005      -1.0000000      -1.0000000      -1.0000000
      -1.0000000      -1.0000000      -1.0000000       101.04350       11.686792
       106.48116
       1.0000000       75.000000       1.4719748      -1.0000000       3.0000000
     0.035083553      0.28787065      -1.0000000      -1.0000000      -1.0000000
      -1.0000000      -1.0000000      -1.0000000      -1.0000000      -1.0000000
      -1.0000000
       0.0000000       74.000000       1.5312390      -1.0000000       224318.00
      0.59562910       2.3551686      -1.0000000      -1.0000000      -1.0000000
      -1.0000000      -1.0000000      -1.0000000       107.25600       12.380521
       94.817825
       1.0000000       74.000000       1.5312390      -1.0000000       4.0000000
    0.0031276439     0.072699111      -1.0000000      -1.0000000      -1.0000000
      -1.0000000      -1.0000000      -1.0000000      -1.0000000      -1.0000000
      -1.0000000
       0.0000000       73.000000       1.6042346      -1.0000000       218086.00
      0.54552358       2.1735351      -1.0000000      -1.0000000      -1.0000000
      -1.0000000      -1.0000000      -1.0000000       113.87667       10.502274
       91.962730
       1.0000000       73.000000       1.6042346      -1.0000000       1.0000000
   0.00021216630       0.0000000      -1.0000000      -1.0000000      -1.0000000
      -1.0000000      -1.0000000      -1.0000000      -1.0000000      -1.0000000
      -1.0000000
       0.0000000       72.000000       1.6666696      -1.0000000       211793.00
      0.19422899      0.42853785      -1.0000000      -1.0000000      -1.0000000
      -1.0000000      -1.0000000      -1.0000000       63.623463       1.8380538
       13.497958
       2.0000000       72.000000       1.6666696       1.5636405       72.000000
      0.30370432       2.5962722      -1.0000000      -1.0000000      -1.0000000
      -1.0000000      -1.0000000      -1.0000000      -1.0000000      -1.0000000
      -1.0000000
       0.0000000       71.000000       1.7435706      -1.0000000       202280.00
      0.28236118       1.3143594      -1.0000000      -1.0000000      -1.0000000
      -1.0000000      -1.0000000      -1.0000000       105.02991       6.7118082
       111.27662
       0.0000000       70.000000       1.8226893      -1.0000000       194488.00
      0.17696822      0.30542397      -1.0000000      -1.0000000      -1.0000000
      -1.0000000      -1.0000000      -1.0000000       64.172630       1.6776203
       12.853045
       0.0000000       69.000000       1.9040896      -1.0000000       187232.00
      0.21813406       1.5496391      -1.0000000      -1.0000000      -1.0000000
      -1.0000000      -1.0000000      -1.0000000       106.39893       6.0924006
       89.179237
       0.0000000       68.000000       2.0020282      -1.0000000       179185.00
      0.17785330       1.0374149      -1.0000000      -1.0000000      -1.0000000
      -1.0000000      -1.0000000      -1.0000000       84.449364       4.5497537
       84.734413
       1.0000000       68.000000       2.0020282      -1.0000000       1.0000000
       0.0000000       0.0000000      -1.0000000      -1.0000000      -1.0000000
      -1.0000000      -1.0000000      -1.0000000      -1.0000000      -1.0000000
      -1.0000000
       0.0000000       67.000000       2.1032696      -1.0000000       170861.00
      0.13661668      0.95362091      -1.0000000      -1.0000000      -1.0000000
      -1.0000000      -1.0000000      -1.0000000       80.347710       4.2092853
       37.310863
       0.0000000       66.000000       2.2079256      -1.0000000       170304.00
      0.11581697      0.69879872      -1.0000000      -1.0000000      -1.0000000
      -1.0000000      -1.0000000      -1.0000000       74.918579       3.3869264
       45.696281
       1.0000000       66.000000       2.2079256      -1.0000000       1.0000000
    0.0011065423    0.0026022212      -1.0000000      -1.0000000      -1.0000000
      -1.0000000      -1.0000000      -1.0000000      -1.0000000      -1.0000000
      -1.0000000
       0.0000000       65.000000       2.3161108      -1.0000000       172972.00
     0.086776122      0.41483641      -1.0000000      -1.0000000      -1.0000000
      -1.0000000      -1.0000000      -1.0000000       64.979744       2.3317893
       66.483650
       1.0000000       65.000000       2.3161108      -1.0000000       1.0000000
     0.015359335      0.11973732      -1.0000000      -1.0000000      -1.0000000
      -1.0000000      -1.0000000      -1.0000000      -1.0000000      -1.0000000
      -1.0000000
       0.0000000       64.000000       2.4442258      -1.0000000       224858.00
     0.078599803      0.37168986      -1.0000000      -1.0000000      -1.0000000
      -1.0000000      -1.0000000      -1.0000000       66.108139       2.0287042
       89.068840
       1.0000000       64.000000       2.4442258      -1.0000000       1.0000000
       0.0000000       0.0000000      -1.0000000      -1.0000000      -1.0000000
      -1.0000000      -1.0000000      -1.0000000      -1.0000000      -1.0000000
      -1.0000000
       0.0000000       63.000000       2.5772903      -1.0000000       208567.00
     0.079418339      0.36677343      -1.0000000      -1.0000000      -1.0000000
      -1.0000000      -1.0000000      -1.0000000       70.542664       2.6239502
       87.393799
       0.0000000       62.000000       2.7331426      -1.0000000       189592.00
     0.071353771      0.38206276      -1.0000000      -1.0000000      -1.0000000
      -1.0000000      -1.0000000      -1.0000000       79.675949       2.3224220
       79.977440
       1.0000000       62.000000       2.7331426      -1.0000000       1.0000000
       0.0000000       0.0000000      -1.0000000      -1.0000000      -1.0000000
      -1.0000000      -1.0000000      -1.0000000      -1.0000000      -1.0000000
      -1.0000000
       0.0000000       61.000000       2.8957851      -1.0000000       173428.00
     0.057511080      0.43689609      -1.0000000      -1.0000000      -1.0000000
      -1.0000000      -1.0000000      -1.0000000       80.642975       2.2262590
       79.281982
       1.0000000       61.000000       2.8957851      -1.0000000       1.0000000
       0.0000000       0.0000000      -1.0000000      -1.0000000      -1.0000000
      -1.0000000      -1.0000000      -1.0000000      -1.0000000      -1.0000000
      -1.0000000
       0.0000000       60.000000       3.0081310      -1.0000000       162473.00
     0.048644777      0.35938543      -1.0000000      -1.0000000      -1.0000000
      -1.0000000      -1.0000000      -1.0000000       73.947289       1.9889499
       81.727310
       1.0000000       60.000000       3.0081310      -1.0000000       1.0000000
   0.00077275425     0.027057594      -1.0000000      -1.0000000      -1.0000000
      -1.0000000      -1.0000000      -1.0000000      -1.0000000      -1.0000000
      -1.0000000
       0.0000000       59.000000       3.0848227      -1.0000000       155421.00
     0.046215370      0.35506332      -1.0000000      -1.0000000      -1.0000000
      -1.0000000      -1.0000000      -1.0000000       70.992393       2.0241590
       83.432739
       1.0000000       59.000000       3.0848227      -1.0000000       1.0000000
       0.0000000       0.0000000      -1.0000000      -1.0000000      -1.0000000
      -1.0000000      -1.0000000      -1.0000000      -1.0000000      -1.0000000
      -1.0000000
       0.0000000       58.000000       3.2830331      -1.0000000       128252.00
     0.037368324      0.39196578      -1.0000000      -1.0000000      -1.0000000
      -1.0000000      -1.0000000      -1.0000000       64.237976       2.0365574
       75.977333
       1.0000000       58.000000       3.2830331      -1.0000000       2.0000000
       0.0000000       0.0000000      -1.0000000      -1.0000000      -1.0000000
      -1.0000000      -1.0000000      -1.0000000      -1.0000000      -1.0000000
      -1.0000000
       0.0000000       57.000000       3.4908614      -1.0000000       164924.00
     0.030246055      0.27202338      -1.0000000      -1.0000000      -1.0000000
      -1.0000000      -1.0000000      -1.0000000       65.952156       1.6859130
       66.834373
       1.0000000       57.000000       3.4908614      -1.0000000       1.0000000
       0.0000000       0.0000000      -1.0000000      -1.0000000      -1.0000000
      -1.0000000      -1.0000000      -1.0000000      -1.0000000      -1.0000000
      -1.0000000
