       0.0000000       135.00000       0.0000000       14.000000       114308.00
       3.2522321      0.93812776      0.43431535      0.39393944      0.48034921
       95.787308      -58.877426       18.522608       90.877487       10.242724
       18.877930
       0.0000000       134.00000    0.0095216669       14.000000       113245.00
       3.3043737       1.0298328      0.43530464      0.32258064      0.45706880
       96.678185      -62.611149       8.9247465       92.051964       10.667747
       19.360130
       0.0000000       133.00000     0.023974428       14.000000       111784.00
       3.2668765       1.1574847      0.42860955      0.37500006      0.46902925
       99.469627      -58.240147      0.47761399       93.817764       10.990870
       20.420530
       0.0000000       132.00000     0.033724371       14.000000       110896.00
       3.2602017       1.1189322      0.42467406      0.34375006      0.46187305
       100.10698      -55.707333      -2.1058116       92.237953       10.907407
       22.313560
       0.0000000       131.00000     0.048523631       14.000000       106831.00
       3.2507079       1.1761591      0.42277771      0.30000001      0.44856375
       103.68369      -50.648258      -2.1202466       92.238434       11.158633
       22.626507
       0.0000000       130.00000     0.058507323       14.000000       106115.00
       3.1850321       1.1239862      0.42296332      0.33333331      0.45862827
       108.66946      -51.335083      -3.6337974       91.577019       10.907298
       24.651964
       0.0000000       129.00000     0.073661387       15.000000       107409.00
       3.1954281       1.0933236      0.42947802      0.36363643      0.49317619
       115.76225      -49.654312      -9.4769926       92.277054       11.198143
       24.873964
       0.0000000       128.00000     0.083884433       16.000000       110448.00
       3.1675191       1.3996274      0.42670339      0.32258064      0.45850161
       117.86739      -49.397846      -10.769490       92.263870       11.418782
       25.295290
       0.0000000       127.00000     0.099401802       16.000000       109018.00
       3.1750555       1.6703651      0.43165427      0.27586204      0.43867695
       119.99619      -51.406013      -2.6341379       91.841682       11.887359
       26.129791
       0.0000000       126.00000      0.10986994       16.000000       108478.00
       3.1365149       1.6812985      0.42252991      0.24137926      0.43081564
       117.58134      -54.101997      -3.6659710       90.619484       11.842788
       26.506754
       0.0000000       125.00000      0.12575933       16.000000       104557.00
       3.1061034       1.2440352      0.42580578      0.27586204      0.45555720
       127.92001      -43.741318      -15.730577       87.160629       11.671207
       30.289307
       0.0000000       124.00000      0.14187621       16.000000       103702.00
       3.1079583       1.2513615      0.43289313      0.23333335      0.50026941
       133.67487      -37.156200      -32.427227       87.922951       11.650896
       31.511854
       0.0000000       123.00000      0.15274876       16.000000       101972.00
       3.1007278       1.3790859      0.42698443      0.30000001      0.46083513
       139.67387      -26.223524      -37.920712       87.478142       11.862163
       34.231052
       0.0000000       122.00000      0.16925204       16.000000       101090.00
       3.0822442       1.4972445      0.44130740      0.32258064      0.48486853
       150.89778      -6.7436695      -32.991631       87.386116       12.063217
       34.895191
       0.0000000       121.00000      0.18038526       16.000000       99550.000
       3.0641348       1.2790676      0.44915003      0.44117647      0.50255823
       159.60043       8.0396271      -26.698418       86.097664       11.807459
       41.723091
       0.0000000       120.00000      0.19728418       17.000000       100292.00
       3.0470393       1.1391948      0.45774809      0.36666667      0.50303763
       167.96556       26.268953      -6.2091680       87.853035       11.894042
       40.540375
       0.0000000       119.00000      0.21442504       17.000000       95806.000
       3.0572205       1.0752621      0.44764966      0.39999998      0.51617509
       168.14828       26.038628       14.523866       91.861496       12.035664
       37.506069
       0.0000000       118.00000      0.22598839       17.000000       95456.000
       3.0649939       1.2662190      0.44534978      0.50000000      0.51193684
       170.06175       27.059284       32.210178       95.501404       12.349000
       35.090752
       0.0000000       117.00000      0.24354018       17.000000       94329.000
       2.9949200       1.7183299      0.45276803      0.41935480      0.51458764
       178.69394       19.966291       65.158524       103.86618       12.964602
       31.802917
       0.0000000       116.00000      0.26134327       17.000000       91500.000
       2.9726381       1.7808290      0.45157650      0.50000000      0.54016685
       179.89317       19.610510       85.748840       108.73480       13.128135
       22.232054
       0.0000000       115.00000      0.27335334       17.000000       90948.000
       2.8616982       1.5609660      0.43566945      0.54285711      0.53505403
       175.57071       27.946009       84.883949       102.50820       11.804550
       17.126774
       0.0000000       114.00000      0.29158324       17.000000       89824.000
       2.7465641       1.4975498      0.45703965      0.46875006      0.52515984
       189.24005       49.712551       41.022480       102.00534       11.113716
       15.254813
       0.0000000       113.00000      0.31007412       18.000000       87982.000
       2.8192470       1.6935092      0.50202888      0.46666664      0.58902979
       230.23111       116.89774       15.744053       100.11761       13.016795
       24.656578
       0.0000000       112.00000      0.32882974       17.000000       82472.000
       2.8504949       1.4972047      0.50971490      0.46666664      0.60954440
       217.95317       171.01724       7.2380285       100.66747       13.817423
       37.222046
       0.0000000       111.00000      0.34785384       17.000000       80203.000
       2.7753668       1.5299237      0.52205849      0.57142854      0.60543156
       201.63710       207.79074       37.581387       99.672676       13.407319
       49.172127
       0.0000000       110.00000      0.36068764       17.000000       79962.000
       2.7987361       1.8489161      0.45928767      0.59459460      0.59201610
       178.64496       212.83937       78.418388       99.615097       14.707878
       50.315071
       0.0000000       109.00000      0.38016787       16.000000       75542.000
       2.7837911       1.8012362      0.52024442      0.56250006      0.62712538
       175.29802       222.94109       156.01550       99.987946       14.803701
       58.832478
       1.0000000       109.00000      0.38016787      -1.0000000       1.0000000
     0.011562663      0.10121564      -1.0000000      -1.0000000      -1.0000000
      -1.0000000      -1.0000000      -1.0000000      -1.0000000      -1.0000000
      -1.0000000
       0.0000000       108.00000      0.39992696       19.000000       78336.000
       2.6774967       2.2292542      0.55526221      0.67500001      0.67652732
       223.18703       177.10712       198.89378       100.67363       14.497273
       54.081398
       0.0000000       107.00000      0.41996893       18.000000       75053.000
       2.7128420       2.5315399      0.53512830      0.74418604      0.62609452
       264.27740       163.01880       181.63504       105.70989       16.244019
       46.286186
       1.0000000       107.00000      0.41996893      -1.0000000       1.0000000
   0.00092842785     0.036799096      -1.0000000      -1.0000000      -1.0000000
      -1.0000000      -1.0000000      -1.0000000      -1.0000000      -1.0000000
      -1.0000000
       0.0000000       106.00000      0.44029784       18.000000       74376.000
       2.6498535       2.5670784      0.53009635      0.77777779      0.69166648
       274.38525       177.99835       159.42445       107.88789       16.623648
       40.163322
       0.0000000       105.00000      0.46091780       18.000000       70986.000
       2.5560310       2.6353683      0.56819701      0.58064520      0.70272112
       277.62637       199.31218       176.81465       106.26967       15.689392
       46.627689
       0.0000000       104.00000      0.48183295       19.000000       71835.000
       2.5381181       3.0198679      0.52178168      0.71794868      0.67168313
       284.80756       180.85374       213.34767       107.05470       16.899569
       48.782711
       1.0000000       104.00000      0.48183295      -1.0000000       1.0000000
     0.013488824     0.048078466      -1.0000000      -1.0000000      -1.0000000
      -1.0000000      -1.0000000      -1.0000000      -1.0000000      -1.0000000
      -1.0000000
       0.0000000       103.00000      0.50304753       18.000000       67496.000
       2.4768679       3.5750246      0.53283322      0.77777779      0.71366137
       313.85291       178.52426       164.75468       102.70139       17.631458
       58.271004
       1.0000000       103.00000      0.50304753      -1.0000000       1.0000000
    0.0065451385     0.030880881      -1.0000000      -1.0000000      -1.0000000
      -1.0000000      -1.0000000      -1.0000000      -1.0000000      -1.0000000
      -1.0000000
       0.0000000       102.00000      0.52456582       20.000000       69768.000
       2.3910084       3.2697821      0.53665459      0.66666663      0.69579577
       315.33170       219.48793       120.13774       98.655006       17.066711
       66.123215
       1.0000000       102.00000      0.52456582      -1.0000000       1.0000000
   0.00034791880     0.027220465      -1.0000000      -1.0000000      -1.0000000
      -1.0000000      -1.0000000      -1.0000000      -1.0000000      -1.0000000
      -1.0000000
       0.0000000       101.00000      0.54639220       19.000000       66355.000
       2.3384092       3.1262348      0.54856372      0.75000000      0.70239466
       282.68143       244.54953       152.51790       98.118950       17.361561
       63.796864
       1.0000000       101.00000      0.54639220      -1.0000000       1.0000000
     0.010444365     0.064880557      -1.0000000      -1.0000000      -1.0000000
      -1.0000000      -1.0000000      -1.0000000      -1.0000000      -1.0000000
      -1.0000000
       0.0000000       100.00000      0.57598084       19.000000       63043.000
       2.3027637       3.0859475      0.53315943      0.71428573      0.70332271
       285.06458       188.97604       207.66568       100.25147       17.417770
       64.061546
       0.0000000       99.000000      0.59854329       2470.0000       346065.00
       2.1475222       3.1545534      0.55727732      0.71052635      0.71628869
       320.83099       167.70134       177.68976       98.501236       15.904485
       71.562881
       1.0000000       99.000000      0.59854329      -1.0000000       1.0000000
    0.0038675892     0.060616698      -1.0000000      -1.0000000      -1.0000000
      -1.0000000      -1.0000000      -1.0000000      -1.0000000      -1.0000000
      -1.0000000
       0.0000000       98.000000      0.62142873       2488.0000       343197.00
       2.1642289       3.2656820      0.49452674      0.81250000      0.71781707
       318.40073       179.43988       153.06290       97.681648       17.846008
       71.325180
       0.0000000       97.000000      0.64464182       2515.0000       341265.00
       2.0215073       2.9837537      0.52665603      0.73684210      0.70092762
       284.26135       178.13680       182.93298       98.963554       15.938968
       71.457985
       1.0000000       97.000000      0.64464182      -1.0000000       1.0000000
     0.011939240     0.091987513      -1.0000000      -1.0000000      -1.0000000
      -1.0000000      -1.0000000      -1.0000000      -1.0000000      -1.0000000
      -1.0000000
       0.0000000       96.000000      0.67611039       2547.0000       338738.00
       1.9980274       3.4192734      0.53514183      0.69999999      0.69410765
       301.52560       157.49104       199.12241       101.45416       16.773117
       70.329315
       0.0000000       95.000000      0.70010638       2584.0000       336225.00
       1.8880442       3.9044535      0.45284864      0.80000001      0.66080481
       311.44995       158.14281       150.17950       101.23570       17.428257
       70.429596
       0.0000000       94.000000      0.73263615       2593.0000       332961.00
       1.8001380       3.3093987      0.51065570      0.67647058      0.64615327
       265.27634       155.78682       179.13110       100.55158       16.359512
       72.397224
       0.0000000       93.000000      0.75744140       2619.0000       329388.00
       1.7245551       3.2706902      0.49664468      0.72972977      0.66488475
       241.85306       157.02100       214.43582       100.18865       16.087400
       73.983978
       1.0000000       93.000000      0.75744140      -1.0000000       2.0000000
    0.0017529229     0.030659568      -1.0000000      -1.0000000      -1.0000000
      -1.0000000      -1.0000000      -1.0000000      -1.0000000      -1.0000000
      -1.0000000
       0.0000000       92.000000      0.79106826       2638.0000       324237.00
       1.6292970       3.1907890      0.48336166      0.71794868      0.67411113
       213.47578       79.073387       245.81174       99.407173       15.734380
       75.611038
       1.0000000       92.000000      0.79106826      -1.0000000       2.0000000
     0.018555472      0.16011646      -1.0000000      -1.0000000      -1.0000000
      -1.0000000      -1.0000000      -1.0000000      -1.0000000      -1.0000000
      -1.0000000
       0.0000000       91.000000      0.81671000       2647.0000       321365.00
       1.5957782       3.3692799      0.50598699      0.63636363      0.65841705
       246.52753       38.739391       215.38976       99.513695       15.817977
       75.896225
       0.0000000       90.000000      0.85147089      -1.0000000       318020.00
       1.5616292       2.7989922      -1.0000000      -1.0000000      -1.0000000
      -1.0000000      -1.0000000      -1.0000000       100.77042       15.283682
       75.003670
       1.0000000       90.000000      0.85147089      -1.0000000       3.0000000
   0.00086800763     0.011996538      -1.0000000      -1.0000000      -1.0000000
      -1.0000000      -1.0000000      -1.0000000      -1.0000000      -1.0000000
      -1.0000000
       0.0000000       89.000000      0.88689691      -1.0000000       313664.00
       1.4484642       2.3312945      -1.0000000      -1.0000000      -1.0000000
      -1.0000000      -1.0000000      -1.0000000       100.14155       14.040849
       76.185127
       1.0000000       89.000000      0.88689691      -1.0000000       4.0000000
     0.027243423      0.14191006      -1.0000000      -1.0000000      -1.0000000
      -1.0000000      -1.0000000      -1.0000000      -1.0000000      -1.0000000
      -1.0000000
       0.0000000       88.000000      0.92300081      -1.0000000       308609.00
       1.3835590       3.0213242      -1.0000000      -1.0000000      -1.0000000
      -1.0000000      -1.0000000      -1.0000000       101.24043       14.124246
       75.554062
       0.0000000       87.000000      0.95053136      -1.0000000       304634.00
       1.3108245       3.5358400      -1.0000000      -1.0000000      -1.0000000
      -1.0000000      -1.0000000      -1.0000000       101.64319       14.306749
       74.856041
       1.0000000       87.000000      0.95053136      -1.0000000       1.0000000
   0.00063563173       0.0000000      -1.0000000      -1.0000000      -1.0000000
      -1.0000000      -1.0000000      -1.0000000      -1.0000000      -1.0000000
      -1.0000000
       0.0000000       86.000000      0.98785281      -1.0000000       298375.00
       1.1991872       3.3257461      -1.0000000      -1.0000000      -1.0000000
      -1.0000000      -1.0000000      -1.0000000       101.40002       13.827823
       77.048012
       1.0000000       86.000000      0.98785281      -1.0000000       2.0000000
   0.00019723193       0.0000000      -1.0000000      -1.0000000      -1.0000000
      -1.0000000      -1.0000000      -1.0000000      -1.0000000      -1.0000000
      -1.0000000
       0.0000000       85.000000      0.99729425      -1.0000000       297355.00
       1.1965735       3.3505301      -1.0000000      -1.0000000      -1.0000000
      -1.0000000      -1.0000000      -1.0000000       101.01633       14.280869
       77.422714
       0.0000000       84.000000       1.0355104      -1.0000000       291329.00
       1.0918567       2.3893483      -1.0000000      -1.0000000      -1.0000000
      -1.0000000      -1.0000000      -1.0000000       96.721237       12.172224
       84.002144
       1.0000000       84.000000       1.0355104      -1.0000000       1.0000000
     0.021775743      0.17967775      -1.0000000      -1.0000000      -1.0000000
      -1.0000000      -1.0000000      -1.0000000      -1.0000000      -1.0000000
      -1.0000000
       0.0000000       83.000000       1.0744579      -1.0000000       287707.00
      0.99917805       2.2385311      -1.0000000      -1.0000000      -1.0000000
      -1.0000000      -1.0000000      -1.0000000       95.370964       10.910403
       88.499489
       1.0000000       83.000000       1.0744579      -1.0000000       3.0000000
    0.0048700016     0.040810589      -1.0000000      -1.0000000      -1.0000000
      -1.0000000      -1.0000000      -1.0000000      -1.0000000      -1.0000000
      -1.0000000
       0.0000000       82.000000       1.1141505      -1.0000000       278341.00
      0.93758869       2.6677125      -1.0000000      -1.0000000      -1.0000000
      -1.0000000      -1.0000000      -1.0000000       95.117111       10.996781
       95.697151
       0.0000000       81.000000       1.1546028      -1.0000000       256535.00
      0.88672668       2.4074473      -1.0000000      -1.0000000      -1.0000000
      -1.0000000      -1.0000000      -1.0000000       95.308571       10.641798
       103.07392
       0.0000000       80.000000       1.2062581      -1.0000000       254416.00
      0.83533508       2.0499654      -1.0000000      -1.0000000      -1.0000000
      -1.0000000      -1.0000000      -1.0000000       95.722504       11.053950
       106.56550
       1.0000000       80.000000       1.2062581      -1.0000000       1.0000000
    0.0061789458     0.069607869      -1.0000000      -1.0000000      -1.0000000
      -1.0000000      -1.0000000      -1.0000000      -1.0000000      -1.0000000
      -1.0000000
       0.0000000       79.000000       1.2484726      -1.0000000       207831.00
      0.77778929       1.9512168      -1.0000000      -1.0000000      -1.0000000
      -1.0000000      -1.0000000      -1.0000000       95.243355       10.129196
       107.95393
       1.0000000       79.000000       1.2484726      -1.0000000       3.0000000
   0.00091055309     0.055447859      -1.0000000      -1.0000000      -1.0000000
      -1.0000000      -1.0000000      -1.0000000      -1.0000000      -1.0000000
      -1.0000000
       0.0000000       78.000000       1.3023784      -1.0000000       194941.00
      0.75013912       1.9010214      -1.0000000      -1.0000000      -1.0000000
      -1.0000000      -1.0000000      -1.0000000       99.155334       10.924371
       113.79018
       0.0000000       77.000000       1.3575766      -1.0000000       189570.00
      0.67077613       3.1502156      -1.0000000      -1.0000000      -1.0000000
      -1.0000000      -1.0000000      -1.0000000       103.76356       12.568285
       110.78012
       1.0000000       77.000000       1.3575766      -1.0000000       1.0000000
   0.00070771488     0.027887600      -1.0000000      -1.0000000      -1.0000000
      -1.0000000      -1.0000000      -1.0000000      -1.0000000      -1.0000000
      -1.0000000
       0.0000000       76.000000       1.4140983      -1.0000000       186015.00
      0.60456401       2.0896218      -1.0000000      -1.0000000      -1.0000000
      -1.0000000      -1.0000000      -1.0000000       104.28270       10.274711
       108.61307
       0.0000000       75.000000       1.4719748      -1.0000000       223153.00
      0.37172458      0.98285842      -1.0000000      -1.0000000      -1.0000000
      -1.0000000      -1.0000000      -1.0000000       107.09323       5.2041421
       114.49687
       2.0000000       75.000000       1.4719748      0.44442356       75.000000
      0.16520315      0.42103273      -1.0000000      -1.0000000      -1.0000000
      -1.0000000      -1.0000000      -1.0000000      -1.0000000      -1.0000000
      -1.0000000
       1.0000000       75.000000       1.4719748      -1.0000000       1.0000000
   0.00030011969   0.00095328764      -1.0000000      -1.0000000      -1.0000000
      -1.0000000      -1.0000000      -1.0000000      -1.0000000      -1.0000000
      -1.0000000
       0.0000000       74.000000       1.5312390      -1.0000000       218391.00
      0.34144196      0.85848886      -1.0000000      -1.0000000      -1.0000000
      -1.0000000      -1.0000000      -1.0000000       107.87990       4.7376060
       115.31477
       1.0000000       74.000000       1.5312390      -1.0000000       1.0000000
    0.0014057714     0.037551604      -1.0000000      -1.0000000      -1.0000000
      -1.0000000      -1.0000000      -1.0000000      -1.0000000      -1.0000000
      -1.0000000
       0.0000000       73.000000       1.6042346      -1.0000000       210043.00
      0.31409192       1.0520216      -1.0000000      -1.0000000      -1.0000000
      -1.0000000      -1.0000000      -1.0000000       112.02819       5.4749498
       106.08768
       1.0000000       73.000000       1.6042346      -1.0000000       1.0000000
   0.00074494630    0.0070593776      -1.0000000      -1.0000000      -1.0000000
      -1.0000000      -1.0000000      -1.0000000      -1.0000000      -1.0000000
      -1.0000000
       0.0000000       72.000000       1.6666696      -1.0000000       203837.00
      0.28478533      0.97695333      -1.0000000      -1.0000000      -1.0000000
      -1.0000000      -1.0000000      -1.0000000       110.24294       4.5287328
       108.55132
       0.0000000       71.000000       1.7435706      -1.0000000       199609.00
      0.23708014      0.66905910      -1.0000000      -1.0000000      -1.0000000
      -1.0000000      -1.0000000      -1.0000000       102.75067       3.3646038
       116.38598
       1.0000000       71.000000       1.7435706      -1.0000000       2.0000000
   0.00085842732     0.014562292      -1.0000000      -1.0000000      -1.0000000
      -1.0000000      -1.0000000      -1.0000000      -1.0000000      -1.0000000
      -1.0000000
       0.0000000       70.000000       1.8226893      -1.0000000       191394.00
      0.21522129      0.42324695      -1.0000000      -1.0000000      -1.0000000
      -1.0000000      -1.0000000      -1.0000000       92.299538       2.6002834
       118.67004
       1.0000000       70.000000       1.8226893      -1.0000000       1.0000000
       0.0000000       0.0000000      -1.0000000      -1.0000000      -1.0000000
      -1.0000000      -1.0000000      -1.0000000      -1.0000000      -1.0000000
      -1.0000000
       0.0000000       69.000000       1.9040896      -1.0000000       194468.00
      0.21252011      0.39115649      -1.0000000      -1.0000000      -1.0000000
      -1.0000000      -1.0000000      -1.0000000       82.455940       2.6844594
       107.52740
       0.0000000       68.000000       2.0020282      -1.0000000       184818.00
      0.20180637      0.61750084      -1.0000000      -1.0000000      -1.0000000
      -1.0000000      -1.0000000      -1.0000000       78.333359       2.7867229
       91.123741
       1.0000000       68.000000       2.0020282      -1.0000000       1.0000000
       0.0000000       0.0000000      -1.0000000      -1.0000000      -1.0000000
      -1.0000000      -1.0000000      -1.0000000      -1.0000000      -1.0000000
      -1.0000000
       0.0000000       67.000000       2.1032696      -1.0000000       176131.00
      0.17953266      0.46254161      -1.0000000      -1.0000000      -1.0000000
      -1.0000000      -1.0000000      -1.0000000       78.581024       2.7058990
       75.475670
       0.0000000       66.000000       2.2079256      -1.0000000       182745.00
      0.15100345      0.65498400      -1.0000000      -1.0000000      -1.0000000
      -1.0000000      -1.0000000      -1.0000000       81.187698       2.8935785
       66.523872
       0.0000000       65.000000       2.3161108      -1.0000000       179887.00
      0.12149626      0.63451350      -1.0000000      -1.0000000      -1.0000000
      -1.0000000      -1.0000000      -1.0000000       82.388451       2.7145629
       62.127380
       1.0000000       65.000000       2.3161108      -1.0000000       1.0000000
       0.0000000       0.0000000      -1.0000000      -1.0000000      -1.0000000
      -1.0000000      -1.0000000      -1.0000000      -1.0000000      -1.0000000
      -1.0000000
       0.0000000       64.000000       2.4442258      -1.0000000       167723.00
     0.094624721      0.46066493      -1.0000000      -1.0000000      -1.0000000
      -1.0000000      -1.0000000      -1.0000000       75.515602       2.2207305
       68.511131
       1.0000000       64.000000       2.4442258      -1.0000000       2.0000000
   0.00081380282     0.030948058      -1.0000000      -1.0000000      -1.0000000
      -1.0000000      -1.0000000      -1.0000000      -1.0000000      -1.0000000
      -1.0000000
       0.0000000       63.000000       2.5772903      -1.0000000       208103.00
     0.088920496      0.41213724      -1.0000000      -1.0000000      -1.0000000
      -1.0000000      -1.0000000      -1.0000000       75.154167       2.2767193
       72.013077
       0.0000000       62.000000       2.7331426      -1.0000000       194518.00
     0.069308199      0.38211930      -1.0000000      -1.0000000      -1.0000000
      -1.0000000      -1.0000000      -1.0000000       74.730690       1.9214658
       74.122673
       1.0000000       62.000000       2.7331426      -1.0000000       2.0000000
    0.0010929819    0.0034992446      -1.0000000      -1.0000000      -1.0000000
      -1.0000000      -1.0000000      -1.0000000      -1.0000000      -1.0000000
      -1.0000000
       0.0000000       61.000000       2.8957851      -1.0000000       187120.00
     0.068849005      0.50683272      -1.0000000      -1.0000000      -1.0000000
      -1.0000000      -1.0000000      -1.0000000       82.326065       2.6676097
       64.952263
       1.0000000       61.000000       2.8957851      -1.0000000       1.0000000
   9.4345203e-05       0.0000000      -1.0000000      -1.0000000      -1.0000000
      -1.0000000      -1.0000000      -1.0000000      -1.0000000      -1.0000000
      -1.0000000
       0.0000000       60.000000       3.0081310      -1.0000000       180137.00
     0.055774733      0.50286049      -1.0000000      -1.0000000      -1.0000000
      -1.0000000      -1.0000000      -1.0000000       88.809525       2.5528646
       57.998055
       0.0000000       59.000000       3.0848227      -1.0000000       174040.00
     0.040705614      0.30603352      -1.0000000      -1.0000000      -1.0000000
      -1.0000000      -1.0000000      -1.0000000       84.795525       1.7115633
       62.840000
       1.0000000       59.000000       3.0848227      -1.0000000       2.0000000
    0.0080028386      0.10068516      -1.0000000      -1.0000000      -1.0000000
      -1.0000000      -1.0000000      -1.0000000      -1.0000000      -1.0000000
      -1.0000000
       0.0000000       58.000000       3.2830331      -1.0000000       158182.00
     0.029072456      0.32845789      -1.0000000      -1.0000000      -1.0000000
      -1.0000000      -1.0000000      -1.0000000       76.870346       1.6409390
       61.663521
       1.0000000       58.000000       3.2830331      -1.0000000       3.0000000
    0.0012008776     0.029528663      -1.0000000      -1.0000000      -1.0000000
      -1.0000000      -1.0000000      -1.0000000      -1.0000000      -1.0000000
      -1.0000000
       0.0000000       57.000000       3.4908614      -1.0000000       142528.00
     0.017574623      0.16191691      -1.0000000      -1.0000000      -1.0000000
      -1.0000000      -1.0000000      -1.0000000       63.608612       1.0608327
       73.384712
