       0.0000000       135.00000       0.0000000       4026.0000       486508.00
       1.5475681       1.3468739      0.36766002      0.37142855      0.30581975
      -49.567417       31.264582     -0.15509775       76.578018       8.1925898
       47.828865
       0.0000000       134.00000    0.0095216669      -1.0000000       488527.00
       1.5131520       1.0623004      -1.0000000      -1.0000000      -1.0000000
      -1.0000000      -1.0000000      -1.0000000       76.457672       7.8059630
       47.640926
       0.0000000       133.00000     0.023974428      -1.0000000       485125.00
       1.5286798       1.0948186      -1.0000000      -1.0000000      -1.0000000
      -1.0000000      -1.0000000      -1.0000000       77.101654       8.0086975
       47.050568
       0.0000000       132.00000     0.033724371      -1.0000000       484235.00
       1.4834682       1.1400565      -1.0000000      -1.0000000      -1.0000000
      -1.0000000      -1.0000000      -1.0000000       79.141907       7.6880708
       46.963810
       1.0000000       132.00000     0.033724371      -1.0000000       1.0000000
   0.00042667874     0.016617779      -1.0000000      -1.0000000      -1.0000000
      -1.0000000      -1.0000000      -1.0000000      -1.0000000      -1.0000000
      -1.0000000
       0.0000000       131.00000     0.048523631      -1.0000000       481613.00
       1.4867566       1.3771315      -1.0000000      -1.0000000      -1.0000000
      -1.0000000      -1.0000000      -1.0000000       79.349068       8.0662146
       46.677578
       0.0000000       130.00000     0.058507323      -1.0000000       479070.00
       1.4301248       1.4438282      -1.0000000      -1.0000000      -1.0000000
      -1.0000000      -1.0000000      -1.0000000       78.968094       7.8890228
       46.591137
       0.0000000       129.00000     0.073661387      -1.0000000       477101.00
       1.4305335       1.2027540      -1.0000000      -1.0000000      -1.0000000
      -1.0000000      -1.0000000      -1.0000000       78.573242       7.6953273
       47.806305
       0.0000000       128.00000     0.083884433      -1.0000000       474588.00
       1.4033500       1.3062315      -1.0000000      -1.0000000      -1.0000000
      -1.0000000      -1.0000000      -1.0000000       78.950798       7.7183881
       48.341484
       0.0000000       127.00000     0.099401802      -1.0000000       472982.00
       1.3608708       1.2148290      -1.0000000      -1.0000000      -1.0000000
      -1.0000000      -1.0000000      -1.0000000       78.213005       7.3703208
       48.904728
       0.0000000       126.00000      0.10986994      -1.0000000       470932.00
       1.3813484       1.2240280      -1.0000000      -1.0000000      -1.0000000
      -1.0000000      -1.0000000      -1.0000000       78.165977       7.8477826
       48.906647
       0.0000000       125.00000      0.12575933      -1.0000000       469091.00
       1.3341841       1.4387126      -1.0000000      -1.0000000      -1.0000000
      -1.0000000      -1.0000000      -1.0000000       79.664185       7.8336816
       49.741714
       0.0000000       124.00000      0.14187621      -1.0000000       466641.00
       1.3090650       1.1446428      -1.0000000      -1.0000000      -1.0000000
      -1.0000000      -1.0000000      -1.0000000       79.474342       7.3228469
       49.292786
       0.0000000       123.00000      0.15274876      -1.0000000       464742.00
       1.2660837       1.1319413      -1.0000000      -1.0000000      -1.0000000
      -1.0000000      -1.0000000      -1.0000000       79.250298       7.1920118
       49.553036
       0.0000000       122.00000      0.16925204      -1.0000000       462572.00
       1.2669488       1.0447670      -1.0000000      -1.0000000      -1.0000000
      -1.0000000      -1.0000000      -1.0000000       80.560303       7.3605947
       48.639538
       0.0000000       121.00000      0.18038526      -1.0000000       459066.00
       1.2778069       1.2250527      -1.0000000      -1.0000000      -1.0000000
      -1.0000000      -1.0000000      -1.0000000       82.016029       7.6319013
       49.130482
       0.0000000       120.00000      0.19728418      -1.0000000       454899.00
       1.2160214       1.4389132      -1.0000000      -1.0000000      -1.0000000
      -1.0000000      -1.0000000      -1.0000000       80.005295       7.6912761
       51.280811
       0.0000000       119.00000      0.21442504      -1.0000000       451820.00
       1.1926161       1.0868876      -1.0000000      -1.0000000      -1.0000000
      -1.0000000      -1.0000000      -1.0000000       78.991264       7.4104109
       52.244133
       1.0000000       119.00000      0.21442504      -1.0000000       1.0000000
       0.0000000       0.0000000      -1.0000000      -1.0000000      -1.0000000
      -1.0000000      -1.0000000      -1.0000000      -1.0000000      -1.0000000
      -1.0000000
       0.0000000       118.00000      0.22598839      -1.0000000       450626.00
       1.1750051       1.1346200      -1.0000000      -1.0000000      -1.0000000
      -1.0000000      -1.0000000      -1.0000000       79.961647       7.3052545
       52.526546
       0.0000000       117.00000      0.24354018      -1.0000000       447143.00
       1.1602750       1.3859280      -1.0000000      -1.0000000      -1.0000000
      -1.0000000      -1.0000000      -1.0000000       79.691315       7.4748130
       54.088093
       0.0000000       116.00000      0.26134327      -1.0000000       444167.00
       1.0996059       1.3918259      -1.0000000      -1.0000000      -1.0000000
      -1.0000000      -1.0000000      -1.0000000       78.224373       7.4738936
       56.727650
       0.0000000       115.00000      0.27335334      -1.0000000       441723.00
       1.1001281       1.3019137      -1.0000000      -1.0000000      -1.0000000
      -1.0000000      -1.0000000      -1.0000000       77.923096       7.4208264
       58.878292
       1.0000000       115.00000      0.27335334      -1.0000000       1.0000000
       0.0000000       0.0000000      -1.0000000      -1.0000000      -1.0000000
      -1.0000000      -1.0000000      -1.0000000      -1.0000000      -1.0000000
      -1.0000000
       0.0000000       114.00000      0.29158324      -1.0000000       438850.00
       1.0496939       1.4189770      -1.0000000      -1.0000000      -1.0000000
      -1.0000000      -1.0000000      -1.0000000       77.024879       7.2338128
       60.775005
       0.0000000       113.00000      0.31007412      -1.0000000       435855.00
       1.0202076       1.0961136      -1.0000000      -1.0000000      -1.0000000
      -1.0000000      -1.0000000      -1.0000000       77.003136       6.7881479
       61.822590
       0.0000000       112.00000      0.32882974      -1.0000000       432654.00
       1.0358839       1.2790203      -1.0000000      -1.0000000      -1.0000000
      -1.0000000      -1.0000000      -1.0000000       79.133240       7.5453672
       61.408894
       0.0000000       111.00000      0.34785384      -1.0000000       430689.00
      0.99533594       1.1980487      -1.0000000      -1.0000000      -1.0000000
      -1.0000000      -1.0000000      -1.0000000       81.366043       6.9059181
       60.516727
       0.0000000       110.00000      0.36068764      -1.0000000       429346.00
      0.94734085       1.0396253      -1.0000000      -1.0000000      -1.0000000
      -1.0000000      -1.0000000      -1.0000000       80.294846       6.8253746
       59.410793
       1.0000000       110.00000      0.36068764      -1.0000000       1.0000000
     0.053116418      0.20155779      -1.0000000      -1.0000000      -1.0000000
      -1.0000000      -1.0000000      -1.0000000      -1.0000000      -1.0000000
      -1.0000000
       0.0000000       109.00000      0.38016787      -1.0000000       426525.00
      0.95917028       1.0489495      -1.0000000      -1.0000000      -1.0000000
      -1.0000000      -1.0000000      -1.0000000       83.043907       7.0137382
       56.585758
       1.0000000       109.00000      0.38016787      -1.0000000       1.0000000
    0.0078652529     0.027017528      -1.0000000      -1.0000000      -1.0000000
      -1.0000000      -1.0000000      -1.0000000      -1.0000000      -1.0000000
      -1.0000000
       0.0000000       108.00000      0.39992696      -1.0000000       425598.00
      0.88666040      0.87179095      -1.0000000      -1.0000000      -1.0000000
      -1.0000000      -1.0000000      -1.0000000       87.198036       6.6795034
       52.505630
       0.0000000       107.00000      0.41996893      -1.0000000       422557.00
      0.93132436       1.3079215      -1.0000000      -1.0000000      -1.0000000
      -1.0000000      -1.0000000      -1.0000000       92.953720       7.5923653
       47.257137
       0.0000000       106.00000      0.44029784      -1.0000000       420907.00
      0.85742992       1.2707505      -1.0000000      -1.0000000      -1.0000000
      -1.0000000      -1.0000000      -1.0000000       87.768600       7.0591784
       53.739716
       1.0000000       106.00000      0.44029784      -1.0000000       1.0000000
       0.0000000       0.0000000      -1.0000000      -1.0000000      -1.0000000
      -1.0000000      -1.0000000      -1.0000000      -1.0000000      -1.0000000
      -1.0000000
       0.0000000       105.00000      0.46091780      -1.0000000       417655.00
      0.83299309       1.1122828      -1.0000000      -1.0000000      -1.0000000
      -1.0000000      -1.0000000      -1.0000000       79.735649       6.7002907
       58.671772
       1.0000000       105.00000      0.46091780      -1.0000000       1.0000000
       0.0000000       0.0000000      -1.0000000      -1.0000000      -1.0000000
      -1.0000000      -1.0000000      -1.0000000      -1.0000000      -1.0000000
      -1.0000000
       0.0000000       104.00000      0.48183295      -1.0000000       414998.00
      0.81146342      0.94611824      -1.0000000      -1.0000000      -1.0000000
      -1.0000000      -1.0000000      -1.0000000       78.153000       6.4587369
       58.020657
       0.0000000       103.00000      0.50304753      -1.0000000       411773.00
      0.81993151      0.97634482      -1.0000000      -1.0000000      -1.0000000
      -1.0000000      -1.0000000      -1.0000000       78.902458       6.8349934
       55.133842
       0.0000000       102.00000      0.52456582      -1.0000000       410001.00
      0.79343903       1.2056929      -1.0000000      -1.0000000      -1.0000000
      -1.0000000      -1.0000000      -1.0000000       80.141151       6.6094770
       53.892860
       0.0000000       101.00000      0.54639220      -1.0000000       408106.00
      0.77321535       1.2367504      -1.0000000      -1.0000000      -1.0000000
      -1.0000000      -1.0000000      -1.0000000       79.106041       6.6785545
       53.919315
       1.0000000       101.00000      0.54639220      -1.0000000       1.0000000
   0.00023617366    0.0092623699      -1.0000000      -1.0000000      -1.0000000
      -1.0000000      -1.0000000      -1.0000000      -1.0000000      -1.0000000
      -1.0000000
       0.0000000       100.00000      0.57598084      -1.0000000       404436.00
      0.75753152       1.0052998      -1.0000000      -1.0000000      -1.0000000
      -1.0000000      -1.0000000      -1.0000000       78.225456       6.3950963
       53.340927
       1.0000000       100.00000      0.57598084      -1.0000000       1.0000000
       0.0000000       0.0000000      -1.0000000      -1.0000000      -1.0000000
      -1.0000000      -1.0000000      -1.0000000      -1.0000000      -1.0000000
      -1.0000000
       0.0000000       99.000000      0.59854329      -1.0000000       401862.00
      0.73142064      0.87882352      -1.0000000      -1.0000000      -1.0000000
      -1.0000000      -1.0000000      -1.0000000       78.083885       5.9487863
       52.513325
       0.0000000       98.000000      0.62142873      -1.0000000       415304.00
      0.73346716       1.0499067      -1.0000000      -1.0000000      -1.0000000
      -1.0000000      -1.0000000      -1.0000000       78.729500       6.4976797
       50.657902
       0.0000000       97.000000      0.64464182      -1.0000000       413398.00
      0.71530282       1.0886641      -1.0000000      -1.0000000      -1.0000000
      -1.0000000      -1.0000000      -1.0000000       78.408195       6.2289343
       51.410091
       0.0000000       96.000000      0.67611039      -1.0000000       413184.00
      0.68697339       1.1172533      -1.0000000      -1.0000000      -1.0000000
      -1.0000000      -1.0000000      -1.0000000       77.119003       6.0456948
       50.916489
       1.0000000       96.000000      0.67611039      -1.0000000       1.0000000
   0.00012924790       0.0000000      -1.0000000      -1.0000000      -1.0000000
      -1.0000000      -1.0000000      -1.0000000      -1.0000000      -1.0000000
      -1.0000000
       0.0000000       95.000000      0.70010638      -1.0000000       409409.00
      0.67782938       1.1340722      -1.0000000      -1.0000000      -1.0000000
      -1.0000000      -1.0000000      -1.0000000       76.022385       6.2218375
       52.010651
       0.0000000       94.000000      0.73263615      -1.0000000       408868.00
      0.65916675      0.98006469      -1.0000000      -1.0000000      -1.0000000
      -1.0000000      -1.0000000      -1.0000000       75.190269       5.9646206
       53.191704
       0.0000000       93.000000      0.75744140      -1.0000000       405742.00
      0.65707791      0.85083455      -1.0000000      -1.0000000      -1.0000000
      -1.0000000      -1.0000000      -1.0000000       74.178871       5.7600269
       54.957340
       1.0000000       93.000000      0.75744140      -1.0000000       1.0000000
   0.00064018898    0.0087383017      -1.0000000      -1.0000000      -1.0000000
      -1.0000000      -1.0000000      -1.0000000      -1.0000000      -1.0000000
      -1.0000000
       0.0000000       92.000000      0.79106826      -1.0000000       401449.00
      0.63779002      0.82858545      -1.0000000      -1.0000000      -1.0000000
      -1.0000000      -1.0000000      -1.0000000       73.311928       5.6683888
       57.779839
       0.0000000       91.000000      0.81671000      -1.0000000       400291.00
      0.63196021      0.78611302      -1.0000000      -1.0000000      -1.0000000
      -1.0000000      -1.0000000      -1.0000000       72.083420       5.3714557
       59.464115
       0.0000000       90.000000      0.85147089      -1.0000000       395653.00
      0.62275171      0.64196432      -1.0000000      -1.0000000      -1.0000000
      -1.0000000      -1.0000000      -1.0000000       71.529587       5.2669477
       62.324757
       0.0000000       89.000000      0.88689691      -1.0000000       392939.00
      0.62041342      0.64009684      -1.0000000      -1.0000000      -1.0000000
      -1.0000000      -1.0000000      -1.0000000       73.566536       5.2690043
       61.716492
       0.0000000       88.000000      0.92300081      -1.0000000       386498.00
      0.61774236      0.80844378      -1.0000000      -1.0000000      -1.0000000
      -1.0000000      -1.0000000      -1.0000000       75.837463       5.2850013
       61.397354
       0.0000000       87.000000      0.95053136      -1.0000000       382989.00
      0.59970343      0.83531320      -1.0000000      -1.0000000      -1.0000000
      -1.0000000      -1.0000000      -1.0000000       76.363068       5.3044782
       60.892067
       0.0000000       86.000000      0.98785281      -1.0000000       377565.00
      0.58579177      0.66439986      -1.0000000      -1.0000000      -1.0000000
      -1.0000000      -1.0000000      -1.0000000       78.302528       5.1409459
       58.843021
       0.0000000       85.000000      0.99729425      -1.0000000       376016.00
      0.59173644      0.63678205      -1.0000000      -1.0000000      -1.0000000
      -1.0000000      -1.0000000      -1.0000000       79.043648       5.2620635
       58.227104
       0.0000000       84.000000       1.0355104      -1.0000000       366010.00
      0.58401066      0.76543212      -1.0000000      -1.0000000      -1.0000000
      -1.0000000      -1.0000000      -1.0000000       82.205154       5.1431246
       55.755508
       1.0000000       84.000000       1.0355104      -1.0000000       1.0000000
   0.00037717848    0.0034525997      -1.0000000      -1.0000000      -1.0000000
      -1.0000000      -1.0000000      -1.0000000      -1.0000000      -1.0000000
      -1.0000000
       0.0000000       83.000000       1.0744579      -1.0000000       357704.00
      0.56657511       1.0759933      -1.0000000      -1.0000000      -1.0000000
      -1.0000000      -1.0000000      -1.0000000       79.734459       5.6322665
       56.300430
       1.0000000       83.000000       1.0744579      -1.0000000       1.0000000
       0.0000000       0.0000000      -1.0000000      -1.0000000      -1.0000000
      -1.0000000      -1.0000000      -1.0000000      -1.0000000      -1.0000000
      -1.0000000
       0.0000000       82.000000       1.1141505      -1.0000000       353719.00
      0.52985573       1.0794876      -1.0000000      -1.0000000      -1.0000000
      -1.0000000      -1.0000000      -1.0000000       81.628517       5.1975956
       57.874481
       0.0000000       81.000000       1.1546028      -1.0000000       348215.00
      0.50401157      0.81562632      -1.0000000      -1.0000000      -1.0000000
      -1.0000000      -1.0000000      -1.0000000       79.849533       4.8891025
       60.009892
       0.0000000       80.000000       1.2062581      -1.0000000       343954.00
      0.48279509      0.84950256      -1.0000000      -1.0000000      -1.0000000
      -1.0000000      -1.0000000      -1.0000000       79.393089       5.0194979
       61.040813
       0.0000000       79.000000       1.2484726      -1.0000000       339057.00
      0.48354036      0.93643695      -1.0000000      -1.0000000      -1.0000000
      -1.0000000      -1.0000000      -1.0000000       81.057213       5.2042480
       60.582211
       0.0000000       78.000000       1.3023784      -1.0000000       332927.00
      0.43337047       1.0203311      -1.0000000      -1.0000000      -1.0000000
      -1.0000000      -1.0000000      -1.0000000       79.925903       4.9348507
       62.353325
       1.0000000       78.000000       1.3023784      -1.0000000       1.0000000
   0.00033606656     0.015944030      -1.0000000      -1.0000000      -1.0000000
      -1.0000000      -1.0000000      -1.0000000      -1.0000000      -1.0000000
      -1.0000000
       0.0000000       77.000000       1.3575766      -1.0000000       326468.00
      0.40581599      0.87864238      -1.0000000      -1.0000000      -1.0000000
      -1.0000000      -1.0000000      -1.0000000       78.874992       4.5282440
       63.393261
       0.0000000       76.000000       1.4140983      -1.0000000       320536.00
      0.38553774      0.93032336      -1.0000000      -1.0000000      -1.0000000
      -1.0000000      -1.0000000      -1.0000000       78.722031       4.7481484
       65.343315
       0.0000000       75.000000       1.4719748      -1.0000000       313604.00
      0.36638251      0.81569159      -1.0000000      -1.0000000      -1.0000000
      -1.0000000      -1.0000000      -1.0000000       78.765778       4.4859753
       69.075180
       0.0000000       74.000000       1.5312390      -1.0000000       305664.00
      0.33617672      0.76916236      -1.0000000      -1.0000000      -1.0000000
      -1.0000000      -1.0000000      -1.0000000       78.464539       4.0096560
       73.464928
       0.0000000       73.000000       1.6042346      -1.0000000       294927.00
      0.33668718      0.79526329      -1.0000000      -1.0000000      -1.0000000
      -1.0000000      -1.0000000      -1.0000000       77.476181       4.3825870
       80.338684
       0.0000000       72.000000       1.6666696      -1.0000000       284496.00
      0.29415062      0.60302913      -1.0000000      -1.0000000      -1.0000000
      -1.0000000      -1.0000000      -1.0000000       79.502617       3.6586957
       80.787086
       1.0000000       72.000000       1.6666696      -1.0000000       1.0000000
    0.0014354464       0.0000000      -1.0000000      -1.0000000      -1.0000000
      -1.0000000      -1.0000000      -1.0000000      -1.0000000      -1.0000000
      -1.0000000
       0.0000000       71.000000       1.7435706      -1.0000000       273863.00
      0.32418984      0.70288146      -1.0000000      -1.0000000      -1.0000000
      -1.0000000      -1.0000000      -1.0000000       83.939148       4.7160959
       77.172722
       1.0000000       71.000000       1.7435706      -1.0000000       1.0000000
       0.0000000       0.0000000      -1.0000000      -1.0000000      -1.0000000
      -1.0000000      -1.0000000      -1.0000000      -1.0000000      -1.0000000
      -1.0000000
       0.0000000       70.000000       1.8226893      -1.0000000       260593.00
      0.29026473      0.98087722      -1.0000000      -1.0000000      -1.0000000
      -1.0000000      -1.0000000      -1.0000000       88.529312       4.5668526
       70.323097
       1.0000000       70.000000       1.8226893      -1.0000000       1.0000000
     0.013264346      0.21136299      -1.0000000      -1.0000000      -1.0000000
      -1.0000000      -1.0000000      -1.0000000      -1.0000000      -1.0000000
      -1.0000000
       0.0000000       69.000000       1.9040896      -1.0000000       253892.00
      0.22672167       1.0392109      -1.0000000      -1.0000000      -1.0000000
      -1.0000000      -1.0000000      -1.0000000       92.433739       3.9121668
       64.534256
       1.0000000       69.000000       1.9040896      -1.0000000       1.0000000
       0.0000000       0.0000000      -1.0000000      -1.0000000      -1.0000000
      -1.0000000      -1.0000000      -1.0000000      -1.0000000      -1.0000000
      -1.0000000
       0.0000000       68.000000       2.0020282      -1.0000000       242600.00
      0.19270800       1.1099588      -1.0000000      -1.0000000      -1.0000000
      -1.0000000      -1.0000000      -1.0000000       94.243561       4.5112724
       63.000004
       0.0000000       67.000000       2.1032696      -1.0000000       234287.00
      0.14915912      0.46300444      -1.0000000      -1.0000000      -1.0000000
      -1.0000000      -1.0000000      -1.0000000       75.035927       2.7504520
       82.707939
       0.0000000       66.000000       2.2079256      -1.0000000       226719.00
      0.14001344      0.49858582      -1.0000000      -1.0000000      -1.0000000
      -1.0000000      -1.0000000      -1.0000000       71.530464       2.9434538
       79.066551
       1.0000000       66.000000       2.2079256      -1.0000000       1.0000000
       0.0000000       0.0000000      -1.0000000      -1.0000000      -1.0000000
      -1.0000000      -1.0000000      -1.0000000      -1.0000000      -1.0000000
      -1.0000000
       0.0000000       65.000000       2.3161108      -1.0000000       215844.00
      0.12086911      0.49655092      -1.0000000      -1.0000000      -1.0000000
      -1.0000000      -1.0000000      -1.0000000       74.884071       2.5158057
       68.810043
       1.0000000       65.000000       2.3161108      -1.0000000       1.0000000
       0.0000000       0.0000000      -1.0000000      -1.0000000      -1.0000000
      -1.0000000      -1.0000000      -1.0000000      -1.0000000      -1.0000000
      -1.0000000
       0.0000000       64.000000       2.4442258      -1.0000000       228359.00
      0.10436164      0.48298702      -1.0000000      -1.0000000      -1.0000000
      -1.0000000      -1.0000000      -1.0000000       75.115555       2.3642371
       69.346756
       1.0000000       64.000000       2.4442258      -1.0000000       1.0000000
       0.0000000       0.0000000      -1.0000000      -1.0000000      -1.0000000
      -1.0000000      -1.0000000      -1.0000000      -1.0000000      -1.0000000
      -1.0000000
       0.0000000       63.000000       2.5772903      -1.0000000       210345.00
     0.095486484      0.34484351      -1.0000000      -1.0000000      -1.0000000
      -1.0000000      -1.0000000      -1.0000000       73.445045       2.2698252
       72.160797
       1.0000000       63.000000       2.5772903      -1.0000000       3.0000000
    0.0039645107     0.033091668      -1.0000000      -1.0000000      -1.0000000
      -1.0000000      -1.0000000      -1.0000000      -1.0000000      -1.0000000
      -1.0000000
       0.0000000       62.000000       2.7331426      -1.0000000       176095.00
     0.078387871      0.46061069      -1.0000000      -1.0000000      -1.0000000
      -1.0000000      -1.0000000      -1.0000000       74.405991       2.0766506
       70.863678
       0.0000000       61.000000       2.8957851      -1.0000000       187644.00
     0.055323780      0.37952298      -1.0000000      -1.0000000      -1.0000000
      -1.0000000      -1.0000000      -1.0000000       80.707573       1.7952636
       56.978474
