       0.0000000       135.00000       0.0000000       60.000000       204396.00
       11.760013       0.0000000      0.40608466      0.66666663      0.54719657
       51.107903       85.812950       52.898712       168.87704       17.635759
       11.781151
       0.0000000       134.00000    0.0095216669       60.000000       203233.00
       11.654512       0.0000000      0.40991592      0.66666663      0.54442364
       49.051300       85.349083       54.182224       172.17659       17.245932
       10.236583
       0.0000000       133.00000     0.023974428       60.000000       200989.00
       17.811344    0.0032295377      0.41538027      0.61111116      0.58286089
       72.091454       125.35987       82.369041       262.94928       73.638145
       321.83597
       0.0000000       132.00000     0.033724371       60.000000       199980.00
       24.983185     0.012848472      0.50974423      0.62222219      0.63192409
       585.14160       104.82124       409.86984       262.35977       90.799896
       316.33862
       1.0000000       132.00000     0.033724371      -1.0000000       2.0000000
       0.0000000       0.0000000      -1.0000000      -1.0000000      -1.0000000
      -1.0000000      -1.0000000      -1.0000000      -1.0000000      -1.0000000
      -1.0000000
       0.0000000       131.00000     0.048523631       59.000000       194667.00
       12.732175     0.025240881      0.45026022      0.64864868      0.60301208
       55.329071       101.26447       96.320091       182.02962       21.087095
       18.665962
       1.0000000       131.00000     0.048523631      -1.0000000       7.0000000
      0.12698878      0.15055952      -1.0000000      -1.0000000      -1.0000000
      -1.0000000      -1.0000000      -1.0000000      -1.0000000      -1.0000000
      -1.0000000
       0.0000000       130.00000     0.058507323       59.000000       193599.00
       12.911648     0.020994307      0.46289471      0.63888896      0.60583574
       59.346416       105.07187       100.13355       175.39175       21.638086
       25.655521
       0.0000000       129.00000     0.073661387       59.000000       189126.00
       13.030746     0.015797690      0.47331923      0.62162161      0.60968155
       60.735550       110.64025       105.13162       170.39604       22.118357
       32.452896
       0.0000000       128.00000     0.083884433       59.000000       190247.00
       13.091269     0.036627006      0.48274389      0.62162161      0.61886114
       62.454082       112.10555       110.52048       168.03067       22.240849
       36.270432
       0.0000000       127.00000     0.099401802       67.000000       194721.00
       13.120616     0.018462162      0.49721256      0.61111116      0.62275946
       66.843781       116.63122       115.82688       165.79361       22.307091
       41.539848
       0.0000000       126.00000      0.10986994       65.000000       191630.00
       13.188862     0.034602012      0.50448310      0.61111116      0.63552791
       71.722504       119.80430       117.22637       165.80615       22.421194
       41.829288
       0.0000000       125.00000      0.12575933       65.000000       188428.00
       13.160531     0.060502186      0.51572347      0.61111116      0.64017630
       76.245628       124.06726       122.22471       164.22850       22.278318
       44.466015
       0.0000000       124.00000      0.14187621       65.000000       184988.00
       13.276038     0.090017386      0.52190453      0.61111116      0.64908469
       79.574928       127.53265       124.23689       162.12341       22.629875
       48.378311
       0.0000000       123.00000      0.15274876       66.000000       184352.00
       13.238506     0.067227378      0.52052242      0.63888896      0.64215779
       83.056107       127.93390       122.74403       161.40939       22.538864
       49.637459
       0.0000000       122.00000      0.16925204       64.000000       180293.00
       13.239684     0.039457649      0.52700013      0.60000002      0.64744937
       87.774826       130.47391       125.48307       161.02304       22.539204
       50.342220
       0.0000000       121.00000      0.18038526       62.000000       175404.00
       13.261753     0.026193144      0.52923596      0.60000002      0.65142798
       89.949249       131.80841       126.98943       160.41132       22.507927
       51.273640
       0.0000000       120.00000      0.19728418       93.000000       196518.00
       13.261158     0.011706020      0.53285772      0.58823532      0.65493727
       93.683762       136.94531       126.86632       159.38533       22.379488
       52.491634
       0.0000000       119.00000      0.21442504       94.000000       194502.00
       13.281508    0.0043580020      0.53636569      0.58823532      0.65239042
       92.349556       139.99164       130.43190       159.29976       22.426937
       52.445244
       0.0000000       118.00000      0.22598839       93.000000       193030.00
       13.266020    0.0087407166      0.54083782      0.58823532      0.65931970
       94.741089       142.22983       132.01843       159.34007       22.292454
       52.819420
       0.0000000       117.00000      0.24354018       90.000000       187728.00
       13.308816     0.043044124      0.54082853      0.58823532      0.66241229
       94.625679       143.55971       135.88687       160.50145       22.181513
       52.415478
       0.0000000       116.00000      0.26134327       94.000000       186487.00
       13.298302     0.044167187      0.54431808      0.58823532      0.65461493
       98.273727       145.07277       137.72202       164.10641       22.254461
       50.176556
       0.0000000       115.00000      0.27335334       93.000000       184905.00
       13.330041     0.023568284      0.54425353      0.58823532      0.66464263
       101.07494       145.84477       140.03459       166.94171       22.168468
       47.531952
       0.0000000       114.00000      0.29158324       91.000000       179098.00
       13.274464     0.054466248      0.54653400      0.58823532      0.66123056
       106.86622       148.80396       138.29485       172.45810       22.006618
       45.503258
       0.0000000       113.00000      0.31007412       92.000000       175681.00
       13.302287     0.017364442      0.55202281      0.58823532      0.65585995
       110.40105       150.99751       142.14529       179.47722       22.074188
       41.948818
       0.0000000       112.00000      0.32882974       92.000000       168900.00
       13.384965     0.022472277      0.55588913      0.61111116      0.66447246
       116.47508       156.20526       142.08517       184.45697       22.188778
       36.210270
       0.0000000       111.00000      0.34785384       92.000000       167224.00
       14.860044     0.055802409      0.50698674      0.50000000      0.64873844
       133.08559       180.69664       165.09158       231.02872       27.650455
       380.52222
       0.0000000       110.00000      0.36068764       92.000000       166426.00
       15.126263     0.023903698      0.49596763      0.57575762      0.66856331
       128.44608       178.85255       163.44540       237.82858       28.685705
       352.49521
       0.0000000       109.00000      0.38016787       93.000000       163424.00
       15.006965     0.058728673      0.49242413      0.50000000      0.65182543
       137.79251       193.11398       173.81685       240.59663       27.993309
       347.64963
       0.0000000       108.00000      0.39992696       99.000000       163689.00
       15.008446     0.075468384      0.50425148      0.58064520      0.66932493
       135.84085       187.30940       173.11748       239.09497       27.526371
       367.56863
       1.0000000       108.00000      0.39992696      -1.0000000       5.0000000
    0.0019794200     0.032774098      -1.0000000      -1.0000000      -1.0000000
      -1.0000000      -1.0000000      -1.0000000      -1.0000000      -1.0000000
      -1.0000000
       0.0000000       107.00000      0.41996893       97.000000       159256.00
       13.601751      0.10186484      0.56479704      0.60000002      0.67317498
       131.35547       167.91875       150.07645       182.08681       22.435436
       46.598793
       1.0000000       107.00000      0.41996893      -1.0000000       5.0000000
     0.029656001      0.24868295      -1.0000000      -1.0000000      -1.0000000
      -1.0000000      -1.0000000      -1.0000000      -1.0000000      -1.0000000
      -1.0000000
       0.0000000       106.00000      0.44029784       97.000000       157781.00
       13.594254      0.16105251      0.56447464      0.60000002      0.67803991
       129.74049       176.15762       149.23100       176.15436       22.351265
       49.739849
       0.0000000       105.00000      0.46091780       100.00000       155762.00
       13.552598      0.24930593      0.55685478      0.60000002      0.66995043
       128.42807       180.37387       147.62827       176.00581       22.151766
       44.670502
       0.0000000       104.00000      0.48183295       98.000000       152187.00
       13.689809      0.34327522      0.55573541      0.60000002      0.68002701
       129.25366       188.98203       143.43178       177.53157       22.589647
       48.144794
       0.0000000       103.00000      0.50304753       97.000000       147505.00
       13.822497      0.50327188      0.55935699      0.61764705      0.67485100
       130.64954       200.62276       137.16113       180.38080       23.103397
       58.847050
       0.0000000       102.00000      0.52456582       92.000000       142549.00
       13.841397      0.74074018      0.55792856      0.58823532      0.67825985
       127.14769       211.16141       135.17902       179.68010       23.450645
       65.042107
       0.0000000       101.00000      0.54639220       92.000000       140269.00
       13.843052       1.3377069      0.54758173      0.60000002      0.66622883
       134.29550       205.32686       134.63815       184.43529       24.169521
       58.222588
       0.0000000       100.00000      0.57598084       89.000000       132774.00
       13.732501       1.1805937      0.53306055      0.58823532      0.66829807
       137.89494       212.24570       117.17466       182.55081       23.940239
       64.581306
       0.0000000       99.000000      0.59854329       88.000000       127755.00
       13.690826       1.1527543      0.54755348      0.57575762      0.67052996
       132.99533       228.86713       111.76717       179.16386       23.948942
       77.331520
       0.0000000       98.000000      0.62142873       90.000000       125242.00
       13.678109      0.99365658      0.55346262      0.60000002      0.68304980
       121.87897       245.05080       109.23031       176.84781       23.760506
       85.634178
       0.0000000       97.000000      0.64464182       88.000000       122498.00
       13.640393       1.1844543      0.52548444      0.69230771      0.68700814
       119.64330       265.24759       116.35391       174.98195       24.800579
       101.56511
       1.0000000       97.000000      0.64464182      -1.0000000       1.0000000
      0.34394422     0.023095811      -1.0000000      -1.0000000      -1.0000000
      -1.0000000      -1.0000000      -1.0000000      -1.0000000      -1.0000000
      -1.0000000
       0.0000000       96.000000      0.67611039       84.000000       116588.00
       13.819402       1.5592277      0.57716858      0.68421054      0.72644526
       101.34443       298.90305       131.27051       176.76033       24.890636
       111.00423
       0.0000000       95.000000      0.70010638       83.000000       113217.00
       13.659184       1.6338701      0.56940085      0.67567563      0.72216392
       100.99760       292.63992       173.29942       179.02008       25.026596
       110.16905
       0.0000000       94.000000      0.73263615       84.000000       111778.00
       13.710084       1.9826370      0.55303758      0.70731705      0.75874424
       130.02405       302.60492       198.16568       178.75558       26.380400
       115.79547
       0.0000000       93.000000      0.75744140       489.00000       209577.00
       13.345450       2.9717240      0.55665267      0.75555557      0.73765403
       222.68878       296.90430       196.50755       174.11707       28.141975
       127.09174
       1.0000000       93.000000      0.75744140      -1.0000000       2.0000000
      0.24506891     0.075248809      -1.0000000      -1.0000000      -1.0000000
      -1.0000000      -1.0000000      -1.0000000      -1.0000000      -1.0000000
      -1.0000000
       0.0000000       92.000000      0.79106826       85.000000       106265.00
       13.110529       3.4519327      0.56291085      0.76744187      0.74131125
       321.51804       299.74045       135.97281       173.34811       29.395025
       128.21248
       1.0000000       92.000000      0.79106826      -1.0000000       1.0000000
      0.45968342      0.19051461      -1.0000000      -1.0000000      -1.0000000
      -1.0000000      -1.0000000      -1.0000000      -1.0000000      -1.0000000
      -1.0000000
       0.0000000       91.000000      0.81671000       481.00000       200463.00
       12.866874       3.3190677      0.55298042      0.77272725      0.75344741
       376.93063       262.67197       193.83888       169.70818       31.019096
       139.56973
       1.0000000       91.000000      0.81671000      -1.0000000       2.0000000
     0.054299104     0.054636876      -1.0000000      -1.0000000      -1.0000000
      -1.0000000      -1.0000000      -1.0000000      -1.0000000      -1.0000000
      -1.0000000
       0.0000000       90.000000      0.85147089       475.00000       195064.00
       11.962850       4.1231675      0.61051160      0.80769229      0.71900690
       330.70392       417.08926       302.64056       167.88022       31.338556
       148.91077
       1.0000000       90.000000      0.85147089      -1.0000000       3.0000000
      0.12901390      0.11534219      -1.0000000      -1.0000000      -1.0000000
      -1.0000000      -1.0000000      -1.0000000      -1.0000000      -1.0000000
      -1.0000000
       0.0000000       89.000000      0.88689691       474.00000       191621.00
       11.552688       4.2505736      0.65456724      0.72500002      0.74677354
       203.42950       384.87500       464.54773       166.29054       30.449850
       157.51923
       1.0000000       89.000000      0.88689691      -1.0000000       2.0000000
    0.0010192224     0.079002853      -1.0000000      -1.0000000      -1.0000000
      -1.0000000      -1.0000000      -1.0000000      -1.0000000      -1.0000000
      -1.0000000
       0.0000000       88.000000      0.92300081       468.00000       185932.00
       10.866440       3.8809955      0.60884386      0.68421054      0.71176583
       160.94701       512.78699       420.42822       163.44699       32.611885
       162.86137
       1.0000000       88.000000      0.92300081      -1.0000000       6.0000000
    0.0078757977      0.15320357      -1.0000000      -1.0000000      -1.0000000
      -1.0000000      -1.0000000      -1.0000000      -1.0000000      -1.0000000
      -1.0000000
       0.0000000       87.000000      0.95053136       461.00000       181682.00
       10.699395       3.4771657      0.62076825      0.69444442      0.71255356
       93.258224       605.34253       330.70749       164.70708       32.521820
       163.50206
       1.0000000       87.000000      0.95053136      -1.0000000       5.0000000
      0.10006812      0.22204249      -1.0000000      -1.0000000      -1.0000000
      -1.0000000      -1.0000000      -1.0000000      -1.0000000      -1.0000000
      -1.0000000
       0.0000000       86.000000      0.98785281       462.00000       177552.00
       10.330966       3.4732039      0.59516609      0.72222221      0.69665706
      -8.2478790       616.94556       287.20886       169.60793       32.603447
       159.04440
       1.0000000       86.000000      0.98785281      -1.0000000       6.0000000
      0.81645073       1.4230078      -1.0000000      -1.0000000      -1.0000000
      -1.0000000      -1.0000000      -1.0000000      -1.0000000      -1.0000000
      -1.0000000
       0.0000000       85.000000      0.99729425       463.00000       176619.00
       10.471566       3.8521798      0.61088145      0.72222221      0.70351464
      -20.437902       649.06274       289.94974       171.04892       34.675922
       159.26584
       1.0000000       85.000000      0.99729425      -1.0000000       1.0000000
      0.16121671      0.12161203      -1.0000000      -1.0000000      -1.0000000
      -1.0000000      -1.0000000      -1.0000000      -1.0000000      -1.0000000
      -1.0000000
       0.0000000       84.000000       1.0355104       471.00000       172921.00
       9.8537626       6.3083301      0.55266559      0.75555557      0.72675061
      -21.139103       658.26886       321.16074       175.12474       38.321739
       155.62532
       1.0000000       84.000000       1.0355104      -1.0000000       3.0000000
      0.89505486       1.1070530      -1.0000000      -1.0000000      -1.0000000
      -1.0000000      -1.0000000      -1.0000000      -1.0000000      -1.0000000
      -1.0000000
       0.0000000       83.000000       1.0744579       478.00000       168908.00
       9.2255783       7.6906199      0.52397346      0.76744187      0.68929642
       38.948498       592.64972       238.74663       179.43170       38.705143
       147.77681
       1.0000000       83.000000       1.0744579      -1.0000000       3.0000000
     0.060434977      0.24397414      -1.0000000      -1.0000000      -1.0000000
      -1.0000000      -1.0000000      -1.0000000      -1.0000000      -1.0000000
      -1.0000000
       0.0000000       82.000000       1.1141505       488.00000       164754.00
       7.9861088       7.9766669      0.53372848      0.65714288      0.57395303
       127.34956       519.47571       235.17387       187.32652       38.193134
       133.70892
       1.0000000       82.000000       1.1141505      -1.0000000       3.0000000
      0.14980436      0.44227330      -1.0000000      -1.0000000      -1.0000000
      -1.0000000      -1.0000000      -1.0000000      -1.0000000      -1.0000000
      -1.0000000
       0.0000000       81.000000       1.1546028       506.00000       163083.00
       6.8587627       6.7227807      0.51472217      0.74418604      0.65360630
       300.40631       420.81229       213.40820       193.86714       36.090439
       120.89631
       1.0000000       81.000000       1.1546028      -1.0000000       2.0000000
     0.022777362      0.15666790      -1.0000000      -1.0000000      -1.0000000
      -1.0000000      -1.0000000      -1.0000000      -1.0000000      -1.0000000
      -1.0000000
       0.0000000       80.000000       1.2062581       519.00000       157813.00
       6.2062578       5.8541923      0.57597464      0.64705884      0.63811868
       395.69238       375.71640       290.37079       194.47569       32.834595
       129.47192
       1.0000000       80.000000       1.2062581      -1.0000000       8.0000000
     0.027528749      0.31884876      -1.0000000      -1.0000000      -1.0000000
      -1.0000000      -1.0000000      -1.0000000      -1.0000000      -1.0000000
      -1.0000000
       0.0000000       79.000000       1.2484726       518.00000       154021.00
       5.7624578       4.1751881      0.59898299      0.67647058      0.71693546
       401.26318       320.73718       344.79636       167.59633       26.973656
       162.57315
       0.0000000       78.000000       1.3023784       514.00000       148291.00
       5.5224552       3.2141569      0.58735442      0.72222221      0.70699900
       428.06857       307.46790       300.76117       149.86813       24.924011
       171.80664
       1.0000000       78.000000       1.3023784      -1.0000000       4.0000000
     0.020607430      0.17468705      -1.0000000      -1.0000000      -1.0000000
      -1.0000000      -1.0000000      -1.0000000      -1.0000000      -1.0000000
      -1.0000000
       0.0000000       77.000000       1.3575766       495.00000       140752.00
       5.4461021       3.0854189      0.59817916      0.73684210      0.71509045
       480.40295       300.14615       234.38390       145.31491       24.491564
       156.44987
       1.0000000       77.000000       1.3575766      -1.0000000       1.0000000
       0.0000000       0.0000000      -1.0000000      -1.0000000      -1.0000000
      -1.0000000      -1.0000000      -1.0000000      -1.0000000      -1.0000000
      -1.0000000
       0.0000000       76.000000       1.4140983       482.00000       133672.00
       5.2091346       2.8724761      0.56319737      0.66666669      0.63221979
       450.70358       279.86768       174.88795       146.65596       24.620930
       162.14207
       1.0000000       76.000000       1.4140983      -1.0000000       3.0000000
      0.11760578      0.33966402      -1.0000000      -1.0000000      -1.0000000
      -1.0000000      -1.0000000      -1.0000000      -1.0000000      -1.0000000
      -1.0000000
       0.0000000       75.000000       1.4719748       480.00000       127975.00
       4.7944593       5.3347788      0.54545653      0.70731705      0.59876627
       425.23450       266.98328       128.91170       147.86967       25.313253
       165.09561
       1.0000000       75.000000       1.4719748      -1.0000000       6.0000000
     0.065856056      0.50786475      -1.0000000      -1.0000000      -1.0000000
      -1.0000000      -1.0000000      -1.0000000      -1.0000000      -1.0000000
      -1.0000000
       0.0000000       74.000000       1.5312390       507.00000       127035.00
       4.3407989       5.2614450      0.54881442      0.61764705      0.60634822
       446.34579       213.82719       106.75564       147.41132       23.791061
       161.63144
       1.0000000       74.000000       1.5312390      -1.0000000       2.0000000
     0.010519893      0.10336222      -1.0000000      -1.0000000      -1.0000000
      -1.0000000      -1.0000000      -1.0000000      -1.0000000      -1.0000000
      -1.0000000
       0.0000000       73.000000       1.6042346       518.00000       122054.00
       3.8157580       4.2569237      0.55569410      0.56250006      0.55138689
       411.81635       275.71802      -56.701679       145.54636       20.889227
       154.17172
       1.0000000       73.000000       1.6042346      -1.0000000       4.0000000
    0.0029450114     0.023825892      -1.0000000      -1.0000000      -1.0000000
      -1.0000000      -1.0000000      -1.0000000      -1.0000000      -1.0000000
      -1.0000000
       0.0000000       72.000000       1.6666696       513.00000       116428.00
       3.4848950       3.8126771      0.56674379      0.61111116      0.66152138
       317.36362       407.02692       95.310226       147.66675       20.060171
       146.24290
       0.0000000       71.000000       1.7435706       836.00000       135571.00
       3.1974804       3.6576405      0.55262959      0.59375006      0.63175809
       239.24525       442.59042       224.01347       151.28464       19.669559
       133.17670
       1.0000000       71.000000       1.7435706      -1.0000000       5.0000000
     0.036454837      0.24361595      -1.0000000      -1.0000000      -1.0000000
      -1.0000000      -1.0000000      -1.0000000      -1.0000000      -1.0000000
      -1.0000000
       0.0000000       70.000000       1.8226893       841.00000       129790.00
       2.9230528       4.4247212      0.42504948      0.74418604      0.55398470
       88.814011       319.16272       218.75792       149.70137       21.841133
       125.71054
       1.0000000       70.000000       1.8226893      -1.0000000       3.0000000
     0.069002174      0.44315714      -1.0000000      -1.0000000      -1.0000000
      -1.0000000      -1.0000000      -1.0000000      -1.0000000      -1.0000000
      -1.0000000
       0.0000000       69.000000       1.9040896       853.00000       124671.00
       2.7322197       3.9801075      0.42300469      0.75000000      0.51435375
       120.88200       373.92020       153.47885       159.46094       23.452703
       108.73577
       1.0000000       69.000000       1.9040896      -1.0000000       3.0000000
     0.022730171      0.20819672      -1.0000000      -1.0000000      -1.0000000
      -1.0000000      -1.0000000      -1.0000000      -1.0000000      -1.0000000
      -1.0000000
       0.0000000       68.000000       2.0020282       854.00000       116548.00
       2.3363190       4.4192972      0.53792089      0.51612902      0.60112393
       104.96980       430.20200       211.78688       152.87332       21.671499
       111.04733
       1.0000000       68.000000       2.0020282      -1.0000000       4.0000000
     0.022631484      0.14280597      -1.0000000      -1.0000000      -1.0000000
      -1.0000000      -1.0000000      -1.0000000      -1.0000000      -1.0000000
      -1.0000000
       0.0000000       67.000000       2.1032696       864.00000       110183.00
       2.0856335       2.7455254      0.54101229      0.67741930      0.59531528
       157.55794       404.89890       169.43901       132.23663       17.587994
       134.97298
       1.0000000       67.000000       2.1032696      -1.0000000       4.0000000
     0.021503485      0.12220064      -1.0000000      -1.0000000      -1.0000000
      -1.0000000      -1.0000000      -1.0000000      -1.0000000      -1.0000000
      -1.0000000
       0.0000000       66.000000       2.2079256       855.00000       102533.00
       1.9868982       2.3995547      0.52804679      0.63636363      0.55819726
       185.16177       410.91669       76.460938       128.58557       16.392321
       130.33366
       1.0000000       66.000000       2.2079256      -1.0000000       2.0000000
     0.054581867      0.26788950      -1.0000000      -1.0000000      -1.0000000
      -1.0000000      -1.0000000      -1.0000000      -1.0000000      -1.0000000
      -1.0000000
       0.0000000       65.000000       2.3161108       852.00000       95079.000
       1.8660007       2.6018593      0.52916443      0.74358976      0.63133973
       228.38884       392.64133       50.536503       137.39165       17.428141
       110.97139
       1.0000000       65.000000       2.3161108      -1.0000000       3.0000000
     0.023589660      0.25048362      -1.0000000      -1.0000000      -1.0000000
      -1.0000000      -1.0000000      -1.0000000      -1.0000000      -1.0000000
      -1.0000000
       0.0000000       64.000000       2.4442258       856.00000       88562.000
       1.6472020       3.2559466      0.42914519      0.64864868      0.45893404
       150.17912       304.97052      -35.646244       144.03058       16.691000
       93.681816
       1.0000000       64.000000       2.4442258      -1.0000000       4.0000000
     0.019205344      0.14636803      -1.0000000      -1.0000000      -1.0000000
      -1.0000000      -1.0000000      -1.0000000      -1.0000000      -1.0000000
      -1.0000000
       0.0000000       63.000000       2.5772903      -1.0000000       82756.000
       1.4136541       3.4453335      -1.0000000      -1.0000000      -1.0000000
      -1.0000000      -1.0000000      -1.0000000       139.52992       16.919151
       94.637115
       1.0000000       63.000000       2.5772903      -1.0000000       3.0000000
     0.019827744      0.26616174      -1.0000000      -1.0000000      -1.0000000
      -1.0000000      -1.0000000      -1.0000000      -1.0000000      -1.0000000
      -1.0000000
       0.0000000       62.000000       2.7331426      -1.0000000       80907.000
       1.1480882       2.5441635      -1.0000000      -1.0000000      -1.0000000
      -1.0000000      -1.0000000      -1.0000000       131.76375       13.438283
       98.684998
       1.0000000       62.000000       2.7331426      -1.0000000       1.0000000
   0.00026661155     0.027226556      -1.0000000      -1.0000000      -1.0000000
      -1.0000000      -1.0000000      -1.0000000      -1.0000000      -1.0000000
      -1.0000000
       0.0000000       61.000000       2.8957851      -1.0000000       74624.000
      0.98240912       1.8677688      -1.0000000      -1.0000000      -1.0000000
      -1.0000000      -1.0000000      -1.0000000       123.90205       11.076858
       109.86232
       1.0000000       61.000000       2.8957851      -1.0000000       4.0000000
     0.010958293      0.14115886      -1.0000000      -1.0000000      -1.0000000
      -1.0000000      -1.0000000      -1.0000000      -1.0000000      -1.0000000
      -1.0000000
       0.0000000       60.000000       3.0081310      -1.0000000       66975.000
      0.88315815       2.1481864      -1.0000000      -1.0000000      -1.0000000
      -1.0000000      -1.0000000      -1.0000000       123.47741       9.9772749
       113.67072
       1.0000000       60.000000       3.0081310      -1.0000000       1.0000000
    0.0087996759     0.033619281      -1.0000000      -1.0000000      -1.0000000
      -1.0000000      -1.0000000      -1.0000000      -1.0000000      -1.0000000
      -1.0000000
       0.0000000       59.000000       3.0848227      -1.0000000       64561.000
      0.82947117       1.9072427      -1.0000000      -1.0000000      -1.0000000
      -1.0000000      -1.0000000      -1.0000000       123.56755       9.7302256
       113.01938
       1.0000000       59.000000       3.0848227      -1.0000000       1.0000000
    0.0014196172       0.0000000      -1.0000000      -1.0000000      -1.0000000
      -1.0000000      -1.0000000      -1.0000000      -1.0000000      -1.0000000
      -1.0000000
       0.0000000       58.000000       3.2830331      -1.0000000       57112.000
      0.72838825       1.8077347      -1.0000000      -1.0000000      -1.0000000
      -1.0000000      -1.0000000      -1.0000000       129.32471       9.6497974
       113.07804
       1.0000000       58.000000       3.2830331      -1.0000000       3.0000000
     0.010528872      0.10987167      -1.0000000      -1.0000000      -1.0000000
      -1.0000000      -1.0000000      -1.0000000      -1.0000000      -1.0000000
      -1.0000000
       0.0000000       57.000000       3.4908614      -1.0000000       47022.000
      0.54995990       1.4804063      -1.0000000      -1.0000000      -1.0000000
      -1.0000000      -1.0000000      -1.0000000       135.16954       6.6388803
       109.25520
       1.0000000       57.000000       3.4908614      -1.0000000       1.0000000
   0.00065068627       0.0000000      -1.0000000      -1.0000000      -1.0000000
      -1.0000000      -1.0000000      -1.0000000      -1.0000000      -1.0000000
      -1.0000000
