       0.0000000       135.00000       0.0000000       22.000000       138413.00
       67.346863      0.30962598      0.26186258      0.45945948     0.044941030
       1.0377170       6.4006891      -10.449226       383.48050       250.29324
       425.68796
       0.0000000       134.00000    0.0095216669       22.000000       137581.00
       66.500206      0.24972509      0.25071508      0.44444448      0.14051194
      -1.3195271       11.177012      -12.790522       392.52362       242.82646
       402.31604
       1.0000000       134.00000    0.0095216669      -1.0000000       13.000000
     0.017673849     0.029002268      -1.0000000      -1.0000000      -1.0000000
      -1.0000000      -1.0000000      -1.0000000      -1.0000000      -1.0000000
      -1.0000000
       0.0000000       133.00000     0.023974428       22.000000       136066.00
       66.990761      0.22774512      0.26050907      0.48648649      0.16324815
       1.5174165       18.461151      -14.282213       401.15378       247.45612
       361.98410
       1.0000000       133.00000     0.023974428      -1.0000000       17.000000
     0.032798890     0.012813959      -1.0000000      -1.0000000      -1.0000000
      -1.0000000      -1.0000000      -1.0000000      -1.0000000      -1.0000000
      -1.0000000
       0.0000000       132.00000     0.033724371       22.000000       135165.00
       66.442123      0.38093024      0.25198779      0.45945948      0.15796039
      -7.6313071       20.035604      -16.018425       400.58948       239.19016
       350.12488
       1.0000000       132.00000     0.033724371      -1.0000000       12.000000
     0.016903087     0.017285926      -1.0000000      -1.0000000      -1.0000000
      -1.0000000      -1.0000000      -1.0000000      -1.0000000      -1.0000000
      -1.0000000
       0.0000000       131.00000     0.048523631       22.000000       130802.00
       65.648987      0.54876602      0.26485702      0.44736844     0.057358082
      -22.534184       11.258906      -13.522863       386.03821       224.47069
       370.60196
       1.0000000       131.00000     0.048523631      -1.0000000       15.000000
    0.0030987172     0.029845356      -1.0000000      -1.0000000      -1.0000000
      -1.0000000      -1.0000000      -1.0000000      -1.0000000      -1.0000000
      -1.0000000
       0.0000000       130.00000     0.058507323       24.000000       134727.00
       64.628464      0.55260044      0.25894138      0.47222227     0.035087004
      -14.200474       8.9638319      -8.0790882       371.27750       212.65535
       398.82556
       1.0000000       130.00000     0.058507323      -1.0000000       8.0000000
    0.0059237469       0.0000000      -1.0000000      -1.0000000      -1.0000000
      -1.0000000      -1.0000000      -1.0000000      -1.0000000      -1.0000000
      -1.0000000
       0.0000000       129.00000     0.073661387       23.000000       129484.00
       63.578232      0.46490350      0.25789297      0.51282048     0.027850339
      -9.0057859       9.8022346      -4.1682606       351.50665       200.31026
       439.33618
       1.0000000       129.00000     0.073661387      -1.0000000       17.000000
    0.0069265572     0.081538256      -1.0000000      -1.0000000      -1.0000000
      -1.0000000      -1.0000000      -1.0000000      -1.0000000      -1.0000000
      -1.0000000
       0.0000000       128.00000     0.083884433       22.000000       127369.00
       63.492695      0.64411992      0.25392291      0.45714289     0.048724394
      -9.8281660       2.4881647      -10.985175       342.23151       199.88390
       452.41760
       1.0000000       128.00000     0.083884433      -1.0000000       12.000000
     0.011085951     0.030218245      -1.0000000      -1.0000000      -1.0000000
      -1.0000000      -1.0000000      -1.0000000      -1.0000000      -1.0000000
      -1.0000000
       0.0000000       127.00000     0.099401802       23.000000       127595.00
       64.632332      0.38851678      0.25801915      0.44444448      0.10389578
      -15.223938       2.6002436      -8.5482788       331.74582       210.53029
       459.42160
       1.0000000       127.00000     0.099401802      -1.0000000       13.000000
     0.010179659     0.026566402      -1.0000000      -1.0000000      -1.0000000
      -1.0000000      -1.0000000      -1.0000000      -1.0000000      -1.0000000
      -1.0000000
       0.0000000       126.00000      0.10986994       22.000000       124937.00
       63.446285      0.35225394      0.25184518      0.47222227     0.036909595
      -3.6847222       1.5368789      -7.8122711       322.39453       193.28754
       474.32602
       1.0000000       126.00000      0.10986994      -1.0000000       4.0000000
       0.0000000       0.0000000      -1.0000000      -1.0000000      -1.0000000
      -1.0000000      -1.0000000      -1.0000000      -1.0000000      -1.0000000
      -1.0000000
       0.0000000       125.00000      0.12575933       24.000000       125708.00
       62.547607      0.25269660      0.25329274      0.47368419     0.034750737
      -4.6822472      0.53019756      -7.7211976       310.00793       183.05469
       470.15741
       1.0000000       125.00000      0.12575933      -1.0000000       10.000000
      0.12720440      0.20813922      -1.0000000      -1.0000000      -1.0000000
      -1.0000000      -1.0000000      -1.0000000      -1.0000000      -1.0000000
      -1.0000000
       0.0000000       124.00000      0.14187621       23.000000       122319.00
       62.111786      0.18661126      0.26310712      0.47368419     0.034813799
      -1.9305289     -0.36702842      -9.1912203       303.74274       177.73988
       475.24683
       1.0000000       124.00000      0.14187621      -1.0000000       8.0000000
    0.0062894812     0.056942660      -1.0000000      -1.0000000      -1.0000000
      -1.0000000      -1.0000000      -1.0000000      -1.0000000      -1.0000000
      -1.0000000
       0.0000000       123.00000      0.15274876       21.000000       115974.00
       62.371113      0.13883303      0.23838602      0.47368419     0.040477645
      -2.6996579       4.5070724      -2.1944013       301.00931       178.06082
       488.66714
       1.0000000       123.00000      0.15274876      -1.0000000       8.0000000
    0.0046358962       0.0000000      -1.0000000      -1.0000000      -1.0000000
      -1.0000000      -1.0000000      -1.0000000      -1.0000000      -1.0000000
      -1.0000000
       0.0000000       122.00000      0.16925204       21.000000       115083.00
       61.862305     0.067184068      0.25403130      0.47368419     0.034838364
      -1.7177247    0.0067059831      -5.0138683       293.41409       175.14122
       466.53467
       1.0000000       122.00000      0.16925204      -1.0000000       9.0000000
    0.0021765082     0.022574076      -1.0000000      -1.0000000      -1.0000000
      -1.0000000      -1.0000000      -1.0000000      -1.0000000      -1.0000000
      -1.0000000
       0.0000000       121.00000      0.18038526       21.000000       113399.00
       61.877125     0.049107052      0.28102738      0.44736844     0.034784868
       2.7147114       4.0558114      -4.8248024       290.39627       172.32475
       463.40939
       1.0000000       121.00000      0.18038526      -1.0000000       4.0000000
    0.0021001935     0.049386855      -1.0000000      -1.0000000      -1.0000000
      -1.0000000      -1.0000000      -1.0000000      -1.0000000      -1.0000000
      -1.0000000
       0.0000000       120.00000      0.19728418       21.000000       111066.00
       61.766350      0.64900243      0.27504572      0.47368419     0.041396048
     0.021438405       2.8452561     -0.84199035       287.58279       173.53471
       461.59802
       1.0000000       120.00000      0.19728418      -1.0000000       10.000000
    0.0050735564     0.011009782      -1.0000000      -1.0000000      -1.0000000
      -1.0000000      -1.0000000      -1.0000000      -1.0000000      -1.0000000
      -1.0000000
       0.0000000       119.00000      0.21442504       22.000000       109873.00
       61.958298      0.71209753      0.26836300      0.48717946     0.055687170
      0.46290872    -0.087118775      -2.4275150       285.27081       174.18159
       461.17114
       1.0000000       119.00000      0.21442504      -1.0000000       10.000000
     0.015783296     0.067684408      -1.0000000      -1.0000000      -1.0000000
      -1.0000000      -1.0000000      -1.0000000      -1.0000000      -1.0000000
      -1.0000000
       0.0000000       118.00000      0.22598839       23.000000       111773.00
       61.812542      0.69698715      0.28574663      0.50000000     0.045656107
       3.9441793       1.2047518      -2.7069914       284.01724       173.88405
       461.41409
       1.0000000       118.00000      0.22598839      -1.0000000       7.0000000
    0.0098449516     0.042376062      -1.0000000      -1.0000000      -1.0000000
      -1.0000000      -1.0000000      -1.0000000      -1.0000000      -1.0000000
      -1.0000000
       0.0000000       117.00000      0.24354018       22.000000       108123.00
       61.864761      0.61224782      0.27246097      0.48717946     0.038768448
       2.8479736      -1.5918285     -0.95426834       280.32352       172.97099
       464.15213
       1.0000000       117.00000      0.24354018      -1.0000000       9.0000000
    0.0057270435     0.025728670      -1.0000000      -1.0000000      -1.0000000
      -1.0000000      -1.0000000      -1.0000000      -1.0000000      -1.0000000
      -1.0000000
       0.0000000       116.00000      0.26134327       22.000000       105106.00
       62.646122       1.6702180      0.23509593      0.48717946     0.035758957
       1.0238760     -0.90343046       2.0942636       279.70676       181.52853
       472.94690
       1.0000000       116.00000      0.26134327      -1.0000000       8.0000000
      0.21040095      0.38754230      -1.0000000      -1.0000000      -1.0000000
      -1.0000000      -1.0000000      -1.0000000      -1.0000000      -1.0000000
      -1.0000000
       0.0000000       115.00000      0.27335334       22.000000       104431.00
       61.589123      0.82813239      0.27603486      0.47368419     0.040181696
      -1.7426407      -4.0198131       4.8188863       274.98749       168.56218
       482.16101
       1.0000000       115.00000      0.27335334      -1.0000000       7.0000000
    0.0017481807     0.039598004      -1.0000000      -1.0000000      -1.0000000
      -1.0000000      -1.0000000      -1.0000000      -1.0000000      -1.0000000
      -1.0000000
       0.0000000       114.00000      0.29158324       21.000000       100548.00
       61.760761      0.70415694      0.28355685      0.48717946     0.035538208
       4.1832294      -10.729491      -3.5721645       272.42999       168.52863
       479.78671
       1.0000000       114.00000      0.29158324      -1.0000000       4.0000000
    0.0031315612       0.0000000      -1.0000000      -1.0000000      -1.0000000
      -1.0000000      -1.0000000      -1.0000000      -1.0000000      -1.0000000
      -1.0000000
       0.0000000       113.00000      0.31007412       22.000000       98542.000
       61.393734      0.58812147      0.27784723      0.47368419     0.039569974
       7.7082100      -2.0414848      -4.2808986       273.28500       166.04659
       452.38834
       1.0000000       113.00000      0.31007412      -1.0000000       9.0000000
   0.00087823388       0.0000000      -1.0000000      -1.0000000      -1.0000000
      -1.0000000      -1.0000000      -1.0000000      -1.0000000      -1.0000000
      -1.0000000
       0.0000000       112.00000      0.32882974       21.000000       92964.000
       61.592926      0.61937445      0.27517983      0.47368419     0.037813358
       3.1503572       7.4745355       6.4307590       275.29193       166.25394
       435.54822
       1.0000000       112.00000      0.32882974      -1.0000000       5.0000000
    0.0055245340    0.0023476328      -1.0000000      -1.0000000      -1.0000000
      -1.0000000      -1.0000000      -1.0000000      -1.0000000      -1.0000000
      -1.0000000
       0.0000000       111.00000      0.34785384       19.000000       85545.000
       61.250042      0.37810266      0.27497295      0.50000000     0.039759334
      -2.7168114      -7.1502295       8.8971548       275.62607       162.54036
       436.34116
       1.0000000       111.00000      0.34785384      -1.0000000       7.0000000
    0.0055767316     0.032874426      -1.0000000      -1.0000000      -1.0000000
      -1.0000000      -1.0000000      -1.0000000      -1.0000000      -1.0000000
      -1.0000000
       0.0000000       110.00000      0.36068764       19.000000       85347.000
       61.443989      0.65607309      0.27547199      0.47368419     0.038974773
       2.4502962      -14.948801      0.72646403       278.02151       163.01260
       424.79001
       1.0000000       110.00000      0.36068764      -1.0000000       4.0000000
     0.011049807     0.015713766      -1.0000000      -1.0000000      -1.0000000
      -1.0000000      -1.0000000      -1.0000000      -1.0000000      -1.0000000
      -1.0000000
       0.0000000       109.00000      0.38016787       18.000000       80756.000
       61.501450      0.47799298      0.28040454      0.50000000     0.037880458
       10.998791      -1.9638070      -6.2553277       282.20984       162.95192
       408.24826
       1.0000000       109.00000      0.38016787      -1.0000000       7.0000000
    0.0084335221     0.076691314      -1.0000000      -1.0000000      -1.0000000
      -1.0000000      -1.0000000      -1.0000000      -1.0000000      -1.0000000
      -1.0000000
       0.0000000       108.00000      0.39992696       16.000000       70617.000
       61.481323      0.48778477      0.28794295      0.47368419     0.058149245
       4.6880269       20.484766       2.2367914       285.37793       161.76170
       408.33200
       1.0000000       108.00000      0.39992696      -1.0000000       8.0000000
     0.020893230      0.20927654      -1.0000000      -1.0000000      -1.0000000
      -1.0000000      -1.0000000      -1.0000000      -1.0000000      -1.0000000
      -1.0000000
       0.0000000       107.00000      0.41996893       16.000000       69801.000
       61.659775      0.49313176      0.28550258      0.51282048     0.062146187
      -9.8626547      -2.6257515       11.975901       288.72632       162.26257
       406.16049
       1.0000000       107.00000      0.41996893      -1.0000000       6.0000000
   0.00069506845       0.0000000      -1.0000000      -1.0000000      -1.0000000
      -1.0000000      -1.0000000      -1.0000000      -1.0000000      -1.0000000
      -1.0000000
       0.0000000       106.00000      0.44029784       16.000000       69074.000
       61.914383      0.35098606      0.28626084      0.50000000     0.067756146
       8.8684988      -26.699863      -12.971711       292.88657       162.87195
       404.17148
       1.0000000       106.00000      0.44029784      -1.0000000       4.0000000
    0.0034341258     0.057909952      -1.0000000      -1.0000000      -1.0000000
      -1.0000000      -1.0000000      -1.0000000      -1.0000000      -1.0000000
      -1.0000000
       0.0000000       105.00000      0.46091780       16.000000       65807.000
       63.465649      0.52509314      0.30837607      0.65116274     0.079105854
       15.232669       47.304031      -17.045425       297.83456       173.56165
       397.04749
       1.0000000       105.00000      0.46091780      -1.0000000       8.0000000
    0.0051038932     0.019270387      -1.0000000      -1.0000000      -1.0000000
      -1.0000000      -1.0000000      -1.0000000      -1.0000000      -1.0000000
      -1.0000000
       0.0000000       104.00000      0.48183295       16.000000       64701.000
       52.018604      0.63815099      0.26750502      0.56410253      0.10731545
      -12.252926       6.3733101      -19.286673       296.44394       194.55367
       396.64169
       2.0000000       104.00000      0.48183295      0.45418206       94.000000
       19.834288       2.2126384      0.52178168      0.71794868      0.67168313
       284.80756       180.85374       213.34767      -57006.891      -67255.930
       35162.309
       1.0000000       104.00000      0.48183295      -1.0000000       9.0000000
     0.015734744      0.12902464      -1.0000000      -1.0000000      -1.0000000
      -1.0000000      -1.0000000      -1.0000000      -1.0000000      -1.0000000
      -1.0000000
       0.0000000       103.00000      0.50304753       45.000000       106721.00
       58.207958      0.21957491      0.32724988      0.51282048      0.35603517
      -23.078075      -229.42323      -162.60361       311.95840       142.23734
       382.90457
       1.0000000       103.00000      0.50304753      -1.0000000       4.0000000
    0.0093553472     0.073958389      -1.0000000      -1.0000000      -1.0000000
      -1.0000000      -1.0000000      -1.0000000      -1.0000000      -1.0000000
      -1.0000000
       0.0000000       102.00000      0.52456582       43.000000       102843.00
       45.319782      0.19445762      0.32035458      0.61111116      0.33804631
      -66.637177      -125.23666      -92.834305       298.07510       106.47729
       380.44977
       1.0000000       102.00000      0.52456582      -1.0000000       5.0000000
     0.056414737      0.12198587      -1.0000000      -1.0000000      -1.0000000
      -1.0000000      -1.0000000      -1.0000000      -1.0000000      -1.0000000
      -1.0000000
       0.0000000       101.00000      0.54639220       40.000000       96646.000
       45.171085      0.40952420      0.32738054      0.64999998      0.35603046
      -55.887177      -138.61235      -109.96909       303.64203       103.26269
       366.20947
       1.0000000       101.00000      0.54639220      -1.0000000       10.000000
     0.018424294      0.15491835      -1.0000000      -1.0000000      -1.0000000
      -1.0000000      -1.0000000      -1.0000000      -1.0000000      -1.0000000
      -1.0000000
       0.0000000       100.00000      0.57598084       39.000000       90852.000
       44.920517      0.45141929      0.32586840      0.64102566      0.36743432
      -40.805836      -144.65570      -110.79195       317.80685       102.20420
       341.51187
       1.0000000       100.00000      0.57598084      -1.0000000       7.0000000
     0.066157806      0.21453984      -1.0000000      -1.0000000      -1.0000000
      -1.0000000      -1.0000000      -1.0000000      -1.0000000      -1.0000000
      -1.0000000
       0.0000000       99.000000      0.59854329       40.000000       87854.000
       45.493999      0.48751175      0.32949004      0.64102566      0.36759040
      -34.716095      -156.69823      -116.98885       332.11584       106.00481
       318.14154
       1.0000000       99.000000      0.59854329      -1.0000000       6.0000000
    0.0058640829      0.12441038      -1.0000000      -1.0000000      -1.0000000
      -1.0000000      -1.0000000      -1.0000000      -1.0000000      -1.0000000
      -1.0000000
       0.0000000       98.000000      0.62142873       39.000000       83587.000
       45.709854      0.65812463      0.33597937      0.63157892      0.38363636
      -16.822346      -166.94292      -126.40957       343.54651       108.84598
       282.97366
       1.0000000       98.000000      0.62142873      -1.0000000       12.000000
     0.038029633      0.26077601      -1.0000000      -1.0000000      -1.0000000
      -1.0000000      -1.0000000      -1.0000000      -1.0000000      -1.0000000
      -1.0000000
       0.0000000       97.000000      0.64464182       38.000000       81604.000
       46.812389      0.76785636      0.35376674      0.68421054      0.40586731
     -0.43253833      -206.03835      -152.70567       345.64468       118.31151
       273.83148
       1.0000000       97.000000      0.64464182      -1.0000000       14.000000
     0.047552917      0.22796125      -1.0000000      -1.0000000      -1.0000000
      -1.0000000      -1.0000000      -1.0000000      -1.0000000      -1.0000000
      -1.0000000
       0.0000000       96.000000      0.67611039       35.000000       76225.000
       45.654053       1.5104058      0.35214999      0.68421054      0.40510133
       26.442686      -197.68031      -147.09068       317.01556       105.76024
       319.90936
       1.0000000       96.000000      0.67611039      -1.0000000       12.000000
       2.0764948       1.0236782      -1.0000000      -1.0000000      -1.0000000
      -1.0000000      -1.0000000      -1.0000000      -1.0000000      -1.0000000
      -1.0000000
       0.0000000       95.000000      0.70010638       35.000000       74372.000
       44.336330       1.2203205      0.36132893      0.67567563      0.43432283
       47.594425      -197.22351      -158.41870       297.22229       95.972374
       357.04239
       1.0000000       95.000000      0.70010638      -1.0000000       7.0000000
      0.10098474      0.13615620      -1.0000000      -1.0000000      -1.0000000
      -1.0000000      -1.0000000      -1.0000000      -1.0000000      -1.0000000
      -1.0000000
       0.0000000       94.000000      0.73263615       32.000000       69952.000
       43.670345       1.0625238      0.37410367      0.69230771      0.44955987
       78.331390      -203.95126      -163.51401       275.03537       89.704376
       382.83929
       1.0000000       94.000000      0.73263615      -1.0000000       4.0000000
       0.0000000       0.0000000      -1.0000000      -1.0000000      -1.0000000
      -1.0000000      -1.0000000      -1.0000000      -1.0000000      -1.0000000
      -1.0000000
       0.0000000       93.000000      0.75744140       31.000000       67749.000
       43.298080      0.79315877      0.37679803      0.69999999      0.45123801
       104.11188      -204.02460      -157.22278       262.39636       86.481964
       388.89032
       1.0000000       93.000000      0.75744140      -1.0000000       6.0000000
     0.013959826      0.10559999      -1.0000000      -1.0000000      -1.0000000
      -1.0000000      -1.0000000      -1.0000000      -1.0000000      -1.0000000
      -1.0000000
       0.0000000       92.000000      0.79106826       34.000000       68767.000
       43.314430       1.0612180      0.39591670      0.71428573      0.48046839
       152.73367      -218.71428      -152.97235       252.98930       85.625992
       369.06714
       1.0000000       92.000000      0.79106826      -1.0000000       8.0000000
      0.10070987      0.22834707      -1.0000000      -1.0000000      -1.0000000
      -1.0000000      -1.0000000      -1.0000000      -1.0000000      -1.0000000
      -1.0000000
       0.0000000       91.000000      0.81671000       35.000000       67209.000
       43.092243       1.2954501      0.41055211      0.70270270      0.51739138
       178.39656      -239.29228      -151.73752       250.82784       84.725166
       342.14532
       1.0000000       91.000000      0.81671000      -1.0000000       6.0000000
     0.010829563     0.018928974      -1.0000000      -1.0000000      -1.0000000
      -1.0000000      -1.0000000      -1.0000000      -1.0000000      -1.0000000
      -1.0000000
       0.0000000       90.000000      0.85147089       35.000000       65781.000
       43.003582       1.8825965      0.46311122      0.73684210      0.60289359
       261.62109      -281.06647      -176.51460       250.52995       84.972633
       319.61520
       1.0000000       90.000000      0.85147089      -1.0000000       6.0000000
      0.21019495      0.44102448      -1.0000000      -1.0000000      -1.0000000
      -1.0000000      -1.0000000      -1.0000000      -1.0000000      -1.0000000
      -1.0000000
       0.0000000       89.000000      0.88689691       36.000000       65086.000
       42.667332       1.6484934      0.50275141      0.69444442      0.63802749
       345.49622      -287.98218      -161.86192       251.99588       82.305122
       302.09308
       1.0000000       89.000000      0.88689691      -1.0000000       4.0000000
     0.014959644     0.031151014      -1.0000000      -1.0000000      -1.0000000
      -1.0000000      -1.0000000      -1.0000000      -1.0000000      -1.0000000
      -1.0000000
       0.0000000       88.000000      0.92300081       39.000000       65321.000
       42.779190       1.4638594      0.52938038      0.68571424      0.64731663
       399.64661      -302.00827      -146.21074       257.87338       82.125282
       287.53009
       1.0000000       88.000000      0.92300081      -1.0000000       12.000000
      0.21423978      0.39435647      -1.0000000      -1.0000000      -1.0000000
      -1.0000000      -1.0000000      -1.0000000      -1.0000000      -1.0000000
      -1.0000000
       0.0000000       87.000000      0.95053136       34.000000       60018.000
       42.951962       1.2706275      0.54294282      0.69444442      0.66314781
       444.09195      -293.77795      -127.06406       261.48294       82.100677
       281.39203
       1.0000000       87.000000      0.95053136      -1.0000000       4.0000000
    0.0068670891     0.072854798      -1.0000000      -1.0000000      -1.0000000
      -1.0000000      -1.0000000      -1.0000000      -1.0000000      -1.0000000
      -1.0000000
       0.0000000       86.000000      0.98785281       37.000000       59987.000
       42.914940       1.6346371      0.55284822      0.69444442      0.66143858
       484.22076      -279.36862      -100.76448       268.46878       81.750175
       275.19083
       1.0000000       86.000000      0.98785281      -1.0000000       2.0000000
    0.0014379490     0.026385622      -1.0000000      -1.0000000      -1.0000000
      -1.0000000      -1.0000000      -1.0000000      -1.0000000      -1.0000000
      -1.0000000
       0.0000000       85.000000      0.99729425       38.000000       61153.000
       43.023342       1.6223209      0.54576880      0.72972977      0.66532028
       486.77304      -272.04752      -94.216934       270.14755       82.319984
       272.01331
       1.0000000       85.000000      0.99729425      -1.0000000       5.0000000
     0.088649704      0.38558071      -1.0000000      -1.0000000      -1.0000000
      -1.0000000      -1.0000000      -1.0000000      -1.0000000      -1.0000000
      -1.0000000
       0.0000000       84.000000       1.0355104       31.000000       51764.000
       42.873856       2.2155030      0.53932250      0.73684210      0.67653894
       510.66580      -251.54689      -56.580746       273.86411       83.184547
       274.54849
       1.0000000       84.000000       1.0355104      -1.0000000       2.0000000
    0.0078147420       0.0000000      -1.0000000      -1.0000000      -1.0000000
      -1.0000000      -1.0000000      -1.0000000      -1.0000000      -1.0000000
      -1.0000000
       0.0000000       83.000000       1.0744579       36.000000       53290.000
       42.228840       3.5351770      0.57305366      0.72727275      0.67230749
       552.33301      -257.48697       2.4532387       273.78464       82.092361
       273.34879
       1.0000000       83.000000       1.0744579      -1.0000000       6.0000000
    0.0032484179    0.0090702707      -1.0000000      -1.0000000      -1.0000000
      -1.0000000      -1.0000000      -1.0000000      -1.0000000      -1.0000000
      -1.0000000
       0.0000000       82.000000       1.1141505       35.000000       50193.000
       42.137386       3.7178185      0.58033907      0.67647058      0.65113956
       594.28925      -232.47554       30.129898       275.62039       83.527206
       270.96161
       1.0000000       82.000000       1.1141505      -1.0000000       6.0000000
     0.019454498     0.015260295      -1.0000000      -1.0000000      -1.0000000
      -1.0000000      -1.0000000      -1.0000000      -1.0000000      -1.0000000
      -1.0000000
       0.0000000       81.000000       1.1546028       31.000000       45587.000
       41.330200       3.9147568      0.57870150      0.68750000      0.62525135
       560.91113      -227.39684       90.091934       266.80051       80.201622
       285.85052
       1.0000000       81.000000       1.1546028      -1.0000000       4.0000000
       1.6486822      0.86464351      -1.0000000      -1.0000000      -1.0000000
      -1.0000000      -1.0000000      -1.0000000      -1.0000000      -1.0000000
      -1.0000000
       0.0000000       80.000000       1.2062581       51.000000       53816.000
       40.861622       4.6813159      0.57651454      0.65625000      0.61881113
       583.56055      -143.47221       122.28821       268.82718       80.834747
       287.26602
       1.0000000       80.000000       1.2062581      -1.0000000       7.0000000
      0.19945272      0.24819299      -1.0000000      -1.0000000      -1.0000000
      -1.0000000      -1.0000000      -1.0000000      -1.0000000      -1.0000000
      -1.0000000
       0.0000000       79.000000       1.2484726       50.000000       52386.000
       40.311691       6.1011930      0.57113969      0.62857145      0.60593015
       536.61310      -172.79094       186.14171       266.38269       82.169594
       299.43719
       1.0000000       79.000000       1.2484726      -1.0000000       7.0000000
     0.018658143     0.052271394      -1.0000000      -1.0000000      -1.0000000
      -1.0000000      -1.0000000      -1.0000000      -1.0000000      -1.0000000
      -1.0000000
       0.0000000       78.000000       1.3023784       47.000000       49597.000
       39.420078       5.6841307      0.56419832      0.62500000      0.59945166
       519.38660      -192.94495       176.44257       260.87106       80.788010
       319.90677
       1.0000000       78.000000       1.3023784      -1.0000000       13.000000
     0.020831599      0.30211806      -1.0000000      -1.0000000      -1.0000000
      -1.0000000      -1.0000000      -1.0000000      -1.0000000      -1.0000000
      -1.0000000
       0.0000000       77.000000       1.3575766       42.000000       43896.000
       38.769279       5.9651461      0.55710346      0.57575762      0.59425110
       477.42340      -208.63437       223.19696       261.34189       79.658882
       331.81848
       1.0000000       77.000000       1.3575766      -1.0000000       18.000000
      0.59720375      0.56563689      -1.0000000      -1.0000000      -1.0000000
      -1.0000000      -1.0000000      -1.0000000      -1.0000000      -1.0000000
      -1.0000000
       0.0000000       76.000000       1.4140983       35.000000       39143.000
       38.377579       5.5199757      0.54244262      0.57575762      0.59075314
       450.85803      -246.54439       196.54123       267.78998       79.140076
       329.40775
       1.0000000       76.000000       1.4140983      -1.0000000       9.0000000
     0.012924818      0.21679163      -1.0000000      -1.0000000      -1.0000000
      -1.0000000      -1.0000000      -1.0000000      -1.0000000      -1.0000000
      -1.0000000
       0.0000000       75.000000       1.4719748       32.000000       35673.000
       38.385765       2.8022242      0.52064472      0.67567563      0.61798584
       456.21902      -247.21693       242.99895       279.31644       77.345558
       316.40033
       1.0000000       75.000000       1.4719748      -1.0000000       10.000000
     0.013567973      0.28804499      -1.0000000      -1.0000000      -1.0000000
      -1.0000000      -1.0000000      -1.0000000      -1.0000000      -1.0000000
      -1.0000000
       0.0000000       74.000000       1.5312390       30.000000       33491.000
       37.610123       6.9304242      0.53284687      0.69230771      0.61677325
       421.35046      -254.67984       320.75314       288.71127       77.777214
       303.42850
       1.0000000       74.000000       1.5312390      -1.0000000       13.000000
      0.53441498      0.85559900      -1.0000000      -1.0000000      -1.0000000
      -1.0000000      -1.0000000      -1.0000000      -1.0000000      -1.0000000
      -1.0000000
       0.0000000       73.000000       1.6042346       30.000000       31277.000
       34.941761       11.071527      0.50338811      0.65714288      0.53228039
       222.16316      -364.88232       318.45096       300.86142       85.489174
       302.03976
       1.0000000       73.000000       1.6042346      -1.0000000       12.000000
      0.64156685       1.0398073      -1.0000000      -1.0000000      -1.0000000
      -1.0000000      -1.0000000      -1.0000000      -1.0000000      -1.0000000
      -1.0000000
       0.0000000       72.000000       1.6666696       29.000000       27536.000
       32.173546       10.708999      0.44091201      0.55882359      0.37169212
       89.418007      -196.59126       287.52704       296.85059       90.121170
       315.54477
       1.0000000       72.000000       1.6666696      -1.0000000       11.000000
     0.098002951      0.71013344      -1.0000000      -1.0000000      -1.0000000
      -1.0000000      -1.0000000      -1.0000000      -1.0000000      -1.0000000
      -1.0000000
       0.0000000       71.000000       1.7435706       28.000000       25550.000
       22.213915       12.372184      0.52552778      0.52941173      0.60106260
       52.062927      -163.14864       407.28387       294.80252       102.93508
       307.64066
       2.0000000       71.000000       1.7435706      0.89370060       68.000000
       8.7775383       6.0797958      0.58213145      0.76315790      0.60180789
      -425.63300       79.130157      -195.92940       11181.582       43228.457
       6854.6831
       1.0000000       71.000000       1.7435706      -1.0000000       15.000000
      0.35747436       1.0541376      -1.0000000      -1.0000000      -1.0000000
      -1.0000000      -1.0000000      -1.0000000      -1.0000000      -1.0000000
      -1.0000000
       0.0000000       70.000000       1.8226893       26.000000       22897.000
       18.010410       18.620680      0.46390256      0.62068963      0.42818916
       31.793892      -13.853740       297.67538       303.43463       134.23268
       273.53604
       1.0000000       70.000000       1.8226893      -1.0000000       33.000000
      0.63409386       1.8790148      -1.0000000      -1.0000000      -1.0000000
      -1.0000000      -1.0000000      -1.0000000      -1.0000000      -1.0000000
      -1.0000000
       0.0000000       69.000000       1.9040896      -1.0000000       20485.000
      0.89448887      0.10051885      -1.0000000      -1.0000000      -1.0000000
      -1.0000000      -1.0000000      -1.0000000       93.152870       1.0131696
       2.5967438
       2.0000000       69.000000       1.9040896      0.36582035       69.000000
      0.32722223      0.92723507      -1.0000000      -1.0000000      -1.0000000
      -1.0000000      -1.0000000      -1.0000000      -1.0000000      -1.0000000
      -1.0000000
       1.0000000       69.000000       1.9040896      -1.0000000       67.000000
      0.62461107       3.6023987      -1.0000000      -1.0000000      -1.0000000
      -1.0000000      -1.0000000      -1.0000000      -1.0000000      -1.0000000
      -1.0000000
       0.0000000       68.000000       2.0020282       21.000000       17000.000
       9.8215647       7.0628963      0.48912549      0.65625000      0.52238017
       453.79349       156.32455       350.47137       213.06268       43.483292
       56.144302
       0.0000000       67.000000       2.1032696       29.000000       18070.000
       9.3529358       5.4640336      0.50871587      0.68421054      0.60440367
       450.25037       251.66498       251.00650       205.59789       43.998699
       253.33632
       0.0000000       66.000000       2.2079256       100.00000       34616.000
       8.6969204       6.3485708      0.51447999      0.62857145      0.55472350
       372.36533       306.53748       343.86542       221.34248       41.869576
       213.17786
       1.0000000       66.000000       2.2079256      -1.0000000       11.000000
      0.17019163      0.82907691      -1.0000000      -1.0000000      -1.0000000
      -1.0000000      -1.0000000      -1.0000000      -1.0000000      -1.0000000
      -1.0000000
       0.0000000       65.000000       2.3161108       86.000000       28431.000
       6.3024068       12.762051      0.41662371      0.74418604      0.48618674
       465.02887       243.58218       229.87947       248.94160       59.402634
       171.46902
       1.0000000       65.000000       2.3161108      -1.0000000       14.000000
       1.2010886       2.7598566      -1.0000000      -1.0000000      -1.0000000
      -1.0000000      -1.0000000      -1.0000000      -1.0000000      -1.0000000
      -1.0000000
       0.0000000       64.000000       2.4442258       74.000000       24013.000
       4.4112778       5.8520274      0.49000937      0.72500002      0.55957943
       516.55280       339.06174      -72.689430       218.01573       32.965916
       225.14786
       1.0000000       64.000000       2.4442258      -1.0000000       22.000000
      0.16070112       1.1347351      -1.0000000      -1.0000000      -1.0000000
      -1.0000000      -1.0000000      -1.0000000      -1.0000000      -1.0000000
      -1.0000000
       0.0000000       63.000000       2.5772903       67.000000       20890.000
       3.4415157       4.2340679      0.53653961      0.63888896      0.57036591
       344.28302       399.70657      -150.66980       195.66684       22.190218
       221.04860
       1.0000000       63.000000       2.5772903      -1.0000000       17.000000
     0.062809699      0.57012525      -1.0000000      -1.0000000      -1.0000000
      -1.0000000      -1.0000000      -1.0000000      -1.0000000      -1.0000000
      -1.0000000
       0.0000000       62.000000       2.7331426       82.000000       20998.000
       3.1276166       4.3179102      0.50778484      0.73684210      0.59007394
       124.63116       264.04736      -230.78850       182.01178       20.509371
       190.86200
       1.0000000       62.000000       2.7331426      -1.0000000       11.000000
    0.0045304767     0.052735411      -1.0000000      -1.0000000      -1.0000000
      -1.0000000      -1.0000000      -1.0000000      -1.0000000      -1.0000000
      -1.0000000
       0.0000000       61.000000       2.8957851       80.000000       18933.000
       2.5179536       3.8545113      0.41987643      0.58823532      0.36554450
       35.958599       234.61560      -128.64978       156.91119       16.764803
       181.90997
       1.0000000       61.000000       2.8957851      -1.0000000       8.0000000
     0.047842098      0.21464060      -1.0000000      -1.0000000      -1.0000000
      -1.0000000      -1.0000000      -1.0000000      -1.0000000      -1.0000000
      -1.0000000
       0.0000000       60.000000       3.0081310       81.000000       17373.000
       2.2129314       4.0818162      0.41346243      0.51515150      0.38618997
       59.003174       138.15326      -136.02647       158.50934       16.830069
       185.14830
       1.0000000       60.000000       3.0081310      -1.0000000       5.0000000
      0.10114734      0.25690194      -1.0000000      -1.0000000      -1.0000000
      -1.0000000      -1.0000000      -1.0000000      -1.0000000      -1.0000000
      -1.0000000
       0.0000000       59.000000       3.0848227       100.00000       19326.000
       2.0038476       4.0597129      0.38479677      0.45454544      0.34487104
      -17.677048       146.36372      -139.59431       163.01288       16.762661
       163.96753
       1.0000000       59.000000       3.0848227      -1.0000000       8.0000000
     0.026516784      0.17886745      -1.0000000      -1.0000000      -1.0000000
      -1.0000000      -1.0000000      -1.0000000      -1.0000000      -1.0000000
      -1.0000000
       0.0000000       58.000000       3.2830331       270.00000       30334.000
       1.4759128       3.2464797      0.47653282      0.50000000      0.46549064
       6.0490813       194.01089      -157.41824       167.50966       13.772054
       137.40022
       1.0000000       58.000000       3.2830331      -1.0000000       8.0000000
     0.056678146     0.057024956      -1.0000000      -1.0000000      -1.0000000
      -1.0000000      -1.0000000      -1.0000000      -1.0000000      -1.0000000
      -1.0000000
       0.0000000       57.000000       3.4908614      -1.0000000       24103.000
       1.0889009       2.4516096      -1.0000000      -1.0000000      -1.0000000
      -1.0000000      -1.0000000      -1.0000000       167.46838       11.594609
       140.03279
       1.0000000       57.000000       3.4908614      -1.0000000       9.0000000
     0.058376000      0.25898669      -1.0000000      -1.0000000      -1.0000000
      -1.0000000      -1.0000000      -1.0000000      -1.0000000      -1.0000000
      -1.0000000
