       0.0000000       135.00000       0.0000000       6.0000000       66091.000
       5.4988995       0.0000000      0.55486852      0.59375006      0.60601908
       82.192604      -80.475594       122.19274       114.89780       14.471427
       33.709480
       0.0000000       134.00000    0.0095216669       7.0000000       72316.000
       5.4887333       0.0000000      0.55112892      0.59375006      0.61991388
       84.331100      -77.468918       123.29681       109.06129       14.014102
       33.740459
       0.0000000       133.00000     0.023974428       7.0000000       71298.000
       5.5080948       0.0000000      0.55385423      0.54838705      0.60522711
       88.784576      -72.118576       127.20107       111.58047       14.412986
       37.378944
       0.0000000       132.00000     0.033724371       7.0000000       70938.000
       5.5295224       0.0000000      0.55662221      0.60606062      0.61868918
       89.832245      -71.078674       129.72391       111.17493       14.562799
       40.435692
       0.0000000       131.00000     0.048523631       7.0000000       67199.000
       5.5420170       0.0000000      0.55507249      0.58064520      0.61309069
       91.865501      -67.896042       133.24525       110.37302       14.606607
       43.096252
       0.0000000       130.00000     0.058507323       6.0000000       59747.000
       5.5345302       0.0000000      0.55845445      0.53333330      0.60520750
       93.593002      -65.195808       135.84129       110.58795       14.614151
       44.127159
       0.0000000       129.00000     0.073661387       6.0000000       58904.000
       5.5470037       0.0000000      0.55436224      0.58823532      0.62045896
       95.727242      -60.607437       139.30940       112.13115       14.558987
       43.526989
       0.0000000       128.00000     0.083884433       6.0000000       58572.000
       5.5558939       0.0000000      0.55868858      0.58823532      0.60674316
       99.412766      -55.835827       141.19627       113.30339       14.660565
       42.802982
       0.0000000       127.00000     0.099401802       5.0000000       51719.000
       5.5581164       0.0000000      0.56182170      0.58823532      0.61009282
       104.15659      -49.562759       143.75026       114.37755       14.553190
       43.261673
       0.0000000       126.00000      0.10986994       5.0000000       51293.000
       5.5849552       0.0000000      0.56025350      0.58823532      0.62201589
       105.17291      -46.410168       145.89606       114.80777       14.650171
       44.061638
       0.0000000       125.00000      0.12575933       4.0000000       41864.000
       5.5823545       0.0000000      0.56183231      0.60000002      0.61909276
       107.74886      -41.787399       149.32753       115.43867       14.637550
       44.473110
       0.0000000       124.00000      0.14187621       4.0000000       41442.000
       5.5686784       0.0000000      0.55817151      0.54838705      0.60046983
       110.68368      -37.297817       151.24265       116.65934       14.476074
       43.281067
       0.0000000       123.00000      0.15274876       3.0000000       34781.000
       5.6002731       0.0000000      0.55961794      0.54545456      0.62061346
       111.27954      -34.680122       154.41782       117.16616       14.601609
       42.280052
       0.0000000       122.00000      0.16925204       3.0000000       34242.000
       5.5563889       0.0000000      0.56184018      0.58064520      0.62879366
       112.14610      -30.495392       157.57854       119.99561       14.443117
       37.174347
       0.0000000       121.00000      0.18038526       4.0000000       40348.000
       5.5361514       0.0000000      0.56239319      0.59375006      0.62567741
       114.66767      -28.639711       159.64751       123.99521       14.184896
       30.599251
       0.0000000       120.00000      0.19728418       3.0000000       33394.000
       5.5802960       0.0000000      0.56244820      0.59375006      0.62416720
       118.26601      -24.771755       160.46834       119.98016       14.314213
       35.183495
       0.0000000       119.00000      0.21442504       4.0000000       36038.000
       5.6103072       0.0000000      0.56233549      0.58823532      0.60517216
       122.24520      -17.709467       162.24774       114.49909       14.376165
       43.743607
       0.0000000       118.00000      0.22598839       3.0000000       29677.000
       5.6196437       0.0000000      0.56370640      0.58823532      0.62187648
       122.80367      -12.687848       164.40417       112.21175       14.572758
       48.984447
       0.0000000       117.00000      0.24354018       3.0000000       29200.000
       5.6241474       0.0000000      0.56420338      0.56250006      0.61774027
       120.65476      -3.8253608       168.86493       111.47892       14.484987
       54.508636
       0.0000000       116.00000      0.26134327       3.0000000       27373.000
       5.6280632       0.0000000      0.56720424      0.59375006      0.63520169
       122.34178       3.4414563       172.68478       114.21376       14.381184
       50.533497
       0.0000000       115.00000      0.27335334       4.0000000       33434.000
       5.6768837       0.0000000      0.56465083      0.57575762      0.62224889
       123.58861       9.3380976       174.72002       115.44627       14.553380
       53.776325
       0.0000000       114.00000      0.29158324       4.0000000       32894.000
       5.6789136       0.0000000      0.56612623      0.57575762      0.61262405
       122.27335       18.434351       179.36014       119.46207       14.732019
       55.746555
       0.0000000       113.00000      0.31007412       5.0000000       34790.000
       5.6669087      0.29869273      0.56650150      0.59375006      0.63608873
       118.93907       27.118784       186.14821       126.53418       14.827048
       50.692646
       0.0000000       112.00000      0.32882974       7.0000000       44721.000
       5.6882482      0.31744128      0.57287616      0.57575762      0.63664377
       116.14590       34.336842       192.95821       134.06177       15.188812
       51.774242
       0.0000000       111.00000      0.34785384       8.0000000       47027.000
       5.7498264      0.46487904      0.57181525      0.57575762      0.62614036
       114.25426       43.505539       200.48579       140.57458       15.874888
       51.041603
       0.0000000       110.00000      0.36068764       9.0000000       51334.000
       5.6982551      0.51117533      0.57287961      0.58064520      0.63157940
       107.89771       43.363106       208.86028       142.35333       15.543852
       42.750816
       0.0000000       109.00000      0.38016787       8.0000000       46879.000
       5.6061869      0.53904706      0.57249999      0.59375006      0.61718994
       102.45943       48.128330       214.18613       139.68092       14.903378
       31.903793
       0.0000000       108.00000      0.39992696       6.0000000       35617.000
       5.6315331      0.61488175      0.57471627      0.60606062      0.62729138
       93.454903       46.036762       223.16179       142.66260       15.154652
       26.517754
       0.0000000       107.00000      0.41996893       6.0000000       35309.000
       5.6403542      0.76285082      0.57443345      0.58064520      0.62263405
       101.92104       48.525124       225.13010       145.11084       15.901905
       34.774296
       0.0000000       106.00000      0.44029784       6.0000000       35193.000
       5.7184329      0.97077131      0.56960952      0.62500000      0.62437665
       108.76166       62.779636       222.55927       145.48904       17.013180
       49.577858
       0.0000000       105.00000      0.46091780       5.0000000       30056.000
       5.6318216       1.0652112      0.56977761      0.62500000      0.63329631
       92.680214       68.428886       230.07648       143.04823       16.675255
       56.040699
       0.0000000       104.00000      0.48183295       5.0000000       29842.000
       5.6318388       1.2127486      0.56976146      0.56250006      0.59901536
       81.708473       75.983101       233.21509       140.47717       17.348795
       66.480148
       0.0000000       103.00000      0.50304753       5.0000000       29127.000
       5.6465116      0.92861354      0.56766325      0.60606062      0.61321622
       79.406395       78.018677       236.57404       140.83392       17.227043
       68.404678
       0.0000000       102.00000      0.52456582       5.0000000       28103.000
       5.6297832      0.90584964      0.57088244      0.61764705      0.61084580
       82.683586       85.653305       235.66553       138.49495       17.220667
       80.289650
       0.0000000       101.00000      0.54639220       6.0000000       31561.000
       5.6306043      0.97641587      0.56658822      0.60606062      0.60270619
       68.666504       100.66019       235.28227       137.15091       17.551188
       85.714859
       0.0000000       100.00000      0.57598084       6.0000000       30228.000
       5.5849214      0.88435048      0.56448454      0.60606062      0.60976148
       58.038586       85.392761       244.85333       133.95242       17.273705
       103.16238
       1.0000000       100.00000      0.57598084      -1.0000000       1.0000000
   0.00025171650     0.013628345      -1.0000000      -1.0000000      -1.0000000
      -1.0000000      -1.0000000      -1.0000000      -1.0000000      -1.0000000
      -1.0000000
       0.0000000       99.000000      0.59854329       6.0000000       28224.000
       5.5995684       1.0428053      0.56649953      0.61764705      0.62741441
       38.964046       75.436714       255.77162       133.57330       17.293278
       112.40274
       0.0000000       98.000000      0.62142873       882.00000       269046.00
       5.5644526       1.3499510      0.56026870      0.60606062      0.59262794
       62.536594       40.664165       259.19250       132.41803       17.791929
       131.40517
       1.0000000       98.000000      0.62142873      -1.0000000       2.0000000
   0.00053646212     0.022164255      -1.0000000      -1.0000000      -1.0000000
      -1.0000000      -1.0000000      -1.0000000      -1.0000000      -1.0000000
      -1.0000000
       0.0000000       97.000000      0.64464182       852.00000       263951.00
       5.5480647       1.5855286      0.56306404      0.61764705      0.60254401
       85.205086       68.328026       249.56432       134.28957       18.362984
       130.57285
       1.0000000       97.000000      0.64464182      -1.0000000       2.0000000
    0.0013049016       0.0000000      -1.0000000      -1.0000000      -1.0000000
      -1.0000000      -1.0000000      -1.0000000      -1.0000000      -1.0000000
      -1.0000000
       0.0000000       96.000000      0.67611039       801.00000       255803.00
       5.4520469       2.0315180      0.56231081      0.63636363      0.62071371
       61.935444       88.256866       253.47462       135.56105       18.645756
       134.67899
       1.0000000       96.000000      0.67611039      -1.0000000       1.0000000
   0.00051863736     0.020593561      -1.0000000      -1.0000000      -1.0000000
      -1.0000000      -1.0000000      -1.0000000      -1.0000000      -1.0000000
      -1.0000000
       0.0000000       95.000000      0.70010638       813.00000       253206.00
       5.3542595       2.0914700      0.54675674      0.65714288      0.60497802
       21.197008       76.010956       255.51199       135.64978       18.530756
       136.78467
       1.0000000       95.000000      0.70010638      -1.0000000       1.0000000
   0.00074295769       0.0000000      -1.0000000      -1.0000000      -1.0000000
      -1.0000000      -1.0000000      -1.0000000      -1.0000000      -1.0000000
      -1.0000000
       0.0000000       94.000000      0.73263615       831.00000       250217.00
       5.1910148       1.5476063      0.55224615      0.61764705      0.60086852
       18.649527       32.125851       267.99182       135.82942       17.296099
       136.82671
       1.0000000       94.000000      0.73263615      -1.0000000       1.0000000
       0.0000000       0.0000000      -1.0000000      -1.0000000      -1.0000000
      -1.0000000      -1.0000000      -1.0000000      -1.0000000      -1.0000000
      -1.0000000
       0.0000000       93.000000      0.75744140       839.00000       246393.00
       5.1597948       1.3663183      0.55289835      0.59375006      0.58483309
       10.141130       5.7622104       268.27997       137.23351       17.000713
       137.57150
       1.0000000       93.000000      0.75744140      -1.0000000       1.0000000
       0.0000000       0.0000000      -1.0000000      -1.0000000      -1.0000000
      -1.0000000      -1.0000000      -1.0000000      -1.0000000      -1.0000000
      -1.0000000
       0.0000000       92.000000      0.79106826       823.00000       239624.00
       5.1553674       1.3557265      0.54865122      0.61764705      0.56918496
       11.947164      -34.312374       270.69510       139.71687       17.407576
       139.54097
       1.0000000       92.000000      0.79106826      -1.0000000       4.0000000
      0.15901220      0.61942091      -1.0000000      -1.0000000      -1.0000000
      -1.0000000      -1.0000000      -1.0000000      -1.0000000      -1.0000000
      -1.0000000
       0.0000000       91.000000      0.81671000       816.00000       235675.00
       5.1098742       1.2163702      0.54982644      0.61764705      0.56546652
       15.284749      -54.579723       266.63803       141.39334       16.933281
       142.19032
       1.0000000       91.000000      0.81671000      -1.0000000       1.0000000
    0.0010040769     0.028325778      -1.0000000      -1.0000000      -1.0000000
      -1.0000000      -1.0000000      -1.0000000      -1.0000000      -1.0000000
      -1.0000000
       0.0000000       90.000000      0.85147089       806.00000       230033.00
       5.0830159       1.1384830      0.53932440      0.59375006      0.56484228
       27.536249      -73.578476       262.89511       142.54454       16.497046
       143.27003
       1.0000000       90.000000      0.85147089      -1.0000000       1.0000000
       0.0000000       0.0000000      -1.0000000      -1.0000000      -1.0000000
      -1.0000000      -1.0000000      -1.0000000      -1.0000000      -1.0000000
      -1.0000000
       0.0000000       89.000000      0.88689691       797.00000       225856.00
       5.0434279       1.1878287      0.55104291      0.58333337      0.61470228
       48.258823      -100.24950       260.37912       142.25513       16.378164
       143.55774
       1.0000000       89.000000      0.88689691      -1.0000000       1.0000000
     0.034585189     0.085442930      -1.0000000      -1.0000000      -1.0000000
      -1.0000000      -1.0000000      -1.0000000      -1.0000000      -1.0000000
      -1.0000000
       0.0000000       88.000000      0.92300081       800.00000       220799.00
       4.9764509       1.4130007      0.53764617      0.60000002      0.60179037
       82.145836      -119.13918       235.34866       145.00792       16.048344
       133.46101
       1.0000000       88.000000      0.92300081      -1.0000000       1.0000000
   0.00021394335       0.0000000      -1.0000000      -1.0000000      -1.0000000
      -1.0000000      -1.0000000      -1.0000000      -1.0000000      -1.0000000
      -1.0000000
       0.0000000       87.000000      0.95053136       758.00000       213803.00
       4.9036489       1.4126962      0.53317428      0.59459460      0.58417988
       89.000977      -118.33214       237.12350       148.74623       16.188107
       126.37962
       1.0000000       87.000000      0.95053136      -1.0000000       3.0000000
     0.017587651      0.31004753      -1.0000000      -1.0000000      -1.0000000
      -1.0000000      -1.0000000      -1.0000000      -1.0000000      -1.0000000
      -1.0000000
       0.0000000       86.000000      0.98785281       725.00000       206115.00
       4.8758488       2.3588970      0.54858774      0.60526311      0.62902164
       74.466888      -152.33353       239.25110       155.16806       17.859804
       120.38546
       1.0000000       86.000000      0.98785281      -1.0000000       2.0000000
    0.0091472196      0.18215625      -1.0000000      -1.0000000      -1.0000000
      -1.0000000      -1.0000000      -1.0000000      -1.0000000      -1.0000000
      -1.0000000
       0.0000000       85.000000      0.99729425       718.00000       203832.00
       4.8278856       2.3268766      0.53446323      0.61111116      0.57413900
       60.375687      -163.42909       221.44719       157.00897       17.807346
       117.26278
       0.0000000       84.000000       1.0355104       725.00000       200060.00
       4.6633196       2.5191650      0.56372356      0.56250006      0.56375271
       138.38000      -217.09146       150.87640       154.83937       17.131031
       124.71735
       0.0000000       83.000000       1.0744579       733.00000       195415.00
       4.4415565       2.1039379      0.54938000      0.53125000      0.60249835
       116.00576      -241.84853       103.53924       144.96262       15.607617
       127.56858
       1.0000000       83.000000       1.0744579      -1.0000000       1.0000000
    0.0018048292     0.035308044      -1.0000000      -1.0000000      -1.0000000
      -1.0000000      -1.0000000      -1.0000000      -1.0000000      -1.0000000
      -1.0000000
       0.0000000       82.000000       1.1141505       885.00000       202181.00
       4.2824559       2.1889522      0.53407645      0.59375006      0.57745832
       74.782997      -268.39200       9.5119848       144.35123       15.481454
       119.00174
       1.0000000       82.000000       1.1141505      -1.0000000       1.0000000
     0.014904446     0.030029062      -1.0000000      -1.0000000      -1.0000000
      -1.0000000      -1.0000000      -1.0000000      -1.0000000      -1.0000000
      -1.0000000
       0.0000000       81.000000       1.1546028       909.00000       200196.00
       4.1842918       2.6146872      0.51969570      0.63636363      0.62788039
       77.675842      -262.06708      -73.222504       145.51796       16.723886
       113.88828
       0.0000000       80.000000       1.2062581       1041.0000       201899.00
       3.8825893       2.7083580      0.49627692      0.55172414      0.50340492
       63.791988      -230.70869      -30.610365       144.39175       16.400524
       112.30180
       1.0000000       80.000000       1.2062581      -1.0000000       2.0000000
     0.070124324      0.36077521      -1.0000000      -1.0000000      -1.0000000
      -1.0000000      -1.0000000      -1.0000000      -1.0000000      -1.0000000
      -1.0000000
       0.0000000       79.000000       1.2484726       1141.0000       203992.00
       3.6605823       2.6771705      0.50272864      0.48387092      0.52192515
      -16.608603      -223.75897      -58.052540       142.15732       15.886657
       115.18862
       0.0000000       78.000000       1.3023784       1115.0000       196153.00
       3.4086368       2.5821905      0.50332117      0.44827580      0.49312726
       44.042007      -179.85899      -119.91946       139.87607       15.005978
       123.55716
       0.0000000       77.000000       1.3575766       1094.0000       188423.00
       3.2735064       2.2331331      0.49447918      0.46666664      0.45925900
       75.936539      -179.10294      -81.865974       139.09344       14.344485
       129.76164
       1.0000000       77.000000       1.3575766      -1.0000000       3.0000000
     0.020097189      0.19255364      -1.0000000      -1.0000000      -1.0000000
      -1.0000000      -1.0000000      -1.0000000      -1.0000000      -1.0000000
      -1.0000000
       0.0000000       76.000000       1.4140983       1043.0000       179128.00
       3.1149852       1.7296910      0.49276173      0.43333334      0.47787079
       104.65074      -176.28958      -38.368683       139.53711       12.878865
       134.60004
       1.0000000       76.000000       1.4140983      -1.0000000       2.0000000
     0.011345264      0.11528345      -1.0000000      -1.0000000      -1.0000000
      -1.0000000      -1.0000000      -1.0000000      -1.0000000      -1.0000000
      -1.0000000
       0.0000000       75.000000       1.4719748       1011.0000       170784.00
       2.9479516       1.9155530      0.47281203      0.55263156      0.53617620
       100.96632      -178.68068       13.667541       143.60345       12.447889
       135.31929
       1.0000000       75.000000       1.4719748      -1.0000000       1.0000000
     0.023672201      0.15655394      -1.0000000      -1.0000000      -1.0000000
      -1.0000000      -1.0000000      -1.0000000      -1.0000000      -1.0000000
      -1.0000000
       0.0000000       74.000000       1.5312390       976.00000       164033.00
       2.8681507       1.5874126      0.47228593      0.55263156      0.43375024
       67.851730      -189.38167       18.215038       149.88255       12.414846
       134.98650
       1.0000000       74.000000       1.5312390      -1.0000000       1.0000000
   0.00076390785     0.015758328      -1.0000000      -1.0000000      -1.0000000
      -1.0000000      -1.0000000      -1.0000000      -1.0000000      -1.0000000
      -1.0000000
       0.0000000       73.000000       1.6042346       918.00000       153013.00
       2.6464524       1.9999691      0.51058310      0.47058821      0.53185987
       115.86719      -180.96107      -4.2571826       159.57724       11.953330
       124.28096
       1.0000000       73.000000       1.6042346      -1.0000000       1.0000000
      0.19763325      0.43741354      -1.0000000      -1.0000000      -1.0000000
      -1.0000000      -1.0000000      -1.0000000      -1.0000000      -1.0000000
      -1.0000000
       0.0000000       72.000000       1.6666696       878.00000       144972.00
       2.4698703       2.0866725      0.49314919      0.43750000      0.49234143
       145.84486      -137.43066       32.017040       158.71901       11.129928
       127.79758
       1.0000000       72.000000       1.6666696      -1.0000000       2.0000000
   0.00079158225     0.037300592      -1.0000000      -1.0000000      -1.0000000
      -1.0000000      -1.0000000      -1.0000000      -1.0000000      -1.0000000
      -1.0000000
       0.0000000       71.000000       1.7435706       866.00000       137455.00
       2.2500465       2.4364295      0.47818461      0.47222227      0.38957503
       169.81004      -77.817574       63.705288       160.44803       11.297917
       124.46833
       1.0000000       71.000000       1.7435706      -1.0000000       1.0000000
    0.0039899577     0.052057102      -1.0000000      -1.0000000      -1.0000000
      -1.0000000      -1.0000000      -1.0000000      -1.0000000      -1.0000000
      -1.0000000
       0.0000000       70.000000       1.8226893       860.00000       130861.00
       2.0125337       1.5920460      0.45901638      0.31250006      0.47332928
       159.34723      -25.982241       74.907097       159.69525       9.6595802
       117.87173
       0.0000000       69.000000       1.9040896       918.00000       128495.00
       1.8698053       1.2552018      0.50180727      0.48484850      0.53372389
       167.36244       28.075731       101.60220       142.78348       8.8234406
       142.37331
       1.0000000       69.000000       1.9040896      -1.0000000       4.0000000
    0.0032220932     0.089114629      -1.0000000      -1.0000000      -1.0000000
      -1.0000000      -1.0000000      -1.0000000      -1.0000000      -1.0000000
      -1.0000000
       0.0000000       68.000000       2.0020282       753.00000       110513.00
       1.8559691      0.63816661      0.46633133      0.61538458      0.37087727
       157.25391      -60.510883       103.82288       134.47360       8.2071371
       147.93820
       1.0000000       68.000000       2.0020282      -1.0000000       2.0000000
    0.0051359604     0.092149630      -1.0000000      -1.0000000      -1.0000000
      -1.0000000      -1.0000000      -1.0000000      -1.0000000      -1.0000000
      -1.0000000
       0.0000000       67.000000       2.1032696       743.00000       103139.00
       1.6491916       1.6538472      0.47610447      0.41935480      0.54627365
       150.19907      -77.201584       56.548485       136.79292       8.1809950
       141.31537
       2.0000000       67.000000       2.1032696      0.49925670       64.000000
      0.15019906      0.46589738      -1.0000000      -1.0000000      -1.0000000
      -1.0000000      -1.0000000      -1.0000000      -1.0000000      -1.0000000
      -1.0000000
       1.0000000       67.000000       2.1032696      -1.0000000       1.0000000
   0.00023041519       0.0000000      -1.0000000      -1.0000000      -1.0000000
      -1.0000000      -1.0000000      -1.0000000      -1.0000000      -1.0000000
      -1.0000000
       0.0000000       66.000000       2.2079256       723.00000       95233.000
       1.3886058       1.9016927      0.33850542      0.60416669      0.29448172
       61.969860      -44.266918       11.127529       151.74174       8.0228701
       121.31667
       0.0000000       65.000000       2.3161108      -1.0000000       102483.00
      0.24967757      0.48163420      -1.0000000      -1.0000000      -1.0000000
      -1.0000000      -1.0000000      -1.0000000       83.674583       1.1549457
       5.5244136
       2.0000000       65.000000       2.3161108       1.9507072       64.000000
      0.58686119       4.0060287      -1.0000000      -1.0000000      -1.0000000
      -1.0000000      -1.0000000      -1.0000000      -1.0000000      -1.0000000
      -1.0000000
       1.0000000       65.000000       2.3161108      -1.0000000       3.0000000
    0.0015060544     0.031744049      -1.0000000      -1.0000000      -1.0000000
      -1.0000000      -1.0000000      -1.0000000      -1.0000000      -1.0000000
      -1.0000000
       0.0000000       64.000000       2.4442258      -1.0000000       82148.000
      0.30084535      0.22980851      -1.0000000      -1.0000000      -1.0000000
      -1.0000000      -1.0000000      -1.0000000       75.935226       1.2434031
       7.7268991
       0.0000000       63.000000       2.5772903      -1.0000000       85260.000
      0.34535435      0.74152911      -1.0000000      -1.0000000      -1.0000000
      -1.0000000      -1.0000000      -1.0000000       99.473068       2.8069921
       16.366468
       0.0000000       62.000000       2.7331426      -1.0000000       79145.000
      0.31512168      0.45397002      -1.0000000      -1.0000000      -1.0000000
      -1.0000000      -1.0000000      -1.0000000       91.196518       2.7552323
       31.350855
       0.0000000       61.000000       2.8957851      -1.0000000       70887.000
      0.28989026      0.54335189      -1.0000000      -1.0000000      -1.0000000
      -1.0000000      -1.0000000      -1.0000000       93.941444       3.1411304
       50.824501
       0.0000000       60.000000       3.0081310      -1.0000000       79199.000
      0.26829690      0.72050816      -1.0000000      -1.0000000      -1.0000000
      -1.0000000      -1.0000000      -1.0000000       93.545273       3.5846887
       90.409889
       0.0000000       59.000000       3.0848227      -1.0000000       74091.000
      0.25128445      0.78324509      -1.0000000      -1.0000000      -1.0000000
      -1.0000000      -1.0000000      -1.0000000       94.787506       3.6422715
       86.970901
       1.0000000       59.000000       3.0848227      -1.0000000       1.0000000
       0.0000000       0.0000000      -1.0000000      -1.0000000      -1.0000000
      -1.0000000      -1.0000000      -1.0000000      -1.0000000      -1.0000000
      -1.0000000
       0.0000000       58.000000       3.2830331      -1.0000000       99773.000
      0.19622700      0.68760616      -1.0000000      -1.0000000      -1.0000000
      -1.0000000      -1.0000000      -1.0000000       95.058128       3.6305149
       80.935959
       1.0000000       58.000000       3.2830331      -1.0000000       1.0000000
    0.0065482142     0.039482843      -1.0000000      -1.0000000      -1.0000000
      -1.0000000      -1.0000000      -1.0000000      -1.0000000      -1.0000000
      -1.0000000
       0.0000000       57.000000       3.4908614      -1.0000000       88729.000
      0.15081464      0.71520841      -1.0000000      -1.0000000      -1.0000000
      -1.0000000      -1.0000000      -1.0000000       96.975937       3.5775096
       81.659645
       1.0000000       57.000000       3.4908614      -1.0000000       1.0000000
       0.0000000       0.0000000      -1.0000000      -1.0000000      -1.0000000
      -1.0000000      -1.0000000      -1.0000000      -1.0000000      -1.0000000
      -1.0000000
