       0.0000000       135.00000       0.0000000       295.00000       311141.00
       11.448795       1.4149928      0.52225256      0.68292683      0.72495663
       181.55182      -28.704824       220.43800       139.30435       25.742470
       32.715931
       0.0000000       134.00000    0.0095216669       295.00000       309140.00
       11.434720       1.4678876      0.52866769      0.62500000      0.73150283
       192.46918      -22.273228       231.33231       137.87885       25.724762
       36.500790
       0.0000000       133.00000     0.023974428       298.00000       306442.00
       11.520408       1.6325568      0.51476091      0.68888891      0.74209803
       191.05444      -18.604607       238.84827       136.85767       26.364464
       40.505882
       0.0000000       132.00000     0.033724371       298.00000       305307.00
       11.544037       1.6222025      0.53174430      0.73333335      0.75029731
       199.70737      -21.617800       249.01764       136.45757       26.736458
       42.492752
       0.0000000       131.00000     0.048523631       308.00000       303134.00
       11.598357       1.9887154      0.53254765      0.77777779      0.76070768
       210.70427      -31.856878       256.86435       135.71440       27.650681
       47.808334
       0.0000000       130.00000     0.058507323       295.00000       298528.00
       11.534482       2.2141387      0.53836155      0.76086956      0.75753206
       229.71587      -23.377441       251.63977       135.17673       27.628664
       50.593262
       0.0000000       129.00000     0.073661387       309.00000       298665.00
       11.505211       2.7319839      0.53468990      0.80434781      0.74965614
       238.71355      -26.309208       255.46230       133.24564       28.587517
       54.638130
       0.0000000       128.00000     0.083884433       307.00000       296956.00
       11.416206       2.6635964      0.52596045      0.75555557      0.75914437
       239.31503      -25.498306       246.65991       132.23300       28.398149
       55.823444
       0.0000000       127.00000     0.099401802       313.00000       295205.00
       11.367894       2.5306709      0.51728910      0.77272725      0.75335824
       232.35547      -32.377995       256.23563       131.21693       28.478642
       58.482830
       0.0000000       126.00000      0.10986994       311.00000       292768.00
       11.224423       2.4370630      0.54228449      0.72500002      0.74163026
       255.25186      -40.925137       246.78951       131.00298       27.420456
       59.660656
       0.0000000       125.00000      0.12575933       315.00000       291649.00
       11.130363       2.0869200      0.54489315      0.76190472      0.73651356
       256.09311      -34.258045       251.00432       129.36745       27.497246
       62.405930
       0.0000000       124.00000      0.14187621       314.00000       287855.00
       11.129915       2.6084671      0.53892082      0.76744187      0.75104940
       263.03708      -31.545670       257.16162       131.58359       28.033943
       62.026783
       0.0000000       123.00000      0.15274876       315.00000       286431.00
       11.129035       2.8734400      0.55913758      0.78723407      0.74942666
       272.76346      -42.492081       276.70581       131.20659       28.490269
       64.205627
       1.0000000       123.00000      0.15274876      -1.0000000       1.0000000
       0.0000000       0.0000000      -1.0000000      -1.0000000      -1.0000000
      -1.0000000      -1.0000000      -1.0000000      -1.0000000      -1.0000000
      -1.0000000
       0.0000000       122.00000      0.16925204       314.00000       283406.00
       10.919298       2.5575817      0.59073627      0.72500002      0.74715465
       303.99329      -64.306168       263.40482       131.03082       27.366512
       63.739548
       0.0000000       121.00000      0.18038526       317.00000       280643.00
       10.909771       2.3615983      0.58730268      0.72500002      0.74850386
       314.03485      -58.189175       262.08142       130.22841       27.424643
       65.894371
       0.0000000       120.00000      0.19728418       320.00000       277957.00
       10.836935       2.6030967      0.60183167      0.75609756      0.76065934
       341.22552      -39.951820       250.16113       131.55270       27.431717
       67.097450
       0.0000000       119.00000      0.21442504       317.00000       273981.00
       10.641336       2.6398292      0.61266106      0.68421054      0.73629230
       342.89975      -4.7366691       271.92542       133.11035       26.941526
       66.618858
       0.0000000       118.00000      0.22598839       318.00000       272706.00
       10.686075       2.9404612      0.61073375      0.74358976      0.75389320
       343.67133       7.1941781       278.37479       135.22470       27.723398
       66.793526
       1.0000000       118.00000      0.22598839      -1.0000000       1.0000000
   0.00067518570     0.032631390      -1.0000000      -1.0000000      -1.0000000
      -1.0000000      -1.0000000      -1.0000000      -1.0000000      -1.0000000
      -1.0000000
       0.0000000       117.00000      0.24354018       326.00000       269696.00
       10.498006       3.7216945      0.61579233      0.69444442      0.73931968
       339.53452      0.10366197       296.10733       134.59880       28.314648
       68.332535
       0.0000000       116.00000      0.26134327       328.00000       266721.00
       10.304434       3.5189476      0.61832803      0.74358976      0.74623227
       341.46130      -16.473389       303.57056       133.16388       27.753571
       71.003624
       0.0000000       115.00000      0.27335334       321.00000       263490.00
       10.326365       3.4264989      0.60840690      0.66666663      0.73749608
       347.26251      -4.4543624       292.85495       133.34489       28.167137
       67.271568
       0.0000000       114.00000      0.29158324       327.00000       261011.00
       10.102203       3.2451780      0.60844940      0.71052635      0.73827821
       334.65100       15.478176       319.62030       132.67862       27.313856
       69.611855
       0.0000000       113.00000      0.31007412       329.00000       257879.00
       10.021569       3.4139011      0.59868270      0.71794868      0.74384749
       311.38046       22.199890       336.78897       135.58551       27.722584
       63.147350
       0.0000000       112.00000      0.32882974       343.00000       254268.00
       9.8642893       3.8841188      0.59144956      0.69444442      0.73995006
       308.84082      -16.004572       340.84332       134.96082       28.170135
       67.027855
       1.0000000       112.00000      0.32882974      -1.0000000       1.0000000
   0.00012975720       0.0000000      -1.0000000      -1.0000000      -1.0000000
      -1.0000000      -1.0000000      -1.0000000      -1.0000000      -1.0000000
      -1.0000000
       0.0000000       111.00000      0.34785384       336.00000       250205.00
       9.6301203       3.6738400      0.58412027      0.66666663      0.70846874
       330.79593      -15.130025       308.96170       133.22313       27.636700
       73.132202
       0.0000000       110.00000      0.36068764       341.00000       249516.00
       9.5251837       3.3330162      0.58828151      0.69230771      0.72424281
       347.40384      -29.195690       304.17581       131.62601       26.972345
       75.287880
       1.0000000       110.00000      0.36068764      -1.0000000       2.0000000
   0.00033332285    0.0067965100      -1.0000000      -1.0000000      -1.0000000
      -1.0000000      -1.0000000      -1.0000000      -1.0000000      -1.0000000
      -1.0000000
       0.0000000       109.00000      0.38016787       327.00000       243271.00
       9.4126244       3.0444403      0.57792068      0.69444442      0.72843468
       350.65469      -10.976374       291.25040       130.43590       26.669497
       80.113373
       0.0000000       108.00000      0.39992696       328.00000       240824.00
       9.3057308       3.2350829      0.59545368      0.69444442      0.71618879
       373.80539      0.27211612       302.61160       132.00832       26.547148
       80.498329
       1.0000000       108.00000      0.39992696      -1.0000000       1.0000000
   0.00049558614       0.0000000      -1.0000000      -1.0000000      -1.0000000
      -1.0000000      -1.0000000      -1.0000000      -1.0000000      -1.0000000
      -1.0000000
       0.0000000       107.00000      0.41996893       970.00000       310304.00
       9.2381630       3.4495730      0.58749151      0.75000000      0.73398072
       373.65805       35.912796       326.11072       132.12862       27.241354
       84.675934
       1.0000000       107.00000      0.41996893      -1.0000000       1.0000000
       0.0000000       0.0000000      -1.0000000      -1.0000000      -1.0000000
      -1.0000000      -1.0000000      -1.0000000      -1.0000000      -1.0000000
      -1.0000000
       0.0000000       106.00000      0.44029784       978.00000       308270.00
       9.1236048       4.4078369      0.60806346      0.71428573      0.73585588
       368.96140       57.125122       364.32404       133.18636       27.980371
       82.682899
       0.0000000       105.00000      0.46091780       993.00000       305008.00
       8.7944593       4.7958651      0.59611762      0.64705884      0.71801740
       338.13403       53.242329       387.43781       134.06404       28.059872
       81.194962
       1.0000000       105.00000      0.46091780      -1.0000000       3.0000000
   0.00059851812       0.0000000      -1.0000000      -1.0000000      -1.0000000
      -1.0000000      -1.0000000      -1.0000000      -1.0000000      -1.0000000
      -1.0000000
       0.0000000       104.00000      0.48183295       1006.0000       301770.00
       8.6312923       5.1922827      0.55645150      0.71052635      0.70868695
       303.42065       38.809433       367.25153       134.62569       28.905592
       80.379616
       1.0000000       104.00000      0.48183295      -1.0000000       3.0000000
    0.0034394450     0.052208524      -1.0000000      -1.0000000      -1.0000000
      -1.0000000      -1.0000000      -1.0000000      -1.0000000      -1.0000000
      -1.0000000
       0.0000000       103.00000      0.50304753       1018.0000       297768.00
       8.3922834       5.0761204      0.55591172      0.73170733      0.70591980
       320.82504       7.7115421       383.52747       132.72453       28.922409
       80.872581
       1.0000000       103.00000      0.50304753      -1.0000000       6.0000000
     0.040563694      0.17695238      -1.0000000      -1.0000000      -1.0000000
      -1.0000000      -1.0000000      -1.0000000      -1.0000000      -1.0000000
      -1.0000000
       0.0000000       102.00000      0.52456582       1023.0000       295204.00
       8.1032476       5.2213564      0.57139605      0.64705884      0.67279422
       306.59830       27.119516       381.19107       132.87781       28.238758
       82.918610
       1.0000000       102.00000      0.52456582      -1.0000000       2.0000000
       0.0000000       0.0000000      -1.0000000      -1.0000000      -1.0000000
      -1.0000000      -1.0000000      -1.0000000      -1.0000000      -1.0000000
      -1.0000000
       0.0000000       101.00000      0.54639220       1025.0000       291709.00
       7.8871236       4.8356128      0.56207001      0.63636363      0.67067605
       316.12903      -13.052610       350.78864       130.56516       27.308094
       85.172546
       1.0000000       101.00000      0.54639220      -1.0000000       1.0000000
   0.00076779653     0.024710245      -1.0000000      -1.0000000      -1.0000000
      -1.0000000      -1.0000000      -1.0000000      -1.0000000      -1.0000000
      -1.0000000
       0.0000000       100.00000      0.57598084       1029.0000       287912.00
       7.6145411       4.3594961      0.56260240      0.65714288      0.64983654
       372.24026       51.754463       282.98380       129.28122       27.068546
       85.479774
       1.0000000       100.00000      0.57598084      -1.0000000       3.0000000
    0.0012289112     0.016374582      -1.0000000      -1.0000000      -1.0000000
      -1.0000000      -1.0000000      -1.0000000      -1.0000000      -1.0000000
      -1.0000000
       0.0000000       99.000000      0.59854329       1060.0000       285189.00
       7.4129233       5.2539353      0.56332088      0.60606062      0.64616001
       323.22028       128.85536       324.05301       131.75443       27.394987
       84.422531
       0.0000000       98.000000      0.62142873       1065.0000       281868.00
       7.0680542       5.5853963      0.55201608      0.67567563      0.64411068
       293.75229       120.50743       334.81213       132.58458       26.895590
       84.150391
       0.0000000       97.000000      0.64464182       1076.0000       280081.00
       6.8129611       5.4142752      0.55017740      0.61764705      0.63840163
       244.58969       151.66496       363.06973       132.67894       26.573959
       84.869049
       0.0000000       96.000000      0.67611039       1096.0000       277911.00
       6.4723120       5.2784829      0.55078578      0.65714288      0.63503981
       140.15175       132.33261       417.85809       129.57382       25.741165
       87.217201
       1.0000000       96.000000      0.67611039      -1.0000000       2.0000000
     0.012701530     0.085855499      -1.0000000      -1.0000000      -1.0000000
      -1.0000000      -1.0000000      -1.0000000      -1.0000000      -1.0000000
      -1.0000000
       0.0000000       95.000000      0.70010638       1109.0000       275117.00
       6.1958480       5.1384997      0.53321093      0.62857145      0.63433379
       107.68314       87.552681       425.50134       128.93564       25.327841
       88.988983
       1.0000000       95.000000      0.70010638      -1.0000000       5.0000000
      0.11388724      0.21898270      -1.0000000      -1.0000000      -1.0000000
      -1.0000000      -1.0000000      -1.0000000      -1.0000000      -1.0000000
      -1.0000000
       0.0000000       94.000000      0.73263615       1140.0000       273327.00
       5.8924222       4.5878954      0.51122606      0.60000002      0.60440558
       137.71751       72.844543       382.27780       128.36165       23.839384
       89.294342
       1.0000000       94.000000      0.73263615      -1.0000000       5.0000000
   0.00021585482   0.00034866761      -1.0000000      -1.0000000      -1.0000000
      -1.0000000      -1.0000000      -1.0000000      -1.0000000      -1.0000000
      -1.0000000
       0.0000000       93.000000      0.75744140       1158.0000       269921.00
       5.7655716       3.9021726      0.51717860      0.59459460      0.59805274
       116.07475       48.963520       393.10828       129.69373       23.214687
       87.280647
       1.0000000       93.000000      0.75744140      -1.0000000       2.0000000
       0.0000000       0.0000000      -1.0000000      -1.0000000      -1.0000000
      -1.0000000      -1.0000000      -1.0000000      -1.0000000      -1.0000000
      -1.0000000
       0.0000000       92.000000      0.79106826       1144.0000       263244.00
       5.4766836       5.0462852      0.48684770      0.61538458      0.54012811
       102.30162      -16.052435       385.28867       132.94991       23.989719
       85.109032
       1.0000000       92.000000      0.79106826      -1.0000000       1.0000000
    0.0060449257     0.050003491      -1.0000000      -1.0000000      -1.0000000
      -1.0000000      -1.0000000      -1.0000000      -1.0000000      -1.0000000
      -1.0000000
       0.0000000       91.000000      0.81671000       1231.0000       265125.00
       5.2340894       5.6868854      0.42907274      0.62500000      0.51261753
       43.756599      -108.56584       329.57336       134.75098       24.494177
       85.009621
       0.0000000       90.000000      0.85147089       1235.0000       260871.00
       4.8461194       5.2955527      0.54418588      0.57575762      0.55561829
       23.614893      -191.92664       384.51883       131.00214       23.143713
       92.260513
       1.0000000       90.000000      0.85147089      -1.0000000       3.0000000
   0.00054415457     0.018893457      -1.0000000      -1.0000000      -1.0000000
      -1.0000000      -1.0000000      -1.0000000      -1.0000000      -1.0000000
      -1.0000000
       0.0000000       89.000000      0.88689691       1233.0000       256986.00
       4.6304598       3.4853334      0.52598959      0.60606062      0.58283198
       115.68943      -231.66608       345.31998       127.19891       20.958761
       98.085739
       1.0000000       89.000000      0.88689691      -1.0000000       3.0000000
       0.0000000       0.0000000      -1.0000000      -1.0000000      -1.0000000
      -1.0000000      -1.0000000      -1.0000000      -1.0000000      -1.0000000
      -1.0000000
       0.0000000       88.000000      0.92300081       1225.0000       251339.00
       4.5239477       2.7604966      0.52197373      0.62162161      0.60757160
       186.81291      -232.64046       296.72394       123.25969       19.315760
       105.72495
       1.0000000       88.000000      0.92300081      -1.0000000       5.0000000
    0.0017428904      0.16271921      -1.0000000      -1.0000000      -1.0000000
      -1.0000000      -1.0000000      -1.0000000      -1.0000000      -1.0000000
      -1.0000000
       0.0000000       87.000000      0.95053136       1226.0000       247976.00
       4.4465585       2.7149355      0.53024757      0.57575762      0.61267912
       223.11771      -244.40178       278.56122       121.83972       18.823309
       106.76294
       1.0000000       87.000000      0.95053136      -1.0000000       4.0000000
    0.0022883215      0.13762559      -1.0000000      -1.0000000      -1.0000000
      -1.0000000      -1.0000000      -1.0000000      -1.0000000      -1.0000000
      -1.0000000
       0.0000000       86.000000      0.98785281       1234.0000       243416.00
       4.3014631       2.7312810      0.53250325      0.60000002      0.60549957
       297.47009      -253.49162       204.54662       125.66007       18.548639
       101.90965
       1.0000000       86.000000      0.98785281      -1.0000000       3.0000000
     0.030895831      0.21316670      -1.0000000      -1.0000000      -1.0000000
      -1.0000000      -1.0000000      -1.0000000      -1.0000000      -1.0000000
      -1.0000000
       0.0000000       85.000000      0.99729425       1239.0000       242507.00
       4.3173823       3.1806543      0.52495968      0.52941173      0.57124370
       330.08456      -254.84077       185.22740       126.62669       19.273834
       100.36144
       1.0000000       85.000000      0.99729425      -1.0000000       1.0000000
    0.0034410895     0.054868903      -1.0000000      -1.0000000      -1.0000000
      -1.0000000      -1.0000000      -1.0000000      -1.0000000      -1.0000000
      -1.0000000
       0.0000000       84.000000       1.0355104       1265.0000       239039.00
       4.1101360       4.3717070      0.53644478      0.65789473      0.63022107
       402.47931      -212.31221       109.92387       130.34441       20.162331
       94.105003
       1.0000000       84.000000       1.0355104      -1.0000000       3.0000000
   0.00092913877     0.030069025      -1.0000000      -1.0000000      -1.0000000
      -1.0000000      -1.0000000      -1.0000000      -1.0000000      -1.0000000
      -1.0000000
       0.0000000       83.000000       1.0744579       1271.0000       233777.00
       3.8229475       5.1977792      0.50451970      0.61111116      0.61004770
       359.78955      -236.26128       101.53088       131.24263       20.453159
       94.137466
       1.0000000       83.000000       1.0744579      -1.0000000       1.0000000
     0.013687293      0.12546353      -1.0000000      -1.0000000      -1.0000000
      -1.0000000      -1.0000000      -1.0000000      -1.0000000      -1.0000000
      -1.0000000
       0.0000000       82.000000       1.1141505       1340.0000       231688.00
       3.4640529       5.0114775      0.51704037      0.52941173      0.56132549
       381.44067      -203.86615       26.707373       128.35271       19.431326
       95.779396
       1.0000000       82.000000       1.1141505      -1.0000000       1.0000000
    0.0029505116     0.078782231      -1.0000000      -1.0000000      -1.0000000
      -1.0000000      -1.0000000      -1.0000000      -1.0000000      -1.0000000
      -1.0000000
       0.0000000       81.000000       1.1546028       1332.0000       226785.00
       3.3006015       3.9854331      0.47323453      0.65853655      0.56776893
       373.59860      -142.11668       50.028717       125.25505       18.412786
       101.17866
       1.0000000       81.000000       1.1546028      -1.0000000       1.0000000
    0.0029505116     0.078782231      -1.0000000      -1.0000000      -1.0000000
      -1.0000000      -1.0000000      -1.0000000      -1.0000000      -1.0000000
      -1.0000000
       0.0000000       80.000000       1.2062581       1338.0000       219290.00
       3.1149526       3.9233034      0.48554969      0.67441857      0.61211228
       384.16037      -130.61681       73.675629       124.82908       17.831791
       101.42686
       1.0000000       80.000000       1.2062581      -1.0000000       1.0000000
   0.00076356926     0.018153662      -1.0000000      -1.0000000      -1.0000000
      -1.0000000      -1.0000000      -1.0000000      -1.0000000      -1.0000000
      -1.0000000
       0.0000000       79.000000       1.2484726       1312.0000       213657.00
       2.9319136       3.4579468      0.51285505      0.62500000      0.58985543
       422.48181      -120.94618       73.595123       123.92475       16.517031
       101.57498
       0.0000000       78.000000       1.3023784       1303.0000       206861.00
       2.7404139       3.7103481      0.50905710      0.60000002      0.58699572
       453.63617      -73.607063       49.988747       123.58769       17.201693
       101.78937
       1.0000000       78.000000       1.3023784      -1.0000000       4.0000000
   0.00046886940     0.041012499      -1.0000000      -1.0000000      -1.0000000
      -1.0000000      -1.0000000      -1.0000000      -1.0000000      -1.0000000
      -1.0000000
       0.0000000       77.000000       1.3575766       1305.0000       200459.00
       2.5111821       4.4678826      0.52816224      0.52631581      0.53293175
       459.42148       41.806702       7.1884141       124.60696       17.726238
       102.52200
       0.0000000       76.000000       1.4140983       1288.0000       193349.00
       2.2110639       3.9100609      0.53652507      0.48571426      0.61957097
       448.48474       13.571871       101.80230       121.83973       15.608235
       103.86764
       1.0000000       76.000000       1.4140983      -1.0000000       1.0000000
       0.0000000       0.0000000      -1.0000000      -1.0000000      -1.0000000
      -1.0000000      -1.0000000      -1.0000000      -1.0000000      -1.0000000
      -1.0000000
       0.0000000       75.000000       1.4719748       1266.0000       185461.00
       2.1202495       2.7906466      0.49397659      0.72916669      0.62415045
       414.17554      -40.224915       158.40562       117.32835       15.684998
       107.27913
       1.0000000       75.000000       1.4719748      -1.0000000       2.0000000
     0.088518389      0.18405582      -1.0000000      -1.0000000      -1.0000000
      -1.0000000      -1.0000000      -1.0000000      -1.0000000      -1.0000000
      -1.0000000
       0.0000000       74.000000       1.5312390       1235.0000       178992.00
       2.0024152       3.6224546      0.54112113      0.63157892      0.64557540
       432.06262      -74.559860       243.02831       115.48593       15.885960
       117.90389
       1.0000000       74.000000       1.5312390      -1.0000000       4.0000000
     0.026398586      0.12361112      -1.0000000      -1.0000000      -1.0000000
      -1.0000000      -1.0000000      -1.0000000      -1.0000000      -1.0000000
      -1.0000000
       0.0000000       73.000000       1.6042346       1205.0000       169767.00
       1.8095061       3.3885119      0.57709473      0.58974349      0.70485079
       395.16107      -121.76271       321.00735       113.09444       14.683750
       125.04582
       1.0000000       73.000000       1.6042346      -1.0000000       4.0000000
   0.00063047427     0.015801847      -1.0000000      -1.0000000      -1.0000000
      -1.0000000      -1.0000000      -1.0000000      -1.0000000      -1.0000000
      -1.0000000
       0.0000000       72.000000       1.6666696       1208.0000       164242.00
       1.5983627       3.2337003      0.55225390      0.61111116      0.69610798
       330.14661      -157.13141       321.29800       112.66691       14.047233
       122.04712
       1.0000000       72.000000       1.6666696      -1.0000000       2.0000000
   0.00060701469    0.0065251491      -1.0000000      -1.0000000      -1.0000000
      -1.0000000      -1.0000000      -1.0000000      -1.0000000      -1.0000000
      -1.0000000
       0.0000000       71.000000       1.7435706       1285.0000       160214.00
       1.4576329       3.0965662      0.52787399      0.55263156      0.61615533
       282.71576      -254.55998       301.36353       117.87522       13.525722
       113.39216
       1.0000000       71.000000       1.7435706      -1.0000000       2.0000000
     0.071303621      0.40820333      -1.0000000      -1.0000000      -1.0000000
      -1.0000000      -1.0000000      -1.0000000      -1.0000000      -1.0000000
      -1.0000000
       0.0000000       70.000000       1.8226893      -1.0000000       148221.00
       1.2892127       3.1756523      -1.0000000      -1.0000000      -1.0000000
      -1.0000000      -1.0000000      -1.0000000       116.91744       14.135289
       116.50111
       1.0000000       70.000000       1.8226893      -1.0000000       1.0000000
   0.00028360941    0.0080992663      -1.0000000      -1.0000000      -1.0000000
      -1.0000000      -1.0000000      -1.0000000      -1.0000000      -1.0000000
      -1.0000000
       0.0000000       69.000000       1.9040896      -1.0000000       140043.00
       1.1457803       2.5556436      -1.0000000      -1.0000000      -1.0000000
      -1.0000000      -1.0000000      -1.0000000       118.11724       13.053702
       117.52525
       1.0000000       69.000000       1.9040896      -1.0000000       1.0000000
   0.00016770053    0.0066999439      -1.0000000      -1.0000000      -1.0000000
      -1.0000000      -1.0000000      -1.0000000      -1.0000000      -1.0000000
      -1.0000000
       0.0000000       68.000000       2.0020282      -1.0000000       144413.00
       1.0133238       3.8410740      -1.0000000      -1.0000000      -1.0000000
      -1.0000000      -1.0000000      -1.0000000       117.65481       14.142169
       113.21462
       1.0000000       68.000000       2.0020282      -1.0000000       3.0000000
   0.00069390197     0.015437222      -1.0000000      -1.0000000      -1.0000000
      -1.0000000      -1.0000000      -1.0000000      -1.0000000      -1.0000000
      -1.0000000
       0.0000000       67.000000       2.1032696      -1.0000000       135823.00
      0.84917897       2.7447009      -1.0000000      -1.0000000      -1.0000000
      -1.0000000      -1.0000000      -1.0000000       112.13958       12.111574
       125.28300
       1.0000000       67.000000       2.1032696      -1.0000000       3.0000000
    0.0010220850    0.0043738363      -1.0000000      -1.0000000      -1.0000000
      -1.0000000      -1.0000000      -1.0000000      -1.0000000      -1.0000000
      -1.0000000
       0.0000000       66.000000       2.2079256      -1.0000000       124606.00
      0.72085762       2.4537120      -1.0000000      -1.0000000      -1.0000000
      -1.0000000      -1.0000000      -1.0000000       109.55810       9.9844046
       133.23376
       1.0000000       66.000000       2.2079256      -1.0000000       1.0000000
       0.0000000       0.0000000      -1.0000000      -1.0000000      -1.0000000
      -1.0000000      -1.0000000      -1.0000000      -1.0000000      -1.0000000
      -1.0000000
       0.0000000       65.000000       2.3161108      -1.0000000       117619.00
      0.64462465       2.2208273      -1.0000000      -1.0000000      -1.0000000
      -1.0000000      -1.0000000      -1.0000000       108.81212       9.7391443
       120.63513
       1.0000000       65.000000       2.3161108      -1.0000000       2.0000000
   0.00096732739       0.0000000      -1.0000000      -1.0000000      -1.0000000
      -1.0000000      -1.0000000      -1.0000000      -1.0000000      -1.0000000
      -1.0000000
       0.0000000       64.000000       2.4442258      -1.0000000       108935.00
      0.56603289       2.2440670      -1.0000000      -1.0000000      -1.0000000
      -1.0000000      -1.0000000      -1.0000000       108.01363       9.7539339
       110.24299
       0.0000000       63.000000       2.5772903      -1.0000000       112969.00
      0.47638246       2.0496385      -1.0000000      -1.0000000      -1.0000000
      -1.0000000      -1.0000000      -1.0000000       104.79635       8.6788721
       102.18353
       1.0000000       63.000000       2.5772903      -1.0000000       2.0000000
    0.0036987530     0.017917359      -1.0000000      -1.0000000      -1.0000000
      -1.0000000      -1.0000000      -1.0000000      -1.0000000      -1.0000000
      -1.0000000
       0.0000000       62.000000       2.7331426      -1.0000000       103576.00
      0.39953545       1.7613838      -1.0000000      -1.0000000      -1.0000000
      -1.0000000      -1.0000000      -1.0000000       103.53304       8.0457249
       99.915588
       1.0000000       62.000000       2.7331426      -1.0000000       2.0000000
    0.0036987530     0.017917359      -1.0000000      -1.0000000      -1.0000000
      -1.0000000      -1.0000000      -1.0000000      -1.0000000      -1.0000000
      -1.0000000
       0.0000000       61.000000       2.8957851      -1.0000000       83474.000
      0.34167552       2.1861098      -1.0000000      -1.0000000      -1.0000000
      -1.0000000      -1.0000000      -1.0000000       98.801048       9.1021185
       104.03068
       1.0000000       61.000000       2.8957851      -1.0000000       1.0000000
   0.00068056007       0.0000000      -1.0000000      -1.0000000      -1.0000000
      -1.0000000      -1.0000000      -1.0000000      -1.0000000      -1.0000000
      -1.0000000
       0.0000000       60.000000       3.0081310      -1.0000000       86642.000
      0.29517019       2.1094415      -1.0000000      -1.0000000      -1.0000000
      -1.0000000      -1.0000000      -1.0000000       98.785988       8.6470194
       100.21522
       1.0000000       60.000000       3.0081310      -1.0000000       2.0000000
    0.0033282505    0.0045019155      -1.0000000      -1.0000000      -1.0000000
      -1.0000000      -1.0000000      -1.0000000      -1.0000000      -1.0000000
      -1.0000000
       0.0000000       59.000000       3.0848227      -1.0000000       82283.000
      0.25721601       1.9326299      -1.0000000      -1.0000000      -1.0000000
      -1.0000000      -1.0000000      -1.0000000       98.301315       8.0802889
       101.28397
       0.0000000       58.000000       3.2830331      -1.0000000       72698.000
      0.20737468       1.3257667      -1.0000000      -1.0000000      -1.0000000
      -1.0000000      -1.0000000      -1.0000000       99.797356       6.6282163
       102.30075
       1.0000000       58.000000       3.2830331      -1.0000000       4.0000000
    0.0028471680    0.0012226229      -1.0000000      -1.0000000      -1.0000000
      -1.0000000      -1.0000000      -1.0000000      -1.0000000      -1.0000000
      -1.0000000
       0.0000000       57.000000       3.4908614      -1.0000000       78428.000
      0.14755365       1.5702622      -1.0000000      -1.0000000      -1.0000000
      -1.0000000      -1.0000000      -1.0000000       103.89051       7.8011503
       88.616959
       1.0000000       57.000000       3.4908614      -1.0000000       3.0000000
   0.00042146488       0.0000000      -1.0000000      -1.0000000      -1.0000000
      -1.0000000      -1.0000000      -1.0000000      -1.0000000      -1.0000000
      -1.0000000
