       0.0000000       135.00000       0.0000000       2454.0000       453667.00
       2.1220489       2.8496306      0.38378859      0.50000000      0.34067333
      -111.14400      -20.529387      -6.6725760       85.096611       15.114023
       58.787384
       0.0000000       134.00000    0.0095216669      -1.0000000       447376.00
       2.0477793       3.2489672      -1.0000000      -1.0000000      -1.0000000
      -1.0000000      -1.0000000      -1.0000000       87.207184       14.882958
       59.205185
       0.0000000       132.00000     0.033724371       2434.0000       446138.00
       1.9831064       3.6977043      0.37011868      0.57142854      0.32816938
      -95.486137      -19.544518      -16.044813       87.317596       15.205648
       59.199886
       0.0000000       131.00000     0.048523631       2437.0000       442516.00
       1.9531350       3.2864621      0.35908625      0.42424244      0.29046610
      -87.431290      -23.906309      -14.196330       84.246277       14.774453
       59.383804
       0.0000000       130.00000     0.058507323       2401.0000       438901.00
       1.9428807       2.7754624      0.36242649      0.42424244      0.29877734
      -89.881340      -25.803257      -16.522491       83.025566       14.337745
       60.925663
       1.0000000       130.00000     0.058507323      -1.0000000       2.0000000
       0.0000000       0.0000000      -1.0000000      -1.0000000      -1.0000000
      -1.0000000      -1.0000000      -1.0000000      -1.0000000      -1.0000000
      -1.0000000
       0.0000000       129.00000     0.073661387       2416.0000       436381.00
       1.8974897       2.7454126      0.36887315      0.50000000      0.30904409
      -96.721008      -15.061318      -8.4673376       83.627663       14.171493
       62.616013
       0.0000000       128.00000     0.083884433       2421.0000       434157.00
       1.8733398       2.9517581      0.37065354      0.50000000      0.30120322
      -96.269409      -7.4164577      -8.3942423       84.098488       14.073114
       63.081806
       0.0000000       127.00000     0.099401802       2417.0000       431940.00
       1.8087829       3.1042826      0.37789163      0.56097555      0.30420801
      -86.259224      -4.5557590      -24.178818       83.654671       13.996369
       64.291405
       1.0000000       127.00000     0.099401802      -1.0000000       1.0000000
       0.0000000       0.0000000      -1.0000000      -1.0000000      -1.0000000
      -1.0000000      -1.0000000      -1.0000000      -1.0000000      -1.0000000
      -1.0000000
       0.0000000       126.00000      0.10986994       2417.0000       429951.00
       1.7774132       2.9601293      0.37880379      0.47058821      0.32772148
      -85.146553      -6.1857185      -34.340134       82.552109       13.758215
       66.105804
       1.0000000       126.00000      0.10986994      -1.0000000       1.0000000
       0.0000000       0.0000000      -1.0000000      -1.0000000      -1.0000000
      -1.0000000      -1.0000000      -1.0000000      -1.0000000      -1.0000000
      -1.0000000
       0.0000000       125.00000      0.12575933       2388.0000       426760.00
       1.7187936       2.9728816      0.37344453      0.50000000      0.33809933
      -87.583694      -15.666350      -33.572258       82.744064       13.629676
       68.271950
       0.0000000       124.00000      0.14187621       2397.0000       423810.00
       1.7009368       3.2664537      0.36474171      0.31250006      0.31419995
      -83.097160      -28.745577      -23.694286       82.665367       13.951105
       70.790802
       0.0000000       123.00000      0.15274876       2391.0000       421805.00
       1.6344978       3.2539546      0.35748801      0.32258064      0.31196308
      -71.713615      -32.712852      -31.347538       82.962143       13.409974
       71.311714
       1.0000000       123.00000      0.15274876      -1.0000000       2.0000000
    0.0021668174     0.027715536      -1.0000000      -1.0000000      -1.0000000
      -1.0000000      -1.0000000      -1.0000000      -1.0000000      -1.0000000
      -1.0000000
       0.0000000       122.00000      0.16925204       2390.0000       419058.00
       1.5777731       3.2235296      0.34976253      0.42424244      0.27752516
      -56.577072      -35.310913      -32.682228       82.563377       13.324074
       73.249763
       1.0000000       122.00000      0.16925204      -1.0000000       1.0000000
       0.0000000       0.0000000      -1.0000000      -1.0000000      -1.0000000
      -1.0000000      -1.0000000      -1.0000000      -1.0000000      -1.0000000
      -1.0000000
       0.0000000       121.00000      0.18038526       2394.0000       416356.00
       1.5194887       2.7397873      0.32834852      0.41176474      0.28224292
      -55.275787      -39.126137      -37.539806       81.912926       12.687479
       74.195976
       0.0000000       120.00000      0.19728418       2733.0000       421926.00
       1.5721749       2.7658463      0.35179862      0.47368419      0.32355171
      -49.093922      -34.044682      -55.898438       82.422813       13.672441
       74.719261
       1.0000000       120.00000      0.19728418      -1.0000000       1.0000000
    0.0017827220     0.037578616      -1.0000000      -1.0000000      -1.0000000
      -1.0000000      -1.0000000      -1.0000000      -1.0000000      -1.0000000
      -1.0000000
       0.0000000       119.00000      0.21442504      -1.0000000       419136.00
       1.4582742       2.8793852      -1.0000000      -1.0000000      -1.0000000
      -1.0000000      -1.0000000      -1.0000000       84.986427       13.296942
       78.240738
       1.0000000       119.00000      0.21442504      -1.0000000       1.0000000
    0.0017827220     0.037578616      -1.0000000      -1.0000000      -1.0000000
      -1.0000000      -1.0000000      -1.0000000      -1.0000000      -1.0000000
      -1.0000000
       0.0000000       118.00000      0.22598839      -1.0000000       417426.00
       1.5433152       3.6232319      -1.0000000      -1.0000000      -1.0000000
      -1.0000000      -1.0000000      -1.0000000       85.976936       15.331407
       79.893517
       1.0000000       118.00000      0.22598839      -1.0000000       1.0000000
    0.0017827220     0.037578616      -1.0000000      -1.0000000      -1.0000000
      -1.0000000      -1.0000000      -1.0000000      -1.0000000      -1.0000000
      -1.0000000
       0.0000000       117.00000      0.24354018      -1.0000000       414605.00
       1.4098861       2.5804608      -1.0000000      -1.0000000      -1.0000000
      -1.0000000      -1.0000000      -1.0000000       86.292595       11.527363
       80.097130
       1.0000000       117.00000      0.24354018      -1.0000000       2.0000000
   0.00018916826     0.019783549      -1.0000000      -1.0000000      -1.0000000
      -1.0000000      -1.0000000      -1.0000000      -1.0000000      -1.0000000
      -1.0000000
       0.0000000       116.00000      0.26134327      -1.0000000       412280.00
       1.1823510       1.9927351      -1.0000000      -1.0000000      -1.0000000
      -1.0000000      -1.0000000      -1.0000000       82.768433       9.4733324
       80.193390
       1.0000000       116.00000      0.26134327      -1.0000000       3.0000000
      0.24691323      0.91581238      -1.0000000      -1.0000000      -1.0000000
      -1.0000000      -1.0000000      -1.0000000      -1.0000000      -1.0000000
      -1.0000000
       0.0000000       115.00000      0.27335334      -1.0000000       410254.00
       1.2103961       1.9627302      -1.0000000      -1.0000000      -1.0000000
      -1.0000000      -1.0000000      -1.0000000       84.233727       10.066959
       77.513390
       1.0000000       115.00000      0.27335334      -1.0000000       1.0000000
   0.00025470206     0.031099914      -1.0000000      -1.0000000      -1.0000000
      -1.0000000      -1.0000000      -1.0000000      -1.0000000      -1.0000000
      -1.0000000
       0.0000000       114.00000      0.29158324      -1.0000000       407789.00
       1.1908230       1.8907310      -1.0000000      -1.0000000      -1.0000000
      -1.0000000      -1.0000000      -1.0000000       89.329346       9.9396887
       70.875656
       1.0000000       114.00000      0.29158324      -1.0000000       5.0000000
    0.0048316531      0.13761712      -1.0000000      -1.0000000      -1.0000000
      -1.0000000      -1.0000000      -1.0000000      -1.0000000      -1.0000000
      -1.0000000
       0.0000000       113.00000      0.31007412      -1.0000000       405233.00
       1.1373701       2.2584400      -1.0000000      -1.0000000      -1.0000000
      -1.0000000      -1.0000000      -1.0000000       96.362366       10.454979
       64.046288
       0.0000000       112.00000      0.32882974      -1.0000000       402222.00
       1.1592686       2.6047478      -1.0000000      -1.0000000      -1.0000000
      -1.0000000      -1.0000000      -1.0000000       102.32262       12.420809
       57.405140
       1.0000000       112.00000      0.32882974      -1.0000000       1.0000000
    0.0072312918     0.089455046      -1.0000000      -1.0000000      -1.0000000
      -1.0000000      -1.0000000      -1.0000000      -1.0000000      -1.0000000
      -1.0000000
       0.0000000       111.00000      0.34785384      -1.0000000       399433.00
       1.2400259       3.0193925      -1.0000000      -1.0000000      -1.0000000
      -1.0000000      -1.0000000      -1.0000000       104.00542       13.566133
       57.371593
       0.0000000       110.00000      0.36068764      -1.0000000       398393.00
       1.0437906       2.0456004      -1.0000000      -1.0000000      -1.0000000
      -1.0000000      -1.0000000      -1.0000000       93.337196       9.6379967
       66.440102
       0.0000000       109.00000      0.38016787      -1.0000000       395380.00
       1.0021113       1.6966776      -1.0000000      -1.0000000      -1.0000000
      -1.0000000      -1.0000000      -1.0000000       81.650963       8.6117268
       72.092888
       1.0000000       109.00000      0.38016787      -1.0000000       2.0000000
    0.0010042299     0.026307018      -1.0000000      -1.0000000      -1.0000000
      -1.0000000      -1.0000000      -1.0000000      -1.0000000      -1.0000000
      -1.0000000
       0.0000000       108.00000      0.39992696      -1.0000000       394282.00
      0.97839063       1.7107064      -1.0000000      -1.0000000      -1.0000000
      -1.0000000      -1.0000000      -1.0000000       77.770607       8.2907734
       70.039383
       0.0000000       107.00000      0.41996893      -1.0000000       390459.00
      0.98538423       1.8499922      -1.0000000      -1.0000000      -1.0000000
      -1.0000000      -1.0000000      -1.0000000       76.989006       8.6694012
       70.030563
       0.0000000       106.00000      0.44029784      -1.0000000       388038.00
      0.95717710       1.7200681      -1.0000000      -1.0000000      -1.0000000
      -1.0000000      -1.0000000      -1.0000000       76.543243       8.4367418
       68.538025
       1.0000000       106.00000      0.44029784      -1.0000000       1.0000000
   0.00023431057     0.018580170      -1.0000000      -1.0000000      -1.0000000
      -1.0000000      -1.0000000      -1.0000000      -1.0000000      -1.0000000
      -1.0000000
       0.0000000       105.00000      0.46091780      -1.0000000       385008.00
      0.95189106       1.8245112      -1.0000000      -1.0000000      -1.0000000
      -1.0000000      -1.0000000      -1.0000000       76.431602       8.6774368
       66.024765
       0.0000000       104.00000      0.48183295      -1.0000000       381168.00
      0.91972911       1.8122720      -1.0000000      -1.0000000      -1.0000000
      -1.0000000      -1.0000000      -1.0000000       78.004341       8.2641611
       63.415943
       1.0000000       104.00000      0.48183295      -1.0000000       1.0000000
     0.010844455      0.11916213      -1.0000000      -1.0000000      -1.0000000
      -1.0000000      -1.0000000      -1.0000000      -1.0000000      -1.0000000
      -1.0000000
       0.0000000       103.00000      0.50304753      -1.0000000       376776.00
      0.91215158       1.7669467      -1.0000000      -1.0000000      -1.0000000
      -1.0000000      -1.0000000      -1.0000000       79.884727       8.4147968
       60.058002
       0.0000000       102.00000      0.52456582      -1.0000000       374577.00
      0.89071226       2.0369053      -1.0000000      -1.0000000      -1.0000000
      -1.0000000      -1.0000000      -1.0000000       80.091919       8.5161419
       58.509785
       1.0000000       102.00000      0.52456582      -1.0000000       1.0000000
   0.00047428446    0.0034796619      -1.0000000      -1.0000000      -1.0000000
      -1.0000000      -1.0000000      -1.0000000      -1.0000000      -1.0000000
      -1.0000000
       0.0000000       101.00000      0.54639220      -1.0000000       396405.00
      0.84245330       1.8037609      -1.0000000      -1.0000000      -1.0000000
      -1.0000000      -1.0000000      -1.0000000       79.998886       7.8952980
       57.716217
       1.0000000       101.00000      0.54639220      -1.0000000       1.0000000
   0.00047428446    0.0034796619      -1.0000000      -1.0000000      -1.0000000
      -1.0000000      -1.0000000      -1.0000000      -1.0000000      -1.0000000
      -1.0000000
       0.0000000       100.00000      0.57598084      -1.0000000       392990.00
      0.80364513       1.6476400      -1.0000000      -1.0000000      -1.0000000
      -1.0000000      -1.0000000      -1.0000000       79.127419       7.5074759
       58.224125
       1.0000000       100.00000      0.57598084      -1.0000000       1.0000000
       0.0000000       0.0000000      -1.0000000      -1.0000000      -1.0000000
      -1.0000000      -1.0000000      -1.0000000      -1.0000000      -1.0000000
      -1.0000000
       0.0000000       99.000000      0.59854329      -1.0000000       389725.00
      0.81038165       1.6222024      -1.0000000      -1.0000000      -1.0000000
      -1.0000000      -1.0000000      -1.0000000       80.802605       8.0029459
       57.056557
       0.0000000       98.000000      0.62142873      -1.0000000       387011.00
      0.76069099       1.6735221      -1.0000000      -1.0000000      -1.0000000
      -1.0000000      -1.0000000      -1.0000000       82.626823       7.4853935
       56.538166
       0.0000000       97.000000      0.64464182      -1.0000000       383462.00
      0.75101370       1.7364447      -1.0000000      -1.0000000      -1.0000000
      -1.0000000      -1.0000000      -1.0000000       81.085007       7.3845754
       60.292694
       0.0000000       96.000000      0.67611039      -1.0000000       381598.00
      0.70666480       1.8245232      -1.0000000      -1.0000000      -1.0000000
      -1.0000000      -1.0000000      -1.0000000       77.532166       7.2560792
       66.992676
       1.0000000       96.000000      0.67611039      -1.0000000       2.0000000
       0.0000000       0.0000000      -1.0000000      -1.0000000      -1.0000000
      -1.0000000      -1.0000000      -1.0000000      -1.0000000      -1.0000000
      -1.0000000
       0.0000000       95.000000      0.70010638      -1.0000000       377736.00
      0.66568881       1.3737454      -1.0000000      -1.0000000      -1.0000000
      -1.0000000      -1.0000000      -1.0000000       76.000786       6.4424200
       70.036255
       0.0000000       94.000000      0.73263615      -1.0000000       374879.00
      0.66152674       1.1615094      -1.0000000      -1.0000000      -1.0000000
      -1.0000000      -1.0000000      -1.0000000       76.164009       6.2661033
       69.556412
       1.0000000       94.000000      0.73263615      -1.0000000       2.0000000
    0.0037985354      0.12903661      -1.0000000      -1.0000000      -1.0000000
      -1.0000000      -1.0000000      -1.0000000      -1.0000000      -1.0000000
      -1.0000000
       0.0000000       93.000000      0.75744140      -1.0000000       372172.00
      0.63300037       1.2557037      -1.0000000      -1.0000000      -1.0000000
      -1.0000000      -1.0000000      -1.0000000       77.906738       6.1188383
       69.255516
       0.0000000       92.000000      0.79106826      -1.0000000       369602.00
      0.61696851       1.4765004      -1.0000000      -1.0000000      -1.0000000
      -1.0000000      -1.0000000      -1.0000000       79.217743       6.4964542
       69.912506
       0.0000000       91.000000      0.81671000      -1.0000000       367065.00
      0.57387018       1.4891435      -1.0000000      -1.0000000      -1.0000000
      -1.0000000      -1.0000000      -1.0000000       80.466690       5.8572598
       71.293190
       0.0000000       90.000000      0.85147089      -1.0000000       363148.00
      0.54315549       1.2030164      -1.0000000      -1.0000000      -1.0000000
      -1.0000000      -1.0000000      -1.0000000       78.643646       5.7583594
       72.508659
       0.0000000       89.000000      0.88689691      -1.0000000       361171.00
      0.53587431      0.93145949      -1.0000000      -1.0000000      -1.0000000
      -1.0000000      -1.0000000      -1.0000000       80.575287       5.5333810
       71.515938
       0.0000000       88.000000      0.92300081      -1.0000000       357713.00
      0.50976527      0.96321493      -1.0000000      -1.0000000      -1.0000000
      -1.0000000      -1.0000000      -1.0000000       83.530838       5.3160739
       68.038330
       0.0000000       87.000000      0.95053136      -1.0000000       354411.00
      0.49921188       1.1184282      -1.0000000      -1.0000000      -1.0000000
      -1.0000000      -1.0000000      -1.0000000       85.478119       5.6385946
       66.273232
       0.0000000       86.000000      0.98785281      -1.0000000       350818.00
      0.48538733       1.3837242      -1.0000000      -1.0000000      -1.0000000
      -1.0000000      -1.0000000      -1.0000000       87.078972       5.7967443
       63.522720
       1.0000000       86.000000      0.98785281      -1.0000000       1.0000000
    0.0029051988     0.054547705      -1.0000000      -1.0000000      -1.0000000
      -1.0000000      -1.0000000      -1.0000000      -1.0000000      -1.0000000
      -1.0000000
       0.0000000       85.000000      0.99729425      -1.0000000       349461.00
      0.47691119       1.4421275      -1.0000000      -1.0000000      -1.0000000
      -1.0000000      -1.0000000      -1.0000000       87.238564       5.8341460
       62.511417
       0.0000000       84.000000       1.0355104      -1.0000000       345443.00
      0.41553235       1.2146440      -1.0000000      -1.0000000      -1.0000000
      -1.0000000      -1.0000000      -1.0000000       85.912323       5.1782780
       61.643436
       1.0000000       84.000000       1.0355104      -1.0000000       1.0000000
   0.00033331307    0.0091461698      -1.0000000      -1.0000000      -1.0000000
      -1.0000000      -1.0000000      -1.0000000      -1.0000000      -1.0000000
      -1.0000000
       0.0000000       83.000000       1.0744579      -1.0000000       339922.00
      0.39478803      0.97440523      -1.0000000      -1.0000000      -1.0000000
      -1.0000000      -1.0000000      -1.0000000       77.267693       4.7087412
       68.483665
       1.0000000       83.000000       1.0744579      -1.0000000       1.0000000
       0.0000000       0.0000000      -1.0000000      -1.0000000      -1.0000000
      -1.0000000      -1.0000000      -1.0000000      -1.0000000      -1.0000000
      -1.0000000
       0.0000000       82.000000       1.1141505      -1.0000000       337761.00
      0.36921504      0.90590405      -1.0000000      -1.0000000      -1.0000000
      -1.0000000      -1.0000000      -1.0000000       76.268417       4.1881738
       66.943062
       0.0000000       81.000000       1.1546028      -1.0000000       341638.00
      0.34813294       1.0140948      -1.0000000      -1.0000000      -1.0000000
      -1.0000000      -1.0000000      -1.0000000       75.112160       4.2671375
       66.990715
       0.0000000       80.000000       1.2062581      -1.0000000       342422.00
      0.32898423      0.74770921      -1.0000000      -1.0000000      -1.0000000
      -1.0000000      -1.0000000      -1.0000000       75.532585       3.9521666
       65.827606
       0.0000000       79.000000       1.2484726      -1.0000000       340817.00
      0.30721998      0.76986331      -1.0000000      -1.0000000      -1.0000000
      -1.0000000      -1.0000000      -1.0000000       76.850159       3.8291755
       64.759026
       0.0000000       78.000000       1.3023784      -1.0000000       337108.00
      0.29239804      0.79125625      -1.0000000      -1.0000000      -1.0000000
      -1.0000000      -1.0000000      -1.0000000       78.034157       3.8896048
       62.148869
       0.0000000       77.000000       1.3575766      -1.0000000       332032.00
      0.27484781      0.82772589      -1.0000000      -1.0000000      -1.0000000
      -1.0000000      -1.0000000      -1.0000000       80.030457       3.9636362
       63.174751
       1.0000000       77.000000       1.3575766      -1.0000000       1.0000000
    0.0015470973       0.0000000      -1.0000000      -1.0000000      -1.0000000
      -1.0000000      -1.0000000      -1.0000000      -1.0000000      -1.0000000
      -1.0000000
       0.0000000       76.000000       1.4140983      -1.0000000       324368.00
      0.24678451      0.82953757      -1.0000000      -1.0000000      -1.0000000
      -1.0000000      -1.0000000      -1.0000000       77.040039       3.7545104
       68.040184
       1.0000000       76.000000       1.4140983      -1.0000000       1.0000000
    0.0011975550     0.048603702      -1.0000000      -1.0000000      -1.0000000
      -1.0000000      -1.0000000      -1.0000000      -1.0000000      -1.0000000
      -1.0000000
       0.0000000       75.000000       1.4719748      -1.0000000       319473.00
      0.22555013      0.52217132      -1.0000000      -1.0000000      -1.0000000
      -1.0000000      -1.0000000      -1.0000000       73.539642       3.2724724
       72.783150
       0.0000000       74.000000       1.5312390      -1.0000000       313144.00
      0.22574596      0.55025536      -1.0000000      -1.0000000      -1.0000000
      -1.0000000      -1.0000000      -1.0000000       73.661758       3.1510630
       72.374992
       1.0000000       74.000000       1.5312390      -1.0000000       1.0000000
   0.00023645804       0.0000000      -1.0000000      -1.0000000      -1.0000000
      -1.0000000      -1.0000000      -1.0000000      -1.0000000      -1.0000000
      -1.0000000
       0.0000000       73.000000       1.6042346      -1.0000000       306807.00
      0.20769309      0.57597381      -1.0000000      -1.0000000      -1.0000000
      -1.0000000      -1.0000000      -1.0000000       73.512321       3.2100754
       72.270897
       1.0000000       73.000000       1.6042346      -1.0000000       1.0000000
       0.0000000       0.0000000      -1.0000000      -1.0000000      -1.0000000
      -1.0000000      -1.0000000      -1.0000000      -1.0000000      -1.0000000
      -1.0000000
       0.0000000       72.000000       1.6666696      -1.0000000       296941.00
      0.19291753      0.58086181      -1.0000000      -1.0000000      -1.0000000
      -1.0000000      -1.0000000      -1.0000000       74.393845       2.8262987
       71.521492
       0.0000000       71.000000       1.7435706      -1.0000000       293753.00
      0.18968216      0.46635833      -1.0000000      -1.0000000      -1.0000000
      -1.0000000      -1.0000000      -1.0000000       76.704407       2.9108443
       66.250702
       1.0000000       71.000000       1.7435706      -1.0000000       1.0000000
       0.0000000       0.0000000      -1.0000000      -1.0000000      -1.0000000
      -1.0000000      -1.0000000      -1.0000000      -1.0000000      -1.0000000
      -1.0000000
       0.0000000       70.000000       1.8226893      -1.0000000       286337.00
      0.16563910      0.57385546      -1.0000000      -1.0000000      -1.0000000
      -1.0000000      -1.0000000      -1.0000000       77.491493       2.8546329
       64.328445
       1.0000000       70.000000       1.8226893      -1.0000000       1.0000000
       0.0000000       0.0000000      -1.0000000      -1.0000000      -1.0000000
      -1.0000000      -1.0000000      -1.0000000      -1.0000000      -1.0000000
      -1.0000000
       0.0000000       69.000000       1.9040896      -1.0000000       278984.00
      0.14210773      0.55364686      -1.0000000      -1.0000000      -1.0000000
      -1.0000000      -1.0000000      -1.0000000       81.096550       2.7526493
       61.661484
       0.0000000       68.000000       2.0020282      -1.0000000       270885.00
      0.12160625      0.56544423      -1.0000000      -1.0000000      -1.0000000
      -1.0000000      -1.0000000      -1.0000000       74.103912       2.9243121
       65.834274
       1.0000000       68.000000       2.0020282      -1.0000000       2.0000000
       0.0000000       0.0000000      -1.0000000      -1.0000000      -1.0000000
      -1.0000000      -1.0000000      -1.0000000      -1.0000000      -1.0000000
      -1.0000000
       0.0000000       67.000000       2.1032696      -1.0000000       260727.00
      0.10624462      0.56573522      -1.0000000      -1.0000000      -1.0000000
      -1.0000000      -1.0000000      -1.0000000       70.759804       2.4890118
       68.628975
       0.0000000       66.000000       2.2079256      -1.0000000       257374.00
     0.092274539      0.36828876      -1.0000000      -1.0000000      -1.0000000
      -1.0000000      -1.0000000      -1.0000000       68.329262       2.2575545
       65.078674
       0.0000000       65.000000       2.3161108      -1.0000000       256428.00
     0.082313210      0.36170125      -1.0000000      -1.0000000      -1.0000000
      -1.0000000      -1.0000000      -1.0000000       68.454964       2.0399721
       63.991768
       0.0000000       64.000000       2.4442258      -1.0000000       247987.00
     0.072305463      0.31068620      -1.0000000      -1.0000000      -1.0000000
      -1.0000000      -1.0000000      -1.0000000       67.243401       1.9664236
       66.909401
       0.0000000       63.000000       2.5772903      -1.0000000       232776.00
     0.070204526      0.31502432      -1.0000000      -1.0000000      -1.0000000
      -1.0000000      -1.0000000      -1.0000000       67.030449       2.0838952
       67.649460
       1.0000000       63.000000       2.5772903      -1.0000000       1.0000000
       0.0000000       0.0000000      -1.0000000      -1.0000000      -1.0000000
      -1.0000000      -1.0000000      -1.0000000      -1.0000000      -1.0000000
      -1.0000000
       0.0000000       62.000000       2.7331426      -1.0000000       225613.00
     0.059312522      0.33561459      -1.0000000      -1.0000000      -1.0000000
      -1.0000000      -1.0000000      -1.0000000       69.645744       1.8449627
       59.809170
       0.0000000       61.000000       2.8957851      -1.0000000       213128.00
     0.044112667      0.30649191      -1.0000000      -1.0000000      -1.0000000
      -1.0000000      -1.0000000      -1.0000000       75.190605       1.7912463
       50.120995
       1.0000000       61.000000       2.8957851      -1.0000000       1.0000000
   9.6197196e-05       0.0000000      -1.0000000      -1.0000000      -1.0000000
      -1.0000000      -1.0000000      -1.0000000      -1.0000000      -1.0000000
      -1.0000000
