       0.0000000       135.00000       0.0000000       1545.0000       423341.00
       2.7455308       3.2843273      0.54063350      0.69444442      0.70970625
       244.85197      -90.068138      -107.78006       84.547699       14.755318
       45.359440
       0.0000000       134.00000    0.0095216669       1543.0000       420825.00
       2.6948678       3.2072186      0.54773951      0.67647058      0.72533983
       246.35648      -108.91575      -108.59092       84.723778       14.281217
       46.891930
       1.0000000       134.00000    0.0095216669      -1.0000000       1.0000000
    0.0023171564     0.043609850      -1.0000000      -1.0000000      -1.0000000
      -1.0000000      -1.0000000      -1.0000000      -1.0000000      -1.0000000
      -1.0000000
       0.0000000       133.00000     0.023974428       1535.0000       416832.00
       2.5923784       2.8883860      0.53143615      0.67567563      0.69075608
       209.81573      -121.01963      -135.93617       82.830650       13.755306
       48.404911
       1.0000000       133.00000     0.023974428      -1.0000000       2.0000000
       0.0000000       0.0000000      -1.0000000      -1.0000000      -1.0000000
      -1.0000000      -1.0000000      -1.0000000      -1.0000000      -1.0000000
      -1.0000000
       0.0000000       132.00000     0.033724371       1520.0000       415328.00
       2.5989923       2.9532223      0.52772099      0.68571424      0.72679126
       216.57555      -86.420097      -160.57140       82.043823       14.099812
       48.612030
       0.0000000       131.00000     0.048523631       1528.0000       411767.00
       2.5607860       2.8067851      0.55298674      0.69444442      0.71003419
       241.17976      -72.978287      -167.89595       82.493073       13.660275
       49.247921
       0.0000000       130.00000     0.058507323       1530.0000       409221.00
       2.5423677       3.1061761      0.55233896      0.74358976      0.72478288
       252.24228      -74.953377      -156.13495       83.453331       14.024543
       49.106174
       1.0000000       130.00000     0.058507323      -1.0000000       1.0000000
   0.00060504430    0.0058659916      -1.0000000      -1.0000000      -1.0000000
      -1.0000000      -1.0000000      -1.0000000      -1.0000000      -1.0000000
      -1.0000000
       0.0000000       129.00000     0.073661387       1514.0000       405767.00
       2.4374466       2.9774735      0.55886883      0.68571424      0.72180593
       254.32669      -77.590508      -147.05418       81.327263       13.713260
       49.209030
       0.0000000       128.00000     0.083884433       1493.0000       402411.00
       2.4137197       2.6443884      0.55548280      0.62500000      0.72808236
       254.55910      -97.031693      -132.02252       81.276703       13.436610
       49.611774
       1.0000000       128.00000     0.083884433      -1.0000000       4.0000000
     0.016553878     0.068910538      -1.0000000      -1.0000000      -1.0000000
      -1.0000000      -1.0000000      -1.0000000      -1.0000000      -1.0000000
      -1.0000000
       0.0000000       127.00000     0.099401802       1488.0000       399999.00
       2.3740253       3.2384586      0.52593130      0.66666663      0.69081938
       240.35219      -131.52881      -131.01013       83.975357       13.828782
       50.875137
       1.0000000       127.00000     0.099401802      -1.0000000       1.0000000
       0.0000000       0.0000000      -1.0000000      -1.0000000      -1.0000000
      -1.0000000      -1.0000000      -1.0000000      -1.0000000      -1.0000000
      -1.0000000
       0.0000000       126.00000      0.10986994       1502.0000       398657.00
       2.3032668       3.5778544      0.56602335      0.59375006      0.71821761
       237.46353      -136.37900      -145.04652       83.938698       13.628966
       51.673466
       1.0000000       126.00000      0.10986994      -1.0000000       1.0000000
   0.00050573098     0.022195332      -1.0000000      -1.0000000      -1.0000000
      -1.0000000      -1.0000000      -1.0000000      -1.0000000      -1.0000000
      -1.0000000
       0.0000000       125.00000      0.12575933       2068.0000       417327.00
       2.2741413       3.2573123      0.54889768      0.68571424      0.72799277
       235.34206      -129.89540      -158.83463       81.539810       13.606214
       53.287792
       1.0000000       125.00000      0.12575933      -1.0000000       1.0000000
       0.0000000       0.0000000      -1.0000000      -1.0000000      -1.0000000
      -1.0000000      -1.0000000      -1.0000000      -1.0000000      -1.0000000
      -1.0000000
       0.0000000       124.00000      0.14187621       1923.0000       409219.00
       2.1877620       2.9467816      0.56591213      0.63636363      0.72480422
       232.22856      -108.98139      -172.65057       80.925507       13.003887
       55.241920
       0.0000000       123.00000      0.15274876       2067.0000       412337.00
       2.1733372       3.0127375      0.54784244      0.62500000      0.67993981
       234.48962      -94.552948      -181.49313       80.152946       13.201338
       55.757702
       1.0000000       123.00000      0.15274876      -1.0000000       1.0000000
   0.00015671519       0.0000000      -1.0000000      -1.0000000      -1.0000000
      -1.0000000      -1.0000000      -1.0000000      -1.0000000      -1.0000000
      -1.0000000
       0.0000000       122.00000      0.16925204       2053.0000       408926.00
       2.1469915       3.1797638      0.53106523      0.71794868      0.64073730
       242.85654      -95.933365      -177.33345       81.207916       13.678328
       56.710613
       0.0000000       121.00000      0.18038526       2002.0000       404503.00
       2.1020322       3.0361545      0.54197794      0.60000002      0.68493551
       239.25792      -96.459229      -173.93582       81.388031       12.978720
       57.526501
       0.0000000       120.00000      0.19728418       730.00000       333375.00
       2.0401988       3.0725453      0.54180652      0.67567563      0.68209004
       242.13304      -68.698929      -174.31839       80.944023       12.941375
       56.869892
       0.0000000       119.00000      0.21442504       751.00000       332327.00
       1.9983797       2.5998330      0.53528947      0.73809522      0.68344730
       256.75360      -38.663132      -173.51923       81.707283       12.377993
       56.090866
       0.0000000       118.00000      0.22598839       760.00000       331044.00
       1.9495043       2.7710724      0.51345068      0.66666663      0.67504162
       266.06989      -34.162815      -172.05061       82.505157       12.700130
       54.731346
       0.0000000       117.00000      0.24354018       2117.0000       395895.00
       1.9372360       2.9768147      0.54149497      0.67647058      0.68713987
       260.58365      -64.368156      -181.49519       82.154968       12.968757
       56.100460
       0.0000000       116.00000      0.26134327       767.00000       323869.00
       1.8794918       3.0440915      0.54093534      0.73684210      0.72590268
       269.46686      -79.252342      -213.07137       85.263550       13.116695
       49.148457
       1.0000000       116.00000      0.26134327      -1.0000000       1.0000000
     0.010343598     0.081798404      -1.0000000      -1.0000000      -1.0000000
      -1.0000000      -1.0000000      -1.0000000      -1.0000000      -1.0000000
      -1.0000000
       0.0000000       115.00000      0.27335334       699.00000       315006.00
       1.8396108       3.2396605      0.55550444      0.69444442      0.73987448
       276.89978      -79.468483      -228.30708       85.686302       13.275515
       49.993221
       1.0000000       115.00000      0.27335334      -1.0000000       3.0000000
    0.0014953025     0.082013212      -1.0000000      -1.0000000      -1.0000000
      -1.0000000      -1.0000000      -1.0000000      -1.0000000      -1.0000000
      -1.0000000
       0.0000000       114.00000      0.29158324       631.00000       304697.00
       1.8022871       3.5198877      0.57555491      0.58620685      0.68526083
       296.55731      -84.736992      -210.56763       85.888214       13.746382
       48.189339
       0.0000000       113.00000      0.31007412       684.00000       306529.00
       1.7546314       3.4923263      0.55617297      0.56250006      0.68268669
       296.10611      -108.68700      -173.43222       85.060616       13.617931
       50.515938
       0.0000000       112.00000      0.32882974       3016.0000       403545.00
       1.7189536       3.4598651      0.51588696      0.65714288      0.69158787
       271.06659      -124.74195      -209.98099       83.670952       14.055820
       54.620007
       0.0000000       111.00000      0.34785384       3067.0000       401887.00
       1.6341133       3.3679249      0.55735224      0.48275858      0.69044310
       294.30286      -76.482506      -230.45024       85.474586       13.518933
       53.250675
       1.0000000       111.00000      0.34785384      -1.0000000       1.0000000
       0.0000000       0.0000000      -1.0000000      -1.0000000      -1.0000000
      -1.0000000      -1.0000000      -1.0000000      -1.0000000      -1.0000000
      -1.0000000
       0.0000000       110.00000      0.36068764       3096.0000       400878.00
       1.6232817       3.6295033      0.53871387      0.76190472      0.68717003
       293.32153      -43.057514      -229.80656       85.880089       14.107242
       52.662376
       1.0000000       110.00000      0.36068764      -1.0000000       1.0000000
   0.00043880474     0.016677991      -1.0000000      -1.0000000      -1.0000000
      -1.0000000      -1.0000000      -1.0000000      -1.0000000      -1.0000000
      -1.0000000
       0.0000000       109.00000      0.38016787      -1.0000000       398288.00
       1.5784231       3.7502842      -1.0000000      -1.0000000      -1.0000000
      -1.0000000      -1.0000000      -1.0000000       86.900452       14.541393
       52.025166
       0.0000000       108.00000      0.39992696      -1.0000000       402896.00
       1.5006067       3.6379914      -1.0000000      -1.0000000      -1.0000000
      -1.0000000      -1.0000000      -1.0000000       86.692596       13.713110
       53.230701
       1.0000000       108.00000      0.39992696      -1.0000000       2.0000000
    0.0068015696      0.13360580      -1.0000000      -1.0000000      -1.0000000
      -1.0000000      -1.0000000      -1.0000000      -1.0000000      -1.0000000
      -1.0000000
       0.0000000       107.00000      0.41996893      -1.0000000       399834.00
       1.4664410       4.0701709      -1.0000000      -1.0000000      -1.0000000
      -1.0000000      -1.0000000      -1.0000000       85.525032       15.016715
       52.689369
       1.0000000       107.00000      0.41996893      -1.0000000       1.0000000
   0.00019818891     0.021195086      -1.0000000      -1.0000000      -1.0000000
      -1.0000000      -1.0000000      -1.0000000      -1.0000000      -1.0000000
      -1.0000000
       0.0000000       106.00000      0.44029784      -1.0000000       397575.00
       1.4148371       3.4834855      -1.0000000      -1.0000000      -1.0000000
      -1.0000000      -1.0000000      -1.0000000       84.438850       13.643181
       54.028999
       1.0000000       106.00000      0.44029784      -1.0000000       1.0000000
   0.00090402697       0.0000000      -1.0000000      -1.0000000      -1.0000000
      -1.0000000      -1.0000000      -1.0000000      -1.0000000      -1.0000000
      -1.0000000
       0.0000000       105.00000      0.46091780      -1.0000000       394408.00
       1.3814903       3.4221354      -1.0000000      -1.0000000      -1.0000000
      -1.0000000      -1.0000000      -1.0000000       82.784401       13.228459
       54.392765
       0.0000000       104.00000      0.48183295      -1.0000000       391012.00
       1.3107463       3.5612493      -1.0000000      -1.0000000      -1.0000000
      -1.0000000      -1.0000000      -1.0000000       82.160194       13.295577
       55.216450
       0.0000000       103.00000      0.50304753      -1.0000000       387109.00
       1.2752900       3.7510312      -1.0000000      -1.0000000      -1.0000000
      -1.0000000      -1.0000000      -1.0000000       80.968781       13.908335
       56.545013
       1.0000000       103.00000      0.50304753      -1.0000000       1.0000000
       0.0000000       0.0000000      -1.0000000      -1.0000000      -1.0000000
      -1.0000000      -1.0000000      -1.0000000      -1.0000000      -1.0000000
      -1.0000000
       0.0000000       102.00000      0.52456582      -1.0000000       384207.00
       1.2603945       3.6312568      -1.0000000      -1.0000000      -1.0000000
      -1.0000000      -1.0000000      -1.0000000       80.696724       13.896413
       57.576317
       0.0000000       101.00000      0.54639220      -1.0000000       383475.00
       1.2256051       3.6812940      -1.0000000      -1.0000000      -1.0000000
      -1.0000000      -1.0000000      -1.0000000       81.326233       14.055079
       58.778038
       1.0000000       101.00000      0.54639220      -1.0000000       2.0000000
   0.00025420883     0.032930780      -1.0000000      -1.0000000      -1.0000000
      -1.0000000      -1.0000000      -1.0000000      -1.0000000      -1.0000000
      -1.0000000
       0.0000000       100.00000      0.57598084      -1.0000000       379299.00
       1.2044482       3.1678629      -1.0000000      -1.0000000      -1.0000000
      -1.0000000      -1.0000000      -1.0000000       79.507362       13.666412
       60.089184
       1.0000000       100.00000      0.57598084      -1.0000000       2.0000000
   0.00031775766     0.017287126      -1.0000000      -1.0000000      -1.0000000
      -1.0000000      -1.0000000      -1.0000000      -1.0000000      -1.0000000
      -1.0000000
       0.0000000       99.000000      0.59854329      -1.0000000       368766.00
       1.1657183       2.7723262      -1.0000000      -1.0000000      -1.0000000
      -1.0000000      -1.0000000      -1.0000000       80.119751       13.032364
       61.433723
       1.0000000       99.000000      0.59854329      -1.0000000       2.0000000
    0.0044540622     0.027240381      -1.0000000      -1.0000000      -1.0000000
      -1.0000000      -1.0000000      -1.0000000      -1.0000000      -1.0000000
      -1.0000000
       0.0000000       98.000000      0.62142873      -1.0000000       373331.00
       1.1531996       3.0901680      -1.0000000      -1.0000000      -1.0000000
      -1.0000000      -1.0000000      -1.0000000       81.315125       13.179239
       59.733391
       1.0000000       98.000000      0.62142873      -1.0000000       2.0000000
   8.9722627e-05    0.0060384315      -1.0000000      -1.0000000      -1.0000000
      -1.0000000      -1.0000000      -1.0000000      -1.0000000      -1.0000000
      -1.0000000
       0.0000000       97.000000      0.64464182      -1.0000000       374392.00
       1.1304934       3.3509979      -1.0000000      -1.0000000      -1.0000000
      -1.0000000      -1.0000000      -1.0000000       81.029495       13.547628
       59.141582
       0.0000000       96.000000      0.67611039      -1.0000000       371482.00
       1.1244923       3.5764520      -1.0000000      -1.0000000      -1.0000000
      -1.0000000      -1.0000000      -1.0000000       80.992081       14.505458
       60.345200
       0.0000000       95.000000      0.70010638      -1.0000000       369296.00
       1.0595663       3.1246669      -1.0000000      -1.0000000      -1.0000000
      -1.0000000      -1.0000000      -1.0000000       81.796249       13.368111
       61.349266
       1.0000000       95.000000      0.70010638      -1.0000000       2.0000000
    0.0061801104     0.042857803      -1.0000000      -1.0000000      -1.0000000
      -1.0000000      -1.0000000      -1.0000000      -1.0000000      -1.0000000
      -1.0000000
       0.0000000       94.000000      0.73263615      -1.0000000       366515.00
       1.0284193       3.5739450      -1.0000000      -1.0000000      -1.0000000
      -1.0000000      -1.0000000      -1.0000000       81.670067       13.790625
       62.903034
       1.0000000       94.000000      0.73263615      -1.0000000       1.0000000
   0.00047190304     0.022179510      -1.0000000      -1.0000000      -1.0000000
      -1.0000000      -1.0000000      -1.0000000      -1.0000000      -1.0000000
      -1.0000000
       0.0000000       93.000000      0.75744140      -1.0000000       362591.00
       1.0196162       3.5017898      -1.0000000      -1.0000000      -1.0000000
      -1.0000000      -1.0000000      -1.0000000       80.232872       14.183756
       64.628914
       1.0000000       93.000000      0.75744140      -1.0000000       1.0000000
   0.00028460950     0.023582995      -1.0000000      -1.0000000      -1.0000000
      -1.0000000      -1.0000000      -1.0000000      -1.0000000      -1.0000000
      -1.0000000
       0.0000000       92.000000      0.79106826      -1.0000000       357764.00
      0.98708940       3.0586212      -1.0000000      -1.0000000      -1.0000000
      -1.0000000      -1.0000000      -1.0000000       80.637703       13.218941
       66.401306
       0.0000000       91.000000      0.81671000      -1.0000000       355223.00
      0.96891820       2.6698036      -1.0000000      -1.0000000      -1.0000000
      -1.0000000      -1.0000000      -1.0000000       80.652985       12.633463
       67.314407
       1.0000000       91.000000      0.81671000      -1.0000000       2.0000000
    0.0077700315      0.10855258      -1.0000000      -1.0000000      -1.0000000
      -1.0000000      -1.0000000      -1.0000000      -1.0000000      -1.0000000
      -1.0000000
       0.0000000       90.000000      0.85147089      -1.0000000       351670.00
      0.94056094       2.8858206      -1.0000000      -1.0000000      -1.0000000
      -1.0000000      -1.0000000      -1.0000000       81.147644       13.662835
       68.191299
       0.0000000       89.000000      0.88689691      -1.0000000       348942.00
      0.91157913       3.0722866      -1.0000000      -1.0000000      -1.0000000
      -1.0000000      -1.0000000      -1.0000000       81.996849       13.425140
       65.309662
       1.0000000       89.000000      0.88689691      -1.0000000       1.0000000
       0.0000000       0.0000000      -1.0000000      -1.0000000      -1.0000000
      -1.0000000      -1.0000000      -1.0000000      -1.0000000      -1.0000000
      -1.0000000
       0.0000000       88.000000      0.92300081      -1.0000000       344054.00
      0.89290196       2.9753082      -1.0000000      -1.0000000      -1.0000000
      -1.0000000      -1.0000000      -1.0000000       84.333893       12.914308
       64.315765
       0.0000000       87.000000      0.95053136      -1.0000000       341294.00
      0.84499615       2.8885088      -1.0000000      -1.0000000      -1.0000000
      -1.0000000      -1.0000000      -1.0000000       85.138268       11.869626
       64.280182
       0.0000000       86.000000      0.98785281      -1.0000000       336788.00
      0.80704361       3.3621802      -1.0000000      -1.0000000      -1.0000000
      -1.0000000      -1.0000000      -1.0000000       82.433350       13.157077
       66.171715
       1.0000000       86.000000      0.98785281      -1.0000000       1.0000000
       0.0000000       0.0000000      -1.0000000      -1.0000000      -1.0000000
      -1.0000000      -1.0000000      -1.0000000      -1.0000000      -1.0000000
      -1.0000000
       0.0000000       85.000000      0.99729425      -1.0000000       336077.00
      0.79596639       3.2034137      -1.0000000      -1.0000000      -1.0000000
      -1.0000000      -1.0000000      -1.0000000       81.835335       12.900807
       66.320412
       0.0000000       84.000000       1.0355104      -1.0000000       332935.00
      0.76522100       2.4716718      -1.0000000      -1.0000000      -1.0000000
      -1.0000000      -1.0000000      -1.0000000       80.196869       11.801385
       67.925110
       1.0000000       84.000000       1.0355104      -1.0000000       1.0000000
   0.00092217023    0.0023359533      -1.0000000      -1.0000000      -1.0000000
      -1.0000000      -1.0000000      -1.0000000      -1.0000000      -1.0000000
      -1.0000000
       0.0000000       83.000000       1.0744579      -1.0000000       328158.00
      0.76377296       2.5542195      -1.0000000      -1.0000000      -1.0000000
      -1.0000000      -1.0000000      -1.0000000       79.774643       12.210651
       68.297684
       0.0000000       82.000000       1.1141505      -1.0000000       323048.00
      0.74050254       2.7583408      -1.0000000      -1.0000000      -1.0000000
      -1.0000000      -1.0000000      -1.0000000       80.842712       12.136609
       67.560989
       1.0000000       82.000000       1.1141505      -1.0000000       1.0000000
       0.0000000       0.0000000      -1.0000000      -1.0000000      -1.0000000
      -1.0000000      -1.0000000      -1.0000000      -1.0000000      -1.0000000
      -1.0000000
       0.0000000       81.000000       1.1546028      -1.0000000       318624.00
      0.69723797       2.6811616      -1.0000000      -1.0000000      -1.0000000
      -1.0000000      -1.0000000      -1.0000000       81.985458       11.661069
       66.092033
       1.0000000       81.000000       1.1546028      -1.0000000       1.0000000
    0.0051754676     0.049483895      -1.0000000      -1.0000000      -1.0000000
      -1.0000000      -1.0000000      -1.0000000      -1.0000000      -1.0000000
      -1.0000000
       0.0000000       80.000000       1.2062581      -1.0000000       312540.00
      0.64606166       2.8844404      -1.0000000      -1.0000000      -1.0000000
      -1.0000000      -1.0000000      -1.0000000       80.861069       11.448478
       67.341553
       1.0000000       80.000000       1.2062581      -1.0000000       2.0000000
    0.0024380533    0.0023411831      -1.0000000      -1.0000000      -1.0000000
      -1.0000000      -1.0000000      -1.0000000      -1.0000000      -1.0000000
      -1.0000000
       0.0000000       79.000000       1.2484726      -1.0000000       310892.00
      0.61125433       2.8088923      -1.0000000      -1.0000000      -1.0000000
      -1.0000000      -1.0000000      -1.0000000       79.440948       11.461700
       67.090469
       1.0000000       79.000000       1.2484726      -1.0000000       1.0000000
    0.0013857362     0.047368526      -1.0000000      -1.0000000      -1.0000000
      -1.0000000      -1.0000000      -1.0000000      -1.0000000      -1.0000000
      -1.0000000
       0.0000000       78.000000       1.3023784      -1.0000000       304290.00
      0.57582229       2.1523166      -1.0000000      -1.0000000      -1.0000000
      -1.0000000      -1.0000000      -1.0000000       79.245018       10.218572
       69.605827
       0.0000000       77.000000       1.3575766      -1.0000000       300425.00
      0.54200715       2.3318791      -1.0000000      -1.0000000      -1.0000000
      -1.0000000      -1.0000000      -1.0000000       80.944740       10.352421
       69.820663
       0.0000000       76.000000       1.4140983      -1.0000000       292346.00
      0.50265038       2.3025250      -1.0000000      -1.0000000      -1.0000000
      -1.0000000      -1.0000000      -1.0000000       81.824432       9.9279852
       68.794693
       0.0000000       75.000000       1.4719748      -1.0000000       288130.00
      0.48870942       2.4816952      -1.0000000      -1.0000000      -1.0000000
      -1.0000000      -1.0000000      -1.0000000       81.582672       10.074427
       68.588509
       0.0000000       74.000000       1.5312390      -1.0000000       280930.00
      0.45998433       2.2051039      -1.0000000      -1.0000000      -1.0000000
      -1.0000000      -1.0000000      -1.0000000       82.199760       9.5956335
       70.936813
       1.0000000       74.000000       1.5312390      -1.0000000       1.0000000
   0.00023711524    0.0069186650      -1.0000000      -1.0000000      -1.0000000
      -1.0000000      -1.0000000      -1.0000000      -1.0000000      -1.0000000
      -1.0000000
       0.0000000       73.000000       1.6042346      -1.0000000       273009.00
      0.42132843       1.8415745      -1.0000000      -1.0000000      -1.0000000
      -1.0000000      -1.0000000      -1.0000000       83.005127       8.6880445
       71.670166
       1.0000000       73.000000       1.6042346      -1.0000000       1.0000000
       0.0000000       0.0000000      -1.0000000      -1.0000000      -1.0000000
      -1.0000000      -1.0000000      -1.0000000      -1.0000000      -1.0000000
      -1.0000000
       0.0000000       72.000000       1.6666696      -1.0000000       265262.00
      0.39172724       1.9332440      -1.0000000      -1.0000000      -1.0000000
      -1.0000000      -1.0000000      -1.0000000       84.268349       9.0394516
       72.333908
       1.0000000       72.000000       1.6666696      -1.0000000       1.0000000
   0.00092732819     0.033055913      -1.0000000      -1.0000000      -1.0000000
      -1.0000000      -1.0000000      -1.0000000      -1.0000000      -1.0000000
      -1.0000000
       0.0000000       71.000000       1.7435706      -1.0000000       256300.00
      0.35850993       1.9896429      -1.0000000      -1.0000000      -1.0000000
      -1.0000000      -1.0000000      -1.0000000       83.669716       8.3793688
       70.942978
       1.0000000       71.000000       1.7435706      -1.0000000       2.0000000
   0.00096660992       0.0000000      -1.0000000      -1.0000000      -1.0000000
      -1.0000000      -1.0000000      -1.0000000      -1.0000000      -1.0000000
      -1.0000000
       0.0000000       70.000000       1.8226893      -1.0000000       247758.00
      0.33252138       1.9140921      -1.0000000      -1.0000000      -1.0000000
      -1.0000000      -1.0000000      -1.0000000       82.546738       8.5289650
       74.019089
       0.0000000       69.000000       1.9040896      -1.0000000       240697.00
      0.30142316       1.4495877      -1.0000000      -1.0000000      -1.0000000
      -1.0000000      -1.0000000      -1.0000000       81.554146       7.1033459
       76.028084
       0.0000000       68.000000       2.0020282      -1.0000000       231369.00
      0.27022666       1.6894530      -1.0000000      -1.0000000      -1.0000000
      -1.0000000      -1.0000000      -1.0000000       79.752083       7.1698503
       77.751640
       0.0000000       67.000000       2.1032696      -1.0000000       224192.00
      0.24603418       1.1933516      -1.0000000      -1.0000000      -1.0000000
      -1.0000000      -1.0000000      -1.0000000       79.572060       6.4209671
       77.484230
       0.0000000       66.000000       2.2079256      -1.0000000       213527.00
      0.22342251       1.1349837      -1.0000000      -1.0000000      -1.0000000
      -1.0000000      -1.0000000      -1.0000000       81.973663       6.2955217
       74.611229
       1.0000000       66.000000       2.2079256      -1.0000000       1.0000000
    0.0010746086     0.031686842      -1.0000000      -1.0000000      -1.0000000
      -1.0000000      -1.0000000      -1.0000000      -1.0000000      -1.0000000
      -1.0000000
       0.0000000       65.000000       2.3161108      -1.0000000       203900.00
      0.19972926      0.99346721      -1.0000000      -1.0000000      -1.0000000
      -1.0000000      -1.0000000      -1.0000000       82.001373       5.2648025
       73.298805
       0.0000000       64.000000       2.4442258      -1.0000000       190003.00
      0.15858518      0.96175516      -1.0000000      -1.0000000      -1.0000000
      -1.0000000      -1.0000000      -1.0000000       78.316429       4.5688038
       81.044868
       1.0000000       64.000000       2.4442258      -1.0000000       1.0000000
     0.022016751      0.12140231      -1.0000000      -1.0000000      -1.0000000
      -1.0000000      -1.0000000      -1.0000000      -1.0000000      -1.0000000
      -1.0000000
       0.0000000       63.000000       2.5772903      -1.0000000       177714.00
      0.13474633      0.89049703      -1.0000000      -1.0000000      -1.0000000
      -1.0000000      -1.0000000      -1.0000000       76.934364       4.1693382
       83.250374
       0.0000000       62.000000       2.7331426      -1.0000000       162412.00
      0.12354689      0.65225172      -1.0000000      -1.0000000      -1.0000000
      -1.0000000      -1.0000000      -1.0000000       79.864601       3.8610234
       84.184341
       0.0000000       61.000000       2.8957851      -1.0000000       145005.00
     0.098022886      0.74462551      -1.0000000      -1.0000000      -1.0000000
      -1.0000000      -1.0000000      -1.0000000       82.856422       3.2258210
       83.828384
