       0.0000000       135.00000       0.0000000       691.00000       370656.00
       3.3521442       3.1581085      0.52953315      0.64516127      0.66023409
      -107.95507      -161.89180       208.21315       96.409149       18.994246
       34.366913
       0.0000000       134.00000    0.0095216669       696.00000       368942.00
       3.3250601       2.9253790      0.53109431      0.65625000      0.67266876
      -119.16582      -159.26035       208.69904       95.629166       18.490808
       35.860844
       0.0000000       133.00000     0.023974428       693.00000       364930.00
       3.2844245       2.8613820      0.53237844      0.62500000      0.66542089
      -136.63455      -164.25664       198.46768       94.674614       18.281584
       36.995644
       0.0000000       132.00000     0.033724371       697.00000       364219.00
       3.2527761       2.8282990      0.53120184      0.63636363      0.67670125
      -144.45860      -174.73642       185.27136       93.213181       17.991392
       40.305893
       0.0000000       131.00000     0.048523631       697.00000       359851.00
       3.2357357       2.5369527      0.53299117      0.62500000      0.68057036
      -141.57716      -199.68430       164.33492       91.580818       17.794479
       43.271378
       1.0000000       131.00000     0.048523631      -1.0000000       1.0000000
       0.0000000       0.0000000      -1.0000000      -1.0000000      -1.0000000
      -1.0000000      -1.0000000      -1.0000000      -1.0000000      -1.0000000
      -1.0000000
       0.0000000       130.00000     0.058507323       699.00000       357558.00
       3.2215998       2.4396272      0.53495228      0.66666669      0.68331283
      -135.41222      -212.81935       156.45686       91.491852       17.644186
       45.136921
       0.0000000       129.00000     0.073661387       702.00000       355053.00
       3.1934338       2.6155398      0.53428411      0.65625000      0.66612911
      -114.28107      -221.02570       171.16446       91.749672       17.840153
       47.336937
       0.0000000       128.00000     0.083884433       696.00000       352504.00
       3.1632771       2.6488149      0.53539145      0.66666669      0.68321109
      -109.85493      -220.30583       180.88278       91.608978       17.585871
       47.645191
       0.0000000       127.00000     0.099401802       697.00000       349910.00
       3.2060845       2.6954057      0.53139997      0.66666669      0.68891400
      -109.78616      -221.27007       187.93048       91.623474       18.319706
       48.512486
       0.0000000       126.00000      0.10986994       704.00000       348451.00
       3.1722775       2.6934581      0.53023571      0.69696975      0.70141488
      -100.37557      -223.92813       188.26181       92.956741       18.071642
       47.025883
       1.0000000       126.00000      0.10986994      -1.0000000       1.0000000
    0.0054072752     0.042010788      -1.0000000      -1.0000000      -1.0000000
      -1.0000000      -1.0000000      -1.0000000      -1.0000000      -1.0000000
      -1.0000000
       0.0000000       125.00000      0.12575933       704.00000       345944.00
       3.1436441       2.9789336      0.52534825      0.58620685      0.67099488
      -88.246681      -219.46161       197.42601       93.567238       18.508850
       48.832661
       1.0000000       125.00000      0.12575933      -1.0000000       1.0000000
    0.0026001320     0.022829592      -1.0000000      -1.0000000      -1.0000000
      -1.0000000      -1.0000000      -1.0000000      -1.0000000      -1.0000000
      -1.0000000
       0.0000000       124.00000      0.14187621       709.00000       342871.00
       3.1059890       3.0663359      0.51290685      0.65625000      0.68092018
      -90.812843      -209.54639       199.11299       93.905479       18.889896
       47.000114
       1.0000000       124.00000      0.14187621      -1.0000000       3.0000000
     0.020838380      0.17109796      -1.0000000      -1.0000000      -1.0000000
      -1.0000000      -1.0000000      -1.0000000      -1.0000000      -1.0000000
      -1.0000000
       0.0000000       123.00000      0.15274876       706.00000       340890.00
       3.1354427       3.2726090      0.51145047      0.66666669      0.66396117
      -91.316170      -206.91472       201.15511       93.932030       19.502642
       46.965942
       1.0000000       123.00000      0.15274876      -1.0000000       1.0000000
    0.0018515605     0.023964748      -1.0000000      -1.0000000      -1.0000000
      -1.0000000      -1.0000000      -1.0000000      -1.0000000      -1.0000000
      -1.0000000
       0.0000000       122.00000      0.16925204       699.00000       336618.00
       3.0852895       3.7189462      0.50834090      0.61290324      0.65862095
      -96.284340      -196.40552       208.23692       95.869141       19.622637
       44.698578
       1.0000000       122.00000      0.16925204      -1.0000000       1.0000000
    0.0095101548      0.10977038      -1.0000000      -1.0000000      -1.0000000
      -1.0000000      -1.0000000      -1.0000000      -1.0000000      -1.0000000
      -1.0000000
       0.0000000       121.00000      0.18038526       708.00000       334247.00
       3.0195954       3.9044096      0.50618738      0.61290324      0.63515216
      -99.619667      -182.67923       219.98203       95.030624       19.408602
       47.077293
       0.0000000       120.00000      0.19728418       702.00000       330682.00
       2.9523864       3.5833943      0.51011187      0.62500000      0.63811123
      -125.64125      -172.18036       215.71576       93.732430       18.858171
       47.944607
       0.0000000       119.00000      0.21442504       701.00000       327572.00
       2.9140775       3.3503716      0.52204323      0.55172414      0.63626564
      -157.46671      -165.52461       207.66843       92.342842       18.434031
       49.386806
       0.0000000       118.00000      0.22598839       693.00000       324551.00
       2.9042513       3.4225309      0.52073753      0.60000002      0.63379109
      -169.06224      -165.28795       196.55409       92.231850       18.627254
       49.169422
       1.0000000       118.00000      0.22598839      -1.0000000       1.0000000
       0.0000000       0.0000000      -1.0000000      -1.0000000      -1.0000000
      -1.0000000      -1.0000000      -1.0000000      -1.0000000      -1.0000000
      -1.0000000
       0.0000000       117.00000      0.24354018       694.00000       320289.00
       2.8377588       3.4391294      0.51880878      0.61290324      0.63592976
      -174.81058      -185.77463       170.22624       93.008728       18.157131
       50.149105
       1.0000000       117.00000      0.24354018      -1.0000000       1.0000000
   0.00061288622     0.014169799      -1.0000000      -1.0000000      -1.0000000
      -1.0000000      -1.0000000      -1.0000000      -1.0000000      -1.0000000
      -1.0000000
       0.0000000       116.00000      0.26134327       662.00000       313796.00
       2.8035381       3.9179251      0.51886719      0.58620685      0.62117571
      -163.61288      -204.97440       160.32408       92.194191       18.589180
       50.664604
       0.0000000       115.00000      0.27335334       641.00000       309133.00
       2.7457016       3.8183999      0.51333952      0.61290324      0.64082074
      -153.89452      -213.54982       158.99582       91.794106       18.151245
       49.569714
       1.0000000       115.00000      0.27335334      -1.0000000       1.0000000
       0.0000000       0.0000000      -1.0000000      -1.0000000      -1.0000000
      -1.0000000      -1.0000000      -1.0000000      -1.0000000      -1.0000000
      -1.0000000
       0.0000000       114.00000      0.29158324       623.00000       303951.00
       2.7202592       3.4929941      0.51215404      0.64705884      0.63886797
      -135.31146      -206.54359       175.29645       90.939819       17.671385
       52.950176
       0.0000000       113.00000      0.31007412       584.00000       295994.00
       2.6826642       3.3673017      0.50167894      0.58064520      0.61416703
      -139.79640      -195.14415       182.58919       90.789398       17.401632
       53.411392
       0.0000000       112.00000      0.32882974       583.00000       290322.00
       2.6057894       2.9682007      0.49459997      0.61764705      0.62711489
      -149.11636      -186.46999       178.26979       90.601669       16.767208
       55.299187
       1.0000000       112.00000      0.32882974      -1.0000000       3.0000000
   0.00039777980     0.020319466      -1.0000000      -1.0000000      -1.0000000
      -1.0000000      -1.0000000      -1.0000000      -1.0000000      -1.0000000
      -1.0000000
       0.0000000       111.00000      0.34785384       553.00000       283853.00
       2.6365020       2.8338151      0.49897757      0.63888896      0.65139550
      -162.61627      -170.14859       183.26314       91.690826       17.078117
       52.348034
       1.0000000       111.00000      0.34785384      -1.0000000       1.0000000
   0.00076746370    0.0090262266      -1.0000000      -1.0000000      -1.0000000
      -1.0000000      -1.0000000      -1.0000000      -1.0000000      -1.0000000
      -1.0000000
       0.0000000       110.00000      0.36068764       536.00000       279754.00
       2.6172574       2.8286779      0.50040632      0.64864868      0.63407069
      -173.94310      -170.79279       193.04161       93.756813       16.864599
       49.277142
       1.0000000       110.00000      0.36068764      -1.0000000       1.0000000
    0.0010815370    0.0096953623      -1.0000000      -1.0000000      -1.0000000
      -1.0000000      -1.0000000      -1.0000000      -1.0000000      -1.0000000
      -1.0000000
       0.0000000       109.00000      0.38016787       500.00000       270983.00
       2.5820999       3.3176205      0.52172959      0.60606062      0.64681107
      -204.02905      -173.41489       187.35640       96.575027       17.030296
       46.919903
       1.0000000       109.00000      0.38016787      -1.0000000       1.0000000
     0.022286918      0.10606331      -1.0000000      -1.0000000      -1.0000000
      -1.0000000      -1.0000000      -1.0000000      -1.0000000      -1.0000000
      -1.0000000
       0.0000000       108.00000      0.39992696       484.00000       266538.00
       2.5458069       3.2380672      0.52238220      0.46875006      0.63002431
      -225.35306      -185.18608       152.29390       95.978302       17.074762
       48.245083
       1.0000000       108.00000      0.39992696      -1.0000000       1.0000000
    0.0013349619     0.021938050      -1.0000000      -1.0000000      -1.0000000
      -1.0000000      -1.0000000      -1.0000000      -1.0000000      -1.0000000
      -1.0000000
       0.0000000       107.00000      0.41996893       458.00000       258566.00
       2.4640968       3.4081554      0.51421243      0.63636363      0.65995741
      -201.22694      -220.43658       128.29588       97.373619       16.856869
       44.347370
       1.0000000       107.00000      0.41996893      -1.0000000       2.0000000
     0.095691971      0.51889114      -1.0000000      -1.0000000      -1.0000000
      -1.0000000      -1.0000000      -1.0000000      -1.0000000      -1.0000000
      -1.0000000
       0.0000000       106.00000      0.44029784       446.00000       254296.00
       2.4891980       3.6422713      0.52103305      0.65625000      0.66999817
      -184.60045      -248.21964       129.62469       98.262085       17.930216
       42.129139
       0.0000000       105.00000      0.46091780       445.00000       249643.00
       2.3817253       3.4266338      0.54084551      0.58064520      0.63101554
      -172.77837      -269.63055       143.38284       101.55474       17.012106
       38.470619
       1.0000000       105.00000      0.46091780      -1.0000000       3.0000000
    0.0036874327     0.090420894      -1.0000000      -1.0000000      -1.0000000
      -1.0000000      -1.0000000      -1.0000000      -1.0000000      -1.0000000
      -1.0000000
       0.0000000       104.00000      0.48183295       431.00000       244137.00
       2.3879645       3.3182607      0.52203697      0.62857145      0.67837280
      -156.85544      -277.18704       148.70882       102.55855       17.139738
       37.394650
       0.0000000       103.00000      0.50304753       416.00000       236892.00
       2.3689177       2.7037215      0.51570451      0.67567563      0.66451442
      -166.58017      -284.18262       138.34235       103.79306       16.590073
       35.535351
       1.0000000       103.00000      0.50304753      -1.0000000       4.0000000
   0.00097890440     0.074540112      -1.0000000      -1.0000000      -1.0000000
      -1.0000000      -1.0000000      -1.0000000      -1.0000000      -1.0000000
      -1.0000000
       0.0000000       102.00000      0.52456582       423.00000       235609.00
       2.2296898       2.5073693      0.50446755      0.66666663      0.62207907
      -147.42570      -291.70950       122.67480       102.34615       15.541793
       36.036930
       1.0000000       102.00000      0.52456582      -1.0000000       3.0000000
    0.0089905470      0.19665192      -1.0000000      -1.0000000      -1.0000000
      -1.0000000      -1.0000000      -1.0000000      -1.0000000      -1.0000000
      -1.0000000
       0.0000000       101.00000      0.54639220       421.00000       231787.00
       2.2153244       2.6806188      0.50819433      0.60606062      0.61816823
      -139.73596      -305.18341       117.76292       103.61150       16.070805
       36.525040
       1.0000000       101.00000      0.54639220      -1.0000000       1.0000000
    0.0012785282     0.036219217      -1.0000000      -1.0000000      -1.0000000
      -1.0000000      -1.0000000      -1.0000000      -1.0000000      -1.0000000
      -1.0000000
       0.0000000       100.00000      0.57598084       425.00000       227795.00
       2.0109756       2.8152759      0.40094680      0.75555557      0.59290034
      -107.58424      -245.74683       77.292114       108.10983       14.696587
       22.155741
       1.0000000       100.00000      0.57598084      -1.0000000       2.0000000
    0.0032479324     0.053741189      -1.0000000      -1.0000000      -1.0000000
      -1.0000000      -1.0000000      -1.0000000      -1.0000000      -1.0000000
      -1.0000000
       0.0000000       99.000000      0.59854329      -1.0000000       223525.00
       1.3279394       2.2286017      -1.0000000      -1.0000000      -1.0000000
      -1.0000000      -1.0000000      -1.0000000       98.848061       8.4528542
       13.499966
       1.0000000       99.000000      0.59854329      -1.0000000       1.0000000
    0.0031388409     0.049800135      -1.0000000      -1.0000000      -1.0000000
      -1.0000000      -1.0000000      -1.0000000      -1.0000000      -1.0000000
      -1.0000000
       0.0000000       98.000000      0.62142873       433.00000       220231.00
       1.9596114       3.6164691      0.51105016      0.66666663      0.71838778
      -106.71394      -423.11487       51.388561       122.59533       15.937257
       21.164150
       1.0000000       98.000000      0.62142873      -1.0000000       1.0000000
     0.028964952      0.24944393      -1.0000000      -1.0000000      -1.0000000
      -1.0000000      -1.0000000      -1.0000000      -1.0000000      -1.0000000
      -1.0000000
       0.0000000       97.000000      0.64464182       110.00000       134474.00
       1.9688996       4.3849630      0.54081863      0.54545456      0.68785405
      -120.85469      -439.03738      -58.476219       109.53599       19.386574
       33.888130
       0.0000000       96.000000      0.67611039       109.00000       130180.00
       1.8968935       4.1161785      0.52584356      0.71052635      0.72937036
      -66.984383      -453.73734      -108.92999       110.21862       19.638866
       48.682686
       1.0000000       96.000000      0.67611039      -1.0000000       2.0000000
     0.014327968     0.066776095      -1.0000000      -1.0000000      -1.0000000
      -1.0000000      -1.0000000      -1.0000000      -1.0000000      -1.0000000
      -1.0000000
       0.0000000       95.000000      0.70010638       105.00000       125297.00
       1.8204273       5.2905545      0.55262393      0.65714288      0.70928472
      -23.233887      -469.94080      -141.59390       109.84773       21.105022
       50.855404
       1.0000000       95.000000      0.70010638      -1.0000000       1.0000000
    0.0031430086     0.036384169      -1.0000000      -1.0000000      -1.0000000
      -1.0000000      -1.0000000      -1.0000000      -1.0000000      -1.0000000
      -1.0000000
       0.0000000       94.000000      0.73263615       441.00000       207395.00
       1.6890030       4.9053030      0.51867151      0.69444442      0.69299763
       17.149767      -429.27551      -136.96129       103.78841       20.006540
       60.462036
       1.0000000       94.000000      0.73263615      -1.0000000       2.0000000
     0.012165960      0.14916713      -1.0000000      -1.0000000      -1.0000000
      -1.0000000      -1.0000000      -1.0000000      -1.0000000      -1.0000000
      -1.0000000
       0.0000000       93.000000      0.75744140       480.00000       208235.00
       1.6364427       4.4103460      0.50620162      0.72500002      0.67641723
       42.213036      -427.95468      -101.71904       101.97497       19.753998
       67.262436
       1.0000000       93.000000      0.75744140      -1.0000000       4.0000000
    0.0073716489      0.11407509      -1.0000000      -1.0000000      -1.0000000
      -1.0000000      -1.0000000      -1.0000000      -1.0000000      -1.0000000
      -1.0000000
       0.0000000       92.000000      0.79106826      -1.0000000       206900.00
       1.5644354       4.0307283      -1.0000000      -1.0000000      -1.0000000
      -1.0000000      -1.0000000      -1.0000000       100.01041       18.012251
       75.264046
       0.0000000       91.000000      0.81671000      -1.0000000       306730.00
       1.5296324       3.8992298      -1.0000000      -1.0000000      -1.0000000
      -1.0000000      -1.0000000      -1.0000000       99.243782       18.184761
       79.751144
       1.0000000       91.000000      0.81671000      -1.0000000       3.0000000
    0.0060219166      0.10355451      -1.0000000      -1.0000000      -1.0000000
      -1.0000000      -1.0000000      -1.0000000      -1.0000000      -1.0000000
      -1.0000000
       0.0000000       90.000000      0.85147089      -1.0000000       300591.00
       1.4880368       3.5587623      -1.0000000      -1.0000000      -1.0000000
      -1.0000000      -1.0000000      -1.0000000       99.558151       18.908072
       80.527168
       1.0000000       90.000000      0.85147089      -1.0000000       5.0000000
     0.012854681      0.21350741      -1.0000000      -1.0000000      -1.0000000
      -1.0000000      -1.0000000      -1.0000000      -1.0000000      -1.0000000
      -1.0000000
       0.0000000       89.000000      0.88689691      -1.0000000       295078.00
       1.3904184       3.7061448      -1.0000000      -1.0000000      -1.0000000
      -1.0000000      -1.0000000      -1.0000000       101.25643       17.350819
       80.048866
       1.0000000       89.000000      0.88689691      -1.0000000       2.0000000
     0.023165920      0.11062080      -1.0000000      -1.0000000      -1.0000000
      -1.0000000      -1.0000000      -1.0000000      -1.0000000      -1.0000000
      -1.0000000
       0.0000000       88.000000      0.92300081      -1.0000000       288538.00
       1.2664101       4.1796269      -1.0000000      -1.0000000      -1.0000000
      -1.0000000      -1.0000000      -1.0000000       102.49959       17.506773
       82.531395
       1.0000000       88.000000      0.92300081      -1.0000000       1.0000000
   0.00016032021    0.0037183685      -1.0000000      -1.0000000      -1.0000000
      -1.0000000      -1.0000000      -1.0000000      -1.0000000      -1.0000000
      -1.0000000
       0.0000000       87.000000      0.95053136      -1.0000000       284284.00
       1.2490799       4.2512012      -1.0000000      -1.0000000      -1.0000000
      -1.0000000      -1.0000000      -1.0000000       101.72604       17.542856
       85.935928
       1.0000000       87.000000      0.95053136      -1.0000000       2.0000000
   0.00085444422    0.0096331909      -1.0000000      -1.0000000      -1.0000000
      -1.0000000      -1.0000000      -1.0000000      -1.0000000      -1.0000000
      -1.0000000
       0.0000000       86.000000      0.98785281      -1.0000000       279944.00
       1.1483989       4.0987000      -1.0000000      -1.0000000      -1.0000000
      -1.0000000      -1.0000000      -1.0000000       100.64017       16.246927
       89.902794
       0.0000000       85.000000      0.99729425      -1.0000000       278403.00
       1.1304400       3.9895370      -1.0000000      -1.0000000      -1.0000000
      -1.0000000      -1.0000000      -1.0000000       100.23145       16.255707
       90.656532
       1.0000000       85.000000      0.99729425      -1.0000000       1.0000000
    0.0010629394       0.0000000      -1.0000000      -1.0000000      -1.0000000
      -1.0000000      -1.0000000      -1.0000000      -1.0000000      -1.0000000
      -1.0000000
       0.0000000       84.000000       1.0355104      -1.0000000       275663.00
       1.0812750       3.3412752      -1.0000000      -1.0000000      -1.0000000
      -1.0000000      -1.0000000      -1.0000000       100.51967       16.336739
       91.281693
       1.0000000       84.000000       1.0355104      -1.0000000       1.0000000
       0.0000000       0.0000000      -1.0000000      -1.0000000      -1.0000000
      -1.0000000      -1.0000000      -1.0000000      -1.0000000      -1.0000000
      -1.0000000
       0.0000000       83.000000       1.0744579      -1.0000000       270841.00
       1.0417408       3.3005373      -1.0000000      -1.0000000      -1.0000000
      -1.0000000      -1.0000000      -1.0000000       102.52548       15.232509
       91.620590
       1.0000000       83.000000       1.0744579      -1.0000000       2.0000000
    0.0011834273     0.020948790      -1.0000000      -1.0000000      -1.0000000
      -1.0000000      -1.0000000      -1.0000000      -1.0000000      -1.0000000
      -1.0000000
       0.0000000       82.000000       1.1141505      -1.0000000       264225.00
      0.93042058       3.5054085      -1.0000000      -1.0000000      -1.0000000
      -1.0000000      -1.0000000      -1.0000000       103.29829       14.768677
       92.665901
       1.0000000       82.000000       1.1141505      -1.0000000       1.0000000
   0.00026025911     0.011759860      -1.0000000      -1.0000000      -1.0000000
      -1.0000000      -1.0000000      -1.0000000      -1.0000000      -1.0000000
      -1.0000000
       0.0000000       81.000000       1.1546028      -1.0000000       259303.00
      0.89175963       2.9118695      -1.0000000      -1.0000000      -1.0000000
      -1.0000000      -1.0000000      -1.0000000       102.55936       14.304317
       93.538383
       0.0000000       80.000000       1.2062581      -1.0000000       252234.00
      0.82103419       3.0899372      -1.0000000      -1.0000000      -1.0000000
      -1.0000000      -1.0000000      -1.0000000       103.12360       14.784293
       91.298973
       0.0000000       79.000000       1.2484726      -1.0000000       247491.00
      0.79627472       3.5027058      -1.0000000      -1.0000000      -1.0000000
      -1.0000000      -1.0000000      -1.0000000       103.79861       15.478549
       95.304726
       1.0000000       79.000000       1.2484726      -1.0000000       1.0000000
    0.0038577991     0.053844072      -1.0000000      -1.0000000      -1.0000000
      -1.0000000      -1.0000000      -1.0000000      -1.0000000      -1.0000000
      -1.0000000
       0.0000000       78.000000       1.3023784      -1.0000000       245060.00
      0.70862609       2.9646389      -1.0000000      -1.0000000      -1.0000000
      -1.0000000      -1.0000000      -1.0000000       101.41222       12.858152
       103.98573
       0.0000000       77.000000       1.3575766      -1.0000000       239917.00
      0.62198365       1.9755098      -1.0000000      -1.0000000      -1.0000000
      -1.0000000      -1.0000000      -1.0000000       94.634850       11.240655
       111.37859
       1.0000000       77.000000       1.3575766      -1.0000000       2.0000000
     0.015760583     0.092009006      -1.0000000      -1.0000000      -1.0000000
      -1.0000000      -1.0000000      -1.0000000      -1.0000000      -1.0000000
      -1.0000000
       0.0000000       76.000000       1.4140983      -1.0000000       236706.00
      0.59095031       1.7252415      -1.0000000      -1.0000000      -1.0000000
      -1.0000000      -1.0000000      -1.0000000       95.755836       10.728885
       105.88879
       1.0000000       76.000000       1.4140983      -1.0000000       1.0000000
   0.00034780786     0.010850093      -1.0000000      -1.0000000      -1.0000000
      -1.0000000      -1.0000000      -1.0000000      -1.0000000      -1.0000000
      -1.0000000
       0.0000000       75.000000       1.4719748      -1.0000000       229791.00
      0.56691682       1.9914122      -1.0000000      -1.0000000      -1.0000000
      -1.0000000      -1.0000000      -1.0000000       102.39838       11.632993
       97.397499
       1.0000000       75.000000       1.4719748      -1.0000000       2.0000000
     0.029307753      0.12195236      -1.0000000      -1.0000000      -1.0000000
      -1.0000000      -1.0000000      -1.0000000      -1.0000000      -1.0000000
      -1.0000000
       0.0000000       74.000000       1.5312390      -1.0000000       224700.00
      0.54023319       1.8493772      -1.0000000      -1.0000000      -1.0000000
      -1.0000000      -1.0000000      -1.0000000       108.52975       10.915033
       91.302063
       1.0000000       74.000000       1.5312390      -1.0000000       3.0000000
    0.0020348562     0.056716248      -1.0000000      -1.0000000      -1.0000000
      -1.0000000      -1.0000000      -1.0000000      -1.0000000      -1.0000000
      -1.0000000
       0.0000000       73.000000       1.6042346      -1.0000000       224644.00
      0.39999944       1.6002581      -1.0000000      -1.0000000      -1.0000000
      -1.0000000      -1.0000000      -1.0000000       105.75725       7.6064281
       92.361664
       1.0000000       73.000000       1.6042346      -1.0000000       2.0000000
     0.049240311      0.21394011      -1.0000000      -1.0000000      -1.0000000
      -1.0000000      -1.0000000      -1.0000000      -1.0000000      -1.0000000
      -1.0000000
       0.0000000       72.000000       1.6666696      -1.0000000       213029.00
      0.35682574       1.5975221      -1.0000000      -1.0000000      -1.0000000
      -1.0000000      -1.0000000      -1.0000000       100.76762       7.8454447
       96.665070
       0.0000000       71.000000       1.7435706      -1.0000000       210797.00
      0.31513658       1.4732206      -1.0000000      -1.0000000      -1.0000000
      -1.0000000      -1.0000000      -1.0000000       98.526428       6.9811354
       94.279366
       0.0000000       70.000000       1.8226893      -1.0000000       203438.00
      0.27060944       1.0821272      -1.0000000      -1.0000000      -1.0000000
      -1.0000000      -1.0000000      -1.0000000       90.611969       6.0520029
       95.763199
       1.0000000       70.000000       1.8226893      -1.0000000       1.0000000
       0.0000000       0.0000000      -1.0000000      -1.0000000      -1.0000000
      -1.0000000      -1.0000000      -1.0000000      -1.0000000      -1.0000000
      -1.0000000
       0.0000000       69.000000       1.9040896      -1.0000000       217019.00
      0.24526688      0.98360032      -1.0000000      -1.0000000      -1.0000000
      -1.0000000      -1.0000000      -1.0000000       88.520378       5.5974612
       82.480530
       0.0000000       68.000000       2.0020282      -1.0000000       214177.00
      0.22681071       1.1228603      -1.0000000      -1.0000000      -1.0000000
      -1.0000000      -1.0000000      -1.0000000       87.758324       5.8898644
       74.637680
       1.0000000       68.000000       2.0020282      -1.0000000       1.0000000
   0.00022109880       0.0000000      -1.0000000      -1.0000000      -1.0000000
      -1.0000000      -1.0000000      -1.0000000      -1.0000000      -1.0000000
      -1.0000000
       0.0000000       67.000000       2.1032696      -1.0000000       205894.00
      0.19311824       1.5830107      -1.0000000      -1.0000000      -1.0000000
      -1.0000000      -1.0000000      -1.0000000       88.171814       7.7592559
       64.068390
       1.0000000       67.000000       2.1032696      -1.0000000       1.0000000
   0.00072610436     0.010688546      -1.0000000      -1.0000000      -1.0000000
      -1.0000000      -1.0000000      -1.0000000      -1.0000000      -1.0000000
      -1.0000000
       0.0000000       66.000000       2.2079256      -1.0000000       195840.00
      0.15803072       1.0531749      -1.0000000      -1.0000000      -1.0000000
      -1.0000000      -1.0000000      -1.0000000       92.689049       5.4269891
       64.624802
       0.0000000       65.000000       2.3161108      -1.0000000       183885.00
     0.081742615      0.48033258      -1.0000000      -1.0000000      -1.0000000
      -1.0000000      -1.0000000      -1.0000000       75.973190       2.9670768
       89.313217
       2.0000000       65.000000       2.3161108      0.58355975       65.000000
     0.047701702      0.17944419      -1.0000000      -1.0000000      -1.0000000
      -1.0000000      -1.0000000      -1.0000000      -1.0000000      -1.0000000
      -1.0000000
       1.0000000       65.000000       2.3161108      -1.0000000       1.0000000
       0.0000000       0.0000000      -1.0000000      -1.0000000      -1.0000000
      -1.0000000      -1.0000000      -1.0000000      -1.0000000      -1.0000000
      -1.0000000
       0.0000000       64.000000       2.4442258      -1.0000000       171304.00
     0.070186839      0.34326437      -1.0000000      -1.0000000      -1.0000000
      -1.0000000      -1.0000000      -1.0000000       65.159485       2.4082439
       76.430107
       0.0000000       63.000000       2.5772903      -1.0000000       158601.00
     0.065560691      0.36648759      -1.0000000      -1.0000000      -1.0000000
      -1.0000000      -1.0000000      -1.0000000       62.757633       2.5264182
       70.349068
       0.0000000       62.000000       2.7331426      -1.0000000       149753.00
     0.057688951      0.34100953      -1.0000000      -1.0000000      -1.0000000
      -1.0000000      -1.0000000      -1.0000000       60.410965       2.1373453
       65.592979
       0.0000000       61.000000       2.8957851      -1.0000000       155411.00
     0.048333991      0.23923719      -1.0000000      -1.0000000      -1.0000000
      -1.0000000      -1.0000000      -1.0000000       60.065243       1.7575467
       68.078293
       0.0000000       60.000000       3.0081310      -1.0000000       139278.00
     0.047230314      0.26671186      -1.0000000      -1.0000000      -1.0000000
      -1.0000000      -1.0000000      -1.0000000       60.690212       1.7713921
       74.908607
       1.0000000       60.000000       3.0081310      -1.0000000       2.0000000
       0.0000000       0.0000000      -1.0000000      -1.0000000      -1.0000000
      -1.0000000      -1.0000000      -1.0000000      -1.0000000      -1.0000000
      -1.0000000
       0.0000000       59.000000       3.0848227      -1.0000000       134307.00
     0.043638494      0.31588098      -1.0000000      -1.0000000      -1.0000000
      -1.0000000      -1.0000000      -1.0000000       60.909302       1.6710477
       78.767784
       0.0000000       58.000000       3.2830331      -1.0000000       121521.00
     0.035635907      0.23624350      -1.0000000      -1.0000000      -1.0000000
      -1.0000000      -1.0000000      -1.0000000       61.657024       1.4543954
       76.550629
       0.0000000       57.000000       3.4908614      -1.0000000       158128.00
     0.030457715      0.22814809      -1.0000000      -1.0000000      -1.0000000
      -1.0000000      -1.0000000      -1.0000000       65.697395       1.4229598
       64.248192
