       0.0000000       135.00000       0.0000000       45.000000       183687.00
       4.5394053      0.32766232      0.56796628      0.59375006      0.61345184
      -138.43909       107.88938      -2.9964926       107.08267       12.783943
       62.969017
       0.0000000       134.00000    0.0095216669       45.000000       182487.00
       4.5462246      0.32896277      0.57081652      0.54838705      0.62182134
      -141.57527       104.53748      -2.7205510       108.17954       12.871593
       62.529175
       0.0000000       133.00000     0.023974428       44.000000       178780.00
       4.5505295      0.33500919      0.56869519      0.53333330      0.61892188
      -145.15100       104.79043     -0.35411382       107.24874       12.812422
       67.336075
       0.0000000       132.00000     0.033724371       44.000000       177738.00
       4.5832558      0.29988483      0.56923115      0.59375006      0.63137478
      -146.77681       106.36603     -0.32743439       105.95992       12.866387
       67.570374
       0.0000000       131.00000     0.048523631       45.000000       175696.00
       4.6179194      0.33283377      0.57098520      0.60606062      0.63504499
      -145.51624       112.77501     -0.44083929       103.63774       13.058628
       68.208397
       0.0000000       130.00000     0.058507323       45.000000       174673.00
       4.5727353      0.65261096      0.56730157      0.56250006      0.62173188
      -147.87270       113.42522      -5.5549893       103.04376       13.184134
       68.071678
       0.0000000       129.00000     0.073661387       44.000000       168868.00
       4.5053144      0.75356579      0.57528418      0.59375006      0.62904024
      -157.22478       103.98215      -4.3787279       102.42746       13.002796
       70.562721
       0.0000000       128.00000     0.083884433       45.000000       171536.00
       4.5298600      0.76730555      0.56631744      0.54838705      0.61415040
      -159.28891       101.86362       1.8317792       102.30614       13.084883
       72.443474
       0.0000000       127.00000     0.099401802       45.000000       168533.00
       4.5147476      0.87036860      0.56981671      0.58064520      0.62003309
      -157.85544       110.16319       18.410021       102.56093       13.393211
       73.650635
       0.0000000       126.00000      0.10986994       45.000000       167790.00
       4.5103755      0.99469304      0.56544459      0.60606062      0.61927664
      -150.31320       122.72306       8.7396774       103.15115       13.447993
       74.741554
       0.0000000       125.00000      0.12575933       45.000000       164277.00
       4.4949861      0.98905998      0.56811082      0.58064520      0.60714078
      -161.58643       114.36182      -21.023094       105.04769       13.570347
       68.401085
       0.0000000       124.00000      0.14187621       43.000000       158684.00
       4.4641089       1.0934852      0.57088095      0.54838705      0.60831416
      -176.47656       97.248901      -8.0487862       104.88853       13.573083
       68.556534
       0.0000000       123.00000      0.15274876       44.000000       158060.00
       4.4154186       1.0622749      0.56415850      0.54838705      0.60949677
      -178.14879       96.945686     -0.30024415       105.98174       13.409225
       67.160233
       0.0000000       122.00000      0.16925204       43.000000       154966.00
       4.4245248      0.99020034      0.56505758      0.59375006      0.62277025
      -177.15099       103.69428       9.8227205       106.54914       13.471449
       67.574982
       0.0000000       121.00000      0.18038526       42.000000       151222.00
       4.3648515       1.0022324      0.56764227      0.56250006      0.59679180
      -172.38333       115.53113       12.250168       108.12390       13.452551
       63.869774
       0.0000000       120.00000      0.19728418       41.000000       147035.00
       4.3876271      0.95255834      0.56904429      0.58064520      0.60573894
      -171.67281       125.82780       4.5088725       107.10297       13.469435
       67.661743
       0.0000000       119.00000      0.21442504       40.000000       142767.00
       4.3269629      0.90476483      0.56955075      0.53333330      0.59851950
      -171.19919       129.15344      -1.1274700       108.48922       13.258254
       67.255898
       0.0000000       118.00000      0.22598839       41.000000       144129.00
       4.3263235       1.0444740      0.56409794      0.54838705      0.59689212
      -176.55386       124.12372      -2.7219799       109.34193       13.446755
       65.821724
       0.0000000       117.00000      0.24354018       38.000000       137065.00
       4.2894106       1.0241936      0.56454140      0.54838705      0.59605086
      -179.93526       124.43347       3.2797508       109.01209       13.406422
       66.851364
       1.0000000       117.00000      0.24354018      -1.0000000       1.0000000
       0.0000000       0.0000000      -1.0000000      -1.0000000      -1.0000000
      -1.0000000      -1.0000000      -1.0000000      -1.0000000      -1.0000000
      -1.0000000
       0.0000000       116.00000      0.26134327       40.000000       136485.00
       4.2691936       1.0706128      0.56265968      0.56250006      0.58579278
      -175.60609       136.94299       2.4092817       109.56395       13.425015
       66.121048
       1.0000000       116.00000      0.26134327      -1.0000000       2.0000000
   0.00019018905       0.0000000      -1.0000000      -1.0000000      -1.0000000
      -1.0000000      -1.0000000      -1.0000000      -1.0000000      -1.0000000
      -1.0000000
       0.0000000       115.00000      0.27335334       38.000000       132867.00
       4.2265520       1.0253444      0.56439763      0.53333330      0.59566981
      -179.19980       139.86310      -10.099721       109.46892       13.364618
       64.790108
       1.0000000       115.00000      0.27335334      -1.0000000       2.0000000
   0.00065791566     0.012820354      -1.0000000      -1.0000000      -1.0000000
      -1.0000000      -1.0000000      -1.0000000      -1.0000000      -1.0000000
      -1.0000000
       0.0000000       114.00000      0.29158324       36.000000       127667.00
       4.2089252      0.97554517      0.56049228      0.59375006      0.58118504
      -179.47749       144.13078      -11.834106       109.64781       13.349140
       65.188965
       1.0000000       114.00000      0.29158324      -1.0000000       2.0000000
    0.0015831557     0.017409863      -1.0000000      -1.0000000      -1.0000000
      -1.0000000      -1.0000000      -1.0000000      -1.0000000      -1.0000000
      -1.0000000
       0.0000000       113.00000      0.31007412       51.000000       143453.00
       4.1950574       1.3019860      0.55045134      0.53333330      0.59000373
      -171.44704       152.77310      -31.040398       110.05759       13.762489
       66.970886
       0.0000000       112.00000      0.32882974       49.000000       135425.00
       4.1233087       1.2955828      0.55313760      0.56666672      0.59516066
      -173.32727       140.99323      -73.954308       109.76396       13.817054
       64.794670
       0.0000000       111.00000      0.34785384       59.000000       142948.00
       4.1220980       1.4239699      0.54629213      0.59375006      0.58271784
      -182.67438       129.72597      -76.319435       110.71185       14.173399
       63.933380
       0.0000000       110.00000      0.36068764       59.000000       142350.00
       4.0928655       1.3489790      0.53960365      0.54838705      0.57798362
      -186.88974       129.64120      -66.203362       111.26480       14.220076
       63.707413
       0.0000000       109.00000      0.38016787       59.000000       139004.00
       4.0759768       1.2070924      0.52738887      0.63888896      0.59680009
      -172.96335       153.42772      -41.762058       111.87254       14.274181
       61.172527
       0.0000000       108.00000      0.39992696       62.000000       137810.00
       4.0503888       1.5431104      0.52886480      0.64705884      0.56164801
      -141.80708       174.87840      -78.983864       114.42209       14.659737
       54.670170
       1.0000000       108.00000      0.39992696      -1.0000000       1.0000000
    0.0063434821     0.053707432      -1.0000000      -1.0000000      -1.0000000
      -1.0000000      -1.0000000      -1.0000000      -1.0000000      -1.0000000
      -1.0000000
       0.0000000       107.00000      0.41996893       63.000000       135934.00
       3.9379532       1.5982003      0.55254436      0.58064520      0.60552418
      -161.55437       139.88333      -135.90138       113.72028       14.195878
       56.905941
       0.0000000       106.00000      0.44029784       63.000000       134429.00
       3.8852234       1.3386734      0.53575158      0.62500000      0.59345466
      -180.47679       96.108749      -141.18434       110.65484       14.311324
       67.257019
       0.0000000       105.00000      0.46091780       61.000000       129409.00
       3.8794398       1.3527651      0.52972424      0.62500000      0.61381412
      -196.18423       90.013443      -131.69794       112.71371       14.463013
       66.059464
       1.0000000       105.00000      0.46091780      -1.0000000       1.0000000
       0.0000000       0.0000000      -1.0000000      -1.0000000      -1.0000000
      -1.0000000      -1.0000000      -1.0000000      -1.0000000      -1.0000000
      -1.0000000
       0.0000000       104.00000      0.48183295       61.000000       127390.00
       3.8228951       1.6716905      0.52064681      0.59375006      0.55695784
      -191.46281       108.19058      -119.74463       114.46458       15.221961
       65.940979
       0.0000000       103.00000      0.50304753       60.000000       122580.00
       3.7781682       1.8525811      0.51442921      0.63636363      0.55787027
      -178.80096       122.22675      -138.99988       115.67525       15.238371
       68.507713
       0.0000000       102.00000      0.52456582       60.000000       120764.00
       3.7775090       1.6018370      0.51347840      0.63636363      0.54135728
      -151.03432       129.93718      -172.06282       114.22778       15.301292
       71.490730
       1.0000000       102.00000      0.52456582      -1.0000000       1.0000000
   0.00025823060     0.020151097      -1.0000000      -1.0000000      -1.0000000
      -1.0000000      -1.0000000      -1.0000000      -1.0000000      -1.0000000
      -1.0000000
       0.0000000       101.00000      0.54639220       60.000000       118318.00
       3.7148778       1.5130353      0.53649968      0.63636363      0.62270957
      -156.88660       107.30360      -217.79872       112.45380       15.170483
       87.970993
       0.0000000       100.00000      0.57598084       60.000000       113352.00
       3.7122893       1.4493167      0.51092994      0.69444442      0.63233680
      -175.55403       81.445717      -203.53947       115.11131       15.650262
       81.083321
       1.0000000       100.00000      0.57598084      -1.0000000       3.0000000
    0.0012263824     0.016743753      -1.0000000      -1.0000000      -1.0000000
      -1.0000000      -1.0000000      -1.0000000      -1.0000000      -1.0000000
      -1.0000000
       0.0000000       99.000000      0.59854329       63.000000       111165.00
       3.7249079       1.9475951      0.50469893      0.68571424      0.60140461
      -214.61238       64.025330      -180.03159       118.50509       16.697193
       78.039627
       1.0000000       99.000000      0.59854329      -1.0000000       1.0000000
   0.00030210614       0.0000000      -1.0000000      -1.0000000      -1.0000000
      -1.0000000      -1.0000000      -1.0000000      -1.0000000      -1.0000000
      -1.0000000
       0.0000000       98.000000      0.62142873       60.000000       105404.00
       3.5879304       2.9192050      0.51256931      0.67647058      0.64053345
      -234.15373       123.29045      -144.74139       120.53548       17.650070
       77.412872
       0.0000000       97.000000      0.64464182       61.000000       105123.00
       3.4843473       3.3814695      0.53223181      0.71794868      0.61243653
      -168.92880       198.02856      -164.60229       119.04444       17.942293
       80.431686
       1.0000000       97.000000      0.64464182      -1.0000000       3.0000000
    0.0029529494     0.072880585      -1.0000000      -1.0000000      -1.0000000
      -1.0000000      -1.0000000      -1.0000000      -1.0000000      -1.0000000
      -1.0000000
       0.0000000       96.000000      0.67611039       1024.0000       273040.00
       3.2857704       2.6894531      0.54874378      0.75675678      0.62065196
      -128.65004       211.15250      -196.51378       112.29550       17.149323
       96.185249
       1.0000000       96.000000      0.67611039      -1.0000000       1.0000000
       0.0000000       0.0000000      -1.0000000      -1.0000000      -1.0000000
      -1.0000000      -1.0000000      -1.0000000      -1.0000000      -1.0000000
      -1.0000000
       0.0000000       95.000000      0.70010638       1058.0000       271564.00
       3.2369943       2.4469700      0.54433721      0.68750000      0.61639279
      -108.49061       194.94554      -219.18137       112.12280       16.903776
       96.589027
       1.0000000       95.000000      0.70010638      -1.0000000       1.0000000
    0.0088150753     0.027162956      -1.0000000      -1.0000000      -1.0000000
      -1.0000000      -1.0000000      -1.0000000      -1.0000000      -1.0000000
      -1.0000000
       0.0000000       94.000000      0.73263615       1105.0000       270916.00
       3.1040232       2.4853520      0.52482480      0.71428573      0.59151727
      -130.15434       129.64777      -232.08435       113.36002       16.217356
       95.440498
       0.0000000       93.000000      0.75744140       1602.0000       293843.00
       3.0127571       2.5696414      0.50965852      0.77499998      0.62750775
      -140.46313       110.80043      -219.75595       115.05589       16.138981
       94.064781
       1.0000000       93.000000      0.75744140      -1.0000000       1.0000000
   0.00028215081     0.030599004      -1.0000000      -1.0000000      -1.0000000
      -1.0000000      -1.0000000      -1.0000000      -1.0000000      -1.0000000
      -1.0000000
       0.0000000       92.000000      0.79106826       1630.0000       289344.00
       2.9003322       2.7746172      0.51903373      0.69696975      0.61730605
      -128.35107       90.275520      -226.64763       116.28121       16.170780
       93.677803
       0.0000000       91.000000      0.81671000       1630.0000       285947.00
       2.7621200       2.8535593      0.51555586      0.66666669      0.54253161
      -121.17567       65.817825      -218.17944       115.10251       15.593579
       98.154808
       1.0000000       91.000000      0.81671000      -1.0000000       1.0000000
     0.011472525     0.075013697      -1.0000000      -1.0000000      -1.0000000
      -1.0000000      -1.0000000      -1.0000000      -1.0000000      -1.0000000
      -1.0000000
       0.0000000       90.000000      0.85147089       1666.0000       282876.00
       2.6506510       2.4371581      0.50683367      0.70588237      0.56098616
      -126.42912       59.201889      -201.48802       112.47209       14.969885
       101.07409
       0.0000000       89.000000      0.88689691       1658.0000       278700.00
       2.5406010       1.8918519      0.50818765      0.72222221      0.58112162
      -112.92992       82.022316      -195.98769       112.24962       14.094703
       103.97073
       1.0000000       89.000000      0.88689691      -1.0000000       1.0000000
       0.0000000       0.0000000      -1.0000000      -1.0000000      -1.0000000
      -1.0000000      -1.0000000      -1.0000000      -1.0000000      -1.0000000
      -1.0000000
       0.0000000       88.000000      0.92300081       1666.0000       273849.00
       2.5189741       1.6818756      0.48668605      0.65625000      0.49127337
      -125.30083       76.469269      -180.29945       113.44231       13.401534
       105.12538
       1.0000000       88.000000      0.92300081      -1.0000000       3.0000000
    0.0035652507    0.0028543607      -1.0000000      -1.0000000      -1.0000000
      -1.0000000      -1.0000000      -1.0000000      -1.0000000      -1.0000000
      -1.0000000
       0.0000000       87.000000      0.95053136       1694.0000       271614.00
       2.4557991       1.9305586      0.49164164      0.70588237      0.44820657
      -128.18755       98.895958      -179.77789       114.90123       13.587664
       104.01173
       0.0000000       86.000000      0.98785281       1700.0000       266664.00
       2.3765879       2.5422494      0.51710993      0.64516127      0.56338704
      -98.040215       93.757271      -220.37029       117.92915       13.741869
       102.23853
       0.0000000       85.000000      0.99729425       1713.0000       265897.00
       2.3397534       2.5829728      0.49932373      0.67741930      0.46193990
      -87.958794       79.648598      -218.19727       117.94138       14.065779
       102.74535
       1.0000000       85.000000      0.99729425      -1.0000000       2.0000000
    0.0068355692     0.066797405      -1.0000000      -1.0000000      -1.0000000
      -1.0000000      -1.0000000      -1.0000000      -1.0000000      -1.0000000
      -1.0000000
       0.0000000       84.000000       1.0355104       1776.0000       263875.00
       2.1679978       2.6962349      0.47146884      0.58620685      0.41979906
      -88.181679       25.340042      -185.61511       117.31820       13.540691
       105.14208
       1.0000000       84.000000       1.0355104      -1.0000000       2.0000000
    0.0057161986     0.076380700      -1.0000000      -1.0000000      -1.0000000
      -1.0000000      -1.0000000      -1.0000000      -1.0000000      -1.0000000
      -1.0000000
       0.0000000       83.000000       1.0744579       1780.0000       258329.00
       1.9444557       2.2453744      0.46571705      0.65625000      0.39904970
      -87.129982       39.577988      -162.47504       117.36283       12.283849
       108.38871
       1.0000000       83.000000       1.0744579      -1.0000000       3.0000000
    0.0065598922      0.11020887      -1.0000000      -1.0000000      -1.0000000
      -1.0000000      -1.0000000      -1.0000000      -1.0000000      -1.0000000
      -1.0000000
       0.0000000       82.000000       1.1141505       1815.0000       254064.00
       1.8739063       1.9690828      0.44444779      0.63333333      0.39325058
      -74.630264       66.501099      -153.27391       118.94881       11.518655
       109.71340
       1.0000000       82.000000       1.1141505      -1.0000000       1.0000000
    0.0051723314      0.10614319      -1.0000000      -1.0000000      -1.0000000
      -1.0000000      -1.0000000      -1.0000000      -1.0000000      -1.0000000
      -1.0000000
       0.0000000       81.000000       1.1546028       1818.0000       249391.00
       1.7493491       1.8786225      0.46025831      0.66666669      0.42412588
      -42.614735       74.301544      -163.08032       117.86240       10.873384
       111.16425
       1.0000000       81.000000       1.1546028      -1.0000000       1.0000000
     0.083676055      0.32992071      -1.0000000      -1.0000000      -1.0000000
      -1.0000000      -1.0000000      -1.0000000      -1.0000000      -1.0000000
      -1.0000000
       0.0000000       80.000000       1.2062581       1847.0000       242815.00
       1.5944080       1.7585242      0.44474018      0.65714288      0.38409320
      -8.8738155       77.435638      -147.53749       120.88524       10.022151
       105.52387
       1.0000000       80.000000       1.2062581      -1.0000000       1.0000000
       0.0000000       0.0000000      -1.0000000      -1.0000000      -1.0000000
      -1.0000000      -1.0000000      -1.0000000      -1.0000000      -1.0000000
      -1.0000000
       0.0000000       79.000000       1.2484726       1853.0000       238333.00
       1.4924359       1.5567604      0.40276623      0.68421054      0.38356099
       18.422567       72.229507      -115.03256       125.72782       10.029015
       95.610001
       1.0000000       79.000000       1.2484726      -1.0000000       2.0000000
     0.043985061      0.30065057      -1.0000000      -1.0000000      -1.0000000
      -1.0000000      -1.0000000      -1.0000000      -1.0000000      -1.0000000
      -1.0000000
       0.0000000       78.000000       1.3023784       1878.0000       232459.00
       1.3921012       1.8670197      0.43709117      0.62857145      0.39870393
      -21.860094       22.612020      -168.02278       129.84268       10.548868
       93.386444
       0.0000000       77.000000       1.3575766      -1.0000000       225941.00
       1.4081514       1.5198185      -1.0000000      -1.0000000      -1.0000000
      -1.0000000      -1.0000000      -1.0000000       121.41547       11.577983
       107.12229
       0.0000000       76.000000       1.4140983      -1.0000000       218759.00
       1.2828364      0.74855644      -1.0000000      -1.0000000      -1.0000000
      -1.0000000      -1.0000000      -1.0000000       109.43627       8.9414616
       118.38419
       1.0000000       76.000000       1.4140983      -1.0000000       1.0000000
       0.0000000       0.0000000      -1.0000000      -1.0000000      -1.0000000
      -1.0000000      -1.0000000      -1.0000000      -1.0000000      -1.0000000
      -1.0000000
       0.0000000       75.000000       1.4719748      -1.0000000       206922.00
       1.3107641      0.79717410      -1.0000000      -1.0000000      -1.0000000
      -1.0000000      -1.0000000      -1.0000000       106.35950       9.0887747
       117.73624
       1.0000000       75.000000       1.4719748      -1.0000000       1.0000000
       0.0000000       0.0000000      -1.0000000      -1.0000000      -1.0000000
      -1.0000000      -1.0000000      -1.0000000      -1.0000000      -1.0000000
      -1.0000000
       0.0000000       74.000000       1.5312390      -1.0000000       200380.00
       1.2566381       1.4077432      -1.0000000      -1.0000000      -1.0000000
      -1.0000000      -1.0000000      -1.0000000       105.42162       9.0320911
       116.08420
       1.0000000       74.000000       1.5312390      -1.0000000       1.0000000
       0.0000000       0.0000000      -1.0000000      -1.0000000      -1.0000000
      -1.0000000      -1.0000000      -1.0000000      -1.0000000      -1.0000000
      -1.0000000
       0.0000000       73.000000       1.6042346      -1.0000000       196613.00
       1.1751868       1.7117943      -1.0000000      -1.0000000      -1.0000000
      -1.0000000      -1.0000000      -1.0000000       109.08318       8.8607512
       101.37094
       0.0000000       72.000000       1.6666696      -1.0000000       187870.00
       1.0850141       1.4198327      -1.0000000      -1.0000000      -1.0000000
      -1.0000000      -1.0000000      -1.0000000       110.48520       8.1867599
       97.976349
       1.0000000       72.000000       1.6666696      -1.0000000       1.0000000
   0.00033636313     0.014241507      -1.0000000      -1.0000000      -1.0000000
      -1.0000000      -1.0000000      -1.0000000      -1.0000000      -1.0000000
      -1.0000000
       0.0000000       71.000000       1.7435706      -1.0000000       181145.00
      0.96567738       1.5085981      -1.0000000      -1.0000000      -1.0000000
      -1.0000000      -1.0000000      -1.0000000       110.44468       7.5367727
       92.933266
       0.0000000       70.000000       1.8226893      -1.0000000       197724.00
      0.87496734       1.1066332      -1.0000000      -1.0000000      -1.0000000
      -1.0000000      -1.0000000      -1.0000000       108.95858       6.3138170
       90.469498
       0.0000000       69.000000       1.9040896      -1.0000000       191669.00
      0.79437017       1.0307648      -1.0000000      -1.0000000      -1.0000000
      -1.0000000      -1.0000000      -1.0000000       110.46864       5.9732008
       89.591240
       1.0000000       69.000000       1.9040896      -1.0000000       1.0000000
     0.032158993     0.025635855      -1.0000000      -1.0000000      -1.0000000
      -1.0000000      -1.0000000      -1.0000000      -1.0000000      -1.0000000
      -1.0000000
       0.0000000       68.000000       2.0020282      -1.0000000       184435.00
      0.71013474       1.1993607      -1.0000000      -1.0000000      -1.0000000
      -1.0000000      -1.0000000      -1.0000000       111.18155       6.1270075
       90.108620
       0.0000000       67.000000       2.1032696      -1.0000000       174952.00
      0.64252239      0.82608873      -1.0000000      -1.0000000      -1.0000000
      -1.0000000      -1.0000000      -1.0000000       106.18938       5.6622872
       97.171455
       0.0000000       66.000000       2.2079256      -1.0000000       166386.00
      0.60351688      0.73295140      -1.0000000      -1.0000000      -1.0000000
      -1.0000000      -1.0000000      -1.0000000       104.80206       5.2470441
       98.297096
       1.0000000       66.000000       2.2079256      -1.0000000       1.0000000
   0.00032048093       0.0000000      -1.0000000      -1.0000000      -1.0000000
      -1.0000000      -1.0000000      -1.0000000      -1.0000000      -1.0000000
      -1.0000000
       0.0000000       65.000000       2.3161108      -1.0000000       161309.00
      0.59831417      0.98827666      -1.0000000      -1.0000000      -1.0000000
      -1.0000000      -1.0000000      -1.0000000       109.12093       6.9350090
       92.015083
       0.0000000       64.000000       2.4442258      -1.0000000       147795.00
      0.50081235      0.49383393      -1.0000000      -1.0000000      -1.0000000
      -1.0000000      -1.0000000      -1.0000000       111.58659       5.4368248
       90.591064
       0.0000000       63.000000       2.5772903      -1.0000000       127336.00
      0.49985364      0.34282675      -1.0000000      -1.0000000      -1.0000000
      -1.0000000      -1.0000000      -1.0000000       106.35960       4.9385247
       101.51665
       1.0000000       63.000000       2.5772903      -1.0000000       1.0000000
    0.0034061295     0.064669810      -1.0000000      -1.0000000      -1.0000000
      -1.0000000      -1.0000000      -1.0000000      -1.0000000      -1.0000000
      -1.0000000
       0.0000000       62.000000       2.7331426      -1.0000000       115536.00
      0.44096482      0.60413730      -1.0000000      -1.0000000      -1.0000000
      -1.0000000      -1.0000000      -1.0000000       104.08965       4.1132226
       104.40392
       1.0000000       62.000000       2.7331426      -1.0000000       1.0000000
     0.011132878      0.12390415      -1.0000000      -1.0000000      -1.0000000
      -1.0000000      -1.0000000      -1.0000000      -1.0000000      -1.0000000
      -1.0000000
       0.0000000       61.000000       2.8957851      -1.0000000       102838.00
      0.39801884      0.61856508      -1.0000000      -1.0000000      -1.0000000
      -1.0000000      -1.0000000      -1.0000000       107.74609       3.5817339
       97.656090
       0.0000000       60.000000       3.0081310      -1.0000000       102839.00
      0.36780971      0.65108567      -1.0000000      -1.0000000      -1.0000000
      -1.0000000      -1.0000000      -1.0000000       117.64873       3.6390171
       83.895477
       1.0000000       60.000000       3.0081310      -1.0000000       1.0000000
       0.0000000       0.0000000      -1.0000000      -1.0000000      -1.0000000
      -1.0000000      -1.0000000      -1.0000000      -1.0000000      -1.0000000
      -1.0000000
       0.0000000       59.000000       3.0848227      -1.0000000       98856.000
      0.32217637       1.0423291      -1.0000000      -1.0000000      -1.0000000
      -1.0000000      -1.0000000      -1.0000000       119.45878       4.1046839
       77.276955
       0.0000000       58.000000       3.2830331      -1.0000000       87928.000
      0.21959363      0.93082142      -1.0000000      -1.0000000      -1.0000000
      -1.0000000      -1.0000000      -1.0000000       115.71771       3.8885682
       80.021095
       1.0000000       58.000000       3.2830331      -1.0000000       2.0000000
       0.0000000       0.0000000      -1.0000000      -1.0000000      -1.0000000
      -1.0000000      -1.0000000      -1.0000000      -1.0000000      -1.0000000
      -1.0000000
       0.0000000       57.000000       3.4908614      -1.0000000       78163.000
      0.17281780      0.33765328      -1.0000000      -1.0000000      -1.0000000
      -1.0000000      -1.0000000      -1.0000000       89.852814       2.0736630
       103.72898
       1.0000000       57.000000       3.4908614      -1.0000000       6.0000000
     0.016537080      0.17431731      -1.0000000      -1.0000000      -1.0000000
      -1.0000000      -1.0000000      -1.0000000      -1.0000000      -1.0000000
      -1.0000000
