       0.0000000       135.00000       0.0000000       1790.0000       432843.00
       1.7831373       2.0466120      0.52577478      0.57575762      0.58099335
       166.16960      -99.241730      -34.358173       82.445419       10.716002
       84.920166
       0.0000000       134.00000    0.0095216669      -1.0000000       427382.00
       1.7248660       1.9602100      -1.0000000      -1.0000000      -1.0000000
      -1.0000000      -1.0000000      -1.0000000       78.727196       10.436680
       85.473915
       0.0000000       132.00000     0.033724371       1802.0000       426522.00
       1.7299603       1.9256010      0.51483768      0.61764705      0.58128625
       162.40765      -104.71557      -21.447069       76.848717       10.754121
       84.441536
       0.0000000       131.00000     0.048523631       1811.0000       422818.00
       1.7163891       1.6896814      0.51591182      0.66666663      0.58422548
       154.68924      -114.25327      -31.324429       75.328896       10.449517
       81.157242
       1.0000000       131.00000     0.048523631      -1.0000000       1.0000000
       0.0000000       0.0000000      -1.0000000      -1.0000000      -1.0000000
      -1.0000000      -1.0000000      -1.0000000      -1.0000000      -1.0000000
      -1.0000000
       0.0000000       130.00000     0.058507323       1845.0000       421449.00
       1.7141910       1.7349317      0.51471865      0.71428573      0.60713369
       159.21597      -108.50724      -44.267250       74.683296       10.613441
       78.729942
       0.0000000       129.00000     0.073661387       1806.0000       417330.00
       1.6810269       1.6111538      0.50262529      0.62500000      0.61537105
       172.64465      -99.539917      -40.776115       74.312286       10.363184
       75.850777
       0.0000000       128.00000     0.083884433       1809.0000       414961.00
       1.7024037       1.5665755      0.50885361      0.71794868      0.58536357
       176.55547      -104.41493      -35.092030       74.985214       10.852901
       72.948059
       0.0000000       127.00000     0.099401802       1814.0000       412945.00
       1.6538044       1.7867661      0.51010668      0.62500000      0.61775613
       175.35779      -113.04505      -34.533123       77.005814       10.417006
       70.063881
       0.0000000       126.00000      0.10986994       1826.0000       411384.00
       1.6279520       1.9231607      0.49926886      0.72500002      0.56257880
       175.39287      -108.22330      -43.175976       77.251205       10.989112
       69.767654
       1.0000000       126.00000      0.10986994      -1.0000000       2.0000000
     0.014223228     0.087338232      -1.0000000      -1.0000000      -1.0000000
      -1.0000000      -1.0000000      -1.0000000      -1.0000000      -1.0000000
      -1.0000000
       0.0000000       125.00000      0.12575933       1833.0000       409549.00
       1.6257170       2.1965542      0.51905054      0.67567563      0.57614076
       177.34761      -111.83643      -43.218449       77.622612       11.130006
       66.731674
       0.0000000       124.00000      0.14187621       1867.0000       407298.00
       1.5658495       2.5874557      0.49373567      0.62500000      0.55794865
       168.74805      -115.55833      -30.534649       78.925110       11.548717
       66.219620
       0.0000000       123.00000      0.15274876      -1.0000000       406053.00
       1.5489470       2.5844488      -1.0000000      -1.0000000      -1.0000000
      -1.0000000      -1.0000000      -1.0000000       78.122955       11.584548
       65.365730
       0.0000000       122.00000      0.16925204      -1.0000000       403423.00
       1.5304153       2.4207489      -1.0000000      -1.0000000      -1.0000000
      -1.0000000      -1.0000000      -1.0000000       77.611801       11.533207
       65.415375
       0.0000000       121.00000      0.18038526      -1.0000000       400908.00
       1.4845959       2.1552172      -1.0000000      -1.0000000      -1.0000000
      -1.0000000      -1.0000000      -1.0000000       77.257011       10.881163
       64.494141
       1.0000000       121.00000      0.18038526      -1.0000000       2.0000000
     0.010637076     0.079410374      -1.0000000      -1.0000000      -1.0000000
      -1.0000000      -1.0000000      -1.0000000      -1.0000000      -1.0000000
      -1.0000000
       0.0000000       120.00000      0.19728418      -1.0000000       398204.00
       1.4807732       2.1387892      -1.0000000      -1.0000000      -1.0000000
      -1.0000000      -1.0000000      -1.0000000       77.362137       11.349405
       64.853584
       1.0000000       120.00000      0.19728418      -1.0000000       1.0000000
    0.0046266252     0.036339153      -1.0000000      -1.0000000      -1.0000000
      -1.0000000      -1.0000000      -1.0000000      -1.0000000      -1.0000000
      -1.0000000
       0.0000000       119.00000      0.21442504      -1.0000000       434672.00
       1.4294022       2.2002294      -1.0000000      -1.0000000      -1.0000000
      -1.0000000      -1.0000000      -1.0000000       79.289803       11.133640
       61.820469
       1.0000000       119.00000      0.21442504      -1.0000000       2.0000000
    0.0092532504     0.072678305      -1.0000000      -1.0000000      -1.0000000
      -1.0000000      -1.0000000      -1.0000000      -1.0000000      -1.0000000
      -1.0000000
       0.0000000       117.00000      0.24354018      -1.0000000       430124.00
       1.3922670       2.4212995      -1.0000000      -1.0000000      -1.0000000
      -1.0000000      -1.0000000      -1.0000000       78.944969       11.059300
       62.532349
       0.0000000       116.00000      0.26134327      -1.0000000       427388.00
       1.3494743       2.2198198      -1.0000000      -1.0000000      -1.0000000
      -1.0000000      -1.0000000      -1.0000000       78.635963       10.859493
       61.715668
       0.0000000       115.00000      0.27335334      -1.0000000       425458.00
       1.3556157       1.9880477      -1.0000000      -1.0000000      -1.0000000
      -1.0000000      -1.0000000      -1.0000000       79.187180       11.022152
       60.247528
       0.0000000       114.00000      0.29158324      -1.0000000       422671.00
       1.3134122       1.7425047      -1.0000000      -1.0000000      -1.0000000
      -1.0000000      -1.0000000      -1.0000000       82.358086       10.583473
       56.486156
       1.0000000       114.00000      0.29158324      -1.0000000       1.0000000
    0.0013225185   0.00023301317      -1.0000000      -1.0000000      -1.0000000
      -1.0000000      -1.0000000      -1.0000000      -1.0000000      -1.0000000
      -1.0000000
       0.0000000       113.00000      0.31007412      -1.0000000       420767.00
       1.3175359       2.5319300      -1.0000000      -1.0000000      -1.0000000
      -1.0000000      -1.0000000      -1.0000000       85.433952       11.779716
       53.685364
       1.0000000       113.00000      0.31007412      -1.0000000       1.0000000
    0.0013225185   0.00023301317      -1.0000000      -1.0000000      -1.0000000
      -1.0000000      -1.0000000      -1.0000000      -1.0000000      -1.0000000
      -1.0000000
       0.0000000       112.00000      0.32882974      -1.0000000       417253.00
       1.2249438       2.5110722      -1.0000000      -1.0000000      -1.0000000
      -1.0000000      -1.0000000      -1.0000000       86.005211       10.595965
       54.228901
       0.0000000       111.00000      0.34785384      -1.0000000       414970.00
       1.1983156       2.5239158      -1.0000000      -1.0000000      -1.0000000
      -1.0000000      -1.0000000      -1.0000000       83.665863       11.056270
       55.305523
       0.0000000       110.00000      0.36068764      -1.0000000       413840.00
       1.1765319       2.2994857      -1.0000000      -1.0000000      -1.0000000
      -1.0000000      -1.0000000      -1.0000000       82.783104       10.639709
       56.536186
       0.0000000       109.00000      0.38016787      -1.0000000       410686.00
       1.1248672       2.0039301      -1.0000000      -1.0000000      -1.0000000
      -1.0000000      -1.0000000      -1.0000000       82.013306       10.070788
       57.921314
       0.0000000       108.00000      0.39992696      -1.0000000       409739.00
       1.1328216       2.2989037      -1.0000000      -1.0000000      -1.0000000
      -1.0000000      -1.0000000      -1.0000000       81.417023       10.995605
       57.222660
       0.0000000       107.00000      0.41996893      -1.0000000       405907.00
       1.0822870       2.3433306      -1.0000000      -1.0000000      -1.0000000
      -1.0000000      -1.0000000      -1.0000000       81.681686       10.456539
       57.888969
       0.0000000       106.00000      0.44029784      -1.0000000       403859.00
       1.0606823       2.2947204      -1.0000000      -1.0000000      -1.0000000
      -1.0000000      -1.0000000      -1.0000000       81.000534       10.533499
       57.727062
       0.0000000       105.00000      0.46091780      -1.0000000       400861.00
       1.0136131       2.1744950      -1.0000000      -1.0000000      -1.0000000
      -1.0000000      -1.0000000      -1.0000000       80.996590       10.113816
       57.884678
       0.0000000       104.00000      0.48183295      -1.0000000       396909.00
      0.96236283       2.0735068      -1.0000000      -1.0000000      -1.0000000
      -1.0000000      -1.0000000      -1.0000000       80.287605       9.6446829
       59.974606
       0.0000000       103.00000      0.50304753      -1.0000000       393119.00
      0.94807160       2.0952613      -1.0000000      -1.0000000      -1.0000000
      -1.0000000      -1.0000000      -1.0000000       79.418793       9.7893000
       61.094063
       0.0000000       102.00000      0.52456582      -1.0000000       391372.00
      0.92623729       1.9847802      -1.0000000      -1.0000000      -1.0000000
      -1.0000000      -1.0000000      -1.0000000       80.715240       9.6507215
       60.290657
       0.0000000       101.00000      0.54639220      -1.0000000       395369.00
      0.88667673       1.8778685      -1.0000000      -1.0000000      -1.0000000
      -1.0000000      -1.0000000      -1.0000000       81.276466       9.6533031
       61.457912
       0.0000000       100.00000      0.57598084      -1.0000000       390580.00
      0.85864919       2.1352270      -1.0000000      -1.0000000      -1.0000000
      -1.0000000      -1.0000000      -1.0000000       80.879555       9.3221188
       64.062645
       1.0000000       100.00000      0.57598084      -1.0000000       2.0000000
    0.0013225185   0.00023301317      -1.0000000      -1.0000000      -1.0000000
      -1.0000000      -1.0000000      -1.0000000      -1.0000000      -1.0000000
      -1.0000000
       0.0000000       99.000000      0.59854329      -1.0000000       386312.00
      0.82400095       1.8969753      -1.0000000      -1.0000000      -1.0000000
      -1.0000000      -1.0000000      -1.0000000       79.367081       9.2051620
       67.245018
       0.0000000       98.000000      0.62142873      -1.0000000       383230.00
      0.79829001       1.8084275      -1.0000000      -1.0000000      -1.0000000
      -1.0000000      -1.0000000      -1.0000000       79.486511       8.7470779
       68.380028
       0.0000000       97.000000      0.64464182      -1.0000000       380296.00
      0.78095251       2.0238667      -1.0000000      -1.0000000      -1.0000000
      -1.0000000      -1.0000000      -1.0000000       79.451973       9.1731434
       71.369682
       1.0000000       97.000000      0.64464182      -1.0000000       1.0000000
       0.0000000       0.0000000      -1.0000000      -1.0000000      -1.0000000
      -1.0000000      -1.0000000      -1.0000000      -1.0000000      -1.0000000
      -1.0000000
       0.0000000       96.000000      0.67611039      -1.0000000       377968.00
      0.74899876       1.7704395      -1.0000000      -1.0000000      -1.0000000
      -1.0000000      -1.0000000      -1.0000000       80.800468       8.6316166
       72.181931
       0.0000000       95.000000      0.70010638      -1.0000000       374989.00
      0.72547323       1.7808967      -1.0000000      -1.0000000      -1.0000000
      -1.0000000      -1.0000000      -1.0000000       81.936172       8.4951725
       72.497444
       1.0000000       95.000000      0.70010638      -1.0000000       1.0000000
       0.0000000       0.0000000      -1.0000000      -1.0000000      -1.0000000
      -1.0000000      -1.0000000      -1.0000000      -1.0000000      -1.0000000
      -1.0000000
       0.0000000       94.000000      0.73263615      -1.0000000       372711.00
      0.66355765       2.0780303      -1.0000000      -1.0000000      -1.0000000
      -1.0000000      -1.0000000      -1.0000000       83.462807       8.3026466
       68.772408
       1.0000000       94.000000      0.73263615      -1.0000000       1.0000000
     0.026308799      0.23646335      -1.0000000      -1.0000000      -1.0000000
      -1.0000000      -1.0000000      -1.0000000      -1.0000000      -1.0000000
      -1.0000000
       0.0000000       93.000000      0.75744140      -1.0000000       369982.00
      0.61710352       1.9179062      -1.0000000      -1.0000000      -1.0000000
      -1.0000000      -1.0000000      -1.0000000       84.712868       8.0885525
       66.224442
       0.0000000       92.000000      0.79106826      -1.0000000       364616.00
      0.58952403       1.7845006      -1.0000000      -1.0000000      -1.0000000
      -1.0000000      -1.0000000      -1.0000000       88.559578       8.2832909
       64.221550
       1.0000000       92.000000      0.79106826      -1.0000000       2.0000000
    0.0032159626     0.054780774      -1.0000000      -1.0000000      -1.0000000
      -1.0000000      -1.0000000      -1.0000000      -1.0000000      -1.0000000
      -1.0000000
       0.0000000       91.000000      0.81671000      -1.0000000       361305.00
      0.56845474       1.9625494      -1.0000000      -1.0000000      -1.0000000
      -1.0000000      -1.0000000      -1.0000000       91.275169       8.6532030
       66.682442
       1.0000000       91.000000      0.81671000      -1.0000000       1.0000000
    0.0015410635     0.063380927      -1.0000000      -1.0000000      -1.0000000
      -1.0000000      -1.0000000      -1.0000000      -1.0000000      -1.0000000
      -1.0000000
       0.0000000       90.000000      0.85147089      -1.0000000       356717.00
      0.51679564       1.8236415      -1.0000000      -1.0000000      -1.0000000
      -1.0000000      -1.0000000      -1.0000000       82.145126       7.6134090
       79.837875
       0.0000000       89.000000      0.88689691      -1.0000000       351418.00
      0.47302434       1.2567828      -1.0000000      -1.0000000      -1.0000000
      -1.0000000      -1.0000000      -1.0000000       78.925552       6.3332925
       83.242729
       0.0000000       88.000000      0.92300081      -1.0000000       346279.00
      0.48796389       1.5153276      -1.0000000      -1.0000000      -1.0000000
      -1.0000000      -1.0000000      -1.0000000       78.627419       8.2557554
       84.919060
       2.0000000       88.000000      0.92300081      0.37615007       79.000000
     0.098915771      0.21257271      -1.0000000      -1.0000000      -1.0000000
      -1.0000000      -1.0000000      -1.0000000      -1.0000000      -1.0000000
      -1.0000000
       1.0000000       88.000000      0.92300081      -1.0000000       1.0000000
       0.0000000       0.0000000      -1.0000000      -1.0000000      -1.0000000
      -1.0000000      -1.0000000      -1.0000000      -1.0000000      -1.0000000
      -1.0000000
       0.0000000       87.000000      0.95053136      -1.0000000       341952.00
      0.48764771       1.1720712      -1.0000000      -1.0000000      -1.0000000
      -1.0000000      -1.0000000      -1.0000000       80.104813       6.7830114
       85.248505
       1.0000000       87.000000      0.95053136      -1.0000000       1.0000000
    0.0050167791    0.0020200834      -1.0000000      -1.0000000      -1.0000000
      -1.0000000      -1.0000000      -1.0000000      -1.0000000      -1.0000000
      -1.0000000
       0.0000000       86.000000      0.98785281      -1.0000000       335830.00
      0.40038264       1.3284909      -1.0000000      -1.0000000      -1.0000000
      -1.0000000      -1.0000000      -1.0000000       79.254005       6.5083413
       85.942497
       1.0000000       86.000000      0.98785281      -1.0000000       1.0000000
   0.00029241061    0.0021168326      -1.0000000      -1.0000000      -1.0000000
      -1.0000000      -1.0000000      -1.0000000      -1.0000000      -1.0000000
      -1.0000000
       0.0000000       85.000000      0.99729425      -1.0000000       335024.00
      0.38145453       1.3138328      -1.0000000      -1.0000000      -1.0000000
      -1.0000000      -1.0000000      -1.0000000       79.591774       6.3368454
       84.914108
       0.0000000       84.000000       1.0355104      -1.0000000       332104.00
      0.35645708       1.4208254      -1.0000000      -1.0000000      -1.0000000
      -1.0000000      -1.0000000      -1.0000000       83.404839       6.2823133
       80.276276
       1.0000000       84.000000       1.0355104      -1.0000000       1.0000000
   0.00029241061    0.0021168326      -1.0000000      -1.0000000      -1.0000000
      -1.0000000      -1.0000000      -1.0000000      -1.0000000      -1.0000000
      -1.0000000
       0.0000000       83.000000       1.0744579      -1.0000000       327394.00
      0.31934020       1.3314049      -1.0000000      -1.0000000      -1.0000000
      -1.0000000      -1.0000000      -1.0000000       87.110901       5.6365952
       75.211327
       1.0000000       83.000000       1.0744579      -1.0000000       1.0000000
    0.0054949629     0.070895702      -1.0000000      -1.0000000      -1.0000000
      -1.0000000      -1.0000000      -1.0000000      -1.0000000      -1.0000000
      -1.0000000
       0.0000000       82.000000       1.1141505      -1.0000000       321593.00
      0.30232808       1.0545548      -1.0000000      -1.0000000      -1.0000000
      -1.0000000      -1.0000000      -1.0000000       88.917625       5.4805131
       69.988037
       0.0000000       81.000000       1.1546028      -1.0000000       316265.00
      0.26296890      0.89108503      -1.0000000      -1.0000000      -1.0000000
      -1.0000000      -1.0000000      -1.0000000       84.547211       3.8466492
       78.914673
       0.0000000       80.000000       1.2062581      -1.0000000       309924.00
      0.24013861       1.0195807      -1.0000000      -1.0000000      -1.0000000
      -1.0000000      -1.0000000      -1.0000000       78.065941       4.1420755
       88.633926
       0.0000000       79.000000       1.2484726      -1.0000000       304991.00
      0.22861749      0.83317029      -1.0000000      -1.0000000      -1.0000000
      -1.0000000      -1.0000000      -1.0000000       73.396988       3.9009311
       81.074524
       0.0000000       78.000000       1.3023784      -1.0000000       308959.00
      0.20772107      0.87655133      -1.0000000      -1.0000000      -1.0000000
      -1.0000000      -1.0000000      -1.0000000       73.094330       3.6372087
       71.777504
       0.0000000       77.000000       1.3575766      -1.0000000       306785.00
      0.18157800      0.86402011      -1.0000000      -1.0000000      -1.0000000
      -1.0000000      -1.0000000      -1.0000000       71.746033       3.8991454
       64.005486
       1.0000000       77.000000       1.3575766      -1.0000000       1.0000000
   0.00089187728       0.0000000      -1.0000000      -1.0000000      -1.0000000
      -1.0000000      -1.0000000      -1.0000000      -1.0000000      -1.0000000
      -1.0000000
       0.0000000       76.000000       1.4140983      -1.0000000       300726.00
      0.17810905      0.66441363      -1.0000000      -1.0000000      -1.0000000
      -1.0000000      -1.0000000      -1.0000000       72.382179       3.7549400
       62.401142
       0.0000000       75.000000       1.4719748      -1.0000000       295982.00
      0.16208586      0.93141514      -1.0000000      -1.0000000      -1.0000000
      -1.0000000      -1.0000000      -1.0000000       72.455406       3.7134483
       62.965935
       1.0000000       75.000000       1.4719748      -1.0000000       2.0000000
   0.00047295156     0.012199432      -1.0000000      -1.0000000      -1.0000000
      -1.0000000      -1.0000000      -1.0000000      -1.0000000      -1.0000000
      -1.0000000
       0.0000000       74.000000       1.5312390      -1.0000000       289052.00
      0.12987654      0.96094322      -1.0000000      -1.0000000      -1.0000000
      -1.0000000      -1.0000000      -1.0000000       67.507355       3.8541839
       68.482338
       0.0000000       73.000000       1.6042346      -1.0000000       282954.00
      0.12753950      0.67201191      -1.0000000      -1.0000000      -1.0000000
      -1.0000000      -1.0000000      -1.0000000       65.052406       3.6925538
       68.890190
       0.0000000       72.000000       1.6666696      -1.0000000       276566.00
      0.12236851      0.62026781      -1.0000000      -1.0000000      -1.0000000
      -1.0000000      -1.0000000      -1.0000000       66.538910       3.5473347
       68.126999
       0.0000000       71.000000       1.7435706      -1.0000000       310631.00
      0.10938958      0.55338955      -1.0000000      -1.0000000      -1.0000000
      -1.0000000      -1.0000000      -1.0000000       66.122894       3.3296971
       69.095078
       0.0000000       70.000000       1.8226893      -1.0000000       312600.00
      0.10469763      0.59939873      -1.0000000      -1.0000000      -1.0000000
      -1.0000000      -1.0000000      -1.0000000       65.048119       3.4887538
       69.148857
       0.0000000       69.000000       1.9040896      -1.0000000       303203.00
     0.091983050      0.60605526      -1.0000000      -1.0000000      -1.0000000
      -1.0000000      -1.0000000      -1.0000000       66.639580       3.3693402
       68.615150
       0.0000000       68.000000       2.0020282      -1.0000000       297157.00
     0.078181967      0.63496727      -1.0000000      -1.0000000      -1.0000000
      -1.0000000      -1.0000000      -1.0000000       69.355217       2.9936566
       66.925789
       1.0000000       68.000000       2.0020282      -1.0000000       1.0000000
       0.0000000       0.0000000      -1.0000000      -1.0000000      -1.0000000
      -1.0000000      -1.0000000      -1.0000000      -1.0000000      -1.0000000
      -1.0000000
       0.0000000       67.000000       2.1032696      -1.0000000       283490.00
     0.069356002      0.58127612      -1.0000000      -1.0000000      -1.0000000
      -1.0000000      -1.0000000      -1.0000000       70.353912       2.9799888
       70.207466
       0.0000000       66.000000       2.2079256      -1.0000000       273026.00
     0.065674201      0.64424777      -1.0000000      -1.0000000      -1.0000000
      -1.0000000      -1.0000000      -1.0000000       69.679253       3.3505366
       70.448906
       0.0000000       65.000000       2.3161108      -1.0000000       262696.00
     0.050520986      0.54959917      -1.0000000      -1.0000000      -1.0000000
      -1.0000000      -1.0000000      -1.0000000       73.241806       3.3885350
       66.139023
       0.0000000       64.000000       2.4442258      -1.0000000       250848.00
     0.048098315      0.64927322      -1.0000000      -1.0000000      -1.0000000
      -1.0000000      -1.0000000      -1.0000000       79.612373       2.9227667
       52.840088
       0.0000000       63.000000       2.5772903      -1.0000000       237306.00
     0.029453997      0.43946597      -1.0000000      -1.0000000      -1.0000000
      -1.0000000      -1.0000000      -1.0000000       69.741615       2.2408931
       65.629425
       1.0000000       63.000000       2.5772903      -1.0000000       2.0000000
    0.0042095905      0.15816676      -1.0000000      -1.0000000      -1.0000000
      -1.0000000      -1.0000000      -1.0000000      -1.0000000      -1.0000000
      -1.0000000
       0.0000000       62.000000       2.7331426      -1.0000000       225683.00
     0.021641308      0.23496240      -1.0000000      -1.0000000      -1.0000000
      -1.0000000      -1.0000000      -1.0000000       58.920914       1.1461574
       67.601479
       0.0000000       61.000000       2.8957851      -1.0000000       218993.00
     0.019263346      0.20021015      -1.0000000      -1.0000000      -1.0000000
      -1.0000000      -1.0000000      -1.0000000       63.187737       1.3783250
       56.746109
