       0.0000000       135.00000       0.0000000       160.00000       270116.00
       4.4038548      0.11281914      0.40403977      0.62162161      0.24303570
       19.658928      -13.440553       25.357601       124.68010       7.2533917
       3.9412766
       0.0000000       134.00000    0.0095216669       160.00000       268059.00
       4.4534025      0.13496217      0.41231093      0.63157892      0.23911332
       28.897768      -6.8928509       21.702570       128.11302       7.4182034
       4.0354352
       0.0000000       133.00000     0.023974428       158.00000       264129.00
       4.7931504      0.14919026      0.41154167      0.62162161      0.21965107
       32.094788      -3.1374614       20.666588       133.35562       8.3860340
       4.7176471
       0.0000000       132.00000     0.033724371       157.00000       262670.00
       5.1355495      0.16937919      0.42782333      0.58333337      0.26564109
       45.071003       4.6967349       15.479197       134.96141       9.5700951
       6.1453514
       0.0000000       131.00000     0.048523631       158.00000       258777.00
       5.4285722      0.21892288      0.43367088      0.57142854      0.25753751
       50.430351       16.946299       11.614573       136.51646       10.645988
       7.6703749
       0.0000000       130.00000     0.058507323       158.00000       257416.00
       5.5439701      0.25860393      0.44692305      0.51515150      0.26102903
       53.258987       22.325010       7.7837915       137.63971       11.049451
       8.2335825
       0.0000000       129.00000     0.073661387       158.00000       253813.00
       5.5232730      0.32322019      0.44596648      0.55882359      0.25304249
       53.410748       25.103718      0.22447270       143.92853       11.238953
       8.0120859
       0.0000000       128.00000     0.083884433       151.00000       250130.00
       5.6990519      0.44696477      0.45487881      0.55882359      0.25059599
       59.369892       21.662586      -11.696945       146.13860       12.014271
       8.7422543
       0.0000000       127.00000     0.099401802       151.00000       247035.00
       6.0984716      0.55927891      0.46239978      0.48387092      0.24230847
       58.002678       24.544849      -31.405848       146.25519       13.893562
       12.472632
       0.0000000       126.00000      0.10986994       149.00000       244642.00
       6.2802100      0.58354390      0.47068599      0.47058821      0.24307987
       57.904892       23.153677      -36.965466       146.49446       14.789591
       14.623964
       0.0000000       125.00000      0.12575933       149.00000       241855.00
       6.4958224      0.53077644      0.48437774      0.43750000      0.23819284
       50.532795       22.062840      -51.739101       145.31689       15.842765
       17.861862
       0.0000000       124.00000      0.14187621       150.00000       238845.00
       6.6075664      0.59823042      0.49437088      0.48484850      0.24674071
       38.529560       30.505642      -60.974960       146.36012       16.334841
       19.160009
       0.0000000       123.00000      0.15274876       150.00000       237087.00
       6.5518579      0.60495710      0.50066698      0.43750000      0.25521100
       31.835197       39.862885      -64.696640       147.24200       16.262390
       18.945683
       0.0000000       122.00000      0.16925204       151.00000       234735.00
       6.6251950      0.77772903      0.50694251      0.46875006      0.25097519
       29.786720       49.987926      -65.790184       151.34953       16.832579
       19.021301
       0.0000000       121.00000      0.18038526       149.00000       230829.00
       6.6592417      0.82579094      0.50898284      0.43750000      0.26364571
       32.267509       57.597530      -63.666904       151.27975       17.119385
       20.018929
       0.0000000       120.00000      0.19728418       148.00000       226636.00
       6.5974412      0.90864283      0.50844949      0.43750000      0.28167030
       43.501354       70.373749      -53.017490       152.28261       17.037495
       19.555910
       0.0000000       119.00000      0.21442504       145.00000       222408.00
       6.8625288      0.95460927      0.50708199      0.45161289      0.28483269
       45.483212       81.751465      -39.291267       152.24310       18.703568
       23.436159
       0.0000000       118.00000      0.22598839       139.00000       218521.00
       6.9233675       1.0080919      0.50674611      0.45161289      0.28505135
       49.593639       86.925674      -31.715691       153.39796       19.291161
       24.779480
       0.0000000       117.00000      0.24354018       135.00000       212185.00
       7.1251583       1.1731857      0.50849259      0.41379309      0.29858312
       57.463230       91.094772      -20.657394       151.79581       20.671741
       29.946978
       0.0000000       116.00000      0.26134327       134.00000       208032.00
       7.1515622       1.2055546      0.51299179      0.42424244      0.31432971
       65.842316       93.847664      -7.8039713       152.22777       20.991167
       31.038628
       0.0000000       115.00000      0.27335334       129.00000       204875.00
       7.2230501       1.2698671      0.51629341      0.37931031      0.31410208
       70.403221       95.431305       3.8409855       151.94637       21.688578
       34.093277
       0.0000000       114.00000      0.29158324       129.00000       199670.00
       7.2626972       1.4035703      0.51372105      0.43333334      0.32956645
       77.824730       98.017517       24.166096       151.81050       22.246782
       39.166698
       0.0000000       113.00000      0.31007412       125.00000       194209.00
       7.4599991       1.6435331      0.50186640      0.36666667      0.35783029
       77.952766       99.108246       45.923698       153.85094       23.864296
       44.756981
       0.0000000       112.00000      0.32882974       126.00000       187107.00
       7.5011692       1.4503345      0.49239540      0.37500006      0.36157939
       72.602234       110.32396       64.724777       156.25569       24.387096
       45.228973
       1.0000000       112.00000      0.32882974      -1.0000000       1.0000000
    0.0017213727     0.076681703      -1.0000000      -1.0000000      -1.0000000
      -1.0000000      -1.0000000      -1.0000000      -1.0000000      -1.0000000
      -1.0000000
       0.0000000       111.00000      0.34785384       124.00000       184220.00
       7.3398910       2.4065778      0.48620853      0.35483867      0.37620410
       64.335945       117.59371       78.775345       159.51077       24.520821
       45.805801
       1.0000000       111.00000      0.34785384      -1.0000000       1.0000000
    0.0039414219     0.033916932      -1.0000000      -1.0000000      -1.0000000
      -1.0000000      -1.0000000      -1.0000000      -1.0000000      -1.0000000
      -1.0000000
       0.0000000       110.00000      0.36068764       118.00000       180342.00
       7.2306380       2.7927561      0.48823851      0.33333337      0.39061484
       68.368080       119.89285       83.855339       160.46623       24.736423
       46.420448
       0.0000000       109.00000      0.38016787       121.00000       178573.00
       7.1386485       2.7936051      0.49299634      0.38709676      0.39639163
       68.201241       126.39754       93.423744       161.64484       24.621754
       49.535149
       1.0000000       109.00000      0.38016787      -1.0000000       2.0000000
   0.00054949283     0.011652702      -1.0000000      -1.0000000      -1.0000000
      -1.0000000      -1.0000000      -1.0000000      -1.0000000      -1.0000000
      -1.0000000
       0.0000000       108.00000      0.39992696       123.00000       176334.00
       6.8909030       2.7145114      0.50343072      0.32142860      0.40658206
       76.287781       126.19145       103.47633       160.79254       24.105593
       46.620792
       0.0000000       107.00000      0.41996893       118.00000       171135.00
       6.8614659       2.8190081      0.52486771      0.38709676      0.46124807
       89.311035       121.01204       126.65786       160.18547       25.037308
       52.871758
       0.0000000       106.00000      0.44029784       119.00000       169954.00
       6.7232633       2.0601680      0.52848285      0.45454544      0.48723382
       106.21077       121.79538       131.20796       159.28455       24.231163
       51.758728
       1.0000000       106.00000      0.44029784      -1.0000000       2.0000000
    0.0038485925      0.10726690      -1.0000000      -1.0000000      -1.0000000
      -1.0000000      -1.0000000      -1.0000000      -1.0000000      -1.0000000
      -1.0000000
       0.0000000       105.00000      0.46091780       115.00000       163845.00
       6.5454922       1.9111366      0.52864099      0.47222227      0.49694628
       79.355576       153.57632       127.92673       158.22562       23.388933
       43.344231
       1.0000000       105.00000      0.46091780      -1.0000000       3.0000000
    0.0044854985     0.044312065      -1.0000000      -1.0000000      -1.0000000
      -1.0000000      -1.0000000      -1.0000000      -1.0000000      -1.0000000
      -1.0000000
       0.0000000       104.00000      0.48183295       115.00000       161055.00
       6.5839806       2.5655081      0.50385249      0.43750000      0.45571086
       64.290764       121.59885       161.84943       160.52463       27.087587
       55.533241
       0.0000000       103.00000      0.50304753       119.00000       158604.00
       6.6860652       3.1265020      0.50948113      0.43333334      0.36560965
       47.675240       89.355843       190.93611       163.84090       29.238935
       59.715347
       0.0000000       102.00000      0.52456582       119.00000       156693.00
       6.7043395       3.5001514      0.51540446      0.43333334      0.49596906
       33.451111       86.507240       203.52846       167.14758       37.247101
       56.361568
       2.0000000       102.00000      0.52456582      0.41617763       88.000000
       1.5358273       2.5676496      -1.0000000      -1.0000000      -1.0000000
      -1.0000000      -1.0000000      -1.0000000      -1.0000000      -1.0000000
      -1.0000000
       1.0000000       102.00000      0.52456582      -1.0000000       5.0000000
    0.0034106121      0.14392417      -1.0000000      -1.0000000      -1.0000000
      -1.0000000      -1.0000000      -1.0000000      -1.0000000      -1.0000000
      -1.0000000
       0.0000000       101.00000      0.54639220       116.00000       152622.00
       6.4305668       2.7034371      0.46249333      0.51428568      0.41156843
       46.769741       126.41378       207.44011       183.59877       27.240002
       50.894901
       1.0000000       101.00000      0.54639220      -1.0000000       2.0000000
    0.0019382320     0.068892566      -1.0000000      -1.0000000      -1.0000000
      -1.0000000      -1.0000000      -1.0000000      -1.0000000      -1.0000000
      -1.0000000
       0.0000000       100.00000      0.57598084       114.00000       145989.00
       5.4207802      0.90991426      0.55473936      0.54545456      0.53742737
       29.266535       143.76694       194.04305       152.87544       23.941610
       68.497536
       1.0000000       100.00000      0.57598084      -1.0000000       2.0000000
    0.0053338265      0.20982056      -1.0000000      -1.0000000      -1.0000000
      -1.0000000      -1.0000000      -1.0000000      -1.0000000      -1.0000000
      -1.0000000
       0.0000000       99.000000      0.59854329       115.00000       141748.00
       5.3355389       2.4405847      0.53994805      0.54838705      0.50650412
       11.360218       127.08839       192.32982       150.30103       25.159506
       93.817375
       1.0000000       99.000000      0.59854329      -1.0000000       4.0000000
     0.023424135      0.18157872      -1.0000000      -1.0000000      -1.0000000
      -1.0000000      -1.0000000      -1.0000000      -1.0000000      -1.0000000
      -1.0000000
       0.0000000       98.000000      0.62142873       115.00000       138836.00
       5.3072929       2.5622287      0.51626146      0.62500000      0.51384264
       30.714821       91.949791       184.33572       157.62357       27.746653
       104.69527
       1.0000000       98.000000      0.62142873      -1.0000000       8.0000000
     0.039493229      0.40121997      -1.0000000      -1.0000000      -1.0000000
      -1.0000000      -1.0000000      -1.0000000      -1.0000000      -1.0000000
      -1.0000000
       0.0000000       97.000000      0.64464182       117.00000       137649.00
       5.2282243       2.9175298      0.52081782      0.54838705      0.52761489
       51.677597       96.715485       173.41096       171.58493       30.792757
       99.749100
       1.0000000       97.000000      0.64464182      -1.0000000       1.0000000
     0.013478626     0.066863030      -1.0000000      -1.0000000      -1.0000000
      -1.0000000      -1.0000000      -1.0000000      -1.0000000      -1.0000000
      -1.0000000
       0.0000000       96.000000      0.67611039       118.00000       134597.00
       5.1531439       3.2764139      0.52675128      0.51515150      0.51428175
       22.761541       108.40481       198.25615       186.16295       30.041245
       76.224358
       1.0000000       96.000000      0.67611039      -1.0000000       4.0000000
     0.021333786      0.31718481      -1.0000000      -1.0000000      -1.0000000
      -1.0000000      -1.0000000      -1.0000000      -1.0000000      -1.0000000
      -1.0000000
       0.0000000       95.000000      0.70010638       117.00000       131136.00
       4.8361063       2.4023645      0.51092106      0.58823532      0.48959291
      -40.926918       62.837093       214.18823       183.04491       25.471663
       75.430862
       1.0000000       95.000000      0.70010638      -1.0000000       3.0000000
    0.0083790672      0.13209907      -1.0000000      -1.0000000      -1.0000000
      -1.0000000      -1.0000000      -1.0000000      -1.0000000      -1.0000000
      -1.0000000
       0.0000000       94.000000      0.73263615       116.00000       127469.00
       4.3896313       2.1460114      0.51707506      0.50000000      0.44483358
      -18.835890       12.731484       210.51601       161.03366       20.396658
       94.907524
       1.0000000       94.000000      0.73263615      -1.0000000       5.0000000
     0.011588610      0.20682104      -1.0000000      -1.0000000      -1.0000000
      -1.0000000      -1.0000000      -1.0000000      -1.0000000      -1.0000000
      -1.0000000
       0.0000000       93.000000      0.75744140       107.00000       120321.00
       4.3345003       1.7947429      0.52217299      0.50000000      0.48058745
     -0.96580017      -2.4040401       212.45300       156.95944       19.769535
       94.259445
       1.0000000       93.000000      0.75744140      -1.0000000       1.0000000
     0.013168990     0.069251992      -1.0000000      -1.0000000      -1.0000000
      -1.0000000      -1.0000000      -1.0000000      -1.0000000      -1.0000000
      -1.0000000
       0.0000000       92.000000      0.79106826       108.00000       117423.00
       4.1600108       1.8206435      0.52451831      0.54545456      0.46011722
       7.6573658       34.530422       207.17416       150.07483       19.031857
       87.202011
       1.0000000       92.000000      0.79106826      -1.0000000       2.0000000
       0.0000000       0.0000000      -1.0000000      -1.0000000      -1.0000000
      -1.0000000      -1.0000000      -1.0000000      -1.0000000      -1.0000000
      -1.0000000
       0.0000000       91.000000      0.81671000       108.00000       114432.00
       4.0609002       2.1780622      0.51395863      0.51612902      0.50656706
      -5.5035591       75.162430       205.46039       148.80588       19.067022
       78.912308
       1.0000000       91.000000      0.81671000      -1.0000000       3.0000000
      0.17123895      0.59427466      -1.0000000      -1.0000000      -1.0000000
      -1.0000000      -1.0000000      -1.0000000      -1.0000000      -1.0000000
      -1.0000000
       0.0000000       90.000000      0.85147089       106.00000       110795.00
       3.9707940       2.2212992      0.49949047      0.51612902      0.47714585
      -34.987610       114.75919       169.30322       149.20479       19.693859
       87.897659
       1.0000000       90.000000      0.85147089      -1.0000000       1.0000000
    0.0020506827     0.059711769      -1.0000000      -1.0000000      -1.0000000
      -1.0000000      -1.0000000      -1.0000000      -1.0000000      -1.0000000
      -1.0000000
       0.0000000       89.000000      0.88689691       106.00000       108263.00
       3.8380866       2.3169837      0.48287576      0.66666663      0.46946490
      -97.010918       107.62737       162.74500       146.91629       20.824631
       104.54993
       0.0000000       88.000000      0.92300081       122.00000       110928.00
       3.6903167       1.8315945      0.44613588      0.58064520      0.44238374
      -77.026047       75.531380       122.92500       142.27620       20.071747
       115.93126
       1.0000000       88.000000      0.92300081      -1.0000000       4.0000000
      0.71146481       1.0085686      -1.0000000      -1.0000000      -1.0000000
      -1.0000000      -1.0000000      -1.0000000      -1.0000000      -1.0000000
      -1.0000000
       0.0000000       87.000000      0.95053136       125.00000       109861.00
       3.4651585       1.9047607      0.48097703      0.53125000      0.48138902
      -113.77800       48.591942       101.58929       141.28247       19.733110
       122.97579
       1.0000000       87.000000      0.95053136      -1.0000000       2.0000000
     0.011464559      0.13237617      -1.0000000      -1.0000000      -1.0000000
      -1.0000000      -1.0000000      -1.0000000      -1.0000000      -1.0000000
      -1.0000000
       0.0000000       86.000000      0.98785281       128.00000       107106.00
       3.5594063       2.1378365      0.50149202      0.44444442      0.51595271
      -129.51805      -6.7628770       125.24588       148.19777       22.258526
       117.26903
       1.0000000       86.000000      0.98785281      -1.0000000       1.0000000
   0.00046211612     0.021421472      -1.0000000      -1.0000000      -1.0000000
      -1.0000000      -1.0000000      -1.0000000      -1.0000000      -1.0000000
      -1.0000000
       0.0000000       85.000000      0.99729425       124.00000       105012.00
       3.5414255       1.9804714      0.51078600      0.53571427      0.51014316
      -139.84015      -21.396782       142.08708       150.96230       21.869596
       122.21310
       1.0000000       85.000000      0.99729425      -1.0000000       2.0000000
       0.0000000       0.0000000      -1.0000000      -1.0000000      -1.0000000
      -1.0000000      -1.0000000      -1.0000000      -1.0000000      -1.0000000
      -1.0000000
       0.0000000       84.000000       1.0355104       128.00000       102690.00
       3.3617864       2.3190014      0.51047975      0.50000000      0.52329594
      -110.24582      -69.291260       154.38882       146.32324       18.548384
       141.10277
       1.0000000       84.000000       1.0355104      -1.0000000       4.0000000
     0.011420402     0.083387472      -1.0000000      -1.0000000      -1.0000000
      -1.0000000      -1.0000000      -1.0000000      -1.0000000      -1.0000000
      -1.0000000
       0.0000000       83.000000       1.0744579       130.00000       99465.000
       3.0770352       1.8567756      0.49884990      0.61290324      0.49536932
      -80.019753      -55.524494       154.87836       142.09160       15.200402
       188.82489
       1.0000000       83.000000       1.0744579      -1.0000000       4.0000000
     0.036529699      0.15351751      -1.0000000      -1.0000000      -1.0000000
      -1.0000000      -1.0000000      -1.0000000      -1.0000000      -1.0000000
      -1.0000000
       0.0000000       82.000000       1.1141505       427.00000       156397.00
       2.9535296       1.8302271      0.48992169      0.56250006      0.49771997
      -97.613968      -28.221289       139.31496       144.57225       14.403925
       202.95224
       1.0000000       82.000000       1.1141505      -1.0000000       3.0000000
     0.071693608      0.25912788      -1.0000000      -1.0000000      -1.0000000
      -1.0000000      -1.0000000      -1.0000000      -1.0000000      -1.0000000
      -1.0000000
       0.0000000       81.000000       1.1546028       575.00000       170540.00
       2.8683488       1.5049314      0.48605433      0.53333330      0.49895537
      -89.820763      -32.142433       147.99184       149.08775       13.434092
       202.84669
       0.0000000       80.000000       1.2062581       560.00000       162136.00
       2.7817502       1.4708191      0.49222568      0.46153843      0.48361421
      -79.803009      -46.395851       131.16066       156.89334       13.411609
       208.93822
       1.0000000       80.000000       1.2062581      -1.0000000       2.0000000
    0.0040713181     0.043977104      -1.0000000      -1.0000000      -1.0000000
      -1.0000000      -1.0000000      -1.0000000      -1.0000000      -1.0000000
      -1.0000000
       0.0000000       79.000000       1.2484726       568.00000       159268.00
       2.7003789       1.1913731      0.50396186      0.56250006      0.52035326
      -43.760262      -63.585712       150.57953       159.07242       12.246484
       202.00723
       1.0000000       79.000000       1.2484726      -1.0000000       1.0000000
    0.0043056132     0.044951342      -1.0000000      -1.0000000      -1.0000000
      -1.0000000      -1.0000000      -1.0000000      -1.0000000      -1.0000000
      -1.0000000
       0.0000000       78.000000       1.3023784       562.00000       153261.00
       2.7086341       1.0709985      0.50226533      0.56250006      0.53419220
       2.0787787      -45.910358       190.72601       165.68430       12.595799
       184.31432
       1.0000000       78.000000       1.3023784      -1.0000000       6.0000000
    0.0070730256      0.15114498      -1.0000000      -1.0000000      -1.0000000
      -1.0000000      -1.0000000      -1.0000000      -1.0000000      -1.0000000
      -1.0000000
       0.0000000       77.000000       1.3575766       563.00000       147671.00
       2.6191342       1.1157600      0.49401253      0.56666672      0.51492673
       24.178072      -20.430937       194.74463       162.25351       11.662868
       186.95825
       1.0000000       77.000000       1.3575766      -1.0000000       1.0000000
    0.0012474338     0.044558741      -1.0000000      -1.0000000      -1.0000000
      -1.0000000      -1.0000000      -1.0000000      -1.0000000      -1.0000000
      -1.0000000
       0.0000000       76.000000       1.4140983       576.00000       143373.00
       2.5285995      0.87961054      0.48470208      0.51724136      0.46662849
       27.476654      -2.7149923       156.59261       155.85895       10.612717
       195.05479
       1.0000000       76.000000       1.4140983      -1.0000000       10.000000
     0.037110585      0.29752284      -1.0000000      -1.0000000      -1.0000000
      -1.0000000      -1.0000000      -1.0000000      -1.0000000      -1.0000000
      -1.0000000
       0.0000000       75.000000       1.4719748       569.00000       136879.00
       2.4780459       1.0494049      0.47669527      0.53333330      0.47251654
       44.905895      -14.048082       141.81505       153.41716       10.366110
       183.18362
       1.0000000       75.000000       1.4719748      -1.0000000       2.0000000
       0.0000000       0.0000000      -1.0000000      -1.0000000      -1.0000000
      -1.0000000      -1.0000000      -1.0000000      -1.0000000      -1.0000000
      -1.0000000
       0.0000000       74.000000       1.5312390       601.00000       135951.00
       2.3782229      0.96407145      0.47607082      0.54838705      0.42444581
       68.283463      -8.1010628       130.68056       147.63544       9.7305622
       163.43150
       1.0000000       74.000000       1.5312390      -1.0000000       2.0000000
    0.0069611596      0.17083422      -1.0000000      -1.0000000      -1.0000000
      -1.0000000      -1.0000000      -1.0000000      -1.0000000      -1.0000000
      -1.0000000
       0.0000000       73.000000       1.6042346       568.00000       126453.00
       2.2407274       1.0349218      0.47329098      0.51851851      0.47345552
       94.534920      -12.713049       116.73087       143.66602       8.8541164
       151.79166
       0.0000000       72.000000       1.6666696       600.00000       124009.00
       2.1582780       1.0351440      0.46926966      0.56250006      0.45664057
       116.00350      -1.2686657       91.842155       139.81963       8.6200886
       155.80707
       1.0000000       72.000000       1.6666696      -1.0000000       2.0000000
    0.0065691333      0.17980140      -1.0000000      -1.0000000      -1.0000000
      -1.0000000      -1.0000000      -1.0000000      -1.0000000      -1.0000000
      -1.0000000
       0.0000000       71.000000       1.7435706       625.00000       119890.00
       2.0732441      0.84610182      0.48261684      0.53333330      0.45653829
       83.371758       67.455444       100.97047       131.48756       7.6237926
       182.33470
       1.0000000       71.000000       1.7435706      -1.0000000       2.0000000
     0.030509003      0.18820117      -1.0000000      -1.0000000      -1.0000000
      -1.0000000      -1.0000000      -1.0000000      -1.0000000      -1.0000000
      -1.0000000
       0.0000000       70.000000       1.8226893       769.00000       124913.00
       1.9870597      0.93755531      0.48501417      0.59375006      0.43711454
       59.718048       16.846544       134.31377       122.30521       7.0634575
       195.08382
       1.0000000       70.000000       1.8226893      -1.0000000       1.0000000
   0.00056871871     0.086524270      -1.0000000      -1.0000000      -1.0000000
      -1.0000000      -1.0000000      -1.0000000      -1.0000000      -1.0000000
      -1.0000000
       0.0000000       69.000000       1.9040896       639.00000       110196.00
       1.9145619      0.74506313      0.48820379      0.53333330      0.41882995
       85.471008      -21.048645       117.62495       118.50381       6.4514136
       179.64101
       1.0000000       69.000000       1.9040896      -1.0000000       2.0000000
   0.00037545574    0.0051296558      -1.0000000      -1.0000000      -1.0000000
      -1.0000000      -1.0000000      -1.0000000      -1.0000000      -1.0000000
      -1.0000000
       0.0000000       68.000000       2.0020282       782.00000       112310.00
       1.8296518      0.71990371      0.49119669      0.51612902      0.46678582
       127.64598       39.956150       69.034225       124.54347       6.0499754
       149.15390
       0.0000000       67.000000       2.1032696       1377.0000       134534.00
       1.7661735      0.69964129      0.48821527      0.60606062      0.41139987
       132.60811       50.585609       15.227384       132.47713       5.9546781
       125.24094
       1.0000000       67.000000       2.1032696      -1.0000000       2.0000000
    0.0092211133     0.074319407      -1.0000000      -1.0000000      -1.0000000
      -1.0000000      -1.0000000      -1.0000000      -1.0000000      -1.0000000
      -1.0000000
       0.0000000       66.000000       2.2079256       1280.0000       122768.00
       1.7069010      0.40528610      0.48615626      0.61764705      0.45339477
       126.41689       80.007973      -23.384026       137.87657       5.3306785
       121.30997
       1.0000000       66.000000       2.2079256      -1.0000000       5.0000000
     0.015431414      0.22337664      -1.0000000      -1.0000000      -1.0000000
      -1.0000000      -1.0000000      -1.0000000      -1.0000000      -1.0000000
      -1.0000000
       0.0000000       65.000000       2.3161108       1158.0000       109591.00
       1.6887252      0.50191641      0.49192396      0.70731705      0.50510550
       124.30885       111.01741      -11.111194       141.37703       5.4655485
       118.29003
       1.0000000       65.000000       2.3161108      -1.0000000       1.0000000
   0.00072374049       0.0000000      -1.0000000      -1.0000000      -1.0000000
      -1.0000000      -1.0000000      -1.0000000      -1.0000000      -1.0000000
      -1.0000000
       0.0000000       64.000000       2.4442258       1016.0000       95788.000
       1.5399625       1.1842418      0.51834631      0.70270270      0.54432029
       164.40698       84.744728      -36.860291       134.49002       5.5467324
       134.29684
       1.0000000       64.000000       2.4442258      -1.0000000       3.0000000
    0.0022220274     0.046289250      -1.0000000      -1.0000000      -1.0000000
      -1.0000000      -1.0000000      -1.0000000      -1.0000000      -1.0000000
      -1.0000000
       0.0000000       63.000000       2.5772903      -1.0000000       87257.000
       1.3311638       1.0956197      -1.0000000      -1.0000000      -1.0000000
      -1.0000000      -1.0000000      -1.0000000       126.16148       4.9195976
       135.92969
       1.0000000       63.000000       2.5772903      -1.0000000       3.0000000
   0.00078541832     0.030962195      -1.0000000      -1.0000000      -1.0000000
      -1.0000000      -1.0000000      -1.0000000      -1.0000000      -1.0000000
      -1.0000000
       0.0000000       62.000000       2.7331426      -1.0000000       85727.000
       1.1409006       1.1913638      -1.0000000      -1.0000000      -1.0000000
      -1.0000000      -1.0000000      -1.0000000       132.17502       4.7988734
       109.27932
       1.0000000       62.000000       2.7331426      -1.0000000       1.0000000
       0.0000000       0.0000000      -1.0000000      -1.0000000      -1.0000000
      -1.0000000      -1.0000000      -1.0000000      -1.0000000      -1.0000000
      -1.0000000
       0.0000000       61.000000       2.8957851      -1.0000000       78921.000
      0.85141832       1.3473866      -1.0000000      -1.0000000      -1.0000000
      -1.0000000      -1.0000000      -1.0000000       138.75661       4.6759715
       94.240067
       1.0000000       61.000000       2.8957851      -1.0000000       2.0000000
       0.0000000       0.0000000      -1.0000000      -1.0000000      -1.0000000
      -1.0000000      -1.0000000      -1.0000000      -1.0000000      -1.0000000
      -1.0000000
       0.0000000       60.000000       3.0081310      -1.0000000       73787.000
      0.68596202       1.0012616      -1.0000000      -1.0000000      -1.0000000
      -1.0000000      -1.0000000      -1.0000000       131.78758       3.9225841
       103.50993
       1.0000000       60.000000       3.0081310      -1.0000000       1.0000000
   0.00033825709     0.017673638      -1.0000000      -1.0000000      -1.0000000
      -1.0000000      -1.0000000      -1.0000000      -1.0000000      -1.0000000
      -1.0000000
       0.0000000       59.000000       3.0848227      -1.0000000       69992.000
      0.64800602      0.84629124      -1.0000000      -1.0000000      -1.0000000
      -1.0000000      -1.0000000      -1.0000000       124.78992       4.1132283
       112.26979
       0.0000000       58.000000       3.2830331      -1.0000000       62013.000
      0.54573655      0.52128243      -1.0000000      -1.0000000      -1.0000000
      -1.0000000      -1.0000000      -1.0000000       115.45841       3.1675425
       123.09054
       1.0000000       58.000000       3.2830331      -1.0000000       2.0000000
       0.0000000       0.0000000      -1.0000000      -1.0000000      -1.0000000
      -1.0000000      -1.0000000      -1.0000000      -1.0000000      -1.0000000
      -1.0000000
       0.0000000       57.000000       3.4908614      -1.0000000       57021.000
      0.48271835      0.60573173      -1.0000000      -1.0000000      -1.0000000
      -1.0000000      -1.0000000      -1.0000000       116.44025       3.5147936
       121.76420
       1.0000000       57.000000       3.4908614      -1.0000000       1.0000000
       0.0000000       0.0000000      -1.0000000      -1.0000000      -1.0000000
      -1.0000000      -1.0000000      -1.0000000      -1.0000000      -1.0000000
      -1.0000000
