       0.0000000       135.00000       0.0000000       73.000000       217717.00
       7.1072173       1.2607751      0.48381484      0.50000000      0.48646733
      -143.59804       126.57594       26.337410       127.13078       25.342876
       92.489166
       0.0000000       134.00000    0.0095216669       73.000000       216513.00
       7.0775557       1.2337443      0.48135385      0.50000000      0.48533762
      -141.91368       131.54126       26.956791       127.12589       25.169067
       94.673637
       0.0000000       133.00000     0.023974428       72.000000       213325.00
       7.0707283       1.4181685      0.47984821      0.50000000      0.48474619
      -135.62740       140.54980       23.708584       127.51346       25.269634
       94.256958
       1.0000000       133.00000     0.023974428      -1.0000000       1.0000000
       0.0000000       0.0000000      -1.0000000      -1.0000000      -1.0000000
      -1.0000000      -1.0000000      -1.0000000      -1.0000000      -1.0000000
      -1.0000000
       0.0000000       132.00000     0.033724371       74.000000       214352.00
       7.0568514       1.3055784      0.47765949      0.50000000      0.47480127
      -131.87386       145.26891       18.884180       127.34679       25.085548
       93.565842
       0.0000000       131.00000     0.048523631       74.000000       209819.00
       7.0243497       1.1524694      0.48074198      0.50000000      0.49472946
      -131.10751       150.89012       11.129169       125.88607       25.075294
       101.72344
       0.0000000       130.00000     0.058507323       73.000000       207278.00
       7.0613537       1.2311788      0.47877330      0.50000000      0.48091847
      -130.41734       152.33957       8.0871687       125.67177       25.191633
       105.55561
       0.0000000       129.00000     0.073661387       75.000000       205106.00
       7.0463710       1.5970477      0.48087585      0.50000000      0.48912835
      -137.51970       151.50914     -0.89722836       125.77338       25.691999
       104.57317
       0.0000000       128.00000     0.083884433       74.000000       204760.00
       7.0148931       1.7223585      0.47769976      0.51515150      0.50469059
      -138.39021       151.99210      -3.6248114       124.82294       25.643620
       109.03481
       0.0000000       127.00000     0.099401802       488.00000       325500.00
       6.9950833       1.8009139      0.47988614      0.43333334      0.46204913
      -137.38640       154.30695      -8.1562405       121.62682       25.601473
       130.25803
       0.0000000       126.00000      0.10986994       554.00000       332137.00
       6.9585423       1.8577043      0.47548887      0.55882359      0.48171374
      -140.28204       152.54012      -13.521475       121.59293       25.566593
       130.37675
       0.0000000       125.00000      0.12575933       524.00000       325963.00
       6.9529686       1.7431508      0.47589505      0.50000000      0.48412788
      -144.99084       148.38007      -20.963627       122.17014       25.416389
       130.74905
       0.0000000       124.00000      0.14187621       557.00000       326474.00
       6.9172602       1.6385715      0.47366092      0.48387092      0.47698769
      -149.66254       142.15103      -33.018894       122.90343       25.380018
       130.43114
       0.0000000       123.00000      0.15274876       562.00000       325427.00
       6.9063206       1.5199628      0.47492948      0.46875006      0.45523828
      -155.02402       137.89958      -35.640305       123.35130       25.112049
       131.71208
       0.0000000       122.00000      0.16925204       557.00000       321530.00
       6.8224216       1.6569616      0.47143337      0.45161289      0.46984074
      -165.57726       128.98584      -31.484840       124.64756       24.923384
       129.89011
       0.0000000       121.00000      0.18038526       567.00000       319280.00
       6.8760090       1.5839901      0.47123623      0.45161289      0.46208796
      -170.36685       123.61919      -29.736347       125.17224       25.020472
       131.19308
       0.0000000       120.00000      0.19728418       580.00000       317762.00
       6.8001471       1.6940837      0.47118974      0.43333334      0.44705722
      -181.78035       109.83894      -23.968481       126.48797       24.998915
       129.53185
       1.0000000       120.00000      0.19728418      -1.0000000       1.0000000
   0.00016836151    0.0071649808      -1.0000000      -1.0000000      -1.0000000
      -1.0000000      -1.0000000      -1.0000000      -1.0000000      -1.0000000
      -1.0000000
       0.0000000       119.00000      0.21442504       613.00000       318613.00
       6.8231435       1.6292607      0.47095612      0.50000000      0.46437714
      -189.34578       102.19029      -2.7810225       127.37769       25.012165
       128.42981
       0.0000000       118.00000      0.22598839       605.00000       315615.00
       6.7989926       1.5950207      0.46654314      0.45161289      0.46877554
      -186.79578       105.63907       11.223383       128.35924       24.921198
       127.04199
       1.0000000       118.00000      0.22598839      -1.0000000       1.0000000
       0.0000000       0.0000000      -1.0000000      -1.0000000      -1.0000000
      -1.0000000      -1.0000000      -1.0000000      -1.0000000      -1.0000000
      -1.0000000
       0.0000000       117.00000      0.24354018       618.00000       312677.00
       6.7694511       1.1266881      0.46911582      0.50000000      0.46104062
      -182.97488       113.59051       16.916178       129.91272       24.451498
       126.18212
       0.0000000       116.00000      0.26134327       625.00000       310031.00
       6.7827625       2.0228131      0.47228941      0.43333334      0.45252505
      -182.85559       123.22893       29.027271       131.98691       25.273865
       123.31796
       0.0000000       115.00000      0.27335334       636.00000       308639.00
       6.7785668       1.9729946      0.46579808      0.45161289      0.45675644
      -174.46295       133.97891       41.049931       132.69926       25.377014
       121.25557
       0.0000000       114.00000      0.29158324       641.00000       305820.00
       6.7194276       2.1375482      0.46563345      0.50000000      0.44841564
      -151.83731       156.56860       51.350494       134.44867       25.273836
       118.90446
       0.0000000       113.00000      0.31007412       644.00000       302496.00
       6.6670198       2.4473739      0.46043596      0.43333334      0.42726669
      -125.42116       180.27640       33.124401       135.64755       25.422228
       118.70335
       0.0000000       112.00000      0.32882974       656.00000       298307.00
       6.5824776       2.3882697      0.45701227      0.46666664      0.44248009
      -132.01517       177.81763       1.1697903       137.11459       25.417484
       118.41689
       0.0000000       111.00000      0.34785384       660.00000       295825.00
       6.5899053       2.0647209      0.45683202      0.48387092      0.44186205
      -128.28137       180.56487      0.82001543       137.61755       25.531527
       117.20051
       0.0000000       110.00000      0.36068764       655.00000       293533.00
       6.5275121       2.1731312      0.45216534      0.47058821      0.43218896
      -125.17606       181.93300      -14.076657       137.80519       25.258125
       117.23245
       0.0000000       109.00000      0.38016787       662.00000       290377.00
       6.4465017       2.6353903      0.45540974      0.45454544      0.41523331
      -130.57491       173.08159      -44.160492       135.79114       25.080078
       118.53935
       0.0000000       108.00000      0.39992696       665.00000       288450.00
       6.3754177       2.4428728      0.45284578      0.45454544      0.42932346
      -145.62357       154.28406      -59.576370       133.68117       24.884663
       123.49064
       1.0000000       108.00000      0.39992696      -1.0000000       1.0000000
     0.038285825      0.15599903      -1.0000000      -1.0000000      -1.0000000
      -1.0000000      -1.0000000      -1.0000000      -1.0000000      -1.0000000
      -1.0000000
       0.0000000       107.00000      0.41996893       672.00000       285223.00
       6.3091402       2.1852880      0.44659197      0.48571426      0.42330167
      -152.59479       142.84589      -58.704132       131.69112       24.444912
       126.60210
       0.0000000       106.00000      0.44029784       671.00000       282480.00
       6.2972918       2.0875139      0.43892857      0.42424244      0.40395060
      -163.05176       132.27893      -57.781391       131.00688       24.297071
       128.22095
       0.0000000       105.00000      0.46091780       675.00000       278651.00
       6.2782230       2.4014432      0.43854287      0.35483867      0.38065088
      -166.82123       126.99693      -49.187737       129.79669       24.678965
       129.68921
       0.0000000       104.00000      0.48183295       672.00000       274263.00
       6.1929269       2.1380169      0.43651000      0.38709676      0.40799662
      -173.93698       121.35574      -35.960026       129.32402       24.058367
       130.81471
       1.0000000       104.00000      0.48183295      -1.0000000       1.0000000
       0.0000000       0.0000000      -1.0000000      -1.0000000      -1.0000000
      -1.0000000      -1.0000000      -1.0000000      -1.0000000      -1.0000000
      -1.0000000
       0.0000000       103.00000      0.50304753       603.00000       262639.00
       6.1580687       2.1968083      0.42616633      0.43750000      0.40067714
      -170.00813       110.40441      -29.850403       129.16682       24.216848
       137.02617
       1.0000000       103.00000      0.50304753      -1.0000000       1.0000000
       0.0000000       0.0000000      -1.0000000      -1.0000000      -1.0000000
      -1.0000000      -1.0000000      -1.0000000      -1.0000000      -1.0000000
      -1.0000000
       0.0000000       102.00000      0.52456582       593.00000       258815.00
       6.1833181       2.0715218      0.43095019      0.40625006      0.37913996
      -182.27744       98.908562      -7.7008672       129.56502       24.415495
       136.77554
       0.0000000       101.00000      0.54639220       589.00000       254717.00
       6.1123552       1.7997714      0.43119135      0.48571426      0.38540098
      -177.43433       121.00989       9.8872061       128.79436       23.613037
       135.23904
       0.0000000       100.00000      0.57598084       584.00000       249907.00
       6.0911946       1.6095872      0.41874868      0.38709676      0.38486853
      -163.47472       129.69102       22.302994       127.96580       23.491085
       134.74309
       0.0000000       99.000000      0.59854329       619.00000       248498.00
       6.1048350       1.2598057      0.41521543      0.40625006      0.38029841
      -159.44344       126.80096       20.724609       129.38417       22.633181
       129.50359
       1.0000000       99.000000      0.59854329      -1.0000000       2.0000000
    0.0012618928     0.044654317      -1.0000000      -1.0000000      -1.0000000
      -1.0000000      -1.0000000      -1.0000000      -1.0000000      -1.0000000
      -1.0000000
       0.0000000       98.000000      0.62142873       571.00000       239288.00
       6.0864911      0.76663774      0.40404466      0.42424244      0.37107933
      -167.13718       113.27873       18.343534       131.48331       22.643806
       124.50320
       1.0000000       98.000000      0.62142873      -1.0000000       2.0000000
    0.0081507829      0.15061425      -1.0000000      -1.0000000      -1.0000000
      -1.0000000      -1.0000000      -1.0000000      -1.0000000      -1.0000000
      -1.0000000
       0.0000000       97.000000      0.64464182       831.00000       261982.00
       6.0239019       2.9128146      0.38871238      0.60465109      0.34411994
      -177.06180       112.31676       39.929615       136.59079       25.333429
       121.38508
       1.0000000       97.000000      0.64464182      -1.0000000       2.0000000
      0.50382552      0.36261070      -1.0000000      -1.0000000      -1.0000000
      -1.0000000      -1.0000000      -1.0000000      -1.0000000      -1.0000000
      -1.0000000
       0.0000000       96.000000      0.67611039       826.00000       257854.00
       5.0983315       4.4260559      0.46952152      0.22580642      0.35585383
      -52.315941       114.03485       191.40370       137.97226       26.934256
       128.09760
       2.0000000       96.000000      0.67611039      0.44713968       87.000000
       1.4232790       1.2393280      0.59778494      0.75675678      0.71568245
       294.36169       5.3424454       484.65024      -18123.963       4667.9775
      -15201.371
       0.0000000       95.000000      0.70010638       836.00000       254844.00
       5.0348797       4.4525580      0.45391151      0.24137926      0.46184042
       27.431183       221.39552       149.19720       143.77205       27.463352
       137.55748
       1.0000000       95.000000      0.70010638      -1.0000000       1.0000000
    0.0010567633     0.053989839      -1.0000000      -1.0000000      -1.0000000
      -1.0000000      -1.0000000      -1.0000000      -1.0000000      -1.0000000
      -1.0000000
       0.0000000       94.000000      0.73263615       856.00000       252262.00
       4.0530195       3.1402423      0.50757205      0.46875006      0.51463640
       58.274651       222.57680       62.714085       132.65833       18.916283
       147.97667
       0.0000000       93.000000      0.75744140       867.00000       248582.00
       3.9100420       2.5598395      0.49954927      0.43750000      0.45064071
       76.516151       218.91840       35.913559       131.25970       17.535908
       151.91339
       1.0000000       93.000000      0.75744140      -1.0000000       1.0000000
   0.00059651246     0.046644665      -1.0000000      -1.0000000      -1.0000000
      -1.0000000      -1.0000000      -1.0000000      -1.0000000      -1.0000000
      -1.0000000
       0.0000000       92.000000      0.79106826       892.00000       245321.00
       3.8425851       2.6053774      0.48736975      0.39393944      0.44117352
       122.83000       191.45930      -4.1562500       135.32008       17.998716
       144.17960
       0.0000000       91.000000      0.81671000       888.00000       241633.00
       3.8207147       2.6627703      0.48224187      0.43750000      0.44975129
       136.23685       176.39182      -4.7873325       141.27374       18.968603
       135.69269
       0.0000000       90.000000      0.85147089       889.00000       236841.00
       3.6740446       2.8803966      0.44101015      0.48571426      0.28524140
       128.07547       156.19302      -11.145920       152.79601       19.792200
       119.54854
       1.0000000       90.000000      0.85147089      -1.0000000       1.0000000
    0.0033032659     0.051180314      -1.0000000      -1.0000000      -1.0000000
      -1.0000000      -1.0000000      -1.0000000      -1.0000000      -1.0000000
      -1.0000000
       0.0000000       89.000000      0.88689691       857.00000       230828.00
       3.7018569       3.7219703      0.45387283      0.46875006      0.39547050
       140.34514       145.40230       8.8073187       162.35757       25.112997
       105.70380
       1.0000000       89.000000      0.88689691      -1.0000000       3.0000000
    0.0082529001      0.10867187      -1.0000000      -1.0000000      -1.0000000
      -1.0000000      -1.0000000      -1.0000000      -1.0000000      -1.0000000
      -1.0000000
       0.0000000       88.000000      0.92300081       835.00000       223674.00
       3.3031428       2.5883160      0.45863166      0.48387092      0.41066575
       155.40347       122.68865       35.748138       147.53194       18.429472
       123.57974
       1.0000000       88.000000      0.92300081      -1.0000000       1.0000000
    0.0072396374     0.049486741      -1.0000000      -1.0000000      -1.0000000
      -1.0000000      -1.0000000      -1.0000000      -1.0000000      -1.0000000
      -1.0000000
       0.0000000       87.000000      0.95053136       835.00000       220570.00
       3.1830747       2.9738035      0.46293601      0.43750000      0.43493485
       179.16011       108.75924      -1.4636517       138.74554       18.069811
       133.84868
       1.0000000       87.000000      0.95053136      -1.0000000       4.0000000
     0.010598760      0.11437157      -1.0000000      -1.0000000      -1.0000000
      -1.0000000      -1.0000000      -1.0000000      -1.0000000      -1.0000000
      -1.0000000
       0.0000000       86.000000      0.98785281       850.00000       216906.00
       3.0091879       3.2062452      0.44711271      0.46875006      0.32481220
       133.01701       117.91221      -69.657707       133.02367       17.436256
       129.53441
       1.0000000       86.000000      0.98785281      -1.0000000       1.0000000
       0.0000000       0.0000000      -1.0000000      -1.0000000      -1.0000000
      -1.0000000      -1.0000000      -1.0000000      -1.0000000      -1.0000000
      -1.0000000
       0.0000000       85.000000      0.99729425       846.00000       215026.00
       2.9411275       3.1285036      0.45033115      0.41935480      0.29175910
       114.98120       118.51707      -66.702141       131.37050       16.903412
       124.95866
       1.0000000       85.000000      0.99729425      -1.0000000       1.0000000
       0.0000000       0.0000000      -1.0000000      -1.0000000      -1.0000000
      -1.0000000      -1.0000000      -1.0000000      -1.0000000      -1.0000000
      -1.0000000
       0.0000000       84.000000       1.0355104       842.00000       209967.00
       2.7462022       2.5636642      0.41500390      0.40625006      0.29435131
       69.901123       135.91624      -30.628366       127.68079       15.471005
       128.91388
       1.0000000       84.000000       1.0355104      -1.0000000       2.0000000
    0.0040707835     0.045745511      -1.0000000      -1.0000000      -1.0000000
      -1.0000000      -1.0000000      -1.0000000      -1.0000000      -1.0000000
      -1.0000000
       0.0000000       83.000000       1.0744579       836.00000       204046.00
       2.6379483       2.4178460      0.41434419      0.28571427      0.28791344
       17.608545       156.53128       5.9166188       127.10889       14.870560
       140.09419
       1.0000000       83.000000       1.0744579      -1.0000000       4.0000000
     0.044087458      0.31992065      -1.0000000      -1.0000000      -1.0000000
      -1.0000000      -1.0000000      -1.0000000      -1.0000000      -1.0000000
      -1.0000000
       0.0000000       82.000000       1.1141505       822.00000       197334.00
       2.4881115       2.3176370      0.40272617      0.22580642      0.31738335
       12.653584       129.03986       42.368195       127.48392       14.091266
       153.40382
       1.0000000       82.000000       1.1141505      -1.0000000       3.0000000
   0.00075504294     0.020153372      -1.0000000      -1.0000000      -1.0000000
      -1.0000000      -1.0000000      -1.0000000      -1.0000000      -1.0000000
      -1.0000000
       0.0000000       81.000000       1.1546028       821.00000       193386.00
       2.3358297       2.6623352      0.36287308      0.35294116      0.26823226
      -3.9975834       99.926926       76.293892       127.78791       13.937893
       154.43559
       1.0000000       81.000000       1.1546028      -1.0000000       3.0000000
     0.016888661      0.11343704      -1.0000000      -1.0000000      -1.0000000
      -1.0000000      -1.0000000      -1.0000000      -1.0000000      -1.0000000
      -1.0000000
       0.0000000       80.000000       1.2062581       821.00000       186003.00
       2.2725847       2.3066671      0.41682205      0.18750012      0.26324862
      -53.206692       69.020576       148.22803       129.09666       16.101542
       144.02727
       1.0000000       80.000000       1.2062581      -1.0000000       2.0000000
   0.00019350951    0.0076036961      -1.0000000      -1.0000000      -1.0000000
      -1.0000000      -1.0000000      -1.0000000      -1.0000000      -1.0000000
      -1.0000000
       0.0000000       79.000000       1.2484726       794.00000       179776.00
       2.3022292       1.3296164      0.43035895      0.45945948      0.53469849
      -36.261578       29.229095       166.81303       133.49371       12.824903
       134.46138
       1.0000000       79.000000       1.2484726      -1.0000000       1.0000000
    0.0099573145    0.0041743466      -1.0000000      -1.0000000      -1.0000000
      -1.0000000      -1.0000000      -1.0000000      -1.0000000      -1.0000000
      -1.0000000
       0.0000000       78.000000       1.3023784       1135.0000       197382.00
       1.8032005       2.2807953      0.49897084      0.47058821      0.49668127
      -63.768684      -18.104374       177.45332       133.88527       10.848311
       127.67513
       2.0000000       78.000000       1.3023784      0.32767847       75.000000
      0.41690174      0.68033808      -1.0000000      -1.0000000      -1.0000000
      -1.0000000      -1.0000000      -1.0000000      -1.0000000      -1.0000000
      -1.0000000
       1.0000000       78.000000       1.3023784      -1.0000000       4.0000000
    0.0063906424      0.15427412      -1.0000000      -1.0000000      -1.0000000
      -1.0000000      -1.0000000      -1.0000000      -1.0000000      -1.0000000
      -1.0000000
       0.0000000       77.000000       1.3575766       1151.0000       191859.00
       1.6183618       1.9357274      0.51267552      0.50000000      0.48768732
      -137.36926      -2.6007130       144.42859       139.28227       10.149705
       120.49476
       1.0000000       77.000000       1.3575766      -1.0000000       3.0000000
    0.0016594360     0.049513072      -1.0000000      -1.0000000      -1.0000000
      -1.0000000      -1.0000000      -1.0000000      -1.0000000      -1.0000000
      -1.0000000
       0.0000000       76.000000       1.4140983       1150.0000       185634.00
       1.6047682       2.7781153      0.44871891      0.42857140      0.41218495
      -171.19447       33.172371       92.400139       148.14915       13.065584
       106.36230
       1.0000000       76.000000       1.4140983      -1.0000000       1.0000000
    0.0032535926     0.052017402      -1.0000000      -1.0000000      -1.0000000
      -1.0000000      -1.0000000      -1.0000000      -1.0000000      -1.0000000
      -1.0000000
       0.0000000       75.000000       1.4719748       1176.0000       180495.00
       1.2722890       2.4209774      0.41527614      0.45454544      0.37008831
      -145.20197       21.915230       26.251894       135.00302       11.448274
       119.13573
       1.0000000       75.000000       1.4719748      -1.0000000       2.0000000
     0.086159450      0.53907900      -1.0000000      -1.0000000      -1.0000000
      -1.0000000      -1.0000000      -1.0000000      -1.0000000      -1.0000000
      -1.0000000
       0.0000000       74.000000       1.5312390      -1.0000000       174915.00
       1.1415346       1.8870362      -1.0000000      -1.0000000      -1.0000000
      -1.0000000      -1.0000000      -1.0000000       124.13621       9.0906916
       127.93161
       1.0000000       74.000000       1.5312390      -1.0000000       2.0000000
       0.0000000       0.0000000      -1.0000000      -1.0000000      -1.0000000
      -1.0000000      -1.0000000      -1.0000000      -1.0000000      -1.0000000
      -1.0000000
       0.0000000       73.000000       1.6042346      -1.0000000       166893.00
      0.99766332       1.2406101      -1.0000000      -1.0000000      -1.0000000
      -1.0000000      -1.0000000      -1.0000000       117.57283       7.4516606
       120.50372
       1.0000000       73.000000       1.6042346      -1.0000000       2.0000000
   0.00030994200     0.041014992      -1.0000000      -1.0000000      -1.0000000
      -1.0000000      -1.0000000      -1.0000000      -1.0000000      -1.0000000
      -1.0000000
       0.0000000       72.000000       1.6666696      -1.0000000       166708.00
      0.93851280       1.4420638      -1.0000000      -1.0000000      -1.0000000
      -1.0000000      -1.0000000      -1.0000000       120.42154       8.2370844
       109.11555
       1.0000000       72.000000       1.6666696      -1.0000000       1.0000000
   0.00025009410       0.0000000      -1.0000000      -1.0000000      -1.0000000
      -1.0000000      -1.0000000      -1.0000000      -1.0000000      -1.0000000
      -1.0000000
       0.0000000       71.000000       1.7435706      -1.0000000       157091.00
      0.86895329       1.5372490      -1.0000000      -1.0000000      -1.0000000
      -1.0000000      -1.0000000      -1.0000000       122.77065       8.4061270
       100.20330
       1.0000000       71.000000       1.7435706      -1.0000000       1.0000000
   0.00054230657       0.0000000      -1.0000000      -1.0000000      -1.0000000
      -1.0000000      -1.0000000      -1.0000000      -1.0000000      -1.0000000
      -1.0000000
       0.0000000       70.000000       1.8226893      -1.0000000       152384.00
      0.79007298       1.5640608      -1.0000000      -1.0000000      -1.0000000
      -1.0000000      -1.0000000      -1.0000000       112.17212       6.8765202
       116.61855
       0.0000000       69.000000       1.9040896      -1.0000000       149725.00
      0.69064534       1.0121151      -1.0000000      -1.0000000      -1.0000000
      -1.0000000      -1.0000000      -1.0000000       106.07833       5.4547925
       103.73371
       1.0000000       69.000000       1.9040896      -1.0000000       1.0000000
       0.0000000       0.0000000      -1.0000000      -1.0000000      -1.0000000
      -1.0000000      -1.0000000      -1.0000000      -1.0000000      -1.0000000
      -1.0000000
       0.0000000       68.000000       2.0020282      -1.0000000       141776.00
      0.60976481       1.1253413      -1.0000000      -1.0000000      -1.0000000
      -1.0000000      -1.0000000      -1.0000000       105.67799       5.6354585
       97.814819
       1.0000000       68.000000       2.0020282      -1.0000000       1.0000000
   0.00079220394     0.020955058      -1.0000000      -1.0000000      -1.0000000
      -1.0000000      -1.0000000      -1.0000000      -1.0000000      -1.0000000
      -1.0000000
       0.0000000       67.000000       2.1032696      -1.0000000       152699.00
      0.53842956       1.0156037      -1.0000000      -1.0000000      -1.0000000
      -1.0000000      -1.0000000      -1.0000000       100.08804       5.5357599
       98.917267
       1.0000000       67.000000       2.1032696      -1.0000000       2.0000000
   0.00073303771     0.034595910      -1.0000000      -1.0000000      -1.0000000
      -1.0000000      -1.0000000      -1.0000000      -1.0000000      -1.0000000
      -1.0000000
       0.0000000       66.000000       2.2079256      -1.0000000       142063.00
      0.49762416      0.77359962      -1.0000000      -1.0000000      -1.0000000
      -1.0000000      -1.0000000      -1.0000000       94.999107       5.0349927
       108.93011
       1.0000000       66.000000       2.2079256      -1.0000000       2.0000000
       0.0000000       0.0000000      -1.0000000      -1.0000000      -1.0000000
      -1.0000000      -1.0000000      -1.0000000      -1.0000000      -1.0000000
      -1.0000000
       0.0000000       65.000000       2.3161108      -1.0000000       139574.00
      0.48825264      0.36193934      -1.0000000      -1.0000000      -1.0000000
      -1.0000000      -1.0000000      -1.0000000       94.345718       4.9671488
       106.50285
       1.0000000       65.000000       2.3161108      -1.0000000       1.0000000
   0.00035518955   0.00078253116      -1.0000000      -1.0000000      -1.0000000
      -1.0000000      -1.0000000      -1.0000000      -1.0000000      -1.0000000
      -1.0000000
       0.0000000       64.000000       2.4442258      -1.0000000       150435.00
      0.49150711      0.91956776      -1.0000000      -1.0000000      -1.0000000
      -1.0000000      -1.0000000      -1.0000000       104.67086       5.8823733
       85.937302
       1.0000000       64.000000       2.4442258      -1.0000000       1.0000000
       0.0000000       0.0000000      -1.0000000      -1.0000000      -1.0000000
      -1.0000000      -1.0000000      -1.0000000      -1.0000000      -1.0000000
      -1.0000000
       0.0000000       63.000000       2.5772903      -1.0000000       144470.00
      0.31348446       1.5876155      -1.0000000      -1.0000000      -1.0000000
      -1.0000000      -1.0000000      -1.0000000       116.25342       6.7277360
       67.419662
       1.0000000       63.000000       2.5772903      -1.0000000       2.0000000
       0.0000000       0.0000000      -1.0000000      -1.0000000      -1.0000000
      -1.0000000      -1.0000000      -1.0000000      -1.0000000      -1.0000000
      -1.0000000
       0.0000000       62.000000       2.7331426      -1.0000000       133886.00
      0.22365862      0.54673451      -1.0000000      -1.0000000      -1.0000000
      -1.0000000      -1.0000000      -1.0000000       101.74416       2.8250408
       87.962433
       1.0000000       62.000000       2.7331426      -1.0000000       1.0000000
     0.047510743      0.18116622      -1.0000000      -1.0000000      -1.0000000
      -1.0000000      -1.0000000      -1.0000000      -1.0000000      -1.0000000
      -1.0000000
       0.0000000       61.000000       2.8957851      -1.0000000       121973.00
      0.20151763      0.48146999      -1.0000000      -1.0000000      -1.0000000
      -1.0000000      -1.0000000      -1.0000000       89.067566       2.8433967
       88.996819
       1.0000000       61.000000       2.8957851      -1.0000000       4.0000000
   0.00075301397    0.0083168210      -1.0000000      -1.0000000      -1.0000000
      -1.0000000      -1.0000000      -1.0000000      -1.0000000      -1.0000000
      -1.0000000
       0.0000000       60.000000       3.0081310      -1.0000000       114035.00
      0.17643839      0.50056279      -1.0000000      -1.0000000      -1.0000000
      -1.0000000      -1.0000000      -1.0000000       86.589127       2.5611911
       89.233398
       0.0000000       59.000000       3.0848227      -1.0000000       109492.00
      0.16752404      0.37089580      -1.0000000      -1.0000000      -1.0000000
      -1.0000000      -1.0000000      -1.0000000       86.909203       2.3912611
       85.248825
       1.0000000       59.000000       3.0848227      -1.0000000       1.0000000
   0.00037733756     0.013126693      -1.0000000      -1.0000000      -1.0000000
      -1.0000000      -1.0000000      -1.0000000      -1.0000000      -1.0000000
      -1.0000000
       0.0000000       58.000000       3.2830331      -1.0000000       100751.00
      0.14077544      0.56136221      -1.0000000      -1.0000000      -1.0000000
      -1.0000000      -1.0000000      -1.0000000       90.211105       2.5555274
       83.244637
       1.0000000       58.000000       3.2830331      -1.0000000       1.0000000
    0.0011696551       0.0000000      -1.0000000      -1.0000000      -1.0000000
      -1.0000000      -1.0000000      -1.0000000      -1.0000000      -1.0000000
      -1.0000000
       0.0000000       57.000000       3.4908614      -1.0000000       108304.00
      0.11690506      0.45212668      -1.0000000      -1.0000000      -1.0000000
      -1.0000000      -1.0000000      -1.0000000       90.004440       2.6271687
       76.071419
       1.0000000       57.000000       3.4908614      -1.0000000       3.0000000
       0.0000000       0.0000000      -1.0000000      -1.0000000      -1.0000000
      -1.0000000      -1.0000000      -1.0000000      -1.0000000      -1.0000000
      -1.0000000
