       0.0000000       135.00000       0.0000000       1778.0000       432348.00
       3.0957575       4.2373734      0.49804699      0.62500000      0.65045130
       99.078316      -253.03625      -100.65135       95.480003       21.829897
       65.192215
       0.0000000       134.00000    0.0095216669      -1.0000000       426388.00
       2.9335108       3.8946970      -1.0000000      -1.0000000      -1.0000000
      -1.0000000      -1.0000000      -1.0000000       96.474586       20.502676
       66.205956
       1.0000000       134.00000    0.0095216669      -1.0000000       8.0000000
    0.0043486641      0.18435116      -1.0000000      -1.0000000      -1.0000000
      -1.0000000      -1.0000000      -1.0000000      -1.0000000      -1.0000000
      -1.0000000
       0.0000000       132.00000     0.033724371       1774.0000       425419.00
       2.9464097       4.3218374      0.49362749      0.71428573      0.60700297
       64.054085      -269.65622      -82.606865       96.369179       22.339931
       66.230972
       1.0000000       132.00000     0.033724371      -1.0000000       2.0000000
    0.0081074061      0.15520167      -1.0000000      -1.0000000      -1.0000000
      -1.0000000      -1.0000000      -1.0000000      -1.0000000      -1.0000000
      -1.0000000
       0.0000000       131.00000     0.048523631       1787.0000       422020.00
       2.9256048       3.9468439      0.48622328      0.69696975      0.63788432
       62.527489      -270.28827      -107.56113       95.708527       21.141247
       67.419640
       1.0000000       131.00000     0.048523631      -1.0000000       5.0000000
     0.012987630      0.11642590      -1.0000000      -1.0000000      -1.0000000
      -1.0000000      -1.0000000      -1.0000000      -1.0000000      -1.0000000
      -1.0000000
       0.0000000       130.00000     0.058507323       1806.0000       420158.00
       2.8668196       3.8199174      0.48337919      0.65714288      0.56631076
       46.624691      -260.36414      -131.81831       96.246620       20.492094
       68.039413
       1.0000000       130.00000     0.058507323      -1.0000000       4.0000000
    0.0081010330      0.17761829      -1.0000000      -1.0000000      -1.0000000
      -1.0000000      -1.0000000      -1.0000000      -1.0000000      -1.0000000
      -1.0000000
       0.0000000       129.00000     0.073661387       1807.0000       417366.00
       2.8020425       4.0953074      0.48051849      0.66666663      0.61324203
       48.692520      -239.56503      -154.06662       95.411003       21.259462
       68.336700
       1.0000000       129.00000     0.073661387      -1.0000000       3.0000000
     0.012249580      0.13162324      -1.0000000      -1.0000000      -1.0000000
      -1.0000000      -1.0000000      -1.0000000      -1.0000000      -1.0000000
      -1.0000000
       0.0000000       128.00000     0.083884433       1813.0000       415142.00
       2.7505629       4.0986476      0.46967125      0.66666663      0.58937973
       52.755909      -227.71220      -158.98257       95.141060       20.979603
       68.857597
       1.0000000       128.00000     0.083884433      -1.0000000       1.0000000
       0.0000000       0.0000000      -1.0000000      -1.0000000      -1.0000000
      -1.0000000      -1.0000000      -1.0000000      -1.0000000      -1.0000000
      -1.0000000
       0.0000000       127.00000     0.099401802       1817.0000       413045.00
       2.6577392       4.3909321      0.47027093      0.70270270      0.56147927
       74.012459      -211.02206      -154.42514       94.483841       20.831484
       70.286705
       1.0000000       127.00000     0.099401802      -1.0000000       1.0000000
       0.0000000       0.0000000      -1.0000000      -1.0000000      -1.0000000
      -1.0000000      -1.0000000      -1.0000000      -1.0000000      -1.0000000
      -1.0000000
       0.0000000       126.00000      0.10986994       1823.0000       411301.00
       2.6781027       4.2137771      0.47175479      0.72972977      0.63868439
       90.894630      -205.80954      -146.77184       94.283363       20.905787
       70.405045
       1.0000000       126.00000      0.10986994      -1.0000000       4.0000000
    0.0070024002     0.046308264      -1.0000000      -1.0000000      -1.0000000
      -1.0000000      -1.0000000      -1.0000000      -1.0000000      -1.0000000
      -1.0000000
       0.0000000       125.00000      0.12575933       1842.0000       409829.00
       2.6133561       3.6914217      0.44944876      0.67741930      0.57737094
       85.253876      -219.48015      -108.79287       95.012146       20.820330
       70.960258
       1.0000000       125.00000      0.12575933      -1.0000000       5.0000000
     0.026129346      0.19565260      -1.0000000      -1.0000000      -1.0000000
      -1.0000000      -1.0000000      -1.0000000      -1.0000000      -1.0000000
      -1.0000000
       0.0000000       124.00000      0.14187621       1882.0000       407865.00
       2.4826136       4.4103527      0.43477607      0.67567563      0.60092247
       63.109818      -225.19572      -100.89783       97.470482       20.470358
       69.311386
       1.0000000       124.00000      0.14187621      -1.0000000       1.0000000
     0.012512222     0.065194994      -1.0000000      -1.0000000      -1.0000000
      -1.0000000      -1.0000000      -1.0000000      -1.0000000      -1.0000000
      -1.0000000
       0.0000000       123.00000      0.15274876       1883.0000       406310.00
       2.4722583       4.8227243      0.43003190      0.75000000      0.55877197
       28.418293      -220.29324      -87.524063       98.155655       20.984476
       68.534523
       1.0000000       123.00000      0.15274876      -1.0000000       1.0000000
     0.019677410      0.25741446      -1.0000000      -1.0000000      -1.0000000
      -1.0000000      -1.0000000      -1.0000000      -1.0000000      -1.0000000
      -1.0000000
       0.0000000       122.00000      0.16925204       1905.0000       404041.00
       2.5053773       4.8555131      0.44162667      0.66666669      0.56102264
       29.844061      -217.31897      -102.96076       98.277634       21.498796
       66.647667
       1.0000000       122.00000      0.16925204      -1.0000000       3.0000000
    0.0013150234     0.094999883      -1.0000000      -1.0000000      -1.0000000
      -1.0000000      -1.0000000      -1.0000000      -1.0000000      -1.0000000
      -1.0000000
       0.0000000       121.00000      0.18038526       1917.0000       401676.00
       2.5137620       4.5521245      0.43937558      0.62500000      0.52657706
       33.217712      -225.62732      -107.73917       99.266670       22.175142
       67.319328
       1.0000000       121.00000      0.18038526      -1.0000000       1.0000000
   0.00019984170    0.0088712759      -1.0000000      -1.0000000      -1.0000000
      -1.0000000      -1.0000000      -1.0000000      -1.0000000      -1.0000000
      -1.0000000
       0.0000000       120.00000      0.19728418       1932.0000       398952.00
       2.3949704       4.2203975      0.44114986      0.65714288      0.55733496
       26.978926      -221.47231      -110.09097       101.99560       20.763294
       66.567596
       1.0000000       120.00000      0.19728418      -1.0000000       2.0000000
   0.00060617726     0.013966092      -1.0000000      -1.0000000      -1.0000000
      -1.0000000      -1.0000000      -1.0000000      -1.0000000      -1.0000000
      -1.0000000
       0.0000000       119.00000      0.21442504       1946.0000       396587.00
       2.3492048       4.5622654      0.43679529      0.56666672      0.51150912
       22.332533      -214.01399      -94.027679       100.09560       21.264189
       68.007706
       0.0000000       118.00000      0.22598839       1951.0000       394985.00
       2.2953296       3.7521513      0.41134027      0.62500000      0.53801930
       10.865825      -202.11369      -89.097023       97.873077       19.575397
       71.044533
       1.0000000       118.00000      0.22598839      -1.0000000       3.0000000
    0.0067103696     0.053541284      -1.0000000      -1.0000000      -1.0000000
      -1.0000000      -1.0000000      -1.0000000      -1.0000000      -1.0000000
      -1.0000000
       0.0000000       117.00000      0.24354018       1972.0000       391452.00
       2.2650359       3.8811684      0.40541482      0.67567563      0.45547518
       3.3725796      -205.59280      -104.21062       96.859413       19.772446
       72.138939
       1.0000000       117.00000      0.24354018      -1.0000000       1.0000000
    0.0067103696     0.053541284      -1.0000000      -1.0000000      -1.0000000
      -1.0000000      -1.0000000      -1.0000000      -1.0000000      -1.0000000
      -1.0000000
       0.0000000       116.00000      0.26134327       1983.0000       388411.00
       2.1896715       3.7186031      0.43111271      0.61290324      0.50049818
      -5.1403456      -195.26875      -130.15546       97.182686       18.834970
       72.485016
       1.0000000       116.00000      0.26134327      -1.0000000       2.0000000
     0.012951464      0.15186697      -1.0000000      -1.0000000      -1.0000000
      -1.0000000      -1.0000000      -1.0000000      -1.0000000      -1.0000000
      -1.0000000
       0.0000000       115.00000      0.27335334       1979.0000       385691.00
       2.1604903       3.7666366      0.44690314      0.62500000      0.50478983
       4.9035015      -196.11487      -124.34174       96.898140       18.481813
       72.936462
       0.0000000       114.00000      0.29158324       2011.0000       383469.00
       2.0491838       3.9457073      0.42214260      0.68571424      0.54962707
       19.300335      -190.40231      -108.39120       96.458702       18.277149
       73.501518
       1.0000000       114.00000      0.29158324      -1.0000000       2.0000000
   0.00052521238     0.023128089      -1.0000000      -1.0000000      -1.0000000
      -1.0000000      -1.0000000      -1.0000000      -1.0000000      -1.0000000
      -1.0000000
       0.0000000       113.00000      0.31007412       2001.0000       379959.00
       1.9801710       3.3942919      0.44046640      0.72727275      0.51714498
       24.720568      -196.50343      -81.195244       95.895912       17.495766
       74.767593
       1.0000000       113.00000      0.31007412      -1.0000000       1.0000000
       0.0000000       0.0000000      -1.0000000      -1.0000000      -1.0000000
      -1.0000000      -1.0000000      -1.0000000      -1.0000000      -1.0000000
      -1.0000000
       0.0000000       112.00000      0.32882974       2023.0000       375844.00
       1.9531428       2.6614807      0.44427612      0.64705884      0.55014175
      -13.162458      -193.60703      -94.093582       95.230270       16.215494
       75.716812
       1.0000000       112.00000      0.32882974      -1.0000000       2.0000000
    0.0013066755     0.060931399      -1.0000000      -1.0000000      -1.0000000
      -1.0000000      -1.0000000      -1.0000000      -1.0000000      -1.0000000
      -1.0000000
       0.0000000       111.00000      0.34785384       2036.0000       373603.00
       1.8942685       2.5980833      0.45222008      0.63636363      0.57046050
      -18.579187      -189.39888      -110.54514       94.253044       16.280479
       76.976379
       0.0000000       110.00000      0.36068764       2051.0000       372252.00
       1.9243864       2.7802360      0.44939014      0.51724136      0.54354841
      -27.859488      -193.44037      -119.59015       94.658226       17.042618
       76.913963
       1.0000000       110.00000      0.36068764      -1.0000000       1.0000000
    0.0029119761     0.048123736      -1.0000000      -1.0000000      -1.0000000
      -1.0000000      -1.0000000      -1.0000000      -1.0000000      -1.0000000
      -1.0000000
       0.0000000       109.00000      0.38016787       2062.0000       369365.00
       1.8704948       3.0160906      0.46964622      0.51724136      0.54451507
      -25.056761      -180.92966      -133.56854       96.428192       16.100418
       76.380501
       1.0000000       109.00000      0.38016787      -1.0000000       3.0000000
    0.0042789720      0.10848272      -1.0000000      -1.0000000      -1.0000000
      -1.0000000      -1.0000000      -1.0000000      -1.0000000      -1.0000000
      -1.0000000
       0.0000000       108.00000      0.39992696       2168.0000       370589.00
       1.8153819       3.6240366      0.45757863      0.59375006      0.59116054
       2.7090204      -169.52937      -147.85660       96.393890       17.280151
       77.246567
       1.0000000       108.00000      0.39992696      -1.0000000       3.0000000
    0.0084986212     0.069752529      -1.0000000      -1.0000000      -1.0000000
      -1.0000000      -1.0000000      -1.0000000      -1.0000000      -1.0000000
      -1.0000000
       0.0000000       107.00000      0.41996893       2184.0000       367255.00
       1.7422849       3.2030385      0.44538176      0.69767439      0.55316508
       36.310749      -153.76878      -156.13277       96.476501       15.902384
       79.368599
       1.0000000       107.00000      0.41996893      -1.0000000       2.0000000
     0.074635051      0.17575742      -1.0000000      -1.0000000      -1.0000000
      -1.0000000      -1.0000000      -1.0000000      -1.0000000      -1.0000000
      -1.0000000
       0.0000000       106.00000      0.44029784       2174.0000       364174.00
       1.7128917       3.0275679      0.44254494      0.65714288      0.60167241
       51.537357      -142.34135      -142.72249       95.319008       15.691257
       81.442017
       1.0000000       106.00000      0.44029784      -1.0000000       3.0000000
    0.0010588110      0.16153094      -1.0000000      -1.0000000      -1.0000000
      -1.0000000      -1.0000000      -1.0000000      -1.0000000      -1.0000000
      -1.0000000
       0.0000000       105.00000      0.46091780       2184.0000       360323.00
       1.6438686       2.5588167      0.44634372      0.61290324      0.56820840
       47.650364      -149.53401      -110.69347       93.584732       14.998794
       82.671051
       1.0000000       105.00000      0.46091780      -1.0000000       2.0000000
   0.00054423156     0.011587326      -1.0000000      -1.0000000      -1.0000000
      -1.0000000      -1.0000000      -1.0000000      -1.0000000      -1.0000000
      -1.0000000
       0.0000000       104.00000      0.48183295       2205.0000       356960.00
       1.5906807       2.4984796      0.44527620      0.62857145      0.58284175
       39.433430      -143.27647      -106.02021       94.455704       14.114952
       83.295959
       1.0000000       104.00000      0.48183295      -1.0000000       2.0000000
       0.0000000       0.0000000      -1.0000000      -1.0000000      -1.0000000
      -1.0000000      -1.0000000      -1.0000000      -1.0000000      -1.0000000
      -1.0000000
       0.0000000       103.00000      0.50304753       2235.0000       353427.00
       1.5383519       2.3559813      0.44308367      0.61290324      0.55326253
       38.986702      -138.99176      -102.60366       96.500351       13.770446
       80.804718
       1.0000000       103.00000      0.50304753      -1.0000000       1.0000000
    0.0012486981     0.026830452      -1.0000000      -1.0000000      -1.0000000
      -1.0000000      -1.0000000      -1.0000000      -1.0000000      -1.0000000
      -1.0000000
       0.0000000       102.00000      0.52456582      -1.0000000       352396.00
       1.5480350       2.7058628      -1.0000000      -1.0000000      -1.0000000
      -1.0000000      -1.0000000      -1.0000000       99.303947       14.795113
       77.579063
       1.0000000       102.00000      0.52456582      -1.0000000       1.0000000
       0.0000000       0.0000000      -1.0000000      -1.0000000      -1.0000000
      -1.0000000      -1.0000000      -1.0000000      -1.0000000      -1.0000000
      -1.0000000
       0.0000000       101.00000      0.54639220      -1.0000000       350132.00
       1.5114887       2.7308724      -1.0000000      -1.0000000      -1.0000000
      -1.0000000      -1.0000000      -1.0000000       102.77156       14.976467
       73.305138
       0.0000000       100.00000      0.57598084      -1.0000000       347238.00
       1.4938655       2.9982116      -1.0000000      -1.0000000      -1.0000000
      -1.0000000      -1.0000000      -1.0000000       105.35126       14.956260
       70.581810
       1.0000000       100.00000      0.57598084      -1.0000000       1.0000000
       0.0000000       0.0000000      -1.0000000      -1.0000000      -1.0000000
      -1.0000000      -1.0000000      -1.0000000      -1.0000000      -1.0000000
      -1.0000000
       0.0000000       99.000000      0.59854329      -1.0000000       343390.00
       1.3768189       2.6322703      -1.0000000      -1.0000000      -1.0000000
      -1.0000000      -1.0000000      -1.0000000       97.946396       12.817404
       80.260796
       1.0000000       99.000000      0.59854329      -1.0000000       1.0000000
       0.0000000       0.0000000      -1.0000000      -1.0000000      -1.0000000
      -1.0000000      -1.0000000      -1.0000000      -1.0000000      -1.0000000
      -1.0000000
       0.0000000       98.000000      0.62142873      -1.0000000       341084.00
       1.3348205       1.7943974      -1.0000000      -1.0000000      -1.0000000
      -1.0000000      -1.0000000      -1.0000000       93.639214       11.799753
       81.459770
       1.0000000       98.000000      0.62142873      -1.0000000       4.0000000
    0.0038465756      0.11341985      -1.0000000      -1.0000000      -1.0000000
      -1.0000000      -1.0000000      -1.0000000      -1.0000000      -1.0000000
      -1.0000000
       0.0000000       97.000000      0.64464182      -1.0000000       338433.00
       1.2934706       1.5367121      -1.0000000      -1.0000000      -1.0000000
      -1.0000000      -1.0000000      -1.0000000       91.691177       10.696582
       82.628189
       1.0000000       97.000000      0.64464182      -1.0000000       1.0000000
   0.00049709348       0.0000000      -1.0000000      -1.0000000      -1.0000000
      -1.0000000      -1.0000000      -1.0000000      -1.0000000      -1.0000000
      -1.0000000
       0.0000000       96.000000      0.67611039      -1.0000000       335664.00
       1.2798606       1.9039958      -1.0000000      -1.0000000      -1.0000000
      -1.0000000      -1.0000000      -1.0000000       89.965881       11.269451
       84.014183
       1.0000000       96.000000      0.67611039      -1.0000000       1.0000000
   0.00049709348       0.0000000      -1.0000000      -1.0000000      -1.0000000
      -1.0000000      -1.0000000      -1.0000000      -1.0000000      -1.0000000
      -1.0000000
       0.0000000       95.000000      0.70010638      -1.0000000       333036.00
       1.2082603       1.5262884      -1.0000000      -1.0000000      -1.0000000
      -1.0000000      -1.0000000      -1.0000000       89.770973       10.083646
       84.455200
       1.0000000       95.000000      0.70010638      -1.0000000       3.0000000
    0.0076914963     0.097303368      -1.0000000      -1.0000000      -1.0000000
      -1.0000000      -1.0000000      -1.0000000      -1.0000000      -1.0000000
      -1.0000000
       0.0000000       94.000000      0.73263615      -1.0000000       330238.00
       1.1927966       1.5327277      -1.0000000      -1.0000000      -1.0000000
      -1.0000000      -1.0000000      -1.0000000       90.170372       10.122845
       83.079521
       1.0000000       94.000000      0.73263615      -1.0000000       1.0000000
       0.0000000       0.0000000      -1.0000000      -1.0000000      -1.0000000
      -1.0000000      -1.0000000      -1.0000000      -1.0000000      -1.0000000
      -1.0000000
       0.0000000       93.000000      0.75744140      -1.0000000       326834.00
       1.1859120       1.6502775      -1.0000000      -1.0000000      -1.0000000
      -1.0000000      -1.0000000      -1.0000000       90.115181       10.335591
       82.344872
       1.0000000       93.000000      0.75744140      -1.0000000       1.0000000
       0.0000000       0.0000000      -1.0000000      -1.0000000      -1.0000000
      -1.0000000      -1.0000000      -1.0000000      -1.0000000      -1.0000000
      -1.0000000
       0.0000000       92.000000      0.79106826      -1.0000000       332469.00
       1.1613026       1.5540148      -1.0000000      -1.0000000      -1.0000000
      -1.0000000      -1.0000000      -1.0000000       91.989220       9.8621273
       78.239838
       1.0000000       92.000000      0.79106826      -1.0000000       1.0000000
    0.0051819854     0.032642990      -1.0000000      -1.0000000      -1.0000000
      -1.0000000      -1.0000000      -1.0000000      -1.0000000      -1.0000000
      -1.0000000
       0.0000000       91.000000      0.81671000      -1.0000000       329696.00
       1.0870875       1.6726226      -1.0000000      -1.0000000      -1.0000000
      -1.0000000      -1.0000000      -1.0000000       92.778275       9.5808582
       78.927628
       1.0000000       91.000000      0.81671000      -1.0000000       2.0000000
     0.015322688      0.16135190      -1.0000000      -1.0000000      -1.0000000
      -1.0000000      -1.0000000      -1.0000000      -1.0000000      -1.0000000
      -1.0000000
       0.0000000       90.000000      0.85147089      -1.0000000       326557.00
       1.0428307       1.6588138      -1.0000000      -1.0000000      -1.0000000
      -1.0000000      -1.0000000      -1.0000000       91.791405       9.0950470
       79.991455
       1.0000000       90.000000      0.85147089      -1.0000000       1.0000000
    0.0076613440     0.080675952      -1.0000000      -1.0000000      -1.0000000
      -1.0000000      -1.0000000      -1.0000000      -1.0000000      -1.0000000
      -1.0000000
       0.0000000       89.000000      0.88689691      -1.0000000       322219.00
      0.96787751       1.3448387      -1.0000000      -1.0000000      -1.0000000
      -1.0000000      -1.0000000      -1.0000000       89.932007       8.3616686
       82.461456
       1.0000000       89.000000      0.88689691      -1.0000000       1.0000000
   0.00043582651     0.021622630      -1.0000000      -1.0000000      -1.0000000
      -1.0000000      -1.0000000      -1.0000000      -1.0000000      -1.0000000
      -1.0000000
       0.0000000       88.000000      0.92300081      -1.0000000       317890.00
      0.98309422       1.2027854      -1.0000000      -1.0000000      -1.0000000
      -1.0000000      -1.0000000      -1.0000000       89.137436       8.1790934
       84.669090
       1.0000000       88.000000      0.92300081      -1.0000000       1.0000000
   0.00023684440     0.031471003      -1.0000000      -1.0000000      -1.0000000
      -1.0000000      -1.0000000      -1.0000000      -1.0000000      -1.0000000
      -1.0000000
       0.0000000       87.000000      0.95053136      -1.0000000       314994.00
      0.94777507       1.2847717      -1.0000000      -1.0000000      -1.0000000
      -1.0000000      -1.0000000      -1.0000000       89.926086       8.0610495
       86.378784
       1.0000000       87.000000      0.95053136      -1.0000000       1.0000000
   0.00023684440     0.031471003      -1.0000000      -1.0000000      -1.0000000
      -1.0000000      -1.0000000      -1.0000000      -1.0000000      -1.0000000
      -1.0000000
       0.0000000       86.000000      0.98785281      -1.0000000       309432.00
      0.89459562       1.4444073      -1.0000000      -1.0000000      -1.0000000
      -1.0000000      -1.0000000      -1.0000000       90.401772       7.6439404
       87.722672
       1.0000000       86.000000      0.98785281      -1.0000000       1.0000000
       0.0000000       0.0000000      -1.0000000      -1.0000000      -1.0000000
      -1.0000000      -1.0000000      -1.0000000      -1.0000000      -1.0000000
      -1.0000000
       0.0000000       85.000000      0.99729425      -1.0000000       308023.00
      0.89441699       1.4305247      -1.0000000      -1.0000000      -1.0000000
      -1.0000000      -1.0000000      -1.0000000       90.189415       7.5841608
       87.807739
       0.0000000       84.000000       1.0355104      -1.0000000       303291.00
      0.87070084       1.3674138      -1.0000000      -1.0000000      -1.0000000
      -1.0000000      -1.0000000      -1.0000000       89.612953       7.2969246
       89.515778
       1.0000000       84.000000       1.0355104      -1.0000000       2.0000000
       0.0000000       0.0000000      -1.0000000      -1.0000000      -1.0000000
      -1.0000000      -1.0000000      -1.0000000      -1.0000000      -1.0000000
      -1.0000000
       0.0000000       83.000000       1.0744579      -1.0000000       297491.00
      0.83170104       1.2410098      -1.0000000      -1.0000000      -1.0000000
      -1.0000000      -1.0000000      -1.0000000       89.165649       6.9793353
       96.052399
       1.0000000       83.000000       1.0744579      -1.0000000       4.0000000
   0.00055746082     0.023791604      -1.0000000      -1.0000000      -1.0000000
      -1.0000000      -1.0000000      -1.0000000      -1.0000000      -1.0000000
      -1.0000000
       0.0000000       82.000000       1.1141505      -1.0000000       292389.00
      0.79329109      0.86140102      -1.0000000      -1.0000000      -1.0000000
      -1.0000000      -1.0000000      -1.0000000       88.509041       6.2099776
       98.399658
       1.0000000       82.000000       1.1141505      -1.0000000       1.0000000
   0.00093761081       0.0000000      -1.0000000      -1.0000000      -1.0000000
      -1.0000000      -1.0000000      -1.0000000      -1.0000000      -1.0000000
      -1.0000000
       0.0000000       81.000000       1.1546028      -1.0000000       285845.00
      0.77432257       1.0372118      -1.0000000      -1.0000000      -1.0000000
      -1.0000000      -1.0000000      -1.0000000       88.706131       6.0336418
       106.08526
       1.0000000       81.000000       1.1546028      -1.0000000       1.0000000
    0.0011979574       0.0000000      -1.0000000      -1.0000000      -1.0000000
      -1.0000000      -1.0000000      -1.0000000      -1.0000000      -1.0000000
      -1.0000000
       0.0000000       80.000000       1.2062581      -1.0000000       276854.00
      0.73131126       1.0958295      -1.0000000      -1.0000000      -1.0000000
      -1.0000000      -1.0000000      -1.0000000       89.410973       5.8695016
       108.26974
       1.0000000       80.000000       1.2062581      -1.0000000       1.0000000
    0.0065299291      0.13777623      -1.0000000      -1.0000000      -1.0000000
      -1.0000000      -1.0000000      -1.0000000      -1.0000000      -1.0000000
      -1.0000000
       0.0000000       79.000000       1.2484726      -1.0000000       272182.00
      0.70301747      0.80517471      -1.0000000      -1.0000000      -1.0000000
      -1.0000000      -1.0000000      -1.0000000       89.453476       5.3188300
       104.32429
       0.0000000       78.000000       1.3023784      -1.0000000       274042.00
      0.67805141      0.74081445      -1.0000000      -1.0000000      -1.0000000
      -1.0000000      -1.0000000      -1.0000000       93.974960       4.9226251
       94.301292
       1.0000000       78.000000       1.3023784      -1.0000000       2.0000000
     0.023229430      0.15021567      -1.0000000      -1.0000000      -1.0000000
      -1.0000000      -1.0000000      -1.0000000      -1.0000000      -1.0000000
      -1.0000000
       0.0000000       77.000000       1.3575766      -1.0000000       259295.00
      0.64214468       1.0189085      -1.0000000      -1.0000000      -1.0000000
      -1.0000000      -1.0000000      -1.0000000       101.31208       5.0539408
       88.919182
       0.0000000       76.000000       1.4140983      -1.0000000       250258.00
      0.61129087       1.2965426      -1.0000000      -1.0000000      -1.0000000
      -1.0000000      -1.0000000      -1.0000000       104.24733       5.9112821
       82.027092
       1.0000000       76.000000       1.4140983      -1.0000000       1.0000000
   0.00015647402    0.0033356568      -1.0000000      -1.0000000      -1.0000000
      -1.0000000      -1.0000000      -1.0000000      -1.0000000      -1.0000000
      -1.0000000
       0.0000000       75.000000       1.4719748      -1.0000000       237894.00
      0.55661792       1.4676628      -1.0000000      -1.0000000      -1.0000000
      -1.0000000      -1.0000000      -1.0000000       101.94815       5.3845358
       96.581467
       1.0000000       75.000000       1.4719748      -1.0000000       1.0000000
   0.00054126006       0.0000000      -1.0000000      -1.0000000      -1.0000000
      -1.0000000      -1.0000000      -1.0000000      -1.0000000      -1.0000000
      -1.0000000
       0.0000000       74.000000       1.5312390      -1.0000000       232711.00
      0.48650450      0.78115839      -1.0000000      -1.0000000      -1.0000000
      -1.0000000      -1.0000000      -1.0000000       92.802391       4.1337647
       108.52723
       1.0000000       74.000000       1.5312390      -1.0000000       2.0000000
   0.00054126006       0.0000000      -1.0000000      -1.0000000      -1.0000000
      -1.0000000      -1.0000000      -1.0000000      -1.0000000      -1.0000000
      -1.0000000
       0.0000000       73.000000       1.6042346      -1.0000000       225355.00
      0.44046500      0.51314574      -1.0000000      -1.0000000      -1.0000000
      -1.0000000      -1.0000000      -1.0000000       88.121460       3.2823534
       113.54752
       1.0000000       73.000000       1.6042346      -1.0000000       2.0000000
    0.0025562441     0.042758521      -1.0000000      -1.0000000      -1.0000000
      -1.0000000      -1.0000000      -1.0000000      -1.0000000      -1.0000000
      -1.0000000
       0.0000000       72.000000       1.6666696      -1.0000000       218150.00
      0.42630196      0.64142644      -1.0000000      -1.0000000      -1.0000000
      -1.0000000      -1.0000000      -1.0000000       89.170830       3.3457403
       113.96045
       1.0000000       72.000000       1.6666696      -1.0000000       1.0000000
    0.0010529251     0.011091388      -1.0000000      -1.0000000      -1.0000000
      -1.0000000      -1.0000000      -1.0000000      -1.0000000      -1.0000000
      -1.0000000
       0.0000000       71.000000       1.7435706      -1.0000000       210285.00
      0.39381382      0.63748741      -1.0000000      -1.0000000      -1.0000000
      -1.0000000      -1.0000000      -1.0000000       91.935753       3.2422724
       110.79783
       1.0000000       71.000000       1.7435706      -1.0000000       1.0000000
   0.00062842021       0.0000000      -1.0000000      -1.0000000      -1.0000000
      -1.0000000      -1.0000000      -1.0000000      -1.0000000      -1.0000000
      -1.0000000
       0.0000000       70.000000       1.8226893      -1.0000000       214384.00
      0.35909787      0.55370355      -1.0000000      -1.0000000      -1.0000000
      -1.0000000      -1.0000000      -1.0000000       92.503059       2.9157951
       103.94328
       0.0000000       69.000000       1.9040896      -1.0000000       214648.00
      0.34490442      0.60421813      -1.0000000      -1.0000000      -1.0000000
      -1.0000000      -1.0000000      -1.0000000       93.963753       3.0579083
       98.117287
       1.0000000       69.000000       1.9040896      -1.0000000       3.0000000
   0.00040965181    0.0049608960      -1.0000000      -1.0000000      -1.0000000
      -1.0000000      -1.0000000      -1.0000000      -1.0000000      -1.0000000
      -1.0000000
       0.0000000       68.000000       2.0020282      -1.0000000       193360.00
      0.29008394      0.64303571      -1.0000000      -1.0000000      -1.0000000
      -1.0000000      -1.0000000      -1.0000000       96.905884       2.6259799
       90.667343
       1.0000000       68.000000       2.0020282      -1.0000000       1.0000000
    0.0048283092     0.055538137      -1.0000000      -1.0000000      -1.0000000
      -1.0000000      -1.0000000      -1.0000000      -1.0000000      -1.0000000
      -1.0000000
       0.0000000       67.000000       2.1032696      -1.0000000       192666.00
      0.24869296      0.46625781      -1.0000000      -1.0000000      -1.0000000
      -1.0000000      -1.0000000      -1.0000000       95.115768       2.1496224
       85.999290
       0.0000000       66.000000       2.2079256      -1.0000000       182858.00
      0.22156905      0.60546976      -1.0000000      -1.0000000      -1.0000000
      -1.0000000      -1.0000000      -1.0000000       82.805466       2.3267183
       95.942436
       1.0000000       66.000000       2.2079256      -1.0000000       2.0000000
       0.0000000       0.0000000      -1.0000000      -1.0000000      -1.0000000
      -1.0000000      -1.0000000      -1.0000000      -1.0000000      -1.0000000
      -1.0000000
       0.0000000       65.000000       2.3161108      -1.0000000       173758.00
      0.18710791      0.56504190      -1.0000000      -1.0000000      -1.0000000
      -1.0000000      -1.0000000      -1.0000000       81.523415       2.3175335
       95.730385
       0.0000000       64.000000       2.4442258      -1.0000000       167158.00
      0.15697327      0.59721684      -1.0000000      -1.0000000      -1.0000000
      -1.0000000      -1.0000000      -1.0000000       79.938095       2.5286911
       87.638969
       1.0000000       64.000000       2.4442258      -1.0000000       1.0000000
       0.0000000       0.0000000      -1.0000000      -1.0000000      -1.0000000
      -1.0000000      -1.0000000      -1.0000000      -1.0000000      -1.0000000
      -1.0000000
       0.0000000       63.000000       2.5772903      -1.0000000       154972.00
      0.13461795      0.53167301      -1.0000000      -1.0000000      -1.0000000
      -1.0000000      -1.0000000      -1.0000000       74.271103       2.2873194
       91.281097
       0.0000000       62.000000       2.7331426      -1.0000000       155340.00
      0.12263969      0.37804988      -1.0000000      -1.0000000      -1.0000000
      -1.0000000      -1.0000000      -1.0000000       72.744125       2.0333853
       85.341110
       0.0000000       61.000000       2.8957851      -1.0000000       180037.00
      0.10605355      0.41401115      -1.0000000      -1.0000000      -1.0000000
      -1.0000000      -1.0000000      -1.0000000       78.460922       2.2017729
       62.893078
