       0.0000000       135.00000       0.0000000       14.000000       114302.00
       6.4885588      0.59161758      0.48047879      0.59375006      0.46096149
      -120.58810      -77.774506       39.083809       118.45023       19.455357
       62.657471
       0.0000000       134.00000    0.0095216669       14.000000       113239.00
       6.4783416      0.61885405      0.47323000      0.54838705      0.41706762
      -121.79711      -77.257530       31.804195       119.49548       19.536837
       61.299595
       0.0000000       133.00000     0.023974428       14.000000       111778.00
       6.4892960      0.68712497      0.47618759      0.54838705      0.41380629
      -122.33297      -85.130470       19.931061       118.57573       19.567764
       63.539547
       0.0000000       132.00000     0.033724371       14.000000       110890.00
       6.5146317      0.71541256      0.48088759      0.59375006      0.43492240
      -123.71539      -91.275284       17.953842       121.19515       19.857473
       69.905121
       0.0000000       131.00000     0.048523631       14.000000       106825.00
       6.5025601      0.78490007      0.47002354      0.53333330      0.40209383
      -120.03246      -94.313240       25.336151       122.71336       20.014418
       66.694794
       0.0000000       130.00000     0.058507323       14.000000       106109.00
       6.5246468      0.83558625      0.47355747      0.56666672      0.40254578
      -121.32087      -94.063004       30.067831       122.88124       19.971893
       60.408474
       1.0000000       130.00000     0.058507323      -1.0000000       1.0000000
   0.00023675243    0.0072775828      -1.0000000      -1.0000000      -1.0000000
      -1.0000000      -1.0000000      -1.0000000      -1.0000000      -1.0000000
      -1.0000000
       0.0000000       129.00000     0.073661387       15.000000       107404.00
       6.5349979      0.76380169      0.47528356      0.58064520      0.42779949
      -123.76741      -95.635368       34.917488       125.38820       20.165295
       56.954384
       0.0000000       128.00000     0.083884433       16.000000       110442.00
       6.5685978      0.70216089      0.46808690      0.58064520      0.42690903
      -127.59566      -89.652489       36.394707       126.21727       20.320089
       56.813087
       0.0000000       127.00000     0.099401802       16.000000       109012.00
       6.6186090      0.66504681      0.46992275      0.56666672      0.41058666
      -134.21588      -83.213524       30.190079       127.92326       20.875940
       54.109287
       0.0000000       126.00000      0.10986994       16.000000       108472.00
       6.5175424      0.91590303      0.47404516      0.58064520      0.46263704
      -138.48868      -82.564903       23.031422       129.88756       19.867085
       48.347408
       0.0000000       125.00000      0.12575933       16.000000       104553.00
       6.5316491       1.7180895      0.46410874      0.61290324      0.45710778
      -140.91533      -83.491562       11.492961       132.60147       21.320816
       52.312344
       1.0000000       125.00000      0.12575933      -1.0000000       1.0000000
    0.0011893163     0.014798054      -1.0000000      -1.0000000      -1.0000000
      -1.0000000      -1.0000000      -1.0000000      -1.0000000      -1.0000000
      -1.0000000
       0.0000000       124.00000      0.14187621       16.000000       103697.00
       6.4476233       2.1256361      0.45698813      0.58064520      0.40239266
      -143.10141      -72.139008       7.1128387       131.20120       21.938677
       61.020115
       0.0000000       123.00000      0.15274876       16.000000       101967.00
       6.4464521       2.3965602      0.45611039      0.63636363      0.43673813
      -141.81702      -67.147003     -0.79604185       130.31900       22.132561
       66.760750
       0.0000000       122.00000      0.16925204       16.000000       101085.00
       6.3161774       2.6378372      0.45121974      0.58823532      0.43458152
      -130.90108      -67.464645      -4.8367243       126.93386       22.403793
       75.758476
       0.0000000       121.00000      0.18038526       16.000000       99545.000
       6.2761674       2.3003719      0.45171136      0.56250006      0.42600608
      -127.85914      -70.540512      -7.0346069       124.69283       22.076374
       84.110268
       0.0000000       120.00000      0.19728418       17.000000       100286.00
       6.2163534       2.2661145      0.45691925      0.58823532      0.41960177
      -123.14328      -80.038315      -9.8170671       123.21333       22.015982
       93.011963
       1.0000000       120.00000      0.19728418      -1.0000000       2.0000000
       0.0000000       0.0000000      -1.0000000      -1.0000000      -1.0000000
      -1.0000000      -1.0000000      -1.0000000      -1.0000000      -1.0000000
      -1.0000000
       0.0000000       119.00000      0.21442504       17.000000       95801.000
       6.1430221       2.2236419      0.44921589      0.62857145      0.44620681
      -114.48579      -93.049820       9.5130472       123.68626       21.635162
       94.813576
       0.0000000       118.00000      0.22598839       17.000000       95451.000
       6.1105232       2.3792474      0.44870952      0.61764705      0.42278063
      -115.34406      -84.475563       25.110441       124.62362       21.714352
       93.611641
       0.0000000       117.00000      0.24354018       17.000000       94324.000
       6.0575213       2.2336860      0.44346771      0.56250006      0.40142900
      -117.97729      -74.537895       17.850349       122.78436       21.647840
       104.50194
       1.0000000       117.00000      0.24354018      -1.0000000       1.0000000
   0.00035161161    0.0047935881      -1.0000000      -1.0000000      -1.0000000
      -1.0000000      -1.0000000      -1.0000000      -1.0000000      -1.0000000
      -1.0000000
       0.0000000       116.00000      0.26134327       17.000000       91495.000
       5.9849505       1.9864979      0.44214088      0.57575762      0.39733350
      -113.80048      -82.227600       14.669665       122.77850       21.257236
       106.53547
       0.0000000       115.00000      0.27335334       17.000000       90940.000
       5.9688635       2.1938710      0.44201866      0.58823532      0.42307916
      -109.63057      -86.142853       20.312214       123.99169       21.431545
       103.49390
       0.0000000       114.00000      0.29158324       17.000000       89816.000
       5.9350548       2.1809783      0.43323338      0.58823532      0.39368540
      -105.39494      -78.419121       40.163906       123.89292       21.616467
       106.87872
       0.0000000       113.00000      0.31007412       18.000000       87977.000
       5.8832059       2.0123086      0.42860791      0.56250006      0.37199232
      -103.99522      -74.287514       47.751820       123.66351       21.322624
       113.57307
       0.0000000       112.00000      0.32882974       17.000000       82467.000
       5.8107538       2.3803422      0.43400013      0.57575762      0.35588190
      -107.54222      -69.761467       54.369095       124.96749       21.553028
       112.22738
       1.0000000       112.00000      0.32882974      -1.0000000       2.0000000
    0.0060708215     0.044435259      -1.0000000      -1.0000000      -1.0000000
      -1.0000000      -1.0000000      -1.0000000      -1.0000000      -1.0000000
      -1.0000000
       0.0000000       111.00000      0.34785384       17.000000       80198.000
       5.7401996       2.8563826      0.42509776      0.56250006      0.36164996
      -104.00709      -65.029129       57.441326       126.39573       21.711012
       111.37469
       0.0000000       110.00000      0.36068764       501.00000       275110.00
       5.5871654       2.8410537      0.42153588      0.56250006      0.36151806
      -101.59769      -60.395725       56.800259       125.18668       21.144884
       119.62681
       0.0000000       109.00000      0.38016787       504.00000       271717.00
       5.4719572       3.1677518      0.41065541      0.57142854      0.35441875
      -100.14192      -53.040569       45.421429       124.55126       21.301161
       123.52199
       1.0000000       109.00000      0.38016787      -1.0000000       1.0000000
       0.0000000       0.0000000      -1.0000000      -1.0000000      -1.0000000
      -1.0000000      -1.0000000      -1.0000000      -1.0000000      -1.0000000
      -1.0000000
       0.0000000       108.00000      0.39992696       516.00000       270988.00
       5.3920650       2.9242716      0.39724627      0.54545456      0.30661359
      -94.850136      -46.891582       33.321873       125.16916       21.367203
       123.89783
       1.0000000       108.00000      0.39992696      -1.0000000       2.0000000
     0.022496637      0.15808775      -1.0000000      -1.0000000      -1.0000000
      -1.0000000      -1.0000000      -1.0000000      -1.0000000      -1.0000000
      -1.0000000
       0.0000000       107.00000      0.41996893       523.00000       268131.00
       5.2939954       2.9278069      0.39789429      0.58823532      0.33507836
      -86.309029      -42.787430       39.778984       125.09930       21.474873
       122.66692
       0.0000000       106.00000      0.44029784       872.00000       300203.00
       5.2138281       2.5211821      0.40246618      0.54545456      0.29883552
      -88.281075      -38.565483       35.523846       126.81705       20.949184
       120.83871
       0.0000000       105.00000      0.46091780       975.00000       303530.00
       5.1299152       2.4006231      0.39670700      0.50000000      0.27444318
      -83.154816      -42.469444       33.132393       127.32229       20.361965
       122.22666
       0.0000000       104.00000      0.48183295       983.00000       300192.00
       5.0050416       2.6892688      0.39166972      0.50000000      0.25809833
      -77.140747      -36.233437       31.445539       127.60575       20.122984
       122.62489
       1.0000000       104.00000      0.48183295      -1.0000000       1.0000000
   0.00047594702     0.027797114      -1.0000000      -1.0000000      -1.0000000
      -1.0000000      -1.0000000      -1.0000000      -1.0000000      -1.0000000
      -1.0000000
       0.0000000       103.00000      0.50304753       561.00000       257370.00
       4.8961334       2.5662913      0.40424836      0.55263156      0.23711708
      -69.883972      -43.228199       19.457754       126.79181       19.919802
       129.32785
       1.0000000       103.00000      0.50304753      -1.0000000       3.0000000
    0.0010867271     0.038226533      -1.0000000      -1.0000000      -1.0000000
      -1.0000000      -1.0000000      -1.0000000      -1.0000000      -1.0000000
      -1.0000000
       0.0000000       102.00000      0.52456582       543.00000       252361.00
       4.8796668       2.5252917      0.38303837      0.52777779      0.26162758
      -66.528809      -53.723724       31.437254       128.18037       20.011324
       128.91333
       1.0000000       102.00000      0.52456582      -1.0000000       1.0000000
   0.00022336275       0.0000000      -1.0000000      -1.0000000      -1.0000000
      -1.0000000      -1.0000000      -1.0000000      -1.0000000      -1.0000000
      -1.0000000
       0.0000000       101.00000      0.54639220       975.00000       288405.00
       4.7332153       2.3518386      0.36799869      0.52777779      0.21255124
      -62.701729      -48.302486       47.369480       129.45808       19.559219
       126.31380
       1.0000000       101.00000      0.54639220      -1.0000000       1.0000000
       0.0000000       0.0000000      -1.0000000      -1.0000000      -1.0000000
      -1.0000000      -1.0000000      -1.0000000      -1.0000000      -1.0000000
      -1.0000000
       0.0000000       100.00000      0.57598084       944.00000       282177.00
       4.6624107       3.4734921      0.34839800      0.42424244      0.16424611
      -48.022564      -54.706467       67.903191       130.64268       19.980480
       130.24255
       1.0000000       100.00000      0.57598084      -1.0000000       1.0000000
       0.0000000       0.0000000      -1.0000000      -1.0000000      -1.0000000
      -1.0000000      -1.0000000      -1.0000000      -1.0000000      -1.0000000
      -1.0000000
       0.0000000       99.000000      0.59854329       933.00000       276629.00
       4.3904724       3.2589910      0.31929260      0.40625006      0.17935540
      -54.062183      -50.487965       48.356159       128.27243       19.421082
       135.98405
       1.0000000       99.000000      0.59854329      -1.0000000       1.0000000
   0.00026837847    0.0025022873      -1.0000000      -1.0000000      -1.0000000
      -1.0000000      -1.0000000      -1.0000000      -1.0000000      -1.0000000
      -1.0000000
       0.0000000       98.000000      0.62142873       946.00000       273906.00
       4.4139738       2.4241617      0.33986151      0.38235301      0.19543141
      -66.166588      -37.845150       57.492607       128.40816       19.817938
       140.58060
       1.0000000       98.000000      0.62142873      -1.0000000       1.0000000
    0.0062298430     0.039992876      -1.0000000      -1.0000000      -1.0000000
      -1.0000000      -1.0000000      -1.0000000      -1.0000000      -1.0000000
      -1.0000000
       0.0000000       97.000000      0.64464182       931.00000       270071.00
       3.9981613       3.3391981      0.35991564      0.48571426      0.35351306
      -98.792015      -46.558952       71.897842       130.43619       19.646795
       149.42575
       0.0000000       96.000000      0.67611039       921.00000       265465.00
       4.2291865       3.3574846      0.36044019      0.25000006      0.28571790
      -104.80293      -14.297875       5.7620454       134.22531       19.099848
       157.38263
       1.0000000       96.000000      0.67611039      -1.0000000       2.0000000
     0.082838661      0.24048029      -1.0000000      -1.0000000      -1.0000000
      -1.0000000      -1.0000000      -1.0000000      -1.0000000      -1.0000000
      -1.0000000
       0.0000000       95.000000      0.70010638       927.00000       262162.00
       3.1761818       2.3566716      0.41176555      0.25000006      0.21003015
      -59.969810       70.585236       4.1524529       126.68278       15.798421
       162.85374
       2.0000000       95.000000      0.70010638      0.46727479       87.000000
       1.1003296       1.4362624      -1.0000000      -1.0000000      -1.0000000
      -1.0000000      -1.0000000      -1.0000000      -1.0000000      -1.0000000
      -1.0000000
       1.0000000       95.000000      0.70010638      -1.0000000       2.0000000
    0.0039368169     0.071016855      -1.0000000      -1.0000000      -1.0000000
      -1.0000000      -1.0000000      -1.0000000      -1.0000000      -1.0000000
      -1.0000000
       0.0000000       94.000000      0.73263615       965.00000       261037.00
       3.0097568       1.8027689      0.42030269      0.20588243      0.20294249
      -49.981071       86.736221      -43.647091       128.10867       13.989551
       160.79643
       1.0000000       94.000000      0.73263615      -1.0000000       2.0000000
   0.00022850155     0.025506150      -1.0000000      -1.0000000      -1.0000000
      -1.0000000      -1.0000000      -1.0000000      -1.0000000      -1.0000000
      -1.0000000
       0.0000000       93.000000      0.75744140       977.00000       257508.00
       2.9691958       1.2280560      0.42449522     0.062500060      0.25119585
      -47.041775       90.848236      -57.237755       131.33473       13.119338
       154.07811
       1.0000000       93.000000      0.75744140      -1.0000000       2.0000000
    0.0013016768       0.0000000      -1.0000000      -1.0000000      -1.0000000
      -1.0000000      -1.0000000      -1.0000000      -1.0000000      -1.0000000
      -1.0000000
       0.0000000       92.000000      0.79106826       976.00000       251673.00
       2.9559925       1.2979367      0.42009991      0.19999999      0.30681437
      -32.053291       87.281006      -66.254845       139.10690       13.672579
       138.81151
       0.0000000       91.000000      0.81671000       996.00000       249381.00
       2.9365418       1.4100819      0.41997221      0.17857140      0.28333181
      -23.219919       83.199280      -72.747559       148.27847       14.748425
       125.78613
       1.0000000       91.000000      0.81671000      -1.0000000       1.0000000
       0.0000000       0.0000000      -1.0000000      -1.0000000      -1.0000000
      -1.0000000      -1.0000000      -1.0000000      -1.0000000      -1.0000000
      -1.0000000
       0.0000000       90.000000      0.85147089       1053.0000       248911.00
       2.9285429       3.2952816      0.43232393      0.30303037      0.36035824
      -35.890438       66.030418      -128.35629       163.25507       20.896915
       103.63146
       1.0000000       90.000000      0.85147089      -1.0000000       2.0000000
   0.00037031175     0.010719780      -1.0000000      -1.0000000      -1.0000000
      -1.0000000      -1.0000000      -1.0000000      -1.0000000      -1.0000000
      -1.0000000
       0.0000000       89.000000      0.88689691       1068.0000       246469.00
       2.5478930       2.0856686      0.43058926      0.40625006      0.27269146
      -52.627258       81.675697      -111.17169       147.68082       15.625785
       122.07472
       1.0000000       89.000000      0.88689691      -1.0000000       4.0000000
    0.0024548704     0.073133348      -1.0000000      -1.0000000      -1.0000000
      -1.0000000      -1.0000000      -1.0000000      -1.0000000      -1.0000000
      -1.0000000
       0.0000000       88.000000      0.92300081       1076.0000       241814.00
       2.4321609       2.5650070      0.43380070      0.50000000      0.36581352
      -45.768272       103.00964      -95.960327       134.67691       15.063760
       127.74312
       1.0000000       88.000000      0.92300081      -1.0000000       1.0000000
    0.0011627055     0.039781421      -1.0000000      -1.0000000      -1.0000000
      -1.0000000      -1.0000000      -1.0000000      -1.0000000      -1.0000000
      -1.0000000
       0.0000000       87.000000      0.95053136       1080.0000       238735.00
       2.3547807       2.2061105      0.42624563      0.46875006      0.38480377
      -38.237942       85.453278      -96.120415       130.38762       14.311213
       125.84108
       1.0000000       87.000000      0.95053136      -1.0000000       2.0000000
   0.00097690825     0.026511716      -1.0000000      -1.0000000      -1.0000000
      -1.0000000      -1.0000000      -1.0000000      -1.0000000      -1.0000000
      -1.0000000
       0.0000000       86.000000      0.98785281       1093.0000       234594.00
       2.2883000       1.1741382      0.41260827      0.48571426      0.37137532
      -16.180843       74.166931      -93.184479       120.60654       12.601985
       135.96147
       0.0000000       85.000000      0.99729425       1077.0000       232136.00
       2.3006644       1.1536353      0.41340011      0.40625006      0.38132340
      -13.423675       76.875710      -98.925621       118.49428       12.600736
       137.73004
       0.0000000       84.000000       1.0355104       1069.0000       226833.00
       2.2932746       1.4051684      0.39358294      0.30000001      0.24540646
      -8.9004488       80.399025      -98.520271       117.30911       12.928171
       132.83240
       1.0000000       84.000000       1.0355104      -1.0000000       2.0000000
       0.0000000       0.0000000      -1.0000000      -1.0000000      -1.0000000
      -1.0000000      -1.0000000      -1.0000000      -1.0000000      -1.0000000
      -1.0000000
       0.0000000       83.000000       1.0744579       1047.0000       219883.00
       2.2918293       2.1442773      0.38659599      0.37931031      0.28133956
      -28.559280       81.907799      -103.27899       119.08646       13.791708
       128.02470
       0.0000000       82.000000       1.1141505       1036.0000       213183.00
       2.1490037       2.6754038      0.37870887      0.34375006      0.30936876
      -51.042427       105.61224      -73.713150       117.59982       13.756011
       125.49241
       1.0000000       82.000000       1.1141505      -1.0000000       1.0000000
       0.0000000       0.0000000      -1.0000000      -1.0000000      -1.0000000
      -1.0000000      -1.0000000      -1.0000000      -1.0000000      -1.0000000
      -1.0000000
       0.0000000       81.000000       1.1546028       1040.0000       209509.00
       1.9616979       2.4711995      0.40254018      0.31250006      0.35463578
      -49.327816       120.56882      -53.528721       116.63023       12.430027
       123.91173
       0.0000000       80.000000       1.2062581       1130.0000       207463.00
       1.8293926       2.1292884      0.35713440      0.22580642      0.31309932
      -14.024288       124.01690      -38.115788       116.24806       12.248162
       122.14032
       1.0000000       80.000000       1.2062581      -1.0000000       1.0000000
       0.0000000       0.0000000      -1.0000000      -1.0000000      -1.0000000
      -1.0000000      -1.0000000      -1.0000000      -1.0000000      -1.0000000
      -1.0000000
       0.0000000       79.000000       1.2484726       1647.0000       229787.00
       1.7025542       2.2532268      0.36434215      0.27272731      0.30278563
      -2.8384616       124.35882      -18.564653       115.82245       12.021047
       125.24553
       1.0000000       79.000000       1.2484726      -1.0000000       1.0000000
    0.0035831300     0.057665616      -1.0000000      -1.0000000      -1.0000000
      -1.0000000      -1.0000000      -1.0000000      -1.0000000      -1.0000000
      -1.0000000
       0.0000000       78.000000       1.3023784       1668.0000       224040.00
       1.5565519       1.7385488      0.37758338      0.42500001      0.31789771
      -23.284670       116.27277       3.0855446       117.56660       10.266229
       125.61847
       1.0000000       78.000000       1.3023784      -1.0000000       3.0000000
     0.011079682      0.20914922      -1.0000000      -1.0000000      -1.0000000
      -1.0000000      -1.0000000      -1.0000000      -1.0000000      -1.0000000
      -1.0000000
       0.0000000       77.000000       1.3575766       1710.0000       219222.00
       1.5676911       1.9731851      0.31130701      0.31428570      0.26799819
      -30.828165       95.515533      -11.755382       122.63816       10.711074
       120.33441
       1.0000000       77.000000       1.3575766      -1.0000000       2.0000000
    0.0035488444      0.22139580      -1.0000000      -1.0000000      -1.0000000
      -1.0000000      -1.0000000      -1.0000000      -1.0000000      -1.0000000
      -1.0000000
       0.0000000       76.000000       1.4140983      -1.0000000       213236.00
       1.1703897       1.9835072      -1.0000000      -1.0000000      -1.0000000
      -1.0000000      -1.0000000      -1.0000000       125.13875       11.502028
       107.80907
       2.0000000       76.000000       1.4140983      0.25913849       73.000000
      0.26159847      0.68015677      -1.0000000      -1.0000000      -1.0000000
      -1.0000000      -1.0000000      -1.0000000      -1.0000000      -1.0000000
      -1.0000000
       1.0000000       76.000000       1.4140983      -1.0000000       2.0000000
    0.0011015328    0.0087453239      -1.0000000      -1.0000000      -1.0000000
      -1.0000000      -1.0000000      -1.0000000      -1.0000000      -1.0000000
      -1.0000000
       0.0000000       75.000000       1.4719748      -1.0000000       206534.00
       1.2159985       2.1752872      -1.0000000      -1.0000000      -1.0000000
      -1.0000000      -1.0000000      -1.0000000       137.35165       13.090883
       95.913879
       0.0000000       74.000000       1.5312390      -1.0000000       201733.00
       1.0693046       1.0243942      -1.0000000      -1.0000000      -1.0000000
      -1.0000000      -1.0000000      -1.0000000       126.55953       8.6766253
       120.11978
       1.0000000       74.000000       1.5312390      -1.0000000       1.0000000
       0.0000000       0.0000000      -1.0000000      -1.0000000      -1.0000000
      -1.0000000      -1.0000000      -1.0000000      -1.0000000      -1.0000000
      -1.0000000
       0.0000000       73.000000       1.6042346      -1.0000000       194607.00
       1.0094929      0.86800069      -1.0000000      -1.0000000      -1.0000000
      -1.0000000      -1.0000000      -1.0000000       109.82613       7.3111925
       144.73351
       1.0000000       73.000000       1.6042346      -1.0000000       2.0000000
     0.030798094      0.11732656      -1.0000000      -1.0000000      -1.0000000
      -1.0000000      -1.0000000      -1.0000000      -1.0000000      -1.0000000
      -1.0000000
       0.0000000       72.000000       1.6666696      -1.0000000       187462.00
      0.98837495      0.95574737      -1.0000000      -1.0000000      -1.0000000
      -1.0000000      -1.0000000      -1.0000000       104.59885       7.0715671
       130.72269
       1.0000000       72.000000       1.6666696      -1.0000000       3.0000000
    0.0030239993      0.14941551      -1.0000000      -1.0000000      -1.0000000
      -1.0000000      -1.0000000      -1.0000000      -1.0000000      -1.0000000
      -1.0000000
       0.0000000       71.000000       1.7435706      -1.0000000       178432.00
      0.95968795      0.90194476      -1.0000000      -1.0000000      -1.0000000
      -1.0000000      -1.0000000      -1.0000000       108.33321       7.0629497
       114.22039
       1.0000000       71.000000       1.7435706      -1.0000000       1.0000000
       0.0000000       0.0000000      -1.0000000      -1.0000000      -1.0000000
      -1.0000000      -1.0000000      -1.0000000      -1.0000000      -1.0000000
      -1.0000000
       0.0000000       70.000000       1.8226893      -1.0000000       170963.00
      0.90030867       1.2610649      -1.0000000      -1.0000000      -1.0000000
      -1.0000000      -1.0000000      -1.0000000       117.26443       7.4916410
       93.324913
       0.0000000       69.000000       1.9040896      -1.0000000       160342.00
      0.81577188       1.5965695      -1.0000000      -1.0000000      -1.0000000
      -1.0000000      -1.0000000      -1.0000000       117.92872       7.2790899
       86.410667
       1.0000000       69.000000       1.9040896      -1.0000000       2.0000000
    0.0014188455     0.045866024      -1.0000000      -1.0000000      -1.0000000
      -1.0000000      -1.0000000      -1.0000000      -1.0000000      -1.0000000
      -1.0000000
       0.0000000       68.000000       2.0020282      -1.0000000       151836.00
      0.71218061       1.2217710      -1.0000000      -1.0000000      -1.0000000
      -1.0000000      -1.0000000      -1.0000000       110.20251       5.9414062
       99.598839
       1.0000000       68.000000       2.0020282      -1.0000000       1.0000000
    0.0025653129     0.027056664      -1.0000000      -1.0000000      -1.0000000
      -1.0000000      -1.0000000      -1.0000000      -1.0000000      -1.0000000
      -1.0000000
       0.0000000       67.000000       2.1032696      -1.0000000       167076.00
      0.62806368       1.0948879      -1.0000000      -1.0000000      -1.0000000
      -1.0000000      -1.0000000      -1.0000000       102.47566       5.1115503
       105.07742
       1.0000000       67.000000       2.1032696      -1.0000000       1.0000000
    0.0016466787     0.026355540      -1.0000000      -1.0000000      -1.0000000
      -1.0000000      -1.0000000      -1.0000000      -1.0000000      -1.0000000
      -1.0000000
       0.0000000       66.000000       2.2079256      -1.0000000       154892.00
      0.57718402      0.79960835      -1.0000000      -1.0000000      -1.0000000
      -1.0000000      -1.0000000      -1.0000000       99.456085       4.8705101
       110.51405
       1.0000000       66.000000       2.2079256      -1.0000000       1.0000000
   0.00017342667     0.014645262      -1.0000000      -1.0000000      -1.0000000
      -1.0000000      -1.0000000      -1.0000000      -1.0000000      -1.0000000
      -1.0000000
       0.0000000       65.000000       2.3161108      -1.0000000       144845.00
      0.56039608      0.72793806      -1.0000000      -1.0000000      -1.0000000
      -1.0000000      -1.0000000      -1.0000000       101.07626       5.2673178
       109.59320
       1.0000000       65.000000       2.3161108      -1.0000000       2.0000000
       0.0000000       0.0000000      -1.0000000      -1.0000000      -1.0000000
      -1.0000000      -1.0000000      -1.0000000      -1.0000000      -1.0000000
      -1.0000000
       0.0000000       64.000000       2.4442258      -1.0000000       140086.00
      0.52035654      0.75849402      -1.0000000      -1.0000000      -1.0000000
      -1.0000000      -1.0000000      -1.0000000       103.94353       5.3140354
       103.31597
       0.0000000       63.000000       2.5772903      -1.0000000       126386.00
      0.42650768       1.2038280      -1.0000000      -1.0000000      -1.0000000
      -1.0000000      -1.0000000      -1.0000000       110.61409       5.0666289
       92.665947
       1.0000000       63.000000       2.5772903      -1.0000000       2.0000000
   0.00034736787       0.0000000      -1.0000000      -1.0000000      -1.0000000
      -1.0000000      -1.0000000      -1.0000000      -1.0000000      -1.0000000
      -1.0000000
       0.0000000       62.000000       2.7331426      -1.0000000       117570.00
      0.32766300       1.1478235      -1.0000000      -1.0000000      -1.0000000
      -1.0000000      -1.0000000      -1.0000000       108.83772       5.1727157
       97.013504
       1.0000000       62.000000       2.7331426      -1.0000000       1.0000000
    0.0010672591     0.011568937      -1.0000000      -1.0000000      -1.0000000
      -1.0000000      -1.0000000      -1.0000000      -1.0000000      -1.0000000
      -1.0000000
       0.0000000       61.000000       2.8957851      -1.0000000       107446.00
      0.25777334      0.69881141      -1.0000000      -1.0000000      -1.0000000
      -1.0000000      -1.0000000      -1.0000000       102.23602       4.3618588
       109.87862
       1.0000000       61.000000       2.8957851      -1.0000000       2.0000000
    0.0047837798      0.15289602      -1.0000000      -1.0000000      -1.0000000
      -1.0000000      -1.0000000      -1.0000000      -1.0000000      -1.0000000
      -1.0000000
       0.0000000       60.000000       3.0081310      -1.0000000       99873.000
      0.26062116      0.62921280      -1.0000000      -1.0000000      -1.0000000
      -1.0000000      -1.0000000      -1.0000000       103.78969       4.7071557
       103.23225
       1.0000000       60.000000       3.0081310      -1.0000000       2.0000000
   0.00083852986    0.0040284884      -1.0000000      -1.0000000      -1.0000000
      -1.0000000      -1.0000000      -1.0000000      -1.0000000      -1.0000000
      -1.0000000
       0.0000000       59.000000       3.0848227      -1.0000000       97130.000
      0.22596569      0.63809717      -1.0000000      -1.0000000      -1.0000000
      -1.0000000      -1.0000000      -1.0000000       107.37128       3.1707063
       94.609741
       0.0000000       58.000000       3.2830331      -1.0000000       91383.000
      0.18901061       1.5163997      -1.0000000      -1.0000000      -1.0000000
      -1.0000000      -1.0000000      -1.0000000       112.44526       7.8031831
       82.239159
       1.0000000       58.000000       3.2830331      -1.0000000       2.0000000
   0.00093009643       0.0000000      -1.0000000      -1.0000000      -1.0000000
      -1.0000000      -1.0000000      -1.0000000      -1.0000000      -1.0000000
      -1.0000000
       0.0000000       57.000000       3.4908614      -1.0000000       83224.000
     0.090739444      0.36183846      -1.0000000      -1.0000000      -1.0000000
      -1.0000000      -1.0000000      -1.0000000       99.038979       2.6654687
       104.40596
       1.0000000       57.000000       3.4908614      -1.0000000       2.0000000
     0.015968898      0.11356477      -1.0000000      -1.0000000      -1.0000000
      -1.0000000      -1.0000000      -1.0000000      -1.0000000      -1.0000000
      -1.0000000
