       0.0000000       135.00000       0.0000000       73.000000       217718.00
       12.756480       2.1458528      0.51176602      0.54545456      0.59146607
      -243.10788       114.09530      -24.710974       146.86465       31.766001
       29.303486
       0.0000000       134.00000    0.0095216669       73.000000       216514.00
       12.821781       2.2198541      0.51117116      0.51612902      0.57865578
      -244.42488       118.55152      -20.345312       147.29663       32.055485
       29.245703
       0.0000000       133.00000     0.023974428       72.000000       213326.00
       12.745125       2.2217996      0.51311702      0.53125000      0.58420998
      -245.08246       129.54655      -17.539282       147.76187       31.929853
       29.936827
       0.0000000       132.00000     0.033724371       74.000000       214353.00
       12.578171       2.2290051      0.51175368      0.55882359      0.60196453
      -253.40221       124.09109      -18.546383       149.59795       31.508827
       29.056589
       0.0000000       131.00000     0.048523631       74.000000       209820.00
       12.509974       2.2120330      0.50019175      0.58064520      0.58423048
      -260.70877       115.99678     0.078367025       154.73453       31.719696
       27.371231
       0.0000000       130.00000     0.058507323       73.000000       207279.00
       12.568841       2.4036262      0.49995214      0.53333330      0.58287698
      -264.65607       119.20728       11.080071       158.74352       32.273132
       26.261744
       0.0000000       129.00000     0.073661387       75.000000       205107.00
       12.385501       2.5707843      0.49406856      0.54838705      0.58525187
      -255.91721       137.53185       30.279831       162.12759       31.998125
       23.093113
       0.0000000       128.00000     0.083884433       74.000000       204761.00
       12.328454       2.6351025      0.49015573      0.56250006      0.57915735
      -257.68082       140.95491       12.040249       164.06279       32.329136
       22.102570
       0.0000000       127.00000     0.099401802       93.000000       216166.00
       12.144803       2.3914330      0.47149447      0.56250006      0.55850577
      -256.59079       110.24428       12.729890       163.86568       31.558416
       19.069380
       0.0000000       126.00000      0.10986994       93.000000       214609.00
       12.122519       2.2823436      0.47111258      0.53125000      0.56277257
      -259.29828       110.75700       23.023645       161.71228       31.550903
       19.974138
       0.0000000       125.00000      0.12575933       94.000000       212207.00
       12.252069       2.4721503      0.44899321      0.54838705      0.54042578
      -255.57588       105.22630       22.143970       156.48248       32.294556
       25.191776
       0.0000000       124.00000      0.14187621       96.000000       210295.00
       12.304421       2.5096729      0.42677251      0.58823532      0.51825911
      -244.82176       93.484848       19.764227       152.23647       32.862530
       34.680191
       0.0000000       123.00000      0.15274876       96.000000       208396.00
       12.632313       2.5499940      0.41423118      0.51612902      0.49850568
      -233.84299       77.912590       4.5556145       152.18463       35.032261
       47.703224
       0.0000000       122.00000      0.16925204       95.000000       204927.00
       13.387118       2.5872443      0.43302226      0.69999999      0.63850331
      -328.94659       33.121136       35.815258       155.81938       42.075413
       61.029934
       0.0000000       121.00000      0.18038526       96.000000       202857.00
       13.731857       2.8888493      0.53339642      0.78260869      0.80540150
      -505.50305       116.72363       123.23291       164.46294       38.866978
       67.332581
       1.0000000       121.00000      0.18038526      -1.0000000       2.0000000
    0.0042519923     0.066110263      -1.0000000      -1.0000000      -1.0000000
      -1.0000000      -1.0000000      -1.0000000      -1.0000000      -1.0000000
      -1.0000000
       0.0000000       120.00000      0.19728418       96.000000       198415.00
       9.9101925       1.5922772      0.46155116      0.72093022      0.63023823
      -216.28738       8.9650402       167.95151       153.82858       26.334501
       73.665855
       2.0000000       120.00000      0.19728418      0.33148068       114.00000
       3.0626442       1.7702680      0.43294182      0.32258064      0.23530309
       70.642677      -58.655617       45.915676      -12826.620       4198.0981
       474.45340
       0.0000000       119.00000      0.21442504       98.000000       197192.00
       9.7322102       2.3824666      0.40194410      0.74468088      0.59673393
      -192.53127      -2.7394664       155.99042       159.50900       28.106190
       74.973091
       1.0000000       119.00000      0.21442504      -1.0000000       1.0000000
     0.045339096      0.10023101      -1.0000000      -1.0000000      -1.0000000
      -1.0000000      -1.0000000      -1.0000000      -1.0000000      -1.0000000
      -1.0000000
       0.0000000       118.00000      0.22598839       96.000000       194872.00
       10.126131       3.1645598      0.48912901      0.69767439      0.69178313
      -267.60004       25.903347       238.77364       169.46687       32.084591
       62.120014
       1.0000000       118.00000      0.22598839      -1.0000000       1.0000000
   0.00064059900    0.0057022646      -1.0000000      -1.0000000      -1.0000000
      -1.0000000      -1.0000000      -1.0000000      -1.0000000      -1.0000000
      -1.0000000
       0.0000000       117.00000      0.24354018       93.000000       189592.00
       9.8424931       3.2026970      0.56885207      0.61111116      0.72130477
      -268.67700       121.84338       271.94720       159.70511       29.057049
       78.609619
       1.0000000       117.00000      0.24354018      -1.0000000       1.0000000
   0.00016205783       0.0000000      -1.0000000      -1.0000000      -1.0000000
      -1.0000000      -1.0000000      -1.0000000      -1.0000000      -1.0000000
      -1.0000000
       0.0000000       116.00000      0.26134327       92.000000       185360.00
       9.7447128       2.1811881      0.57575762      0.64999998      0.74231547
      -248.11119       154.59007       262.16708       143.15250       26.547924
       114.63036
       1.0000000       116.00000      0.26134327      -1.0000000       1.0000000
    0.0074998573     0.086811885      -1.0000000      -1.0000000      -1.0000000
      -1.0000000      -1.0000000      -1.0000000      -1.0000000      -1.0000000
      -1.0000000
       0.0000000       115.00000      0.27335334       92.000000       184411.00
       9.3577833       3.0975332      0.57146949      0.62857145      0.74064428
      -237.03404       143.03098       261.66730       136.53252       25.544037
       128.21257
       0.0000000       114.00000      0.29158324       88.000000       177339.00
       9.2392845       2.9338005      0.58525568      0.58333337      0.73367524
      -247.19914       169.50145       273.45355       135.46141       25.185816
       138.56010
       0.0000000       113.00000      0.31007412       89.000000       174064.00
       9.0455370       3.1113744      0.59370404      0.57575762      0.73310393
      -254.22978       168.56792       285.25800       135.48764       25.275383
       153.63342
       0.0000000       112.00000      0.32882974       90.000000       167870.00
       8.9508076       3.0005591      0.60944128      0.60606062      0.74886191
      -242.15137       159.84381       315.73703       137.91908       25.114893
       160.76682
       1.0000000       112.00000      0.32882974      -1.0000000       3.0000000
    0.0028178585     0.077148363      -1.0000000      -1.0000000      -1.0000000
      -1.0000000      -1.0000000      -1.0000000      -1.0000000      -1.0000000
      -1.0000000
       0.0000000       111.00000      0.34785384       547.00000       283126.00
       8.8104115       2.8919218      0.60983145      0.64705884      0.76499224
      -187.31262       164.67854       364.13623       139.60069       24.733049
       165.90582
       1.0000000       111.00000      0.34785384      -1.0000000       2.0000000
     0.010447341      0.21510500      -1.0000000      -1.0000000      -1.0000000
      -1.0000000      -1.0000000      -1.0000000      -1.0000000      -1.0000000
      -1.0000000
       0.0000000       110.00000      0.36068764       554.00000       282152.00
       8.6965637       2.6588211      0.60543519      0.63636363      0.75878382
      -158.11211       186.69728       368.25006       141.06885       24.442438
       160.81187
       1.0000000       110.00000      0.36068764      -1.0000000       2.0000000
    0.0048925960      0.13904499      -1.0000000      -1.0000000      -1.0000000
      -1.0000000      -1.0000000      -1.0000000      -1.0000000      -1.0000000
      -1.0000000
       0.0000000       109.00000      0.38016787       568.00000       280130.00
       8.6154575       2.8181672      0.60319680      0.60606062      0.75668854
      -131.83244       212.04399       369.73990       145.47310       24.875109
       158.53450
       0.0000000       108.00000      0.39992696       582.00000       279778.00
       8.5043325       2.9684553      0.59505415      0.63636363      0.73954093
      -106.26059       181.50188       412.47278       148.65970       25.035728
       152.21793
       1.0000000       108.00000      0.39992696      -1.0000000       1.0000000
   0.00020517803    0.0078491103      -1.0000000      -1.0000000      -1.0000000
      -1.0000000      -1.0000000      -1.0000000      -1.0000000      -1.0000000
      -1.0000000
       0.0000000       107.00000      0.41996893       572.00000       274565.00
       8.4450302       2.8534951      0.60197371      0.69444442      0.76155168
      -49.882755       175.01221       433.77170       149.39024       25.305454
       146.62820
       1.0000000       107.00000      0.41996893      -1.0000000       3.0000000
    0.0010686913     0.085925784      -1.0000000      -1.0000000      -1.0000000
      -1.0000000      -1.0000000      -1.0000000      -1.0000000      -1.0000000
      -1.0000000
       0.0000000       106.00000      0.44029784       567.00000       271396.00
       8.3680077       3.0856519      0.57777154      0.68571424      0.76261240
      -32.127869       187.20641       423.31454       149.27864       25.608997
       148.63136
       1.0000000       106.00000      0.44029784      -1.0000000       2.0000000
    0.0012459607     0.049368273      -1.0000000      -1.0000000      -1.0000000
      -1.0000000      -1.0000000      -1.0000000      -1.0000000      -1.0000000
      -1.0000000
       0.0000000       105.00000      0.46091780       564.00000       266560.00
       8.1254606       3.4091890      0.58007300      0.62500000      0.74270213
      -62.349354       224.74101       422.60928       145.94203       25.344883
       158.44843
       1.0000000       105.00000      0.46091780      -1.0000000       1.0000000
   0.00028658225     0.016481260      -1.0000000      -1.0000000      -1.0000000
      -1.0000000      -1.0000000      -1.0000000      -1.0000000      -1.0000000
      -1.0000000
       0.0000000       104.00000      0.48183295       556.00000       261620.00
       7.8957953       3.7145181      0.56125319      0.68571424      0.75338560
      -29.689423       209.68507       441.52869       141.47708       25.860168
       164.40147
       1.0000000       104.00000      0.48183295      -1.0000000       2.0000000
     0.048247519      0.16979446      -1.0000000      -1.0000000      -1.0000000
      -1.0000000      -1.0000000      -1.0000000      -1.0000000      -1.0000000
      -1.0000000
       0.0000000       103.00000      0.50304753       551.00000       256045.00
       7.7287712       4.6065598      0.55436188      0.61290324      0.73082215
      -3.4380677       224.23285       418.00452       137.42764       26.506233
       156.54703
       1.0000000       103.00000      0.50304753      -1.0000000       1.0000000
     0.012446326     0.047642041      -1.0000000      -1.0000000      -1.0000000
      -1.0000000      -1.0000000      -1.0000000      -1.0000000      -1.0000000
      -1.0000000
       0.0000000       102.00000      0.52456582       547.00000       252893.00
       7.4660645       4.6751556      0.55158567      0.61764705      0.73409188
      -14.263698       225.94554       412.96036       132.50050       26.845659
       151.86533
       1.0000000       102.00000      0.52456582      -1.0000000       2.0000000
   0.00073387747     0.021566690      -1.0000000      -1.0000000      -1.0000000
      -1.0000000      -1.0000000      -1.0000000      -1.0000000      -1.0000000
      -1.0000000
       0.0000000       101.00000      0.54639220       552.00000       250023.00
       7.2764993       4.6107030      0.54069078      0.63888896      0.72265482
      -34.498291       238.03937       431.92944       128.75912       27.113899
       146.52191
       0.0000000       100.00000      0.57598084       561.00000       247033.00
       6.9993706       4.7827935      0.54506350      0.61764705      0.68802404
      -39.876816       179.05470       441.09296       126.84341       27.588142
       144.70644
       1.0000000       100.00000      0.57598084      -1.0000000       1.0000000
     0.033255983      0.15501106      -1.0000000      -1.0000000      -1.0000000
      -1.0000000      -1.0000000      -1.0000000      -1.0000000      -1.0000000
      -1.0000000
       0.0000000       99.000000      0.59854329       565.00000       242402.00
       6.8253260       5.3129878      0.51965863      0.69444442      0.72588098
      -8.0840731       163.73361       443.14447       125.12079       27.894140
       136.87540
       0.0000000       98.000000      0.62142873       565.00000       238539.00
       6.5992107       5.5068784      0.53530622      0.66666663      0.71875775
       28.011667       159.23360       450.61798       122.50550       28.269571
       120.00777
       1.0000000       98.000000      0.62142873      -1.0000000       1.0000000
     0.017383957      0.10769137      -1.0000000      -1.0000000      -1.0000000
      -1.0000000      -1.0000000      -1.0000000      -1.0000000      -1.0000000
      -1.0000000
       0.0000000       97.000000      0.64464182       542.00000       233253.00
       6.3949533       4.9867902      0.51495588      0.58823532      0.67719847
       56.819302       174.46997       437.88864       120.04726       27.416807
       111.59757
       1.0000000       97.000000      0.64464182      -1.0000000       2.0000000
    0.0051681586     0.056451827      -1.0000000      -1.0000000      -1.0000000
      -1.0000000      -1.0000000      -1.0000000      -1.0000000      -1.0000000
      -1.0000000
       0.0000000       96.000000      0.67611039       551.00000       230651.00
       6.1997476       5.3504696      0.51777995      0.62162161      0.68661720
       66.282303       200.10037       428.41733       120.64129       27.907164
       104.42726
       1.0000000       96.000000      0.67611039      -1.0000000       2.0000000
    0.0014566043     0.031475779      -1.0000000      -1.0000000      -1.0000000
      -1.0000000      -1.0000000      -1.0000000      -1.0000000      -1.0000000
      -1.0000000
       0.0000000       95.000000      0.70010638       538.00000       225363.00
       5.9429798       4.4862823      0.52526051      0.58823532      0.69130343
       49.042053       220.12958       431.52792       120.02032       26.102295
       104.90724
       1.0000000       95.000000      0.70010638      -1.0000000       3.0000000
     0.032093241      0.20866845      -1.0000000      -1.0000000      -1.0000000
      -1.0000000      -1.0000000      -1.0000000      -1.0000000      -1.0000000
      -1.0000000
       0.0000000       94.000000      0.73263615       565.00000       223662.00
       5.7902575       4.1077390      0.53064352      0.57575762      0.69953448
       3.2246082       261.55725       440.25711       123.50439       25.745731
       103.28380
       1.0000000       94.000000      0.73263615      -1.0000000       1.0000000
   0.00018826495     0.017163970      -1.0000000      -1.0000000      -1.0000000
      -1.0000000      -1.0000000      -1.0000000      -1.0000000      -1.0000000
      -1.0000000
       0.0000000       93.000000      0.75744140       599.00000       223258.00
       5.6813636       4.8721747      0.53890437      0.57575762      0.71090949
      -92.203430       307.77966       421.93869       125.96709       26.564678
       99.242287
       1.0000000       93.000000      0.75744140      -1.0000000       4.0000000
    0.0077537023      0.18479576      -1.0000000      -1.0000000      -1.0000000
      -1.0000000      -1.0000000      -1.0000000      -1.0000000      -1.0000000
      -1.0000000
       0.0000000       92.000000      0.79106826       594.00000       217596.00
       5.4275389       5.0410190      0.52344882      0.53333330      0.70658147
      -184.29660       263.67545       404.97491       126.31308       26.372540
       98.857338
       1.0000000       92.000000      0.79106826      -1.0000000       5.0000000
     0.098249771      0.58957603      -1.0000000      -1.0000000      -1.0000000
      -1.0000000      -1.0000000      -1.0000000      -1.0000000      -1.0000000
      -1.0000000
       0.0000000       91.000000      0.81671000       585.00000       213148.00
       5.1508317       3.9740534      0.48983225      0.63636363      0.68460721
      -217.17577       210.63010       395.73938       127.87141       25.526102
       95.672020
       1.0000000       91.000000      0.81671000      -1.0000000       3.0000000
     0.035232255      0.11645821      -1.0000000      -1.0000000      -1.0000000
      -1.0000000      -1.0000000      -1.0000000      -1.0000000      -1.0000000
      -1.0000000
       0.0000000       90.000000      0.85147089       580.00000       208074.00
       4.9139371       3.8445935      0.48798952      0.61764705      0.67220873
      -192.68355       137.15442       391.39377       132.71858       25.734035
       91.593048
       1.0000000       90.000000      0.85147089      -1.0000000       7.0000000
      0.16742901      0.96261288      -1.0000000      -1.0000000      -1.0000000
      -1.0000000      -1.0000000      -1.0000000      -1.0000000      -1.0000000
      -1.0000000
       0.0000000       89.000000      0.88689691       572.00000       203530.00
       4.6889052       5.6453805      0.50477642      0.56756753      0.68420303
      -99.843346       178.95956       422.30460       132.82896       25.737846
       93.330711
       1.0000000       89.000000      0.88689691      -1.0000000       5.0000000
     0.041816315      0.48611208      -1.0000000      -1.0000000      -1.0000000
      -1.0000000      -1.0000000      -1.0000000      -1.0000000      -1.0000000
      -1.0000000
       0.0000000       88.000000      0.92300081       587.00000       200402.00
       4.3723192       4.1420312      0.49927187      0.50000000      0.60653001
      -91.413628       266.20880       328.39655       124.65283       23.855909
       95.690857
       1.0000000       88.000000      0.92300081      -1.0000000       6.0000000
     0.073473547      0.31958270      -1.0000000      -1.0000000      -1.0000000
      -1.0000000      -1.0000000      -1.0000000      -1.0000000      -1.0000000
      -1.0000000
       0.0000000       87.000000      0.95053136       1157.0000       243819.00
       4.2262979       4.0108776      0.50499213      0.68750000      0.75902748
      -131.21663       281.48560       302.52228       125.59895       23.061432
       92.571495
       1.0000000       87.000000      0.95053136      -1.0000000       2.0000000
     0.024404030      0.16960648      -1.0000000      -1.0000000      -1.0000000
      -1.0000000      -1.0000000      -1.0000000      -1.0000000      -1.0000000
      -1.0000000
       0.0000000       86.000000      0.98785281       1169.0000       239412.00
       4.0360346       4.6764193      0.50590092      0.48648649      0.59206492
      -205.67082       260.53424       248.06110       126.30065       23.236723
       93.020416
       1.0000000       86.000000      0.98785281      -1.0000000       5.0000000
     0.079382021      0.58498944      -1.0000000      -1.0000000      -1.0000000
      -1.0000000      -1.0000000      -1.0000000      -1.0000000      -1.0000000
      -1.0000000
       0.0000000       85.000000      0.99729425       1163.0000       237735.00
       3.9581261       4.8279161      0.49460453      0.53846151      0.57642663
      -226.18517       244.54344       243.61983       126.46814       23.300920
       93.493004
       1.0000000       85.000000      0.99729425      -1.0000000       1.0000000
     0.010067358      0.13212645      -1.0000000      -1.0000000      -1.0000000
      -1.0000000      -1.0000000      -1.0000000      -1.0000000      -1.0000000
      -1.0000000
       0.0000000       84.000000       1.0355104       1167.0000       233153.00
       3.7412307       4.8345356      0.48953840      0.63636363      0.68219775
      -312.08957       125.91699       232.92778       126.14981       22.600271
       94.240761
       1.0000000       84.000000       1.0355104      -1.0000000       3.0000000
    0.0086297598     0.071696304      -1.0000000      -1.0000000      -1.0000000
      -1.0000000      -1.0000000      -1.0000000      -1.0000000      -1.0000000
      -1.0000000
       0.0000000       83.000000       1.0744579       1254.0000       232723.00
       3.5119123       4.3702564      0.49017286      0.61904758      0.61994278
      -299.29587       65.391060       246.17842       125.03672       21.702509
       96.574547
       1.0000000       83.000000       1.0744579      -1.0000000       3.0000000
     0.027162421      0.15656562      -1.0000000      -1.0000000      -1.0000000
      -1.0000000      -1.0000000      -1.0000000      -1.0000000      -1.0000000
      -1.0000000
       0.0000000       82.000000       1.1141505       1261.0000       226950.00
       3.3492322       4.3447633      0.46855029      0.36111116      0.43668973
      -277.31339      -26.313768       276.58780       123.81994       20.515429
       102.19292
       1.0000000       82.000000       1.1141505      -1.0000000       3.0000000
   0.00035718316     0.014268828      -1.0000000      -1.0000000      -1.0000000
      -1.0000000      -1.0000000      -1.0000000      -1.0000000      -1.0000000
      -1.0000000
       0.0000000       81.000000       1.1546028       1284.0000       224248.00
       3.0963428       3.4629242      0.52724785      0.57142854      0.61315238
      -246.49402      -63.823936       298.11526       121.13778       19.061302
       103.79778
       1.0000000       81.000000       1.1546028      -1.0000000       4.0000000
    0.0054983770     0.045692461      -1.0000000      -1.0000000      -1.0000000
      -1.0000000      -1.0000000      -1.0000000      -1.0000000      -1.0000000
      -1.0000000
       0.0000000       80.000000       1.2062581       1287.0000       216680.00
       3.0480275       3.5416758      0.54675639      0.45454544      0.58046085
      -195.07239      -37.814037       367.08871       123.53864       18.981514
       102.65343
       1.0000000       80.000000       1.2062581      -1.0000000       2.0000000
    0.0030366919     0.065267334      -1.0000000      -1.0000000      -1.0000000
      -1.0000000      -1.0000000      -1.0000000      -1.0000000      -1.0000000
      -1.0000000
       0.0000000       79.000000       1.2484726       1286.0000       212251.00
       2.8636961       3.9820504      0.55909818      0.52777779      0.64336997
      -89.198029       19.354008       428.35886       123.23460       18.770983
       107.10812
       0.0000000       78.000000       1.3023784       1296.0000       206488.00
       2.6348879       3.9381347      0.53963506      0.55555552      0.59802133
       28.893576       96.192688       431.22385       122.55682       17.840046
       114.49404
       1.0000000       78.000000       1.3023784      -1.0000000       1.0000000
     0.028370362     0.058506858      -1.0000000      -1.0000000      -1.0000000
      -1.0000000      -1.0000000      -1.0000000      -1.0000000      -1.0000000
      -1.0000000
       0.0000000       77.000000       1.3575766       1387.0000       204665.00
       2.4027369       3.2572458      0.55888432      0.48571426      0.62635463
       114.54299       231.41373       380.06848       120.95071       15.986342
       114.74111
       1.0000000       77.000000       1.3575766      -1.0000000       2.0000000
     0.017300711      0.10472529      -1.0000000      -1.0000000      -1.0000000
      -1.0000000      -1.0000000      -1.0000000      -1.0000000      -1.0000000
      -1.0000000
       0.0000000       76.000000       1.4140983       1387.0000       198394.00
       2.2582893       2.6020255      0.55941933      0.63157892      0.63480234
       88.960457       307.78653       305.20273       123.89397       15.419648
       109.53835
       1.0000000       76.000000       1.4140983      -1.0000000       3.0000000
    0.0069358116      0.12990750      -1.0000000      -1.0000000      -1.0000000
      -1.0000000      -1.0000000      -1.0000000      -1.0000000      -1.0000000
      -1.0000000
       0.0000000       75.000000       1.4719748       1367.0000       190608.00
       2.1586678       2.8110743      0.57257801      0.55882359      0.61778241
       23.043398       375.92105       275.22296       131.32491       15.649320
       98.281364
       1.0000000       75.000000       1.4719748      -1.0000000       5.0000000
     0.080468003      0.45447504      -1.0000000      -1.0000000      -1.0000000
      -1.0000000      -1.0000000      -1.0000000      -1.0000000      -1.0000000
      -1.0000000
       0.0000000       74.000000       1.5312390       1340.0000       184354.00
       2.0243688       2.9862444      0.54127860      0.54545456      0.59909326
      -93.446404       356.15479       246.76457       135.58759       15.274344
       94.884529
       1.0000000       74.000000       1.5312390      -1.0000000       2.0000000
    0.0042323335     0.074107916      -1.0000000      -1.0000000      -1.0000000
      -1.0000000      -1.0000000      -1.0000000      -1.0000000      -1.0000000
      -1.0000000
       0.0000000       73.000000       1.6042346       1407.0000       179591.00
       1.7506045       3.5531220      0.52954251      0.52777779      0.57813913
      -223.58627       303.98611       203.77885       128.56255       14.737524
       104.50845
       1.0000000       73.000000       1.6042346      -1.0000000       1.0000000
       0.0000000       0.0000000      -1.0000000      -1.0000000      -1.0000000
      -1.0000000      -1.0000000      -1.0000000      -1.0000000      -1.0000000
      -1.0000000
       0.0000000       72.000000       1.6666696       1388.0000       172964.00
       1.5972148       2.7401624      0.52632725      0.53125000      0.66723967
      -246.58043       279.16559       162.18745       118.09377       13.580145
       113.81902
       1.0000000       72.000000       1.6666696      -1.0000000       1.0000000
    0.0014575309     0.033236776      -1.0000000      -1.0000000      -1.0000000
      -1.0000000      -1.0000000      -1.0000000      -1.0000000      -1.0000000
      -1.0000000
       0.0000000       71.000000       1.7435706      -1.0000000       162157.00
       1.5147117       2.6344895      -1.0000000      -1.0000000      -1.0000000
      -1.0000000      -1.0000000      -1.0000000       112.04296       13.403863
       118.73871
       1.0000000       71.000000       1.7435706      -1.0000000       1.0000000
   0.00018969565       0.0000000      -1.0000000      -1.0000000      -1.0000000
      -1.0000000      -1.0000000      -1.0000000      -1.0000000      -1.0000000
      -1.0000000
       0.0000000       70.000000       1.8226893      -1.0000000       159025.00
       1.3568919       2.6726301      -1.0000000      -1.0000000      -1.0000000
      -1.0000000      -1.0000000      -1.0000000       113.41712       13.173961
       111.90533
       1.0000000       70.000000       1.8226893      -1.0000000       3.0000000
    0.0070610768     0.053117491      -1.0000000      -1.0000000      -1.0000000
      -1.0000000      -1.0000000      -1.0000000      -1.0000000      -1.0000000
      -1.0000000
       0.0000000       69.000000       1.9040896      -1.0000000       153925.00
       1.2101953       2.6408331      -1.0000000      -1.0000000      -1.0000000
      -1.0000000      -1.0000000      -1.0000000       114.91286       12.289029
       103.86880
       1.0000000       69.000000       1.9040896      -1.0000000       2.0000000
     0.013595539      0.19501038      -1.0000000      -1.0000000      -1.0000000
      -1.0000000      -1.0000000      -1.0000000      -1.0000000      -1.0000000
      -1.0000000
       0.0000000       68.000000       2.0020282      -1.0000000       145022.00
       1.0583699       2.8032675      -1.0000000      -1.0000000      -1.0000000
      -1.0000000      -1.0000000      -1.0000000       118.38952       11.967706
       101.30244
       1.0000000       68.000000       2.0020282      -1.0000000       2.0000000
   0.00020970417       0.0000000      -1.0000000      -1.0000000      -1.0000000
      -1.0000000      -1.0000000      -1.0000000      -1.0000000      -1.0000000
      -1.0000000
       0.0000000       67.000000       2.1032696      -1.0000000       138986.00
      0.85770637       2.3312964      -1.0000000      -1.0000000      -1.0000000
      -1.0000000      -1.0000000      -1.0000000       115.34669       10.401996
       105.05124
       1.0000000       67.000000       2.1032696      -1.0000000       4.0000000
    0.0057318262     0.066703602      -1.0000000      -1.0000000      -1.0000000
      -1.0000000      -1.0000000      -1.0000000      -1.0000000      -1.0000000
      -1.0000000
       0.0000000       66.000000       2.2079256      -1.0000000       125494.00
      0.75380510       2.1866386      -1.0000000      -1.0000000      -1.0000000
      -1.0000000      -1.0000000      -1.0000000       116.72064       9.3987694
       110.58550
       1.0000000       66.000000       2.2079256      -1.0000000       4.0000000
    0.0017673055     0.053299171      -1.0000000      -1.0000000      -1.0000000
      -1.0000000      -1.0000000      -1.0000000      -1.0000000      -1.0000000
      -1.0000000
       0.0000000       65.000000       2.3161108      -1.0000000       132337.00
      0.65356338       1.5171385      -1.0000000      -1.0000000      -1.0000000
      -1.0000000      -1.0000000      -1.0000000       116.74698       7.9119391
       109.54172
       1.0000000       65.000000       2.3161108      -1.0000000       3.0000000
    0.0070474595     0.062543988      -1.0000000      -1.0000000      -1.0000000
      -1.0000000      -1.0000000      -1.0000000      -1.0000000      -1.0000000
      -1.0000000
       0.0000000       64.000000       2.4442258      -1.0000000       123467.00
      0.53288108       1.5301816      -1.0000000      -1.0000000      -1.0000000
      -1.0000000      -1.0000000      -1.0000000       119.23532       6.4646564
       102.57225
       1.0000000       64.000000       2.4442258      -1.0000000       5.0000000
     0.017512899      0.47508231      -1.0000000      -1.0000000      -1.0000000
      -1.0000000      -1.0000000      -1.0000000      -1.0000000      -1.0000000
      -1.0000000
       0.0000000       63.000000       2.5772903      -1.0000000       115361.00
      0.45605499       2.0031061      -1.0000000      -1.0000000      -1.0000000
      -1.0000000      -1.0000000      -1.0000000       132.35182       7.9860120
       81.756248
       1.0000000       63.000000       2.5772903      -1.0000000       1.0000000
    0.0021613063     0.031796675      -1.0000000      -1.0000000      -1.0000000
      -1.0000000      -1.0000000      -1.0000000      -1.0000000      -1.0000000
      -1.0000000
       0.0000000       62.000000       2.7331426      -1.0000000       107396.00
      0.31126824      0.88631004      -1.0000000      -1.0000000      -1.0000000
      -1.0000000      -1.0000000      -1.0000000       115.61916       4.8361015
       106.12822
       1.0000000       62.000000       2.7331426      -1.0000000       3.0000000
    0.0035757218     0.051474176      -1.0000000      -1.0000000      -1.0000000
      -1.0000000      -1.0000000      -1.0000000      -1.0000000      -1.0000000
      -1.0000000
       0.0000000       61.000000       2.8957851      -1.0000000       98082.000
      0.21831737       1.2815909      -1.0000000      -1.0000000      -1.0000000
      -1.0000000      -1.0000000      -1.0000000       114.14839       6.7372065
       90.467445
       0.0000000       60.000000       3.0081310      -1.0000000       92737.000
      0.23293757       1.1751115      -1.0000000      -1.0000000      -1.0000000
      -1.0000000      -1.0000000      -1.0000000       117.36121       7.0204377
       83.665512
       1.0000000       60.000000       3.0081310      -1.0000000       2.0000000
       0.0000000       0.0000000      -1.0000000      -1.0000000      -1.0000000
      -1.0000000      -1.0000000      -1.0000000      -1.0000000      -1.0000000
      -1.0000000
       0.0000000       59.000000       3.0848227      -1.0000000       93601.000
      0.15224120      0.71844900      -1.0000000      -1.0000000      -1.0000000
      -1.0000000      -1.0000000      -1.0000000       109.68311       4.1989021
       91.860489
       2.0000000       59.000000       3.0848227      0.42024446       58.000000
     0.044953633     0.096475661      -1.0000000      -1.0000000      -1.0000000
      -1.0000000      -1.0000000      -1.0000000      -1.0000000      -1.0000000
      -1.0000000
       1.0000000       59.000000       3.0848227      -1.0000000       2.0000000
   0.00046217471    0.0067188754      -1.0000000      -1.0000000      -1.0000000
      -1.0000000      -1.0000000      -1.0000000      -1.0000000      -1.0000000
      -1.0000000
       0.0000000       58.000000       3.2830331      -1.0000000       95616.000
      0.10697020      0.75404102      -1.0000000      -1.0000000      -1.0000000
      -1.0000000      -1.0000000      -1.0000000       96.265602       4.0420103
       94.890465
       1.0000000       58.000000       3.2830331      -1.0000000       3.0000000
   0.00010409720       0.0000000      -1.0000000      -1.0000000      -1.0000000
      -1.0000000      -1.0000000      -1.0000000      -1.0000000      -1.0000000
      -1.0000000
       0.0000000       57.000000       3.4908614      -1.0000000       86500.000
     0.079798982      0.50877261      -1.0000000      -1.0000000      -1.0000000
      -1.0000000      -1.0000000      -1.0000000       96.902962       2.6641984
       62.763630
