       0.0000000       135.00000       0.0000000       288.00000       309593.00
       21.658983     0.061754238      0.45153400      0.72972977      0.63287210
      -107.82770      -167.68279      -223.91737       177.07191       54.956863
       141.75548
       0.0000000       134.00000    0.0095216669       290.00000       308061.00
       21.705055     0.047095090      0.45431295      0.72972977      0.63468128
      -111.06095      -176.37715      -224.46718       178.11983       55.147976
       141.28661
       1.0000000       134.00000    0.0095216669      -1.0000000       2.0000000
   0.00063800567       0.0000000      -1.0000000      -1.0000000      -1.0000000
      -1.0000000      -1.0000000      -1.0000000      -1.0000000      -1.0000000
      -1.0000000
       0.0000000       133.00000     0.023974428       291.00000       304829.00
       21.735283     0.030004255      0.46435770      0.72972977      0.63967931
      -120.02690      -187.84888      -230.46300       179.08658       55.019573
       140.73732
       0.0000000       132.00000     0.033724371       287.00000       302862.00
       21.608610     0.014407620      0.45865911      0.72972977      0.63786316
      -118.70587      -188.65494      -225.25279       178.78198       54.207191
       141.68802
       1.0000000       132.00000     0.033724371      -1.0000000       1.0000000
       0.0000000       0.0000000      -1.0000000      -1.0000000      -1.0000000
      -1.0000000      -1.0000000      -1.0000000      -1.0000000      -1.0000000
      -1.0000000
       0.0000000       131.00000     0.048523631       282.00000       297473.00
       21.563374    0.0041860016      0.45437741      0.72972977      0.64033556
      -122.79979      -193.57117      -221.12578       178.99471       53.938175
       143.13931
       1.0000000       131.00000     0.048523631      -1.0000000       1.0000000
   0.00037210970     0.013310380      -1.0000000      -1.0000000      -1.0000000
      -1.0000000      -1.0000000      -1.0000000      -1.0000000      -1.0000000
      -1.0000000
       0.0000000       130.00000     0.058507323       282.00000       295742.00
       21.576298     0.053700622      0.45208570      0.72972977      0.63651305
      -126.17747      -192.33673      -219.37111       178.50368       53.936501
       144.80583
       1.0000000       130.00000     0.058507323      -1.0000000       1.0000000
       0.0000000       0.0000000      -1.0000000      -1.0000000      -1.0000000
      -1.0000000      -1.0000000      -1.0000000      -1.0000000      -1.0000000
      -1.0000000
       0.0000000       129.00000     0.073661387       287.00000       293920.00
       21.562700      0.11207828      0.45224425      0.72972977      0.63858455
      -127.74184      -194.10742      -220.79141       178.83600       53.761017
       145.97746
       0.0000000       128.00000     0.083884433       284.00000       292057.00
       21.580894     0.091989756      0.45567465      0.72972977      0.64090019
      -133.66978      -200.38589      -221.86617       178.79892       53.800476
       147.29205
       1.0000000       128.00000     0.083884433      -1.0000000       2.0000000
       0.0000000       0.0000000      -1.0000000      -1.0000000      -1.0000000
      -1.0000000      -1.0000000      -1.0000000      -1.0000000      -1.0000000
      -1.0000000
       0.0000000       127.00000     0.099401802       289.00000       290146.00
       21.572161      0.17428887      0.45084649      0.73684210      0.64197767
      -135.80040      -200.51872      -220.21037       178.90709       53.554207
       148.62680
       0.0000000       126.00000      0.10986994       287.00000       287448.00
       21.512445      0.22149181      0.44765002      0.72972977      0.63525462
      -136.57350      -200.88332      -218.51395       179.34564       53.292862
       149.48956
       1.0000000       126.00000      0.10986994      -1.0000000       2.0000000
    0.0010124014       0.0000000      -1.0000000      -1.0000000      -1.0000000
      -1.0000000      -1.0000000      -1.0000000      -1.0000000      -1.0000000
      -1.0000000
       0.0000000       125.00000      0.12575933       298.00000       287987.00
       21.630577      0.34137443      0.44620684      0.72972977      0.64220929
      -134.79630      -206.90094      -217.73753       179.87219       54.014446
       149.81187
       1.0000000       125.00000      0.12575933      -1.0000000       2.0000000
    0.0010495351     0.058864392      -1.0000000      -1.0000000      -1.0000000
      -1.0000000      -1.0000000      -1.0000000      -1.0000000      -1.0000000
      -1.0000000
       0.0000000       124.00000      0.14187621       303.00000       285667.00
       21.701923      0.33787256      0.44441769      0.72972977      0.63588464
      -148.32324      -209.37260      -209.82321       180.37512       54.297470
       150.24591
       0.0000000       123.00000      0.15274876       305.00000       284408.00
       21.631926      0.33752432      0.44925937      0.72972977      0.64288443
      -153.94905      -213.85165      -214.39754       180.90187       53.809376
       149.70280
       1.0000000       123.00000      0.15274876      -1.0000000       1.0000000
    0.0012012670     0.045869384      -1.0000000      -1.0000000      -1.0000000
      -1.0000000      -1.0000000      -1.0000000      -1.0000000      -1.0000000
      -1.0000000
       0.0000000       122.00000      0.16925204       304.00000       281501.00
       21.565935      0.35269088      0.45241070      0.72972977      0.64389026
      -160.51016      -220.77094      -215.20674       181.94986       53.519642
       147.32347
       1.0000000       122.00000      0.16925204      -1.0000000       1.0000000
       0.0000000       0.0000000      -1.0000000      -1.0000000      -1.0000000
      -1.0000000      -1.0000000      -1.0000000      -1.0000000      -1.0000000
      -1.0000000
       0.0000000       121.00000      0.18038526       306.00000       278362.00
       21.695641      0.39178589      0.45121285      0.72222221      0.64500976
      -164.02498      -220.21065      -214.76231       182.98317       53.634457
       146.17220
       1.0000000       121.00000      0.18038526      -1.0000000       2.0000000
    0.0013235100       0.0000000      -1.0000000      -1.0000000      -1.0000000
      -1.0000000      -1.0000000      -1.0000000      -1.0000000      -1.0000000
      -1.0000000
       0.0000000       120.00000      0.19728418       312.00000       276272.00
       21.640518      0.39808464      0.45198762      0.72222221      0.63601530
      -168.93744      -224.33296      -213.87033       184.92340       53.745052
       144.37526
       1.0000000       120.00000      0.19728418      -1.0000000       1.0000000
   0.00021300190    0.0075622778      -1.0000000      -1.0000000      -1.0000000
      -1.0000000      -1.0000000      -1.0000000      -1.0000000      -1.0000000
      -1.0000000
       0.0000000       119.00000      0.21442504       313.00000       273218.00
       21.825483      0.37842244      0.45424575      0.71428573      0.63582247
      -174.63989      -234.21719      -214.94177       186.19672       54.406609
       143.56444
       1.0000000       119.00000      0.21442504      -1.0000000       2.0000000
       0.0000000       0.0000000      -1.0000000      -1.0000000      -1.0000000
      -1.0000000      -1.0000000      -1.0000000      -1.0000000      -1.0000000
      -1.0000000
       0.0000000       118.00000      0.22598839       311.00000       271363.00
       21.660585      0.42734253      0.45657396      0.72222221      0.64161807
      -178.63036      -239.86095      -214.60190       186.98694       54.047024
       142.48274
       0.0000000       117.00000      0.24354018       314.00000       267391.00
       21.851789      0.44712242      0.46160969      0.72222221      0.64811689
      -183.80211      -250.07741      -212.89308       186.21494       54.559021
       144.44089
       0.0000000       116.00000      0.26134327       320.00000       265249.00
       21.677437      0.45249537      0.45910695      0.72222221      0.64480388
      -193.29654      -250.16449      -207.33720       183.63672       53.332703
       147.59315
       0.0000000       115.00000      0.27335334       314.00000       262119.00
       21.768257      0.44320402      0.45487571      0.71428573      0.64073455
      -196.46498      -247.32498      -206.45503       182.38557       53.623962
       149.49635
       0.0000000       114.00000      0.29158324       320.00000       259667.00
       21.682444      0.47689363      0.45946449      0.71428573      0.64353973
      -200.98003      -252.92943      -212.37259       180.71767       53.199402
       151.48894
       0.0000000       113.00000      0.31007412       324.00000       256984.00
       21.728399      0.47596475      0.45950755      0.71428573      0.64576900
      -206.41121      -257.71356      -214.07712       180.07047       53.060688
       153.41316
       1.0000000       113.00000      0.31007412      -1.0000000       1.0000000
   0.00031742459       0.0000000      -1.0000000      -1.0000000      -1.0000000
      -1.0000000      -1.0000000      -1.0000000      -1.0000000      -1.0000000
      -1.0000000
       0.0000000       112.00000      0.32882974       328.00000       251560.00
       21.782234      0.49730361      0.46691376      0.71428573      0.65379119
      -213.33372      -264.16891      -218.95259       179.94601       53.525158
       156.44424
       1.0000000       112.00000      0.32882974      -1.0000000       3.0000000
   0.00031790105       0.0000000      -1.0000000      -1.0000000      -1.0000000
      -1.0000000      -1.0000000      -1.0000000      -1.0000000      -1.0000000
      -1.0000000
       0.0000000       111.00000      0.34785384       332.00000       249537.00
       21.848471      0.50195104      0.46721318      0.71428573      0.64888179
      -215.69562      -269.36710      -217.81573       180.10818       53.439644
       156.16687
       0.0000000       110.00000      0.36068764       332.00000       247873.00
       21.673883      0.51640797      0.46381599      0.71428573      0.64299715
      -215.83713      -269.69308      -219.24701       180.40192       52.739445
       154.94943
       1.0000000       110.00000      0.36068764      -1.0000000       1.0000000
    0.0058825216     0.020150477      -1.0000000      -1.0000000      -1.0000000
      -1.0000000      -1.0000000      -1.0000000      -1.0000000      -1.0000000
      -1.0000000
       0.0000000       109.00000      0.38016787       331.00000       244036.00
       21.856909      0.54434127      0.46359468      0.70588237      0.65057540
      -217.53346      -279.32614      -219.56444       181.39438       53.057888
       153.54810
       0.0000000       108.00000      0.39992696       332.00000       241517.00
       21.840996      0.53679907      0.46662974      0.70588237      0.64785528
      -223.63908      -286.88898      -219.72621       182.63062       53.307106
       153.45351
       0.0000000       107.00000      0.41996893       337.00000       238684.00
       21.863714      0.56722963      0.46990895      0.70588237      0.65067893
      -232.49156      -290.28235      -218.00764       183.62605       52.963680
       153.43205
       1.0000000       107.00000      0.41996893      -1.0000000       1.0000000
    0.0021813379     0.021092612      -1.0000000      -1.0000000      -1.0000000
      -1.0000000      -1.0000000      -1.0000000      -1.0000000      -1.0000000
      -1.0000000
       0.0000000       106.00000      0.44029784       332.00000       235699.00
       21.908573      0.55914980      0.47721487      0.69696975      0.65399086
      -243.26344      -295.25497      -226.28783       184.37042       53.017616
       154.20041
       1.0000000       106.00000      0.44029784      -1.0000000       1.0000000
    0.0027021151     0.081092626      -1.0000000      -1.0000000      -1.0000000
      -1.0000000      -1.0000000      -1.0000000      -1.0000000      -1.0000000
      -1.0000000
       0.0000000       105.00000      0.46091780       333.00000       231163.00
       22.025665      0.58279091      0.47162095      0.69696975      0.65394485
      -245.69107      -295.00885      -229.18346       185.46844       53.505444
       154.36240
       1.0000000       105.00000      0.46091780      -1.0000000       1.0000000
   0.00099987467       0.0000000      -1.0000000      -1.0000000      -1.0000000
      -1.0000000      -1.0000000      -1.0000000      -1.0000000      -1.0000000
      -1.0000000
       0.0000000       104.00000      0.48183295       325.00000       226065.00
       22.009497      0.57719737      0.47426379      0.70588237      0.65538716
      -250.85204      -299.55051      -232.21083       186.11299       53.433853
       154.69722
       0.0000000       103.00000      0.50304753       325.00000       221404.00
       22.042418      0.60448205      0.47775480      0.69696975      0.66135257
      -261.62512      -300.61218      -234.89938       186.56161       53.769329
       155.78197
       1.0000000       103.00000      0.50304753      -1.0000000       1.0000000
       0.0000000       0.0000000      -1.0000000      -1.0000000      -1.0000000
      -1.0000000      -1.0000000      -1.0000000      -1.0000000      -1.0000000
      -1.0000000
       0.0000000       102.00000      0.52456582       322.00000       218226.00
       22.075338      0.61339235      0.47875506      0.70588237      0.65968090
      -262.93500      -300.33301      -247.53270       186.25128       52.992519
       159.35001
       1.0000000       102.00000      0.52456582      -1.0000000       1.0000000
   0.00034940836       0.0000000      -1.0000000      -1.0000000      -1.0000000
      -1.0000000      -1.0000000      -1.0000000      -1.0000000      -1.0000000
      -1.0000000
       0.0000000       101.00000      0.54639220       318.00000       214240.00
       22.018206      0.59395689      0.47553185      0.68750000      0.65540230
      -258.17401      -307.19913      -246.39040       185.62669       52.824913
       162.88335
       1.0000000       101.00000      0.54639220      -1.0000000       3.0000000
    0.0030675942     0.060330140      -1.0000000      -1.0000000      -1.0000000
      -1.0000000      -1.0000000      -1.0000000      -1.0000000      -1.0000000
      -1.0000000
       0.0000000       100.00000      0.57598084       330.00000       211623.00
       22.170908      0.54459131      0.47685066      0.68750000      0.65413922
      -269.89780      -316.49454      -239.86792       185.54749       52.996815
       166.84825
       1.0000000       100.00000      0.57598084      -1.0000000       1.0000000
   0.00015761146     0.012666427      -1.0000000      -1.0000000      -1.0000000
      -1.0000000      -1.0000000      -1.0000000      -1.0000000      -1.0000000
      -1.0000000
       0.0000000       99.000000      0.59854329       331.00000       206553.00
       22.122993      0.52269644      0.48173347      0.68750000      0.65883917
      -280.67801      -317.26935      -244.81241       186.14259       52.901546
       168.36569
       0.0000000       98.000000      0.62142873       328.00000       202431.00
       22.211052      0.47932643      0.48299599      0.69696975      0.66275901
      -288.22278      -316.17163      -256.88867       187.30855       52.773777
       168.54584
       0.0000000       97.000000      0.64464182       322.00000       199604.00
       22.265068      0.48017442      0.47450462      0.68750000      0.65793771
      -285.43018      -312.46756      -256.45840       189.03444       52.885509
       167.03862
       1.0000000       97.000000      0.64464182      -1.0000000       5.0000000
   0.00072956580     0.043377760      -1.0000000      -1.0000000      -1.0000000
      -1.0000000      -1.0000000      -1.0000000      -1.0000000      -1.0000000
      -1.0000000
       0.0000000       96.000000      0.67611039       321.00000       195237.00
       22.369616      0.35977474      0.47131813      0.73529410      0.66688710
      -292.11441      -309.47263      -257.57877       192.87563       53.117767
       163.09961
       1.0000000       96.000000      0.67611039      -1.0000000       1.0000000
      0.12682042      0.44211546      -1.0000000      -1.0000000      -1.0000000
      -1.0000000      -1.0000000      -1.0000000      -1.0000000      -1.0000000
      -1.0000000
       0.0000000       95.000000      0.70010638       318.00000       191249.00
       22.429604      0.99480438      0.47625151      0.73529410      0.67851299
      -301.75479      -315.82211      -271.59268       195.35202       53.962780
       160.97807
       1.0000000       95.000000      0.70010638      -1.0000000       1.0000000
       0.0000000       0.0000000      -1.0000000      -1.0000000      -1.0000000
      -1.0000000      -1.0000000      -1.0000000      -1.0000000      -1.0000000
      -1.0000000
       0.0000000       94.000000      0.73263615       313.00000       185509.00
       22.537365       1.1351196      0.47647098      0.73529410      0.67206001
      -307.55527      -321.28052      -281.53644       197.96617       54.630493
       158.72282
       0.0000000       93.000000      0.75744140       314.00000       181115.00
       22.617968       1.1400442      0.47734049      0.73529410      0.66958088
      -302.08774      -326.78375      -291.07361       199.81688       54.076992
       158.02863
       0.0000000       92.000000      0.79106826       313.00000       176515.00
       22.584913       1.2676662      0.48206383      0.74285710      0.69096982
      -300.90738      -341.16714      -300.79373       200.67831       54.039398
       160.02171
       1.0000000       92.000000      0.79106826      -1.0000000       2.0000000
   0.00043015135   0.00093017594      -1.0000000      -1.0000000      -1.0000000
      -1.0000000      -1.0000000      -1.0000000      -1.0000000      -1.0000000
      -1.0000000
       0.0000000       91.000000      0.81671000       313.00000       173121.00
       22.759516       1.3797487      0.48925978      0.74285710      0.69522655
      -315.80984      -359.51688      -302.69449       198.22620       54.124016
       163.90721
       1.0000000       91.000000      0.81671000      -1.0000000       1.0000000
       0.0000000       0.0000000      -1.0000000      -1.0000000      -1.0000000
      -1.0000000      -1.0000000      -1.0000000      -1.0000000      -1.0000000
      -1.0000000
       0.0000000       90.000000      0.85147089       310.00000       168055.00
       22.669649       1.4270697      0.48343059      0.73529410      0.69257253
      -326.62122      -349.20117      -306.68399       197.67201       53.650665
       161.89095
       1.0000000       90.000000      0.85147089      -1.0000000       2.0000000
    0.0010490733     0.026507718      -1.0000000      -1.0000000      -1.0000000
      -1.0000000      -1.0000000      -1.0000000      -1.0000000      -1.0000000
      -1.0000000
       0.0000000       89.000000      0.88689691       302.00000       163348.00
       22.808895       1.6506355      0.49030271      0.74285710      0.70945489
      -320.68616      -365.10617      -320.15079       198.15932       54.416008
       158.79253
       1.0000000       89.000000      0.88689691      -1.0000000       2.0000000
     0.068911567      0.15974694      -1.0000000      -1.0000000      -1.0000000
      -1.0000000      -1.0000000      -1.0000000      -1.0000000      -1.0000000
      -1.0000000
       0.0000000       88.000000      0.92300081       269.00000       152126.00
       22.909475       3.3998909      0.50664836      0.78378379      0.70081735
      -353.87503      -371.12820      -339.45737       196.08040       56.060577
       165.47459
       1.0000000       88.000000      0.92300081      -1.0000000       1.0000000
   0.00046166882     0.017719625      -1.0000000      -1.0000000      -1.0000000
      -1.0000000      -1.0000000      -1.0000000      -1.0000000      -1.0000000
      -1.0000000
       0.0000000       87.000000      0.95053136       267.00000       148721.00
       22.913483       3.1402829      0.48618042      0.74285710      0.70477653
      -350.97382      -359.71805      -327.93103       195.03419       56.237911
       168.48929
       1.0000000       87.000000      0.95053136      -1.0000000       2.0000000
     0.010160587     0.051383521      -1.0000000      -1.0000000      -1.0000000
      -1.0000000      -1.0000000      -1.0000000      -1.0000000      -1.0000000
      -1.0000000
       0.0000000       86.000000      0.98785281       293.00000       149683.00
       22.810532       3.2785969      0.48326263      0.78947365      0.70835185
      -351.42719      -359.47635      -327.19327       194.34726       55.702003
       169.92033
       1.0000000       86.000000      0.98785281      -1.0000000       7.0000000
     0.018295471     0.086441334      -1.0000000      -1.0000000      -1.0000000
      -1.0000000      -1.0000000      -1.0000000      -1.0000000      -1.0000000
      -1.0000000
       0.0000000       85.000000      0.99729425       288.00000       148016.00
       22.549635       3.1177192      0.48603415      0.78947365      0.70407671
      -353.71005      -359.14764      -328.76364       193.88387       54.581161
       172.12463
       1.0000000       85.000000      0.99729425      -1.0000000       2.0000000
    0.0083854454      0.12061671      -1.0000000      -1.0000000      -1.0000000
      -1.0000000      -1.0000000      -1.0000000      -1.0000000      -1.0000000
      -1.0000000
       0.0000000       84.000000       1.0355104       288.00000       143002.00
       22.359411       3.0662532      0.49011964      0.74285710      0.68849218
      -349.12296      -369.29254      -342.61160       194.59058       53.762428
       174.27130
       1.0000000       84.000000       1.0355104      -1.0000000       2.0000000
    0.0027177846     0.060214635      -1.0000000      -1.0000000      -1.0000000
      -1.0000000      -1.0000000      -1.0000000      -1.0000000      -1.0000000
      -1.0000000
       0.0000000       83.000000       1.0744579       283.00000       138078.00
       22.386892       2.8967783      0.47623345      0.79487175      0.69273275
      -341.14557      -361.63718      -327.81299       196.25359       54.040249
       173.26654
       1.0000000       83.000000       1.0744579      -1.0000000       1.0000000
      0.17202690     0.058622718      -1.0000000      -1.0000000      -1.0000000
      -1.0000000      -1.0000000      -1.0000000      -1.0000000      -1.0000000
      -1.0000000
       0.0000000       82.000000       1.1141505       276.00000       131630.00
       22.639399       3.4471736      0.49009234      0.81578946      0.71823376
      -363.49448      -382.34961      -345.42108       198.66345       56.008076
       173.18211
       1.0000000       82.000000       1.1141505      -1.0000000       4.0000000
    0.0018013356     0.028460771      -1.0000000      -1.0000000      -1.0000000
      -1.0000000      -1.0000000      -1.0000000      -1.0000000      -1.0000000
      -1.0000000
       0.0000000       81.000000       1.1546028       268.00000       126836.00
       22.255287       3.7616670      0.48992220      0.78378379      0.72605425
      -389.12317      -399.74213      -364.72086       201.39252       55.024506
       172.39917
       1.0000000       81.000000       1.1546028      -1.0000000       2.0000000
    0.0010977564       0.0000000      -1.0000000      -1.0000000      -1.0000000
      -1.0000000      -1.0000000      -1.0000000      -1.0000000      -1.0000000
      -1.0000000
       0.0000000       80.000000       1.2062581       261.00000       119277.00
       22.172863       3.8619642      0.44696674      0.82222223      0.70928174
      -348.09332      -385.36847      -326.59491       205.32275       55.523472
       171.32794
       1.0000000       80.000000       1.2062581      -1.0000000       3.0000000
    0.0095272243     0.068147121      -1.0000000      -1.0000000      -1.0000000
      -1.0000000      -1.0000000      -1.0000000      -1.0000000      -1.0000000
      -1.0000000
       0.0000000       79.000000       1.2484726       232.00000       110795.00
       21.964417       4.9933295      0.47966325      0.79487175      0.71297657
      -403.48416      -373.90637      -357.04251       209.17209       56.548328
       166.75781
       1.0000000       79.000000       1.2484726      -1.0000000       2.0000000
     0.022289160     0.048718533      -1.0000000      -1.0000000      -1.0000000
      -1.0000000      -1.0000000      -1.0000000      -1.0000000      -1.0000000
      -1.0000000
       0.0000000       78.000000       1.3023784       209.00000       101933.00
       21.402729       6.1140161      0.50583196      0.78787881      0.71413785
      -460.99118      -396.79611      -420.63828       213.70270       57.382259
       160.76093
       1.0000000       78.000000       1.3023784      -1.0000000       3.0000000
      0.16445752      0.21565433      -1.0000000      -1.0000000      -1.0000000
      -1.0000000      -1.0000000      -1.0000000      -1.0000000      -1.0000000
      -1.0000000
       0.0000000       77.000000       1.3575766       202.00000       95869.000
       21.601923       8.5101376      0.55399454      0.80555558      0.75634706
      -501.64609      -474.41971      -570.57690       216.40173       62.390900
       158.82861
       1.0000000       77.000000       1.3575766      -1.0000000       10.000000
      0.17139271      0.65735920      -1.0000000      -1.0000000      -1.0000000
      -1.0000000      -1.0000000      -1.0000000      -1.0000000      -1.0000000
      -1.0000000
       0.0000000       76.000000       1.4140983      -1.0000000       90783.000
     0.063052170   0.00032654539      -1.0000000      -1.0000000      -1.0000000
      -1.0000000      -1.0000000      -1.0000000       35.151634     0.063378714
      0.74815714
       2.0000000       76.000000       1.4140983       5.6543078       76.000000
      0.35651639      0.16768506      -1.0000000      -1.0000000      -1.0000000
      -1.0000000      -1.0000000      -1.0000000      -1.0000000      -1.0000000
      -1.0000000
       1.0000000       76.000000       1.4140983      -1.0000000       5.0000000
      0.78143417       1.0398204      -1.0000000      -1.0000000      -1.0000000
      -1.0000000      -1.0000000      -1.0000000      -1.0000000      -1.0000000
      -1.0000000
       0.0000000       75.000000       1.4719748      -1.0000000       87076.000
      0.55136126      0.21638368      -1.0000000      -1.0000000      -1.0000000
      -1.0000000      -1.0000000      -1.0000000       82.718155      0.79216957
       1.9802827
       0.0000000       74.000000       1.5312390      -1.0000000       83230.000
      0.39849541    0.0072860285      -1.0000000      -1.0000000      -1.0000000
      -1.0000000      -1.0000000      -1.0000000       66.535492      0.43805566
       1.4659371
       0.0000000       73.000000       1.6042346       188.00000       77820.000
       13.671937       10.040050      0.53688562      0.83333331      0.73461568
      -559.83600      -674.10046      -400.54129       202.59438       64.017273
       179.40068
       0.0000000       72.000000       1.6666696       189.00000       73871.000
       13.068604       8.9354677      0.54405653      0.75757575      0.72447217
      -442.76956      -580.30426      -462.50375       201.52737       62.460396
       182.48946
       1.0000000       72.000000       1.6666696      -1.0000000       4.0000000
      0.23354621      0.75879461      -1.0000000      -1.0000000      -1.0000000
      -1.0000000      -1.0000000      -1.0000000      -1.0000000      -1.0000000
      -1.0000000
       0.0000000       71.000000       1.7435706       188.00000       68745.000
       11.973433       8.9563646      0.52854151      0.67741930      0.62196797
      -362.27005      -531.85962      -379.61392       205.29176       62.263557
       183.15738
       1.0000000       71.000000       1.7435706      -1.0000000       13.000000
      0.29430221       1.0378762      -1.0000000      -1.0000000      -1.0000000
      -1.0000000      -1.0000000      -1.0000000      -1.0000000      -1.0000000
      -1.0000000
       0.0000000       70.000000       1.8226893       173.00000       62240.000
       10.830446       13.358306      0.48491445      0.85185182      0.68706828
      -193.78778      -552.35046      -378.16904       208.73875       67.358368
       186.75041
       1.0000000       70.000000       1.8226893      -1.0000000       13.000000
      0.29096038       1.3882556      -1.0000000      -1.0000000      -1.0000000
      -1.0000000      -1.0000000      -1.0000000      -1.0000000      -1.0000000
      -1.0000000
       0.0000000       69.000000       1.9040896       170.00000       58902.000
       8.8570681       13.358622      0.42590535      0.66666663      0.50602603
      -180.10023      -408.00687      -86.667900       209.86375       74.320396
       183.93997
       1.0000000       69.000000       1.9040896      -1.0000000       16.000000
       1.0561158       2.1696983      -1.0000000      -1.0000000      -1.0000000
      -1.0000000      -1.0000000      -1.0000000      -1.0000000      -1.0000000
      -1.0000000
       0.0000000       68.000000       2.0020282       155.00000       51885.000
       7.8809242       11.203931      0.46968704      0.76190472      0.41059205
      -332.78467      -474.28815      -279.88998       216.09814       56.179794
       187.84105
       1.0000000       68.000000       2.0020282      -1.0000000       13.000000
      0.15877565      0.92717612      -1.0000000      -1.0000000      -1.0000000
      -1.0000000      -1.0000000      -1.0000000      -1.0000000      -1.0000000
      -1.0000000
       0.0000000       67.000000       2.1032696       151.00000       46991.000
       5.7025747       9.4280672      0.44498664      0.60000002      0.52411002
      -190.47676      -447.19336      -169.36687       208.89278       47.933147
       186.10934
       2.0000000       67.000000       2.1032696      0.27145505       65.000000
       1.1314570      0.92415798      -1.0000000      -1.0000000      -1.0000000
      -1.0000000      -1.0000000      -1.0000000      -1.0000000      -1.0000000
      -1.0000000
       1.0000000       67.000000       2.1032696      -1.0000000       8.0000000
     0.041451048      0.66162127      -1.0000000      -1.0000000      -1.0000000
      -1.0000000      -1.0000000      -1.0000000      -1.0000000      -1.0000000
      -1.0000000
       0.0000000       66.000000       2.2079256       145.00000       42518.000
       4.9185209       7.4218283      0.42497498      0.56250006      0.55628628
      -198.45894      -393.60211      -169.94572       216.00529       46.394600
       184.85037
       1.0000000       66.000000       2.2079256      -1.0000000       10.000000
     0.025124571      0.17872622      -1.0000000      -1.0000000      -1.0000000
      -1.0000000      -1.0000000      -1.0000000      -1.0000000      -1.0000000
      -1.0000000
       0.0000000       65.000000       2.3161108       142.00000       38225.000
       4.1681190       7.0260897      0.50600255      0.52941173      0.53789061
      -128.21234      -505.98120      -271.43643       213.22525       39.378536
       183.60318
       1.0000000       65.000000       2.3161108      -1.0000000       9.0000000
     0.080044180      0.26411928      -1.0000000      -1.0000000      -1.0000000
      -1.0000000      -1.0000000      -1.0000000      -1.0000000      -1.0000000
      -1.0000000
       0.0000000       64.000000       2.4442258       137.00000       34339.000
       3.0536449       3.8046305      0.45354974      0.75000000      0.55642253
      -91.858437      -326.74475      -186.41968       188.67758       22.619011
       214.07860
       1.0000000       64.000000       2.4442258      -1.0000000       19.000000
     0.078569374      0.53777908      -1.0000000      -1.0000000      -1.0000000
      -1.0000000      -1.0000000      -1.0000000      -1.0000000      -1.0000000
      -1.0000000
       0.0000000       63.000000       2.5772903       170.00000       35277.000
       2.4170723       4.5549641      0.37989593      0.74418604      0.53137290
      -75.696213      -189.48077      -182.37857       192.42567       21.520826
       178.27736
       1.0000000       63.000000       2.5772903      -1.0000000       7.0000000
      0.10594114      0.77170334      -1.0000000      -1.0000000      -1.0000000
      -1.0000000      -1.0000000      -1.0000000      -1.0000000      -1.0000000
      -1.0000000
       0.0000000       62.000000       2.7331426       227.00000       37250.000
       1.9103382       3.2273650      0.39586702      0.79545456      0.26359501
      -73.777168      -268.29935      -38.820961       187.17297       16.501730
       173.95715
       1.0000000       62.000000       2.7331426      -1.0000000       5.0000000
    0.0013277296       0.0000000      -1.0000000      -1.0000000      -1.0000000
      -1.0000000      -1.0000000      -1.0000000      -1.0000000      -1.0000000
      -1.0000000
       0.0000000       61.000000       2.8957851       233.00000       34482.000
       1.5804582       2.3087568      0.42227650      0.71428573      0.42686489
      -95.055367      -266.28516      -61.940845       161.40137       12.365285
       165.31134
       1.0000000       61.000000       2.8957851      -1.0000000       6.0000000
   0.00025900334     0.017966636      -1.0000000      -1.0000000      -1.0000000
      -1.0000000      -1.0000000      -1.0000000      -1.0000000      -1.0000000
      -1.0000000
       0.0000000       60.000000       3.0081310       216.00000       30301.000
       1.4264963       1.9464086      0.41266042      0.82222223      0.45370117
      -127.37590      -204.97298      -66.373497       152.95255       11.044017
       153.50877
       1.0000000       60.000000       3.0081310      -1.0000000       5.0000000
    0.0038080390     0.038810136      -1.0000000      -1.0000000      -1.0000000
      -1.0000000      -1.0000000      -1.0000000      -1.0000000      -1.0000000
      -1.0000000
       0.0000000       59.000000       3.0848227      -1.0000000       28290.000
       1.3192728       2.0185339      -1.0000000      -1.0000000      -1.0000000
      -1.0000000      -1.0000000      -1.0000000       151.42476       13.247026
       151.07968
       1.0000000       59.000000       3.0848227      -1.0000000       3.0000000
     0.079043688     0.078404866      -1.0000000      -1.0000000      -1.0000000
      -1.0000000      -1.0000000      -1.0000000      -1.0000000      -1.0000000
      -1.0000000
       0.0000000       58.000000       3.2830331      -1.0000000       40602.000
      0.91330761       2.2073643      -1.0000000      -1.0000000      -1.0000000
      -1.0000000      -1.0000000      -1.0000000       160.85423       12.621240
       112.89985
       1.0000000       58.000000       3.2830331      -1.0000000       6.0000000
      0.16534008      0.50542274      -1.0000000      -1.0000000      -1.0000000
      -1.0000000      -1.0000000      -1.0000000      -1.0000000      -1.0000000
      -1.0000000
       0.0000000       57.000000       3.4908614      -1.0000000       36286.000
      0.71302521       1.3276376      -1.0000000      -1.0000000      -1.0000000
      -1.0000000      -1.0000000      -1.0000000       147.32213       7.3756537
       124.24957
       1.0000000       57.000000       3.4908614      -1.0000000       9.0000000
     0.014335225     0.070282210      -1.0000000      -1.0000000      -1.0000000
      -1.0000000      -1.0000000      -1.0000000      -1.0000000      -1.0000000
      -1.0000000
