       0.0000000       135.00000       0.0000000       1172.0000       406000.00
       6.6039867       3.5326359      0.52630842      0.67647058      0.72337711
       64.968712      -344.22559       19.240362       111.40508       26.635784
       73.584381
       0.0000000       134.00000    0.0095216669       1197.0000       404727.00
       6.4788394       3.3367050      0.51898843      0.63636363      0.70895952
       54.039768      -340.10867       27.732601       111.24824       25.868170
       73.629128
       1.0000000       134.00000    0.0095216669      -1.0000000       1.0000000
      0.10786095      0.60568875      -1.0000000      -1.0000000      -1.0000000
      -1.0000000      -1.0000000      -1.0000000      -1.0000000      -1.0000000
      -1.0000000
       0.0000000       133.00000     0.023974428       1216.0000       402108.00
       6.4100575       3.3569117      0.53255308      0.64864868      0.70806772
       22.117710      -352.21744       7.2714443       111.74208       25.679937
       72.918625
       1.0000000       133.00000     0.023974428      -1.0000000       2.0000000
    0.0087171923     0.070344381      -1.0000000      -1.0000000      -1.0000000
      -1.0000000      -1.0000000      -1.0000000      -1.0000000      -1.0000000
      -1.0000000
       0.0000000       132.00000     0.033724371       1226.0000       401851.00
       6.3230519       3.3939650      0.52529359      0.65714288      0.70800257
       5.8542914      -351.26221      -16.799986       112.69175       25.700754
       73.116531
       1.0000000       132.00000     0.033724371      -1.0000000       2.0000000
    0.0035455432     0.080732971      -1.0000000      -1.0000000      -1.0000000
      -1.0000000      -1.0000000      -1.0000000      -1.0000000      -1.0000000
      -1.0000000
       0.0000000       131.00000     0.048523631       1237.0000       398229.00
       6.2418108       3.8854396      0.54237115      0.73170733      0.74669570
       40.021202      -352.39478      -38.310619       112.04346       25.916216
       72.866425
       1.0000000       131.00000     0.048523631      -1.0000000       2.0000000
     0.027766482      0.20068479      -1.0000000      -1.0000000      -1.0000000
      -1.0000000      -1.0000000      -1.0000000      -1.0000000      -1.0000000
      -1.0000000
       0.0000000       130.00000     0.058507323       1240.0000       395601.00
       6.1644025       3.6612046      0.54638910      0.71052635      0.71831840
       76.973877      -357.42108      -27.569803       110.84186       25.518127
       73.899864
       1.0000000       130.00000     0.058507323      -1.0000000       2.0000000
   0.00033132674     0.013434030      -1.0000000      -1.0000000      -1.0000000
      -1.0000000      -1.0000000      -1.0000000      -1.0000000      -1.0000000
      -1.0000000
       0.0000000       129.00000     0.073661387       1247.0000       393268.00
       6.0454459       3.8597476      0.55813092      0.65625000      0.72487259
       72.929909      -367.68515       18.239262       109.15467       25.346577
       73.578903
       1.0000000       129.00000     0.073661387      -1.0000000       2.0000000
     0.017453160     0.083545007      -1.0000000      -1.0000000      -1.0000000
      -1.0000000      -1.0000000      -1.0000000      -1.0000000      -1.0000000
      -1.0000000
       0.0000000       128.00000     0.083884433       1242.0000       390657.00
       6.0091000       4.0255723      0.55330509      0.71428573      0.75803989
       43.939445      -373.94385       51.642567       108.53342       26.014652
       73.807007
       1.0000000       128.00000     0.083884433      -1.0000000       1.0000000
    0.0093365274     0.038569994      -1.0000000      -1.0000000      -1.0000000
      -1.0000000      -1.0000000      -1.0000000      -1.0000000      -1.0000000
      -1.0000000
       0.0000000       127.00000     0.099401802       1255.0000       389128.00
       5.8362317       3.7516589      0.54501474      0.65714288      0.73383969
       8.4543476      -365.60620       45.394527       109.60690       25.359947
       74.188812
       1.0000000       127.00000     0.099401802      -1.0000000       2.0000000
     0.048618481      0.17679768      -1.0000000      -1.0000000      -1.0000000
      -1.0000000      -1.0000000      -1.0000000      -1.0000000      -1.0000000
      -1.0000000
       0.0000000       126.00000      0.10986994       1261.0000       387360.00
       5.7427125       4.4270797      0.54272699      0.67567563      0.71724039
      -1.5812836      -386.32745       31.317432       110.40216       25.068823
       74.059082
       0.0000000       125.00000      0.12575933       1276.0000       385859.00
       5.5359387       4.6426487      0.54287678      0.75609756      0.76371109
       12.284751      -375.01291      -2.3456035       110.32903       24.902887
       74.378639
       1.0000000       125.00000      0.12575933      -1.0000000       2.0000000
      0.10523450      0.33163431      -1.0000000      -1.0000000      -1.0000000
      -1.0000000      -1.0000000      -1.0000000      -1.0000000      -1.0000000
      -1.0000000
       0.0000000       124.00000      0.14187621       1295.0000       383374.00
       5.4213343       4.7974977      0.56221628      0.71052635      0.74542260
       63.219955      -358.94275       10.185592       107.98507       25.008888
       73.701012
       1.0000000       124.00000      0.14187621      -1.0000000       1.0000000
   0.00049399782     0.010502713      -1.0000000      -1.0000000      -1.0000000
      -1.0000000      -1.0000000      -1.0000000      -1.0000000      -1.0000000
      -1.0000000
       0.0000000       123.00000      0.15274876       1304.0000       382017.00
       5.2927451       3.8835139      0.56039953      0.63636363      0.72171468
       71.004097      -353.45367       16.246536       107.19378       23.253618
       73.881180
       0.0000000       122.00000      0.16925204       1323.0000       379969.00
       5.2585878       3.6894612      0.55257010      0.65625000      0.72949165
       86.330505      -351.03485       35.963432       107.25243       23.515156
       74.575638
       1.0000000       122.00000      0.16925204      -1.0000000       3.0000000
    0.0040886683     0.050417978      -1.0000000      -1.0000000      -1.0000000
      -1.0000000      -1.0000000      -1.0000000      -1.0000000      -1.0000000
      -1.0000000
       0.0000000       121.00000      0.18038526       1332.0000       377358.00
       5.0651741       3.7041609      0.54359496      0.64705884      0.71444571
       73.807266      -348.69180       61.825352       107.92234       22.410807
       74.557426
       1.0000000       121.00000      0.18038526      -1.0000000       2.0000000
    0.0078420769     0.075061716      -1.0000000      -1.0000000      -1.0000000
      -1.0000000      -1.0000000      -1.0000000      -1.0000000      -1.0000000
      -1.0000000
       0.0000000       120.00000      0.19728418       1345.0000       374736.00
       5.0654364       3.8418286      0.55182964      0.61764705      0.71972197
       23.539192      -346.79251       106.80550       108.73682       23.086708
       75.240875
       0.0000000       119.00000      0.21442504       1361.0000       372821.00
       4.8712807       4.2697921      0.55030012      0.66666663      0.72325659
      -13.657907      -355.07983       65.348274       108.54987       22.830767
       75.771400
       1.0000000       119.00000      0.21442504      -1.0000000       3.0000000
     0.073508837      0.35319757      -1.0000000      -1.0000000      -1.0000000
      -1.0000000      -1.0000000      -1.0000000      -1.0000000      -1.0000000
      -1.0000000
       0.0000000       118.00000      0.22598839       1359.0000       370578.00
       4.8155937       4.3496141      0.55106467      0.68421054      0.71279162
       14.454618      -347.66882       31.506775       108.31639       22.622555
       76.609100
       1.0000000       118.00000      0.22598839      -1.0000000       1.0000000
     0.057059567      0.36332935      -1.0000000      -1.0000000      -1.0000000
      -1.0000000      -1.0000000      -1.0000000      -1.0000000      -1.0000000
      -1.0000000
       0.0000000       117.00000      0.24354018       1366.0000       366439.00
       4.6646943       4.2898960      0.54055101      0.69230771      0.69827962
       93.500931      -325.79813       30.980919       107.96675       22.588549
       76.698814
       1.0000000       117.00000      0.24354018      -1.0000000       2.0000000
       0.0000000       0.0000000      -1.0000000      -1.0000000      -1.0000000
      -1.0000000      -1.0000000      -1.0000000      -1.0000000      -1.0000000
      -1.0000000
       0.0000000       116.00000      0.26134327       1385.0000       364134.00
       4.5701146       3.6381578      0.54740107      0.68421054      0.72498393
       107.93409      -320.07501       69.718056       108.30611       21.667500
       75.669395
       1.0000000       116.00000      0.26134327      -1.0000000       3.0000000
     0.010960845     0.068553343      -1.0000000      -1.0000000      -1.0000000
      -1.0000000      -1.0000000      -1.0000000      -1.0000000      -1.0000000
      -1.0000000
       0.0000000       115.00000      0.27335334       1390.0000       361693.00
       4.4877114       3.4375069      0.56145543      0.68571424      0.73371297
       105.89307      -324.85150       93.970802       108.91692       21.008680
       75.102997
       0.0000000       114.00000      0.29158324       1551.0000       365668.00
       4.3650846       3.7561851      0.55353040      0.68571424      0.71958810
       99.663147      -319.60013       125.03651       110.09854       20.994305
       74.004189
       1.0000000       114.00000      0.29158324      -1.0000000       1.0000000
     0.013947245     0.062157638      -1.0000000      -1.0000000      -1.0000000
      -1.0000000      -1.0000000      -1.0000000      -1.0000000      -1.0000000
      -1.0000000
       0.0000000       113.00000      0.31007412       1557.0000       362668.00
       4.1951623       3.8863261      0.54615325      0.70270270      0.68566620
       85.852272      -288.18002       152.58780       111.16767       20.275015
       75.786194
       1.0000000       113.00000      0.31007412      -1.0000000       2.0000000
     0.045233957      0.22262793      -1.0000000      -1.0000000      -1.0000000
      -1.0000000      -1.0000000      -1.0000000      -1.0000000      -1.0000000
      -1.0000000
       0.0000000       112.00000      0.32882974       1580.0000       358713.00
       4.0512776       3.9262812      0.53733468      0.64864868      0.70679784
       75.750603      -272.64651       174.23105       109.74197       20.044579
       76.297646
       0.0000000       111.00000      0.34785384       1598.0000       356812.00
       3.9543669       3.8046989      0.54871535      0.53125000      0.65897906
       79.995758      -249.53683       196.11345       109.55730       19.391451
       77.183754
       1.0000000       111.00000      0.34785384      -1.0000000       1.0000000
   0.00015181174    0.0084377779      -1.0000000      -1.0000000      -1.0000000
      -1.0000000      -1.0000000      -1.0000000      -1.0000000      -1.0000000
      -1.0000000
       0.0000000       110.00000      0.36068764       1614.0000       355648.00
       3.8913817       4.1537142      0.52728885      0.64864868      0.68380117
       59.292057      -244.11911       203.06425       109.92097       20.229225
       77.586075
       0.0000000       109.00000      0.38016787       1636.0000       353085.00
       3.7506232       3.7555318      0.52397877      0.64705884      0.67390490
       18.573484      -268.41666       170.65636       110.06435       18.934355
       77.282845
       0.0000000       108.00000      0.39992696       1646.0000       351492.00
       3.5368950       3.6546738      0.52060455      0.65789473      0.63544661
     -0.11946127      -281.73264       134.85301       110.40813       18.074274
       76.976898
       1.0000000       108.00000      0.39992696      -1.0000000       1.0000000
   0.00015181174    0.0084377779      -1.0000000      -1.0000000      -1.0000000
      -1.0000000      -1.0000000      -1.0000000      -1.0000000      -1.0000000
      -1.0000000
       0.0000000       107.00000      0.41996893       1670.0000       348386.00
       3.4903061       3.8023777      0.53261149      0.66666663      0.64716858
       66.013588      -286.26349       119.18642       111.36555       18.901237
       77.295799
       0.0000000       106.00000      0.44029784       1672.0000       345866.00
       3.3800569       3.6745360      0.55356640      0.57575762      0.66101789
       117.65024      -269.57126       153.77710       112.27144       18.829107
       77.757362
       1.0000000       106.00000      0.44029784      -1.0000000       1.0000000
   0.00015181174    0.0084377779      -1.0000000      -1.0000000      -1.0000000
      -1.0000000      -1.0000000      -1.0000000      -1.0000000      -1.0000000
      -1.0000000
       0.0000000       105.00000      0.46091780       1703.0000       342997.00
       3.2085412       3.4699590      0.54130143      0.53333330      0.63862491
       113.11826      -231.70949       194.59012       110.55849       17.090870
       78.888321
       1.0000000       105.00000      0.46091780      -1.0000000       2.0000000
    0.0030522046     0.023991991      -1.0000000      -1.0000000      -1.0000000
      -1.0000000      -1.0000000      -1.0000000      -1.0000000      -1.0000000
      -1.0000000
       0.0000000       104.00000      0.48183295       1719.0000       339747.00
       3.1801074       2.8852417      0.52452874      0.64705884      0.67742729
       108.70609      -210.25500       216.90901       107.66667       16.919243
       83.008438
       1.0000000       104.00000      0.48183295      -1.0000000       1.0000000
       0.0000000       0.0000000      -1.0000000      -1.0000000      -1.0000000
      -1.0000000      -1.0000000      -1.0000000      -1.0000000      -1.0000000
      -1.0000000
       0.0000000       103.00000      0.50304753       1733.0000       335778.00
       3.1454966       2.8203015      0.52145338      0.65714288      0.67037892
       112.35040      -196.99666       233.89787       107.14076       17.067696
       84.698608
       1.0000000       103.00000      0.50304753      -1.0000000       2.0000000
       0.0000000       0.0000000      -1.0000000      -1.0000000      -1.0000000
      -1.0000000      -1.0000000      -1.0000000      -1.0000000      -1.0000000
      -1.0000000
       0.0000000       102.00000      0.52456582       1746.0000       333458.00
       3.0369105       2.8498471      0.54475665      0.63636363      0.68806124
       115.45178      -190.38075       255.91817       108.29176       16.178257
       83.088936
       1.0000000       102.00000      0.52456582      -1.0000000       1.0000000
       0.0000000       0.0000000      -1.0000000      -1.0000000      -1.0000000
      -1.0000000      -1.0000000      -1.0000000      -1.0000000      -1.0000000
      -1.0000000
       0.0000000       101.00000      0.54639220       1767.0000       330859.00
       2.9689813       3.3483908      0.49478754      0.70731705      0.64257348
       95.739517      -155.92007       255.58105       109.58336       17.046637
       81.876999
       1.0000000       101.00000      0.54639220      -1.0000000       2.0000000
     0.014257145      0.12733950      -1.0000000      -1.0000000      -1.0000000
      -1.0000000      -1.0000000      -1.0000000      -1.0000000      -1.0000000
      -1.0000000
       0.0000000       100.00000      0.57598084       1766.0000       326611.00
       2.8040798       3.2819331      0.50163573      0.66666663      0.58553022
       60.436668      -177.45401       241.03378       108.85358       17.034472
       81.936638
       1.0000000       100.00000      0.57598084      -1.0000000       2.0000000
     0.023062317      0.14695071      -1.0000000      -1.0000000      -1.0000000
      -1.0000000      -1.0000000      -1.0000000      -1.0000000      -1.0000000
      -1.0000000
       0.0000000       99.000000      0.59854329       1799.0000       323360.00
       2.7253790       3.2299457      0.50755483      0.67567563      0.64106601
       77.088081      -195.29768       226.74387       108.21328       16.573740
       84.131172
       1.0000000       99.000000      0.59854329      -1.0000000       1.0000000
   0.00019184673       0.0000000      -1.0000000      -1.0000000      -1.0000000
      -1.0000000      -1.0000000      -1.0000000      -1.0000000      -1.0000000
      -1.0000000
       0.0000000       98.000000      0.62142873       1805.0000       320150.00
       2.6020215       3.5192354      0.51471746      0.62857145      0.60722637
       106.20309      -186.70927       211.35664       106.73525       15.797755
       86.970825
       0.0000000       97.000000      0.64464182       1820.0000       318311.00
       2.5447958       3.3442571      0.48343030      0.63157892      0.58406478
       111.10838      -169.86432       210.03590       104.82465       16.402252
       87.943947
       1.0000000       97.000000      0.64464182      -1.0000000       1.0000000
   0.00019184673       0.0000000      -1.0000000      -1.0000000      -1.0000000
      -1.0000000      -1.0000000      -1.0000000      -1.0000000      -1.0000000
      -1.0000000
       0.0000000       96.000000      0.67611039       1834.0000       315490.00
       2.4230700       2.6291099      0.48677775      0.58823532      0.59285736
       131.25797      -148.31818       194.56757       105.81155       15.256001
       87.828346
       1.0000000       96.000000      0.67611039      -1.0000000       3.0000000
     0.015781928      0.15590630      -1.0000000      -1.0000000      -1.0000000
      -1.0000000      -1.0000000      -1.0000000      -1.0000000      -1.0000000
      -1.0000000
       0.0000000       95.000000      0.70010638       1839.0000       312024.00
       2.3641226       2.7288659      0.50177783      0.56250006      0.58768415
       158.39186      -112.89301       205.75555       107.65546       14.780760
       86.449173
       1.0000000       95.000000      0.70010638      -1.0000000       1.0000000
       0.0000000       0.0000000      -1.0000000      -1.0000000      -1.0000000
      -1.0000000      -1.0000000      -1.0000000      -1.0000000      -1.0000000
      -1.0000000
       0.0000000       94.000000      0.73263615       1868.0000       309476.00
       2.2416410       3.1651056      0.46949214      0.51612902      0.52444893
       135.00571      -64.874107       233.38475       108.90942       14.969890
       84.554070
       0.0000000       93.000000      0.75744140       1884.0000       305774.00
       2.1380661       3.0825653      0.46037126      0.48484850      0.51963425
       82.111130      -86.881554       222.72592       107.99407       14.396738
       86.731438
       0.0000000       92.000000      0.79106826       1882.0000       299888.00
       1.9788393       3.1139874      0.45793688      0.59459460      0.51591009
       72.771118      -103.39374       194.94008       106.58189       13.832419
       89.347885
       1.0000000       92.000000      0.79106826      -1.0000000       3.0000000
    0.0057036717     0.043956887      -1.0000000      -1.0000000      -1.0000000
      -1.0000000      -1.0000000      -1.0000000      -1.0000000      -1.0000000
      -1.0000000
       0.0000000       91.000000      0.81671000       1897.0000       297035.00
       1.8909853       2.9672821      0.46601379      0.63414633      0.55998707
       77.682320      -100.18961       197.93524       106.53333       13.774470
       88.602150
       0.0000000       90.000000      0.85147089       1892.0000       292187.00
       1.8358732       2.5807793      0.44686949      0.66666663      0.53388059
       120.91196      -73.657898       186.34447       106.21373       13.285258
       91.105484
       1.0000000       90.000000      0.85147089      -1.0000000       1.0000000
       0.0000000       0.0000000      -1.0000000      -1.0000000      -1.0000000
      -1.0000000      -1.0000000      -1.0000000      -1.0000000      -1.0000000
      -1.0000000
       0.0000000       89.000000      0.88689691       1860.0000       287146.00
       1.7629157       2.8597167      0.42832693      0.55263156      0.48660922
       104.88992      -74.060257       166.22014       105.97883       13.819406
       94.790047
       1.0000000       89.000000      0.88689691      -1.0000000       2.0000000
    0.0066306381     0.065184124      -1.0000000      -1.0000000      -1.0000000
      -1.0000000      -1.0000000      -1.0000000      -1.0000000      -1.0000000
      -1.0000000
       0.0000000       88.000000      0.92300081       1862.0000       282038.00
       1.6431822       2.7622871      0.43447763      0.40625006      0.42603371
       95.712044      -74.475525       138.76680       106.01397       12.635276
       97.290764
       0.0000000       87.000000      0.95053136       1840.0000       277576.00
       1.5655494       2.7264512      0.42394289      0.50000000      0.44469827
       73.414169      -61.199280       136.09058       105.42320       12.261904
       98.819092
       1.0000000       87.000000      0.95053136      -1.0000000       1.0000000
      0.10634667      0.19693778      -1.0000000      -1.0000000      -1.0000000
      -1.0000000      -1.0000000      -1.0000000      -1.0000000      -1.0000000
      -1.0000000
       0.0000000       86.000000      0.98785281      -1.0000000       272069.00
       1.4491922       2.6329758      -1.0000000      -1.0000000      -1.0000000
      -1.0000000      -1.0000000      -1.0000000       105.15965       11.766490
       97.459526
       0.0000000       85.000000      0.99729425      -1.0000000       270894.00
       1.4284345       2.5860064      -1.0000000      -1.0000000      -1.0000000
      -1.0000000      -1.0000000      -1.0000000       105.33356       11.773290
       96.644554
       1.0000000       85.000000      0.99729425      -1.0000000       2.0000000
     0.011540880     0.021901494      -1.0000000      -1.0000000      -1.0000000
      -1.0000000      -1.0000000      -1.0000000      -1.0000000      -1.0000000
      -1.0000000
       0.0000000       84.000000       1.0355104      -1.0000000       263458.00
       1.3932344       1.8919562      -1.0000000      -1.0000000      -1.0000000
      -1.0000000      -1.0000000      -1.0000000       108.99323       11.422309
       95.076866
       1.0000000       84.000000       1.0355104      -1.0000000       1.0000000
       0.0000000       0.0000000      -1.0000000      -1.0000000      -1.0000000
      -1.0000000      -1.0000000      -1.0000000      -1.0000000      -1.0000000
      -1.0000000
       0.0000000       83.000000       1.0744579      -1.0000000       257356.00
       1.3518142       2.2484155      -1.0000000      -1.0000000      -1.0000000
      -1.0000000      -1.0000000      -1.0000000       111.94489       11.528799
       95.402374
       1.0000000       83.000000       1.0744579      -1.0000000       2.0000000
    0.0031058146     0.035863653      -1.0000000      -1.0000000      -1.0000000
      -1.0000000      -1.0000000      -1.0000000      -1.0000000      -1.0000000
      -1.0000000
       0.0000000       82.000000       1.1141505      -1.0000000       252194.00
       1.2240651       2.1631727      -1.0000000      -1.0000000      -1.0000000
      -1.0000000      -1.0000000      -1.0000000       107.66718       9.8188639
       104.64684
       0.0000000       81.000000       1.1546028      -1.0000000       246947.00
       1.1149670       2.1155226      -1.0000000      -1.0000000      -1.0000000
      -1.0000000      -1.0000000      -1.0000000       106.92658       8.7771931
       112.87817
       0.0000000       80.000000       1.2062581      -1.0000000       239550.00
       1.0115831       2.1286049      -1.0000000      -1.0000000      -1.0000000
      -1.0000000      -1.0000000      -1.0000000       106.20689       8.2647810
       117.71228
       1.0000000       80.000000       1.2062581      -1.0000000       1.0000000
       0.0000000       0.0000000      -1.0000000      -1.0000000      -1.0000000
      -1.0000000      -1.0000000      -1.0000000      -1.0000000      -1.0000000
      -1.0000000
       0.0000000       79.000000       1.2484726      -1.0000000       234138.00
      0.96199936       1.4806454      -1.0000000      -1.0000000      -1.0000000
      -1.0000000      -1.0000000      -1.0000000       104.64065       7.5409336
       119.31265
       0.0000000       78.000000       1.3023784      -1.0000000       227678.00
      0.90766859       1.5814655      -1.0000000      -1.0000000      -1.0000000
      -1.0000000      -1.0000000      -1.0000000       106.87915       7.5542002
       113.58045
       1.0000000       78.000000       1.3023784      -1.0000000       1.0000000
    0.0065546418     0.083100870      -1.0000000      -1.0000000      -1.0000000
      -1.0000000      -1.0000000      -1.0000000      -1.0000000      -1.0000000
      -1.0000000
       0.0000000       77.000000       1.3575766      -1.0000000       222359.00
      0.80814856       1.5092521      -1.0000000      -1.0000000      -1.0000000
      -1.0000000      -1.0000000      -1.0000000       112.12147       7.2152019
       108.25703
       1.0000000       77.000000       1.3575766      -1.0000000       1.0000000
    0.0065546418     0.083100870      -1.0000000      -1.0000000      -1.0000000
      -1.0000000      -1.0000000      -1.0000000      -1.0000000      -1.0000000
      -1.0000000
       0.0000000       76.000000       1.4140983      -1.0000000       218588.00
      0.75742072       1.8126863      -1.0000000      -1.0000000      -1.0000000
      -1.0000000      -1.0000000      -1.0000000       113.02995       8.1749353
       105.77532
       0.0000000       75.000000       1.4719748      -1.0000000       210434.00
      0.69072640       1.5298357      -1.0000000      -1.0000000      -1.0000000
      -1.0000000      -1.0000000      -1.0000000       107.49500       7.8291259
       104.68111
       1.0000000       75.000000       1.4719748      -1.0000000       2.0000000
    0.0070412866      0.10845834      -1.0000000      -1.0000000      -1.0000000
      -1.0000000      -1.0000000      -1.0000000      -1.0000000      -1.0000000
      -1.0000000
       0.0000000       74.000000       1.5312390      -1.0000000       210500.00
      0.66347277       1.3632805      -1.0000000      -1.0000000      -1.0000000
      -1.0000000      -1.0000000      -1.0000000       108.08870       8.2671947
       102.64568
       0.0000000       73.000000       1.6042346      -1.0000000       200110.00
      0.57288814       1.9461427      -1.0000000      -1.0000000      -1.0000000
      -1.0000000      -1.0000000      -1.0000000       103.58541       7.3102636
       96.439148
       1.0000000       73.000000       1.6042346      -1.0000000       1.0000000
   0.00048664483     0.025357474      -1.0000000      -1.0000000      -1.0000000
      -1.0000000      -1.0000000      -1.0000000      -1.0000000      -1.0000000
      -1.0000000
       0.0000000       72.000000       1.6666696      -1.0000000       196002.00
      0.52090263       1.7361205      -1.0000000      -1.0000000      -1.0000000
      -1.0000000      -1.0000000      -1.0000000       100.58157       7.2116947
       103.79680
       1.0000000       72.000000       1.6666696      -1.0000000       1.0000000
     0.048310459     0.095237933      -1.0000000      -1.0000000      -1.0000000
      -1.0000000      -1.0000000      -1.0000000      -1.0000000      -1.0000000
      -1.0000000
       0.0000000       71.000000       1.7435706      -1.0000000       196279.00
      0.44493952       1.4226371      -1.0000000      -1.0000000      -1.0000000
      -1.0000000      -1.0000000      -1.0000000       96.627640       6.5353699
       111.38722
       1.0000000       71.000000       1.7435706      -1.0000000       3.0000000
   0.00057046011    0.0049213627      -1.0000000      -1.0000000      -1.0000000
      -1.0000000      -1.0000000      -1.0000000      -1.0000000      -1.0000000
      -1.0000000
       0.0000000       70.000000       1.8226893      -1.0000000       190537.00
      0.40118510       1.2907481      -1.0000000      -1.0000000      -1.0000000
      -1.0000000      -1.0000000      -1.0000000       96.219337       6.3609285
       115.50240
       1.0000000       70.000000       1.8226893      -1.0000000       2.0000000
    0.0057745853     0.039666019      -1.0000000      -1.0000000      -1.0000000
      -1.0000000      -1.0000000      -1.0000000      -1.0000000      -1.0000000
      -1.0000000
       0.0000000       69.000000       1.9040896      -1.0000000       180726.00
      0.37127116       1.0000678      -1.0000000      -1.0000000      -1.0000000
      -1.0000000      -1.0000000      -1.0000000       98.550644       5.9125276
       117.14147
       1.0000000       69.000000       1.9040896      -1.0000000       1.0000000
   0.00041247217       0.0000000      -1.0000000      -1.0000000      -1.0000000
      -1.0000000      -1.0000000      -1.0000000      -1.0000000      -1.0000000
      -1.0000000
       0.0000000       68.000000       2.0020282      -1.0000000       187245.00
      0.35059476      0.90829360      -1.0000000      -1.0000000      -1.0000000
      -1.0000000      -1.0000000      -1.0000000       108.05696       5.4374137
       105.06489
       1.0000000       68.000000       2.0020282      -1.0000000       3.0000000
    0.0049814591     0.089784393      -1.0000000      -1.0000000      -1.0000000
      -1.0000000      -1.0000000      -1.0000000      -1.0000000      -1.0000000
      -1.0000000
       0.0000000       67.000000       2.1032696      -1.0000000       174780.00
      0.28473282       1.6180208      -1.0000000      -1.0000000      -1.0000000
      -1.0000000      -1.0000000      -1.0000000       119.56091       6.1399212
       85.476753
       1.0000000       67.000000       2.1032696      -1.0000000       2.0000000
       0.0000000       0.0000000      -1.0000000      -1.0000000      -1.0000000
      -1.0000000      -1.0000000      -1.0000000      -1.0000000      -1.0000000
      -1.0000000
       0.0000000       66.000000       2.2079256      -1.0000000       165488.00
      0.20632304      0.83646721      -1.0000000      -1.0000000      -1.0000000
      -1.0000000      -1.0000000      -1.0000000       108.39339       3.6854112
       97.768593
       0.0000000       65.000000       2.3161108      -1.0000000       155943.00
      0.17066102      0.50658607      -1.0000000      -1.0000000      -1.0000000
      -1.0000000      -1.0000000      -1.0000000       97.697647       2.8676455
       104.09157
       1.0000000       65.000000       2.3161108      -1.0000000       1.0000000
       0.0000000       0.0000000      -1.0000000      -1.0000000      -1.0000000
      -1.0000000      -1.0000000      -1.0000000      -1.0000000      -1.0000000
      -1.0000000
       0.0000000       64.000000       2.4442258      -1.0000000       148058.00
      0.13824788      0.53431582      -1.0000000      -1.0000000      -1.0000000
      -1.0000000      -1.0000000      -1.0000000       89.314651       2.8948476
       95.370140
       0.0000000       63.000000       2.5772903      -1.0000000       156661.00
      0.11486572      0.43430048      -1.0000000      -1.0000000      -1.0000000
      -1.0000000      -1.0000000      -1.0000000       83.531601       2.5071275
       81.725632
       1.0000000       63.000000       2.5772903      -1.0000000       1.0000000
       0.0000000       0.0000000      -1.0000000      -1.0000000      -1.0000000
      -1.0000000      -1.0000000      -1.0000000      -1.0000000      -1.0000000
      -1.0000000
       0.0000000       62.000000       2.7331426      -1.0000000       158102.00
     0.095649220      0.52082932      -1.0000000      -1.0000000      -1.0000000
      -1.0000000      -1.0000000      -1.0000000       78.398895       2.5174026
       85.043869
       1.0000000       62.000000       2.7331426      -1.0000000       1.0000000
       0.0000000       0.0000000      -1.0000000      -1.0000000      -1.0000000
      -1.0000000      -1.0000000      -1.0000000      -1.0000000      -1.0000000
      -1.0000000
       0.0000000       61.000000       2.8957851      -1.0000000       149357.00
     0.082278386      0.50092995      -1.0000000      -1.0000000      -1.0000000
      -1.0000000      -1.0000000      -1.0000000       75.524918       2.7302327
       80.407471
       1.0000000       61.000000       2.8957851      -1.0000000       2.0000000
       0.0000000       0.0000000      -1.0000000      -1.0000000      -1.0000000
      -1.0000000      -1.0000000      -1.0000000      -1.0000000      -1.0000000
      -1.0000000
