       0.0000000       135.00000       0.0000000       14.000000       114306.00
       5.7448516      0.21586950      0.43503627      0.65789473      0.56473327
       38.366203       102.68388      -72.096115       106.47204       11.883389
       11.639462
       0.0000000       134.00000    0.0095216669       14.000000       113243.00
       5.6928577      0.19113857      0.44157401      0.66666663      0.57786614
       41.025963       104.55415      -73.666092       106.42773       11.798523
       11.608240
       0.0000000       133.00000     0.023974428       14.000000       111782.00
       5.6586709      0.18878441      0.44943109      0.65789473      0.59032524
       35.561165       110.41722      -76.910095       106.39511       11.639233
       11.293815
       0.0000000       132.00000     0.033724371       14.000000       110894.00
       5.6829128      0.13433763      0.42533311      0.64864868      0.57951206
       30.033916       104.31393      -75.325188       103.21597       11.599007
       12.041935
       0.0000000       131.00000     0.048523631       14.000000       106829.00
       5.7978225      0.15882231      0.44091859      0.63888896      0.59500778
       30.559992       114.83355      -84.097168       102.69929       11.846746
       15.250403
       0.0000000       130.00000     0.058507323       14.000000       106112.00
       5.6444135      0.21328405      0.43110761      0.61111116      0.58285439
       24.883488       118.70721      -91.895821       116.94537       12.274496
       15.041186
       0.0000000       129.00000     0.073661387       15.000000       107410.00
       5.4842625      0.26797569      0.55382174      0.59375006      0.64685082
       16.429419       134.86317      -93.789360       130.17250       10.744279
       6.2990408
       0.0000000       128.00000     0.083884433       16.000000       110444.00
       6.5354304      0.33488333      0.56578779      0.53333330      0.65147358
       17.342369       176.24652      -130.21861       131.43742       15.918083
       15.549459
       0.0000000       127.00000     0.099401802       16.000000       109014.00
       6.7125731      0.38289461      0.56974769      0.58064520      0.65750957
       5.9571767       179.41835      -143.36128       124.99748       16.950466
       22.752150
       0.0000000       126.00000      0.10986994       16.000000       108474.00
       6.7085032      0.41461465      0.56743747      0.58064520      0.65946239
      -1.2017553       183.04216      -142.61726       123.49988       17.091423
       25.328609
       0.0000000       125.00000      0.12575933       16.000000       104555.00
       6.7367134      0.38878420      0.56745893      0.56666672      0.66382426
      -12.799861       186.43600      -143.17740       121.51343       17.107512
       27.738962
       0.0000000       124.00000      0.14187621       16.000000       103699.00
       6.7283106      0.39300939      0.56929678      0.53333330      0.65488821
      -20.770142       194.54633      -137.57201       121.20035       17.113317
       28.385941
       0.0000000       123.00000      0.15274876       16.000000       101969.00
       6.7381763      0.34525418      0.56684673      0.56666672      0.65491295
      -20.678337       200.42284      -134.32951       120.12103       17.170605
       30.747570
       0.0000000       122.00000      0.16925204       16.000000       101087.00
       6.7587590      0.30121991      0.56871969      0.56666672      0.65466398
      -20.173807       201.73943      -139.87042       118.11358       17.118317
       33.843750
       0.0000000       121.00000      0.18038526       16.000000       99547.000
       6.7313428      0.24393250      0.56760365      0.56666672      0.65752774
      -21.849007       203.18805      -141.76945       118.28623       17.133759
       33.934223
       0.0000000       120.00000      0.19728418       17.000000       100289.00
       6.7742453      0.33108574      0.57045114      0.61290324      0.66396707
      -31.982296       208.23952      -140.11078       118.47847       17.213520
       34.876919
       0.0000000       119.00000      0.21442504       17.000000       95804.000
       6.7595854      0.37700018      0.57000363      0.56666672      0.66213912
      -37.921993       219.59961      -131.77124       118.69785       17.331678
       35.525684
       0.0000000       118.00000      0.22598839       17.000000       95454.000
       6.7634001      0.45237741      0.56918687      0.56666672      0.65655059
      -41.233597       226.09904      -124.83156       119.91021       17.301151
       34.443493
       0.0000000       117.00000      0.24354018       17.000000       94327.000
       6.7202549      0.53776622      0.56745875      0.56666672      0.66086215
      -32.679733       239.46211      -112.27209       120.39130       17.179792
       34.762051
       0.0000000       116.00000      0.26134327       17.000000       91498.000
       6.7961879      0.54683399      0.56554997      0.58064520      0.66861498
      -15.742222       246.98927      -108.94797       122.36341       17.755676
       33.070702
       0.0000000       115.00000      0.27335334       17.000000       90942.000
       6.7446299      0.72771251      0.57058614      0.58064520      0.66320908
      -6.4779654       246.66968      -118.78693       125.20048       17.623110
       31.958733
       0.0000000       114.00000      0.29158324       17.000000       89819.000
       6.7320580       1.1712437      0.56971061      0.58064520      0.66989595
      -24.967237       238.81961      -144.85300       124.60226       18.054502
       32.388821
       0.0000000       113.00000      0.31007412       18.000000       87980.000
       6.7297349      0.97807711      0.56724328      0.61290324      0.66676050
      -52.881157       234.13535      -152.81502       123.16093       17.890820
       33.213539
       0.0000000       112.00000      0.32882974       17.000000       82470.000
       6.6873813      0.91943365      0.56595898      0.64705884      0.68357486
      -81.790443       232.93623      -153.59102       123.36826       17.747719
       33.916973
       0.0000000       111.00000      0.34785384       17.000000       80201.000
       6.6800861       1.0010309      0.56358308      0.61290324      0.66471863
      -87.322227       243.53273      -144.52026       121.79543       18.181997
       37.570965
       0.0000000       110.00000      0.36068764       17.000000       79960.000
       6.6723261       1.1275570      0.56384915      0.62500000      0.66200638
      -76.322037       249.84955      -144.91095       121.59948       18.152298
       38.524563
       0.0000000       109.00000      0.38016787       16.000000       75540.000
       6.6407456       1.0550979      0.56286377      0.60000002      0.67027462
      -69.971245       248.20210      -156.80643       123.27663       18.137037
       36.037788
       0.0000000       108.00000      0.39992696       19.000000       78334.000
       6.6513300       1.2175454      0.56394184      0.61290324      0.66477615
      -70.132874       251.37155      -164.88228       122.41413       18.602947
       42.018597
       0.0000000       107.00000      0.41996893       18.000000       75051.000
       6.6426554       1.1845822      0.56401074      0.61290324      0.66362178
      -74.778961       246.47897      -183.01784       125.20049       18.584320
       43.217480
       0.0000000       106.00000      0.44029784       18.000000       74374.000
       6.6279039       1.3059468      0.55648613      0.62500000      0.66000855
      -85.004868       242.73279      -190.49220       130.04700       19.142405
       44.225224
       0.0000000       105.00000      0.46091780       18.000000       70984.000
       6.6575475       1.2262337      0.55225950      0.62500000      0.66163325
      -95.555725       242.28595      -194.26230       136.97841       19.291416
       36.832581
       0.0000000       104.00000      0.48183295       19.000000       71833.000
       6.5052643       1.7164419      0.54329419      0.66666663      0.64861572
      -94.392357       255.96375      -183.25345       143.22836       19.456413
       27.921141
       0.0000000       103.00000      0.50304753       18.000000       67495.000
       6.4488583       1.9842792      0.55155498      0.63636363      0.67412388
      -76.069702       266.18503      -189.63164       144.28520       19.464775
       20.590611
       0.0000000       102.00000      0.52456582       20.000000       69766.000
       6.5174122       1.8304724      0.54946071      0.56666672      0.65167308
      -94.892555       272.78030      -181.20450       142.69255       20.347046
       26.038641
       1.0000000       102.00000      0.52456582      -1.0000000       1.0000000
       0.0000000       0.0000000      -1.0000000      -1.0000000      -1.0000000
      -1.0000000      -1.0000000      -1.0000000      -1.0000000      -1.0000000
      -1.0000000
       0.0000000       101.00000      0.54639220       19.000000       66353.000
       6.5184183       2.0999596      0.54393893      0.65625000      0.68514824
      -108.45783       276.55646      -166.77614       140.65422       21.258194
       34.951000
       0.0000000       100.00000      0.57598084       19.000000       63041.000
       6.4411907       2.2292502      0.53653330      0.60000002      0.63711274
      -94.443230       293.64777      -136.42882       136.13705       21.610094
       51.934963
       0.0000000       99.000000      0.59854329       17.000000       56584.000
       6.4042044       2.0191753      0.53564978      0.53333330      0.61921698
      -65.010551       305.11795      -115.99931       133.28809       21.473221
       63.168179
       0.0000000       98.000000      0.62142873       16.000000       51900.000
       6.3182096       1.6579974      0.53053898      0.61764705      0.64119589
      -40.120495       309.36694      -128.53110       132.36652       21.164938
       71.726730
       0.0000000       97.000000      0.64464182       16.000000       51097.000
       6.4229913       1.9209989      0.54315609      0.61764705      0.65793830
      -44.375248       319.41058      -131.19191       134.56822       21.880848
       74.223564
       0.0000000       96.000000      0.67611039       16.000000       49637.000
       6.4234796       2.1759684      0.53656745      0.63636363      0.63294530
      -16.824854       336.98520      -89.663071       132.91498       22.707468
       82.548058
       1.0000000       96.000000      0.67611039      -1.0000000       1.0000000
    0.0011396247       0.0000000      -1.0000000      -1.0000000      -1.0000000
      -1.0000000      -1.0000000      -1.0000000      -1.0000000      -1.0000000
      -1.0000000
       0.0000000       95.000000      0.70010638       16.000000       48553.000
       6.1470156       2.7860439      0.54084980      0.58064520      0.64057297
       42.471111       346.43018      -70.714417       132.87650       22.156569
       85.398682
       0.0000000       94.000000      0.73263615       16.000000       47927.000
       6.0590873       3.2049634      0.54328382      0.59375006      0.63242680
       21.666660       320.93335      -163.01906       132.50809       22.529991
       89.139725
       1.0000000       94.000000      0.73263615      -1.0000000       2.0000000
    0.0051651704     0.086950116      -1.0000000      -1.0000000      -1.0000000
      -1.0000000      -1.0000000      -1.0000000      -1.0000000      -1.0000000
      -1.0000000
       0.0000000       93.000000      0.75744140       16.000000       47374.000
       6.0099301       2.9324114      0.53783888      0.61290324      0.64903510
      -11.917608       321.49451      -175.31291       130.68491       22.917097
       92.571053
       0.0000000       92.000000      0.79106826       16.000000       45978.000
       5.9476714       2.8864787      0.52517009      0.61290324      0.63292515
       10.541171       302.72232      -202.73047       131.87018       23.235918
       92.250984
       1.0000000       92.000000      0.79106826      -1.0000000       1.0000000
     0.051853523      0.18425748      -1.0000000      -1.0000000      -1.0000000
      -1.0000000      -1.0000000      -1.0000000      -1.0000000      -1.0000000
      -1.0000000
       0.0000000       91.000000      0.81671000       17.000000       45447.000
       5.8028731       3.3710177      0.51460969      0.61290324      0.61713135
      -26.833147       277.15308      -239.85628       132.13087       23.237993
       93.769745
       0.0000000       90.000000      0.85147089       962.00000       242384.00
       5.7107420       3.2328699      0.51383513      0.61290324      0.62004358
      -76.537247       268.66553      -230.10832       130.06003       23.521727
       104.97325
       0.0000000       89.000000      0.88689691       1022.0000       242947.00
       5.5729136       3.1476884      0.50149691      0.59375006      0.61773723
      -75.392906       259.11768      -223.97870       131.90021       23.419477
       99.159859
       1.0000000       89.000000      0.88689691      -1.0000000       3.0000000
     0.011419627     0.078910496      -1.0000000      -1.0000000      -1.0000000
      -1.0000000      -1.0000000      -1.0000000      -1.0000000      -1.0000000
      -1.0000000
       0.0000000       88.000000      0.92300081       1188.0000       249233.00
       5.4373498       3.7789185      0.48658937      0.63888896      0.61495835
      -69.346008       240.67578      -221.83710       136.98904       23.985193
       92.787872
       1.0000000       88.000000      0.92300081      -1.0000000       4.0000000
     0.024295179      0.16118274      -1.0000000      -1.0000000      -1.0000000
      -1.0000000      -1.0000000      -1.0000000      -1.0000000      -1.0000000
      -1.0000000
       0.0000000       87.000000      0.95053136       1183.0000       245544.00
       5.2780023       4.9856129      0.48515385      0.62500000      0.59009737
      -102.25230       222.27528      -225.93753       137.47704       25.581062
       90.902054
       1.0000000       87.000000      0.95053136      -1.0000000       3.0000000
     0.013512000      0.10367640      -1.0000000      -1.0000000      -1.0000000
      -1.0000000      -1.0000000      -1.0000000      -1.0000000      -1.0000000
      -1.0000000
       0.0000000       86.000000      0.98785281       1123.0000       236582.00
       4.9117675       5.0515428      0.47702858      0.65714288      0.57623619
      -112.11501       186.08064      -219.48790       138.99519       24.654919
       88.832359
       1.0000000       86.000000      0.98785281      -1.0000000       1.0000000
     0.011209254     0.056440365      -1.0000000      -1.0000000      -1.0000000
      -1.0000000      -1.0000000      -1.0000000      -1.0000000      -1.0000000
      -1.0000000
       0.0000000       85.000000      0.99729425       1197.0000       239912.00
       4.7955527       4.6778946      0.46349305      0.59375006      0.56385297
      -121.18142       184.67444      -199.38463       138.33897       24.460001
       88.247299
       1.0000000       85.000000      0.99729425      -1.0000000       3.0000000
     0.051696141      0.34499977      -1.0000000      -1.0000000      -1.0000000
      -1.0000000      -1.0000000      -1.0000000      -1.0000000      -1.0000000
      -1.0000000
       0.0000000       84.000000       1.0355104       1197.0000       235010.00
       4.5183363       4.2028055      0.45178473      0.59375006      0.52567643
      -69.889030       217.85081      -166.65628       133.97360       22.523071
       95.075661
       0.0000000       83.000000       1.0744579       1112.0000       224098.00
       4.2896242       3.9258292      0.46077105      0.44827580      0.50160152
      -55.147400       172.70276      -197.06816       127.31751       21.434250
       109.00074
       1.0000000       83.000000       1.0744579      -1.0000000       2.0000000
   0.00025255902       0.0000000      -1.0000000      -1.0000000      -1.0000000
      -1.0000000      -1.0000000      -1.0000000      -1.0000000      -1.0000000
      -1.0000000
       0.0000000       82.000000       1.1141505       1092.0000       216909.00
       4.1168480       3.1631749      0.43315998      0.54838705      0.50727236
      -78.697281       157.32744      -174.81476       124.84686       19.849297
       118.38964
       1.0000000       82.000000       1.1141505      -1.0000000       1.0000000
    0.0072224415     0.083999373      -1.0000000      -1.0000000      -1.0000000
      -1.0000000      -1.0000000      -1.0000000      -1.0000000      -1.0000000
      -1.0000000
       0.0000000       81.000000       1.1546028       1068.0000       211435.00
       4.0170155       2.8756931      0.41758397      0.56250006      0.47206712
      -77.773506       146.61659      -150.75684       123.74407       19.279020
       126.46637
       1.0000000       81.000000       1.1546028      -1.0000000       2.0000000
     0.015231660      0.11836831      -1.0000000      -1.0000000      -1.0000000
      -1.0000000      -1.0000000      -1.0000000      -1.0000000      -1.0000000
      -1.0000000
       0.0000000       80.000000       1.2062581       968.00000       196963.00
       3.8295619       2.2172098      0.39368483      0.50000000      0.43803266
      -33.998558       141.75858      -151.08324       125.30642       17.733425
       130.97548
       1.0000000       80.000000       1.2062581      -1.0000000       3.0000000
    0.0053336322      0.11273196      -1.0000000      -1.0000000      -1.0000000
      -1.0000000      -1.0000000      -1.0000000      -1.0000000      -1.0000000
      -1.0000000
       0.0000000       79.000000       1.2484726       888.00000       187004.00
       3.5500722       2.6643300      0.40349057      0.80701756      0.66770011
      -104.92014       134.74550      -245.48578       129.36183       21.885981
       135.06305
       2.0000000       79.000000       1.2484726      0.46951538       77.000000
       1.3621540     0.047286216      -1.0000000      -1.0000000      -1.0000000
      -1.0000000      -1.0000000      -1.0000000      -1.0000000      -1.0000000
      -1.0000000
       1.0000000       79.000000       1.2484726      -1.0000000       6.0000000
     0.025444766      0.31754021      -1.0000000      -1.0000000      -1.0000000
      -1.0000000      -1.0000000      -1.0000000      -1.0000000      -1.0000000
      -1.0000000
       0.0000000       78.000000       1.3023784       796.00000       173888.00
       3.3962982       3.0667291      0.46832281      0.76785713      0.76760310
      -147.48235       164.29562      -479.41751       137.89375       24.457191
       135.66029
       1.0000000       78.000000       1.3023784      -1.0000000       3.0000000
     0.010670679      0.15241829      -1.0000000      -1.0000000      -1.0000000
      -1.0000000      -1.0000000      -1.0000000      -1.0000000      -1.0000000
      -1.0000000
       0.0000000       77.000000       1.3575766       753.00000       164761.00
       2.9011915       5.9580388      0.48043084      0.56410253      0.44592610
      -149.72231       162.70935      -186.78101       144.62540       39.079800
       140.96689
       0.0000000       76.000000       1.4140983      -1.0000000       149728.00
       1.1002414      0.62423670      -1.0000000      -1.0000000      -1.0000000
      -1.0000000      -1.0000000      -1.0000000       102.45515       4.2221031
       11.204660
       1.0000000       76.000000       1.4140983      -1.0000000       1.0000000
    0.0012127177     0.014386206      -1.0000000      -1.0000000      -1.0000000
      -1.0000000      -1.0000000      -1.0000000      -1.0000000      -1.0000000
      -1.0000000
       0.0000000       75.000000       1.4719748      -1.0000000       140996.00
       1.0988302      0.85799658      -1.0000000      -1.0000000      -1.0000000
      -1.0000000      -1.0000000      -1.0000000       100.30998       4.7942834
       14.714070
       0.0000000       74.000000       1.5312390      -1.0000000       108930.00
       1.0014333       1.1380833      -1.0000000      -1.0000000      -1.0000000
      -1.0000000      -1.0000000      -1.0000000       109.95673       4.9712114
       15.731441
       0.0000000       73.000000       1.6042346      -1.0000000       100841.00
      0.86832666      0.88902223      -1.0000000      -1.0000000      -1.0000000
      -1.0000000      -1.0000000      -1.0000000       105.65274       4.6909571
       15.107132
       0.0000000       72.000000       1.6666696      -1.0000000       125322.00
      0.85035950      0.50835437      -1.0000000      -1.0000000      -1.0000000
      -1.0000000      -1.0000000      -1.0000000       96.383720       4.5039635
       22.036707
       1.0000000       72.000000       1.6666696      -1.0000000       1.0000000
    0.0015800453     0.028121680      -1.0000000      -1.0000000      -1.0000000
      -1.0000000      -1.0000000      -1.0000000      -1.0000000      -1.0000000
      -1.0000000
       0.0000000       71.000000       1.7435706      -1.0000000       119117.00
      0.87971002      0.47227123      -1.0000000      -1.0000000      -1.0000000
      -1.0000000      -1.0000000      -1.0000000       99.947342       5.0796204
       27.559673
       0.0000000       70.000000       1.8226893      -1.0000000       122335.00
      0.83515829       1.0610662      -1.0000000      -1.0000000      -1.0000000
      -1.0000000      -1.0000000      -1.0000000       104.53910       5.5498924
       34.793404
       0.0000000       69.000000       1.9040896      -1.0000000       116661.00
      0.76020151      0.89365065      -1.0000000      -1.0000000      -1.0000000
      -1.0000000      -1.0000000      -1.0000000       103.89650       5.1671963
       37.710598
       0.0000000       68.000000       2.0020282      -1.0000000       113294.00
      0.69880217      0.84578043      -1.0000000      -1.0000000      -1.0000000
      -1.0000000      -1.0000000      -1.0000000       100.07117       4.8806725
       43.383511
       0.0000000       67.000000       2.1032696      -1.0000000       103681.00
      0.62914568      0.82201856      -1.0000000      -1.0000000      -1.0000000
      -1.0000000      -1.0000000      -1.0000000       97.871559       4.4252386
       43.647652
       0.0000000       66.000000       2.2079256      -1.0000000       93105.000
      0.59091306      0.76001984      -1.0000000      -1.0000000      -1.0000000
      -1.0000000      -1.0000000      -1.0000000       97.541336       4.4295444
       47.909813
       0.0000000       65.000000       2.3161108      -1.0000000       74229.000
      0.53685081      0.59346533      -1.0000000      -1.0000000      -1.0000000
      -1.0000000      -1.0000000      -1.0000000       97.395576       4.0697999
       53.917767
       0.0000000       64.000000       2.4442258      -1.0000000       40783.000
      0.50173426      0.59694111      -1.0000000      -1.0000000      -1.0000000
      -1.0000000      -1.0000000      -1.0000000       95.778549       3.9428983
       66.376884
       0.0000000       63.000000       2.5772903      -1.0000000       57006.000
      0.46402177      0.45100510      -1.0000000      -1.0000000      -1.0000000
      -1.0000000      -1.0000000      -1.0000000       95.367378       3.4008977
       61.553707
       0.0000000       62.000000       2.7331426      -1.0000000       53683.000
      0.44062945      0.51025879      -1.0000000      -1.0000000      -1.0000000
      -1.0000000      -1.0000000      -1.0000000       93.120628       3.2431302
       85.678375
       0.0000000       61.000000       2.8957851      -1.0000000       95940.000
      0.41108355      0.46167323      -1.0000000      -1.0000000      -1.0000000
      -1.0000000      -1.0000000      -1.0000000       95.110992       3.0333612
       86.194778
       0.0000000       60.000000       3.0081310      -1.0000000       117119.00
      0.38226509      0.67826664      -1.0000000      -1.0000000      -1.0000000
      -1.0000000      -1.0000000      -1.0000000       103.39232       3.3756588
       73.951561
       1.0000000       60.000000       3.0081310      -1.0000000       1.0000000
     0.012247031      0.10622539      -1.0000000      -1.0000000      -1.0000000
      -1.0000000      -1.0000000      -1.0000000      -1.0000000      -1.0000000
      -1.0000000
       0.0000000       59.000000       3.0848227      -1.0000000       111961.00
      0.34192300      0.88912636      -1.0000000      -1.0000000      -1.0000000
      -1.0000000      -1.0000000      -1.0000000       110.32216       3.7840359
       65.627037
       0.0000000       58.000000       3.2830331      -1.0000000       99224.000
      0.25426927       1.0644177      -1.0000000      -1.0000000      -1.0000000
      -1.0000000      -1.0000000      -1.0000000       109.26400       5.6028962
       61.702858
       0.0000000       57.000000       3.4908614      -1.0000000       86336.000
      0.13368459      0.20557737      -1.0000000      -1.0000000      -1.0000000
      -1.0000000      -1.0000000      -1.0000000       83.818062       1.6954689
       99.189377
       2.0000000       57.000000       3.4908614      0.42347533       57.000000
     0.056612127      0.22627649      -1.0000000      -1.0000000      -1.0000000
      -1.0000000      -1.0000000      -1.0000000      -1.0000000      -1.0000000
      -1.0000000
