       0.0000000       135.00000       0.0000000       2.0000000       30460.000
       3.7830970       0.0000000      0.36274588      0.19354838      0.12628247
      -11.262681      -12.023471       6.7056842       96.980400       8.1951933
       12.289895
       0.0000000       134.00000    0.0095216669       2.0000000       30002.000
       4.0924149       0.0000000      0.36008221      0.10344827      0.12222628
      -14.525739      -13.469032       4.9201102       102.06647       9.9305363
       15.751084
       0.0000000       133.00000     0.023974428       2.0000000       29166.000
       4.1136174       0.0000000      0.36154452      0.13333338      0.11887310
      -15.674019      -14.346107       3.3339264       101.18783       9.9717789
       16.909533
       0.0000000       132.00000     0.033724371       2.0000000       28972.000
       4.1132932       0.0000000      0.36300573      0.10000008      0.12708086
      -16.124952      -15.025319       2.3610799       101.53186       10.016546
       16.989182
       0.0000000       131.00000     0.048523631       2.0000000       26107.000
       4.0716257       0.0000000      0.36199573     0.068965554      0.12082627
      -17.338835      -14.630822      0.91212422       98.574982       9.5884686
       16.484001
       0.0000000       130.00000     0.058507323       2.0000000       25893.000
       4.1411338       0.0000000      0.36371300      0.13333338      0.11791601
      -17.958055      -14.861389    -0.037000105       100.26115       10.092611
       18.359070
       0.0000000       129.00000     0.073661387       2.0000000       25569.000
       4.1298790       0.0000000      0.36042106     0.068965554      0.12985240
      -18.419544      -15.481926      -1.7362858       102.00458       9.9780207
       17.131989
       0.0000000       128.00000     0.083884433       2.0000000       25551.000
       4.1173506       0.0000000      0.36645228      0.19354838      0.12202074
      -18.703852      -15.848904      -2.9204986       101.76575       9.9824009
       17.113651
       0.0000000       127.00000     0.099401802       2.0000000       25611.000
       4.1196108       0.0000000      0.36522928      0.13333338      0.11739775
      -19.672163      -16.386251      -4.8742800       101.14155       9.8951044
       17.287376
       0.0000000       126.00000      0.10986994       2.0000000       25522.000
       4.1151462       0.0000000      0.36526027     0.068965554      0.12785906
      -20.075106      -16.765697      -5.8962421       101.52913       9.8649635
       17.037811
       0.0000000       125.00000      0.12575933       2.0000000       25548.000
       4.1339631       0.0000000      0.36380902      0.13333338      0.11405692
      -20.544647      -17.454075      -6.8468375       100.35252       9.9645691
       17.960516
       0.0000000       124.00000      0.14187621       2.0000000       25359.000
       4.1382976       0.0000000      0.36874151      0.13333338      0.12080577
      -20.615501      -18.427237      -7.4133363       99.375305       9.8317490
       19.521132
       0.0000000       123.00000      0.15274876       2.0000000       25160.000
       4.1549063       0.0000000      0.37030858     0.093750119      0.12707204
      -20.109585      -19.006790      -8.0317945       100.22755       9.9786234
       21.389004
       0.0000000       122.00000      0.16925204       2.0000000       24811.000
       4.1608605       0.0000000      0.36974502      0.13333338      0.12186982
      -19.394371      -20.570786      -8.6834984       107.24659       9.9451218
       19.354336
       0.0000000       121.00000      0.18038526       2.0000000       24597.000
       4.1527619       0.0000000      0.37102625      0.10344827      0.12822260
      -18.549917      -21.650635      -9.4311438       113.87748       10.000904
       16.974319
       0.0000000       120.00000      0.19728418       2.0000000       24115.000
       3.8342357       0.0000000      0.37500328      0.19354838      0.13719203
      -18.453653      -20.911779      -9.1293440       111.01116       8.2651205
       11.668017
       0.0000000       119.00000      0.21442504       2.0000000       20422.000
       3.9326658     0.017577916      0.36946002      0.13333338      0.13251056
      -17.156139      -23.284348      -10.943259       105.74575       8.6499166
       14.691895
       0.0000000       118.00000      0.22598839       2.0000000       20261.000
       4.1536822     0.032249678      0.37054026      0.13333338      0.12950344
      -15.535994      -24.775324      -13.264501       106.59323       9.7999640
       18.698896
       0.0000000       117.00000      0.24354018       2.0000000       19961.000
       4.1826701     0.046701826      0.36932579      0.10344827      0.13531893
      -13.470216      -26.117931      -14.441579       106.05582       10.071994
       21.389204
       0.0000000       116.00000      0.26134327       2.0000000       18386.000
       4.2553167     0.054901253      0.36893728      0.12500012      0.13117333
      -10.631393      -27.272089      -15.210332       106.47435       10.543634
       26.891071
       0.0000000       115.00000      0.27335334       1.0000000       8426.0000
       4.2366147     0.063881382      0.36830974      0.12500012      0.13398679
      -8.5808239      -28.518745      -16.835192       105.52725       10.442326
       27.824657
       0.0000000       114.00000      0.29158324       2.0000000       17801.000
       4.2321897     0.071147710      0.36241755     0.093750119      0.12974910
      -5.6544342      -30.129566      -18.579432       105.11404       10.520287
       28.586391
       0.0000000       113.00000      0.31007412       1.0000000       8443.0000
       4.2424126     0.072193287      0.35922146      0.12500012      0.13531566
      -3.4551547      -31.798733      -20.532778       105.46548       10.562853
       30.435709
       0.0000000       112.00000      0.32882974       1.0000000       7811.0000
       4.2476826     0.069981664      0.35388213      0.15151519      0.14540485
     -0.17778605      -32.960239      -20.849115       105.53309       10.402440
       30.219276
       0.0000000       111.00000      0.34785384       1.0000000       7592.0000
       4.2515817     0.064100854      0.35656470      0.12500012      0.15890105
       1.8281999      -33.724480      -21.597006       107.00661       10.474957
       29.240061
       0.0000000       110.00000      0.36068764       1.0000000       8020.0000
       4.2685909     0.059019141      0.35122374      0.15151519      0.15973635
       3.0624509      -34.587612      -21.807972       107.72100       10.411086
       27.957254
       0.0000000       109.00000      0.38016787       1.0000000       7365.0000
       4.2329240     0.054498039      0.35909766      0.20588243      0.16089149
       3.9415164      -35.666771      -23.678444       110.24792       10.204920
       25.126839
       0.0000000       108.00000      0.39992696       1.0000000       7394.0000
       4.2472234     0.050658867      0.36069417     0.093750119      0.16468616
       5.4185715      -35.947193      -26.692400       112.29178       10.267340
       22.890942
       0.0000000       107.00000      0.41996893       1.0000000       7222.0000
       4.2716031     0.048296332      0.35810447     0.093750119      0.16032219
       6.7517686      -35.606236      -29.766079       109.74758       10.323777
       27.014215
       0.0000000       106.00000      0.44029784       1.0000000       7115.0000
       4.3156900     0.050762709      0.36101127      0.12500012      0.16053420
       8.2510080      -36.551472      -30.963142       109.57832       10.563182
       32.624577
       0.0000000       105.00000      0.46091780       1.0000000       6957.0000
       4.3249936     0.057574559      0.35501587      0.15625012      0.16005743
       10.548137      -37.412403      -31.792549       113.20066       10.591817
       31.683836
       0.0000000       104.00000      0.48183295       1.0000000       6995.0000
       4.3009248     0.069315672      0.35920334      0.18181831      0.18427588
       13.495545      -38.743065      -32.019184       111.54350       10.305019
       27.830137
       0.0000000       103.00000      0.50304753       1.0000000       6976.0000
       4.3017931      0.31188077      0.35247317      0.16129035      0.18042339
       15.923592      -39.967369      -34.154984       118.46561       10.454484
       23.157269
       0.0000000       102.00000      0.52456582       1.0000000       6709.0000
       4.3010092      0.35980538      0.34439099      0.16666669      0.16093494
       13.915317      -43.971066      -32.459286       119.14580       10.495915
       22.823887
       0.0000000       101.00000      0.54639220       1.0000000       6728.0000
       4.3215995      0.44697571      0.34178102      0.18181831      0.14618433
       10.744555      -51.921001      -30.786030       118.26581       10.735723
       30.232649
       0.0000000       100.00000      0.57598084       1.0000000       6814.0000
       4.3370671      0.53812259      0.33924991      0.15151519      0.15692376
       4.3529954      -44.311504      -40.335728       119.92570       11.160936
       29.995228
       0.0000000       99.000000      0.59854329       1.0000000       6835.0000
       4.3361826      0.82747275      0.34856686      0.28125006      0.15806527
       1.7333294      -36.171989      -52.843742       118.63963       11.528163
       37.212486
       0.0000000       98.000000      0.62142873       1.0000000       6513.0000
       4.2615523      0.84155238      0.32622346      0.30303037      0.13362417
      0.55003947      -31.752878      -38.125957       119.87878       11.191240
       26.807329
       0.0000000       97.000000      0.64464182       1.0000000       6618.0000
       4.2436028      0.88888526      0.30261207      0.37837839      0.11346897
      -3.1238253      -38.226757      -18.043476       122.22967       11.512289
       36.465057
       0.0000000       96.000000      0.67611039       1.0000000       6617.0000
       4.2436657      0.88367170      0.34697410      0.35294116      0.13149296
      -1.8182026      -51.273151      0.45814902       121.18024       11.805646
       43.761219
       0.0000000       95.000000      0.70010638       1.0000000       6544.0000
       4.2234817      0.92812932      0.35386905      0.37500006      0.18256555
       8.3953400      -42.325127       20.943304       121.62637       11.769689
       46.903645
       0.0000000       94.000000      0.73263615       1.0000000       6379.0000
       4.2402225      0.69185209      0.38327232      0.45454544      0.19439280
       8.4209547      -47.527073       34.066891       121.24754       11.839359
       50.296383
       0.0000000       93.000000      0.75744140       1.0000000       6424.0000
       4.2491794      0.75004387      0.43500748      0.50000000      0.21482943
       6.7407637      -46.194344       49.380909       120.77662       12.112465
       53.760941
       0.0000000       92.000000      0.79106826       1.0000000       5960.0000
       4.2322369      0.67680573      0.47797227      0.51515150      0.20622802
       15.415030      -34.929298       62.204472       118.50227       11.899409
       56.081837
       0.0000000       91.000000      0.81671000       1.0000000       5870.0000
       4.2012691      0.74177349      0.49029759      0.46875006      0.22893877
       30.306719      -46.539703       65.756828       122.36307       12.121161
       52.554131
       0.0000000       90.000000      0.85147089       1.0000000       5792.0000
       4.1300983       1.3988724      0.48715574      0.50000000      0.29156432
       85.454765      -39.843098       75.008568       121.30672       12.203503
       48.878372
       1.0000000       90.000000      0.85147089      -1.0000000       1.0000000
    0.0010000962     0.021627076      -1.0000000      -1.0000000      -1.0000000
      -1.0000000      -1.0000000      -1.0000000      -1.0000000      -1.0000000
      -1.0000000
       0.0000000       89.000000      0.88689691       1.0000000       5804.0000
       4.0869436       1.1178718      0.49109033      0.50000000      0.37521002
       100.06052      -5.2654982       108.66634       125.23096       12.452283
       51.314240
       0.0000000       88.000000      0.92300081       1.0000000       4603.0000
       4.0369334       1.3240939      0.48724461      0.45161289      0.44121072
       131.50172       66.142014       120.78153       128.25607       12.863253
       48.567154
       1.0000000       88.000000      0.92300081      -1.0000000       1.0000000
       0.0000000       0.0000000      -1.0000000      -1.0000000      -1.0000000
      -1.0000000      -1.0000000      -1.0000000      -1.0000000      -1.0000000
      -1.0000000
       0.0000000       87.000000      0.95053136       1.0000000       4451.0000
       3.9766052       1.6755241      0.50254619      0.50000000      0.48794454
       104.10765       118.48669       147.30487       124.52056       12.964742
       57.121727
       0.0000000       86.000000      0.98785281       1.0000000       4392.0000
       3.8802881       1.6971493      0.51602924      0.48387092      0.52797222
       31.829889       149.62846       190.00040       123.30266       13.235064
       54.908638
       1.0000000       86.000000      0.98785281      -1.0000000       1.0000000
    0.0016497422     0.029870704      -1.0000000      -1.0000000      -1.0000000
      -1.0000000      -1.0000000      -1.0000000      -1.0000000      -1.0000000
      -1.0000000
       0.0000000       85.000000      0.99729425       1.0000000       4433.0000
       3.8978443       1.4747908      0.51555330      0.54545456      0.54762036
       26.079351       140.05785       201.00107       122.72165       13.273804
       53.091560
       0.0000000       84.000000       1.0355104       1.0000000       4258.0000
       3.8370113       1.3135098      0.50820625      0.62857145      0.50763738
       22.302271       103.97695       228.77328       123.52895       13.022703
       61.255665
       1.0000000       84.000000       1.0355104      -1.0000000       1.0000000
    0.0034251928      0.10821752      -1.0000000      -1.0000000      -1.0000000
      -1.0000000      -1.0000000      -1.0000000      -1.0000000      -1.0000000
      -1.0000000
       0.0000000       83.000000       1.0744579       1.0000000       4299.0000
       3.8008835       1.2905196      0.47657380      0.59375006      0.49171549
      -2.6695583       78.892067       222.12419       124.28396       13.158265
       55.329632
       1.0000000       83.000000       1.0744579      -1.0000000       1.0000000
   0.00026456098    0.0063351835      -1.0000000      -1.0000000      -1.0000000
      -1.0000000      -1.0000000      -1.0000000      -1.0000000      -1.0000000
      -1.0000000
       0.0000000       82.000000       1.1141505       0.0000000       9.0000000
       3.7010889       1.6793249      0.48965785      0.60000002      0.49148706
      -9.9132891       40.892399       240.99895       129.79195       13.588099
       56.090702
       0.0000000       81.000000       1.1546028       0.0000000       8.0000000
       3.6485887       2.1680114      0.50131410      0.66666663      0.52249312
       5.2492437      0.16950554       253.39064       134.17336       14.227143
       61.599640
       0.0000000       80.000000       1.2062581       1.0000000       2876.0000
       3.4279654       2.7433057      0.48762828      0.64705884      0.51927280
       56.770287       16.576155       238.86470       130.40471       14.242906
       70.577698
       1.0000000       80.000000       1.2062581      -1.0000000       2.0000000
    0.0038905949     0.048154067      -1.0000000      -1.0000000      -1.0000000
      -1.0000000      -1.0000000      -1.0000000      -1.0000000      -1.0000000
      -1.0000000
       0.0000000       79.000000       1.2484726       1.0000000       2852.0000
       3.2448351       1.8575468      0.50984967      0.64516127      0.53232569
       78.432861       44.804737       251.42056       124.30083       12.796925
       82.823875
       1.0000000       79.000000       1.2484726      -1.0000000       3.0000000
    0.0035080282      0.10792207      -1.0000000      -1.0000000      -1.0000000
      -1.0000000      -1.0000000      -1.0000000      -1.0000000      -1.0000000
      -1.0000000
       0.0000000       78.000000       1.3023784       1.0000000       2930.0000
       3.1481988       2.0317552      0.48106667      0.69999999      0.49362645
       76.249466       6.5123177       253.81688       121.81644       12.874209
       80.910393
       1.0000000       78.000000       1.3023784      -1.0000000       2.0000000
   0.00031778603     0.026895439      -1.0000000      -1.0000000      -1.0000000
      -1.0000000      -1.0000000      -1.0000000      -1.0000000      -1.0000000
      -1.0000000
       0.0000000       77.000000       1.3575766       74.000000       59295.000
       2.9669204       1.8549542      0.49425223      0.67647058      0.45461261
       147.35393       27.823965       228.21735       126.06514       12.675648
       71.650528
       1.0000000       77.000000       1.3575766      -1.0000000       5.0000000
     0.045007948      0.22496218      -1.0000000      -1.0000000      -1.0000000
      -1.0000000      -1.0000000      -1.0000000      -1.0000000      -1.0000000
      -1.0000000
       0.0000000       76.000000       1.4140983       122.00000       73674.000
       2.7960269       2.0867612      0.47177285      0.65714288      0.39052165
       108.27884       15.255667       197.30717       131.36809       12.870494
       58.582573
       0.0000000       75.000000       1.4719748       137.00000       74148.000
       2.6582301       2.1322544      0.47574526      0.65625000      0.46103039
       128.04260       26.746819       225.21767       130.76627       12.889625
       63.530655
       1.0000000       75.000000       1.4719748      -1.0000000       1.0000000
     0.034177717      0.30137306      -1.0000000      -1.0000000      -1.0000000
      -1.0000000      -1.0000000      -1.0000000      -1.0000000      -1.0000000
      -1.0000000
       0.0000000       74.000000       1.5312390       142.00000       72554.000
       2.5004268       2.1870549      0.42786345      0.66666663      0.38555253
       141.25874       58.683681       188.44081       130.05971       13.399699
       62.746655
       1.0000000       74.000000       1.5312390      -1.0000000       4.0000000
    0.0042250594     0.098942004      -1.0000000      -1.0000000      -1.0000000
      -1.0000000      -1.0000000      -1.0000000      -1.0000000      -1.0000000
      -1.0000000
       0.0000000       73.000000       1.6042346       144.00000       68597.000
       2.2780831       2.6935737      0.40528348      0.67567563      0.28783450
       54.748970       6.0060692       175.22382       134.88614       14.096466
       60.749916
       1.0000000       73.000000       1.6042346      -1.0000000       4.0000000
    0.0060562929     0.023778385      -1.0000000      -1.0000000      -1.0000000
      -1.0000000      -1.0000000      -1.0000000      -1.0000000      -1.0000000
      -1.0000000
       0.0000000       72.000000       1.6666696       149.00000       65613.000
       2.1714964       3.0183158      0.45775756      0.64864868      0.45588189
       138.28276      -23.030521       236.91577       138.05727       15.921479
       74.243042
       1.0000000       72.000000       1.6666696      -1.0000000       2.0000000
     0.010719770      0.16893009      -1.0000000      -1.0000000      -1.0000000
      -1.0000000      -1.0000000      -1.0000000      -1.0000000      -1.0000000
      -1.0000000
       0.0000000       71.000000       1.7435706       143.00000       59728.000
       1.9841601       2.0464394      0.46604767      0.72972977      0.50377119
       113.40076      -16.782377       236.81721       130.80124       14.369390
       100.69424
       1.0000000       71.000000       1.7435706      -1.0000000       5.0000000
    0.0025210013      0.15178645      -1.0000000      -1.0000000      -1.0000000
      -1.0000000      -1.0000000      -1.0000000      -1.0000000      -1.0000000
      -1.0000000
       0.0000000       70.000000       1.8226893       972.00000       137351.00
       1.9761004       1.2985857      0.44707373      0.75000000      0.47899267
       128.88994      -59.538502       191.50890       119.02717       13.595308
       150.33041
       1.0000000       70.000000       1.8226893      -1.0000000       3.0000000
     0.013972869      0.18663307      -1.0000000      -1.0000000      -1.0000000
      -1.0000000      -1.0000000      -1.0000000      -1.0000000      -1.0000000
      -1.0000000
       0.0000000       69.000000       1.9040896       933.00000       129418.00
       1.9156990       1.6074626      0.43598303      0.66666669      0.42659217
       156.98305      -17.145798       163.58530       116.71133       13.218116
       147.50012
       1.0000000       69.000000       1.9040896      -1.0000000       4.0000000
   0.00099191134      0.10191510      -1.0000000      -1.0000000      -1.0000000
      -1.0000000      -1.0000000      -1.0000000      -1.0000000      -1.0000000
      -1.0000000
       0.0000000       68.000000       2.0020282       922.00000       120560.00
       1.8662366       2.1346316      0.43623891      0.69444442      0.41951421
       162.24069      -1.7346219       146.42810       121.33594       13.645059
       137.52226
       1.0000000       68.000000       2.0020282      -1.0000000       2.0000000
    0.0072372382     0.051459659      -1.0000000      -1.0000000      -1.0000000
      -1.0000000      -1.0000000      -1.0000000      -1.0000000      -1.0000000
      -1.0000000
       0.0000000       67.000000       2.1032696       792.00000       106152.00
       1.6928241       2.6174979      0.40081176      0.70588237      0.32944053
       121.32661       51.901138       119.59191       126.16257       13.760287
       124.35003
       1.0000000       67.000000       2.1032696      -1.0000000       3.0000000
   0.00028929694       0.0000000      -1.0000000      -1.0000000      -1.0000000
      -1.0000000      -1.0000000      -1.0000000      -1.0000000      -1.0000000
      -1.0000000
       0.0000000       66.000000       2.2079256      -1.0000000       102990.00
       1.5014780       2.7108300      -1.0000000      -1.0000000      -1.0000000
      -1.0000000      -1.0000000      -1.0000000       126.04628       13.597018
       122.60641
       1.0000000       66.000000       2.2079256      -1.0000000       3.0000000
     0.017522989     0.052258633      -1.0000000      -1.0000000      -1.0000000
      -1.0000000      -1.0000000      -1.0000000      -1.0000000      -1.0000000
      -1.0000000
       0.0000000       65.000000       2.3161108      -1.0000000       107374.00
       1.2753363       2.1880448      -1.0000000      -1.0000000      -1.0000000
      -1.0000000      -1.0000000      -1.0000000       122.24358       11.487063
       127.97929
       1.0000000       65.000000       2.3161108      -1.0000000       3.0000000
    0.0091053703      0.12862842      -1.0000000      -1.0000000      -1.0000000
      -1.0000000      -1.0000000      -1.0000000      -1.0000000      -1.0000000
      -1.0000000
       0.0000000       64.000000       2.4442258      -1.0000000       100854.00
       1.1449997       1.8264281      -1.0000000      -1.0000000      -1.0000000
      -1.0000000      -1.0000000      -1.0000000       118.93697       10.203319
       133.89215
       1.0000000       64.000000       2.4442258      -1.0000000       1.0000000
   0.00051879190     0.013005466      -1.0000000      -1.0000000      -1.0000000
      -1.0000000      -1.0000000      -1.0000000      -1.0000000      -1.0000000
      -1.0000000
       0.0000000       63.000000       2.5772903      -1.0000000       91891.000
       1.0700585       2.0976601      -1.0000000      -1.0000000      -1.0000000
      -1.0000000      -1.0000000      -1.0000000       120.62434       11.196681
       124.79865
       1.0000000       63.000000       2.5772903      -1.0000000       3.0000000
    0.0041293915     0.089604104      -1.0000000      -1.0000000      -1.0000000
      -1.0000000      -1.0000000      -1.0000000      -1.0000000      -1.0000000
      -1.0000000
       0.0000000       62.000000       2.7331426      -1.0000000       81567.000
      0.94747460       1.7023828      -1.0000000      -1.0000000      -1.0000000
      -1.0000000      -1.0000000      -1.0000000       126.83887       9.7036505
       108.90489
       0.0000000       61.000000       2.8957851      -1.0000000       73914.000
      0.77458793       1.8381754      -1.0000000      -1.0000000      -1.0000000
      -1.0000000      -1.0000000      -1.0000000       124.50197       7.7312279
       108.94227
       0.0000000       60.000000       3.0081310      -1.0000000       71011.000
      0.66087490       1.4127799      -1.0000000      -1.0000000      -1.0000000
      -1.0000000      -1.0000000      -1.0000000       121.93999       6.7148142
       114.07988
       0.0000000       59.000000       3.0848227      -1.0000000       69064.000
      0.63935059       1.4031334      -1.0000000      -1.0000000      -1.0000000
      -1.0000000      -1.0000000      -1.0000000       120.23600       7.7369394
       115.85677
       0.0000000       58.000000       3.2830331      -1.0000000       60458.000
      0.53079355       1.1816012      -1.0000000      -1.0000000      -1.0000000
      -1.0000000      -1.0000000      -1.0000000       119.17371       6.1272464
       123.03951
       1.0000000       58.000000       3.2830331      -1.0000000       3.0000000
     0.015201437     0.062871329      -1.0000000      -1.0000000      -1.0000000
      -1.0000000      -1.0000000      -1.0000000      -1.0000000      -1.0000000
      -1.0000000
       0.0000000       57.000000       3.4908614      -1.0000000       49825.000
      0.44032589       1.3634921      -1.0000000      -1.0000000      -1.0000000
      -1.0000000      -1.0000000      -1.0000000       123.79694       6.4790692
       119.11941
       1.0000000       57.000000       3.4908614      -1.0000000       4.0000000
   0.00048175442       0.0000000      -1.0000000      -1.0000000      -1.0000000
      -1.0000000      -1.0000000      -1.0000000      -1.0000000      -1.0000000
      -1.0000000
