       0.0000000       135.00000       0.0000000       30.000000       154948.00
       54.063396      0.52367562      0.31715393      0.45714289      0.12031078
       14.870992       71.952362       44.361961       270.58929       182.54062
       315.36118
       0.0000000       134.00000    0.0095216669       31.000000       156449.00
       55.083508       1.0054233      0.31408530      0.48484850      0.12463156
       20.397141       75.798119       41.635105       271.07736       183.40367
       314.24390
       1.0000000       134.00000    0.0095216669      -1.0000000       5.0000000
    0.0017129800       0.0000000      -1.0000000      -1.0000000      -1.0000000
      -1.0000000      -1.0000000      -1.0000000      -1.0000000      -1.0000000
      -1.0000000
       0.0000000       133.00000     0.023974428       33.000000       158998.00
       53.610352      0.48436484      0.31341344      0.44117647      0.12473300
       17.338318       75.534035       38.708668       268.65518       176.48421
       313.62305
       1.0000000       133.00000     0.023974428      -1.0000000       4.0000000
       0.0000000       0.0000000      -1.0000000      -1.0000000      -1.0000000
      -1.0000000      -1.0000000      -1.0000000      -1.0000000      -1.0000000
      -1.0000000
       0.0000000       132.00000     0.033724371       33.000000       157965.00
       53.402710      0.48736191      0.31287211      0.45714289      0.12497759
       19.038631       75.974373       38.806774       266.62820       172.53903
       315.40060
       1.0000000       132.00000     0.033724371      -1.0000000       3.0000000
    0.0019861251       0.0000000      -1.0000000      -1.0000000      -1.0000000
      -1.0000000      -1.0000000      -1.0000000      -1.0000000      -1.0000000
      -1.0000000
       0.0000000       131.00000     0.048523631       33.000000       153718.00
       53.329754      0.45017797      0.31430966      0.45714289      0.12281457
       22.363190       78.585350       38.896610       265.78052       170.76598
       312.44705
       1.0000000       131.00000     0.048523631      -1.0000000       4.0000000
     0.013555446     0.054628383      -1.0000000      -1.0000000      -1.0000000
      -1.0000000      -1.0000000      -1.0000000      -1.0000000      -1.0000000
      -1.0000000
       0.0000000       130.00000     0.058507323       34.000000       154980.00
       53.240456      0.43668655      0.31301963      0.44117647      0.12386290
       18.142448       76.150871       37.505630       264.88495       170.53104
       314.99200
       1.0000000       130.00000     0.058507323      -1.0000000       3.0000000
    0.0024532030       0.0000000      -1.0000000      -1.0000000      -1.0000000
      -1.0000000      -1.0000000      -1.0000000      -1.0000000      -1.0000000
      -1.0000000
       0.0000000       129.00000     0.073661387       50.000000       177620.00
       53.021263      0.38890225      0.31339601      0.44117647      0.12062930
       18.923895       73.760376       35.356937       264.24506       167.69371
       307.39148
       1.0000000       129.00000     0.073661387      -1.0000000       8.0000000
     0.014189355      0.13301741      -1.0000000      -1.0000000      -1.0000000
      -1.0000000      -1.0000000      -1.0000000      -1.0000000      -1.0000000
      -1.0000000
       0.0000000       128.00000     0.083884433       33.000000       149971.00
       53.208725      0.39827695      0.31420919      0.45714289      0.11499936
       19.166880       71.090919       35.189907       260.51645       168.88820
       324.50876
       1.0000000       128.00000     0.083884433      -1.0000000       3.0000000
    0.0043076677       0.0000000      -1.0000000      -1.0000000      -1.0000000
      -1.0000000      -1.0000000      -1.0000000      -1.0000000      -1.0000000
      -1.0000000
       0.0000000       127.00000     0.099401802       32.000000       145807.00
       52.989700      0.28873378      0.31296089      0.47058821      0.11609796
       21.417480       67.127983       32.510384       259.68350       167.43547
       329.51181
       1.0000000       127.00000     0.099401802      -1.0000000       5.0000000
    0.0046537265       0.0000000      -1.0000000      -1.0000000      -1.0000000
      -1.0000000      -1.0000000      -1.0000000      -1.0000000      -1.0000000
      -1.0000000
       0.0000000       126.00000      0.10986994       32.000000       145201.00
       53.099403      0.28600180      0.31398296      0.44117647      0.11940203
       21.056974       71.073975       30.391678       259.59595       169.12128
       333.46164
       1.0000000       126.00000      0.10986994      -1.0000000       5.0000000
    0.0039642164     0.056264588      -1.0000000      -1.0000000      -1.0000000
      -1.0000000      -1.0000000      -1.0000000      -1.0000000      -1.0000000
      -1.0000000
       0.0000000       125.00000      0.12575933       53.000000       174969.00
       55.590874       1.4922419      0.31311595      0.46875006      0.11238488
       25.127539       83.120544       28.749319       262.96609       183.71291
       324.35825
       1.0000000       125.00000      0.12575933      -1.0000000       6.0000000
    0.0021325235     0.025305062      -1.0000000      -1.0000000      -1.0000000
      -1.0000000      -1.0000000      -1.0000000      -1.0000000      -1.0000000
      -1.0000000
       0.0000000       124.00000      0.14187621       58.000000       177567.00
       52.993038      0.28495598      0.31290248      0.44117647      0.11127365
       17.149868       71.206062       26.283224       259.53973       163.85014
       330.31924
       1.0000000       124.00000      0.14187621      -1.0000000       3.0000000
    0.0088406737     0.062907664      -1.0000000      -1.0000000      -1.0000000
      -1.0000000      -1.0000000      -1.0000000      -1.0000000      -1.0000000
      -1.0000000
       0.0000000       123.00000      0.15274876       34.000000       141152.00
       52.965164      0.20370133      0.31285170      0.45714289      0.11375771
       16.494440       72.872383       27.061260       257.11264       162.97321
       347.58591
       1.0000000       123.00000      0.15274876      -1.0000000       4.0000000
    0.0060341532      0.12368433      -1.0000000      -1.0000000      -1.0000000
      -1.0000000      -1.0000000      -1.0000000      -1.0000000      -1.0000000
      -1.0000000
       0.0000000       122.00000      0.16925204       59.000000       174966.00
       52.874859      0.28019112      0.31294775      0.44117647      0.11939847
       16.235720       77.833893       28.931875       259.72906       161.29510
       338.68942
       1.0000000       122.00000      0.16925204      -1.0000000       7.0000000
    0.0099917077      0.20684950      -1.0000000      -1.0000000      -1.0000000
      -1.0000000      -1.0000000      -1.0000000      -1.0000000      -1.0000000
      -1.0000000
       0.0000000       121.00000      0.18038526       58.000000       171162.00
       52.915768      0.24166079      0.31119457      0.44117647      0.11059387
       14.065791       79.640442       27.664915       259.52789       160.47456
       341.41031
       1.0000000       121.00000      0.18038526      -1.0000000       2.0000000
   0.00029003466       0.0000000      -1.0000000      -1.0000000      -1.0000000
      -1.0000000      -1.0000000      -1.0000000      -1.0000000      -1.0000000
      -1.0000000
       0.0000000       120.00000      0.19728418       58.000000       168231.00
       52.761555      0.18247971      0.31222460      0.47058821      0.12235922
       10.774440       83.095963       28.449923       261.92944       159.69753
       341.47916
       1.0000000       120.00000      0.19728418      -1.0000000       3.0000000
     0.015161192     0.097112656      -1.0000000      -1.0000000      -1.0000000
      -1.0000000      -1.0000000      -1.0000000      -1.0000000      -1.0000000
      -1.0000000
       0.0000000       119.00000      0.21442504       57.000000       164168.00
       52.886497      0.13099699      0.31107652      0.44117647      0.11856844
       8.8535976       84.629250       29.452049       265.64130       160.05281
       337.14966
       1.0000000       119.00000      0.21442504      -1.0000000       7.0000000
    0.0036681727       0.0000000      -1.0000000      -1.0000000      -1.0000000
      -1.0000000      -1.0000000      -1.0000000      -1.0000000      -1.0000000
      -1.0000000
       0.0000000       118.00000      0.22598839       57.000000       164416.00
       53.002743     0.084933616      0.31180072      0.47058821      0.12166099
       9.8009377       85.252586       29.505869       268.56213       159.71153
       333.41492
       1.0000000       118.00000      0.22598839      -1.0000000       5.0000000
    0.0071738189     0.070388997      -1.0000000      -1.0000000      -1.0000000
      -1.0000000      -1.0000000      -1.0000000      -1.0000000      -1.0000000
      -1.0000000
       0.0000000       117.00000      0.24354018       55.000000       159089.00
       52.762661     0.029575672      0.31339735      0.45454544      0.12103004
       3.9420609       81.920876       28.407393       273.42517       158.74518
       325.11746
       1.0000000       117.00000      0.24354018      -1.0000000       8.0000000
    0.0030879521     0.040568624      -1.0000000      -1.0000000      -1.0000000
      -1.0000000      -1.0000000      -1.0000000      -1.0000000      -1.0000000
      -1.0000000
       0.0000000       116.00000      0.26134327       55.000000       155485.00
       52.997990      0.40171731      0.31204164      0.45454544      0.12304932
       3.8394480       81.965240       26.577255       279.18536       158.75125
       316.99615
       1.0000000       116.00000      0.26134327      -1.0000000       5.0000000
   0.00051329484     0.014159218      -1.0000000      -1.0000000      -1.0000000
      -1.0000000      -1.0000000      -1.0000000      -1.0000000      -1.0000000
      -1.0000000
       0.0000000       115.00000      0.27335334       57.000000       156604.00
       53.098190      0.37173060      0.31031048      0.47058821      0.12022279
       4.3918157       80.692093       23.707518       284.47327       158.36302
       309.41858
       1.0000000       115.00000      0.27335334      -1.0000000       4.0000000
    0.0020801178     0.029830676      -1.0000000      -1.0000000      -1.0000000
      -1.0000000      -1.0000000      -1.0000000      -1.0000000      -1.0000000
      -1.0000000
       0.0000000       114.00000      0.29158324       57.000000       153297.00
       52.734077      0.34755674      0.31211233      0.45454544      0.11082530
       3.6497881       79.440651       21.604080       291.51886       158.22806
       299.17151
       1.0000000       114.00000      0.29158324      -1.0000000       6.0000000
     0.041998423      0.41064183      -1.0000000      -1.0000000      -1.0000000
      -1.0000000      -1.0000000      -1.0000000      -1.0000000      -1.0000000
      -1.0000000
       0.0000000       113.00000      0.31007412       57.000000       149618.00
       53.153667      0.30186981      0.31059375      0.47058821      0.11504437
      0.80910534       76.419441       20.794807       300.36780       160.82898
       289.87741
       1.0000000       113.00000      0.31007412      -1.0000000       6.0000000
     0.011238125     0.065647575      -1.0000000      -1.0000000      -1.0000000
      -1.0000000      -1.0000000      -1.0000000      -1.0000000      -1.0000000
      -1.0000000
       0.0000000       112.00000      0.32882974       57.000000       143280.00
       53.120537      0.27656007      0.31130767      0.47058821      0.11437318
      -8.7834330       79.239578       23.209299       308.83212       163.72781
       272.97336
       1.0000000       112.00000      0.32882974      -1.0000000       5.0000000
    0.0014663426     0.061824197      -1.0000000      -1.0000000      -1.0000000
      -1.0000000      -1.0000000      -1.0000000      -1.0000000      -1.0000000
      -1.0000000
       0.0000000       111.00000      0.34785384       56.000000       140307.00
       53.857685      0.31087095      0.31340253      0.45714289      0.11523401
      -14.729055       89.564400       24.132309       315.81137       167.36946
       263.29053
       1.0000000       111.00000      0.34785384      -1.0000000       9.0000000
      0.31426464      0.59131985      -1.0000000      -1.0000000      -1.0000000
      -1.0000000      -1.0000000      -1.0000000      -1.0000000      -1.0000000
      -1.0000000
       0.0000000       110.00000      0.36068764       57.000000       140842.00
       54.293823      0.71790308      0.31474814      0.50000000      0.13411328
      -26.459257       88.566338       33.973915       315.46823       174.44774
       262.82147
       1.0000000       110.00000      0.36068764      -1.0000000       7.0000000
    0.0058184406     0.028404559      -1.0000000      -1.0000000      -1.0000000
      -1.0000000      -1.0000000      -1.0000000      -1.0000000      -1.0000000
      -1.0000000
       0.0000000       109.00000      0.38016787       57.000000       137531.00
       53.186905      0.36528745      0.31171626      0.48484850      0.13710351
      -25.985416       88.693321       37.983120       302.60730       160.13461
       277.41611
       1.0000000       109.00000      0.38016787      -1.0000000       7.0000000
    0.0030257444     0.054087062      -1.0000000      -1.0000000      -1.0000000
      -1.0000000      -1.0000000      -1.0000000      -1.0000000      -1.0000000
      -1.0000000
       0.0000000       108.00000      0.39992696       60.000000       136377.00
       53.145332      0.23686044      0.31447855      0.51428568      0.12754229
      -23.879438       89.753586       35.937572       293.19678       156.57486
       288.12439
       1.0000000       108.00000      0.39992696      -1.0000000       11.000000
     0.010627578      0.10819766      -1.0000000      -1.0000000      -1.0000000
      -1.0000000      -1.0000000      -1.0000000      -1.0000000      -1.0000000
      -1.0000000
       0.0000000       107.00000      0.41996893       61.000000       134506.00
       53.033619      0.96552199      0.31041461      0.50000000      0.12779567
      -27.044512       89.203285       38.637249       287.33023       156.50017
       297.26877
       1.0000000       107.00000      0.41996893      -1.0000000       6.0000000
    0.0071743958     0.034947528      -1.0000000      -1.0000000      -1.0000000
      -1.0000000      -1.0000000      -1.0000000      -1.0000000      -1.0000000
      -1.0000000
       0.0000000       106.00000      0.44029784       61.000000       132931.00
       52.873138      0.82129729      0.30904675      0.48484850      0.13140586
      -28.313263       89.290611       39.572746       282.28653       154.76266
       295.32269
       1.0000000       106.00000      0.44029784      -1.0000000       4.0000000
   0.00096437542     0.046002886      -1.0000000      -1.0000000      -1.0000000
      -1.0000000      -1.0000000      -1.0000000      -1.0000000      -1.0000000
      -1.0000000
       0.0000000       105.00000      0.46091780       62.000000       130422.00
       53.068626      0.79838783      0.31381896      0.51428568      0.13730671
      -39.061832       89.823586       48.074364       278.39304       153.05177
       298.86438
       1.0000000       105.00000      0.46091780      -1.0000000       3.0000000
       0.0000000       0.0000000      -1.0000000      -1.0000000      -1.0000000
      -1.0000000      -1.0000000      -1.0000000      -1.0000000      -1.0000000
      -1.0000000
       0.0000000       104.00000      0.48183295       62.000000       128393.00
       53.192863      0.86185050      0.31191704      0.48484850      0.14603508
      -49.313705       80.873695       53.116814       273.56729       153.03828
       300.75009
       1.0000000       104.00000      0.48183295      -1.0000000       7.0000000
    0.0031014099     0.044125272      -1.0000000      -1.0000000      -1.0000000
      -1.0000000      -1.0000000      -1.0000000      -1.0000000      -1.0000000
      -1.0000000
       0.0000000       103.00000      0.50304753       62.000000       124600.00
       53.119312      0.75559819      0.31147143      0.47222227      0.13489033
      -56.565151       71.871361       57.544193       269.44604       152.45447
       301.84042
       1.0000000       103.00000      0.50304753      -1.0000000       2.0000000
   0.00055641413       0.0000000      -1.0000000      -1.0000000      -1.0000000
      -1.0000000      -1.0000000      -1.0000000      -1.0000000      -1.0000000
      -1.0000000
       0.0000000       102.00000      0.52456582       62.000000       122789.00
       53.312702      0.74623525      0.31121036      0.48484850      0.12962119
      -63.067848       69.919991       66.582474       268.57285       152.32043
       301.30600
       1.0000000       102.00000      0.52456582      -1.0000000       4.0000000
     0.028107337     0.086454805      -1.0000000      -1.0000000      -1.0000000
      -1.0000000      -1.0000000      -1.0000000      -1.0000000      -1.0000000
      -1.0000000
       0.0000000       101.00000      0.54639220       62.000000       120205.00
       52.902916      0.59877682      0.31303394      0.50000000      0.15203421
      -69.032761       83.385330       79.388504       266.83975       151.37498
       302.19388
       1.0000000       101.00000      0.54639220      -1.0000000       2.0000000
   0.00059634075     0.011256665      -1.0000000      -1.0000000      -1.0000000
      -1.0000000      -1.0000000      -1.0000000      -1.0000000      -1.0000000
      -1.0000000
       0.0000000       100.00000      0.57598084       62.000000       115171.00
       53.170349      0.70963663      0.31159505      0.50000000      0.14405107
      -67.701454       72.438087       69.740196       265.19415       150.82681
       297.84689
       1.0000000       100.00000      0.57598084      -1.0000000       6.0000000
     0.015230280     0.032991561      -1.0000000      -1.0000000      -1.0000000
      -1.0000000      -1.0000000      -1.0000000      -1.0000000      -1.0000000
      -1.0000000
       0.0000000       99.000000      0.59854329       62.000000       110502.00
       53.537868      0.63053197      0.31132624      0.45714289      0.15386443
      -58.656616       88.901573       72.684845       263.54947       149.15300
       300.19968
       1.0000000       99.000000      0.59854329      -1.0000000       3.0000000
    0.0013134610     0.044016193      -1.0000000      -1.0000000      -1.0000000
      -1.0000000      -1.0000000      -1.0000000      -1.0000000      -1.0000000
      -1.0000000
       0.0000000       98.000000      0.62142873       66.000000       110457.00
       53.891838       1.9373969      0.31266150      0.45454544      0.16074733
      -88.825500       98.597298       93.794128       261.53210       156.04359
       297.70218
       1.0000000       98.000000      0.62142873      -1.0000000       3.0000000
    0.0021137315     0.036090868      -1.0000000      -1.0000000      -1.0000000
      -1.0000000      -1.0000000      -1.0000000      -1.0000000      -1.0000000
      -1.0000000
       0.0000000       97.000000      0.64464182       68.000000       110797.00
       52.467613       2.4922235      0.32595414      0.31034482      0.21432376
      -146.15796       134.28424       108.08061       262.37766       169.07285
       301.15683
       2.0000000       97.000000      0.64464182      0.35646772       80.000000
       8.0911026      0.43668649      0.39114025      0.23333335      0.17857243
      -11.857765       31.315098      -19.648094      -2135.7131       117353.95
       99716.430
       1.0000000       97.000000      0.64464182      -1.0000000       1.0000000
    0.0018733761     0.047899615      -1.0000000      -1.0000000      -1.0000000
      -1.0000000      -1.0000000      -1.0000000      -1.0000000      -1.0000000
      -1.0000000
       0.0000000       96.000000      0.67611039       65.000000       105026.00
       48.549885       1.0643520      0.35758013      0.45714289      0.26961356
      -129.78702       218.66696       149.82043       260.71219       145.56029
       309.67169
       1.0000000       96.000000      0.67611039      -1.0000000       5.0000000
      0.26433208     0.037016325      -1.0000000      -1.0000000      -1.0000000
      -1.0000000      -1.0000000      -1.0000000      -1.0000000      -1.0000000
      -1.0000000
       0.0000000       95.000000      0.70010638       65.000000       102054.00
       44.057571       2.3423769      0.39130935      0.71111113      0.65805811
      -209.12115       510.77188       209.00127       260.52484       181.02135
       313.39435
       2.0000000       95.000000      0.70010638       1.1636134       85.000000
       19.870411       3.2586629      0.47633421      0.57142854      0.44183359
       66.966843       165.98502      -4.7875013       25102.957       39144.500
       48621.898
       2.0000000       95.000000      0.70010638      0.42140189       87.000000
       7.1957736       1.4869093      0.37016565      0.75000000      0.48750389
       114.25237      -19.925823      -27.638399       11278.531       20915.949
       97837.344
       1.0000000       95.000000      0.70010638      -1.0000000       3.0000000
   0.00052946017    0.0080895536      -1.0000000      -1.0000000      -1.0000000
      -1.0000000      -1.0000000      -1.0000000      -1.0000000      -1.0000000
      -1.0000000
       0.0000000       94.000000      0.73263615       62.000000       97574.000
       41.094135       2.2601972      0.44325146      0.77358490      0.56603825
      -113.73067       808.00378       64.186012       267.90329       183.30397
       318.56589
       1.0000000       94.000000      0.73263615      -1.0000000       17.000000
     0.079641283      0.52802761      -1.0000000      -1.0000000      -1.0000000
      -1.0000000      -1.0000000      -1.0000000      -1.0000000      -1.0000000
      -1.0000000
       0.0000000       93.000000      0.75744140       60.000000       94087.000
       30.981291       1.6923438      0.48129493      0.59999996      0.63377547
     -0.45172471       351.92053      -161.93378       261.12787       133.75243
       314.95905
       1.0000000       93.000000      0.75744140      -1.0000000       7.0000000
     0.069172236      0.46608587      -1.0000000      -1.0000000      -1.0000000
      -1.0000000      -1.0000000      -1.0000000      -1.0000000      -1.0000000
      -1.0000000
       0.0000000       92.000000      0.79106826       53.000000       86361.000
       16.215403      0.47033811      0.49748725      0.66666663      0.64944071
      -2.8345642       264.47034      -157.86775       217.69601       23.878378
       10.881795
       1.0000000       92.000000      0.79106826      -1.0000000       12.000000
     0.036952206      0.20704659      -1.0000000      -1.0000000      -1.0000000
      -1.0000000      -1.0000000      -1.0000000      -1.0000000      -1.0000000
      -1.0000000
       0.0000000       91.000000      0.81671000       50.000000       81067.000
       15.403585      0.30699059      0.48774660      0.69999999      0.63755137
      -5.2330871       240.23569      -151.47572       222.63570       21.643166
       8.3944864
       0.0000000       90.000000      0.85147089       47.000000       76648.000
       17.075270       1.3283758      0.52795792      0.65789473      0.66388714
      -37.278461       293.18814      -223.92213       222.94168       27.354084
       15.435396
       0.0000000       89.000000      0.88689691       42.000000       70337.000
       16.725248       1.2537693      0.52192950      0.64864868      0.65925199
      -61.410511       283.82639      -233.19916       231.03722       26.558903
       14.809947
       0.0000000       88.000000      0.92300081       38.000000       64634.000
       23.711643       4.5710306      0.53594291      0.62162161      0.66704512
      -96.281075       351.01538      -282.52521       278.87827       67.990669
       396.38696
       0.0000000       87.000000      0.95053136       38.000000       63326.000
       17.075798       2.1276245      0.51898485      0.64864868      0.65706283
      -99.294830       293.99036      -250.46016       225.07008       29.440823
       24.382662
       1.0000000       87.000000      0.95053136      -1.0000000       10.000000
    0.0083132168      0.12310765      -1.0000000      -1.0000000      -1.0000000
      -1.0000000      -1.0000000      -1.0000000      -1.0000000      -1.0000000
      -1.0000000
       0.0000000       86.000000      0.98785281       36.000000       59328.000
       17.028372       2.1640089      0.52237350      0.62857145      0.66460556
      -109.18543       290.55301      -266.93552       219.54985       29.841402
       30.169416
       0.0000000       85.000000      0.99729425       35.000000       58508.000
       17.076471       2.2279034      0.51835930      0.62162161      0.65244526
      -102.52110       283.64841      -267.63583       218.30907       29.996288
       32.266273
       0.0000000       84.000000       1.0355104       35.000000       54857.000
       16.779169       1.8536484      0.52909976      0.60000002      0.65420181
      -122.47237       261.73645      -298.88107       210.87646       29.200138
       41.581478
       1.0000000       84.000000       1.0355104      -1.0000000       1.0000000
    0.0033919399     0.066037454      -1.0000000      -1.0000000      -1.0000000
      -1.0000000      -1.0000000      -1.0000000      -1.0000000      -1.0000000
      -1.0000000
       0.0000000       83.000000       1.0744579       35.000000       52726.000
       16.630655       1.1146823      0.51704794      0.61111116      0.65212923
      -127.90189       244.26686      -311.16357       211.59245       28.310234
       39.395580
       0.0000000       82.000000       1.1141505       34.000000       49655.000
       16.651264       1.2436117      0.53912586      0.55882359      0.65880650
      -127.56863       254.89346      -331.13226       210.92197       28.384779
       40.676048
       1.0000000       82.000000       1.1141505      -1.0000000       1.0000000
    0.0013651347     0.037617143      -1.0000000      -1.0000000      -1.0000000
      -1.0000000      -1.0000000      -1.0000000      -1.0000000      -1.0000000
      -1.0000000
       0.0000000       81.000000       1.1546028       33.000000       46857.000
       16.609940      0.99960458      0.54539007      0.54545456      0.64637661
      -138.84315       232.95451      -355.79419       218.62326       28.113777
       40.023472
       1.0000000       81.000000       1.1546028      -1.0000000       1.0000000
    0.0027952264     0.069438860      -1.0000000      -1.0000000      -1.0000000
      -1.0000000      -1.0000000      -1.0000000      -1.0000000      -1.0000000
      -1.0000000
       0.0000000       80.000000       1.2062581       30.000000       41045.000
       22.697994       2.6885805      0.51482999      0.60000002      0.61628008
      -178.51401       275.61447      -434.20706       349.09753       66.853180
       304.29800
       0.0000000       79.000000       1.2484726       30.000000       40522.000
       16.575155       2.0141203      0.52321255      0.57142854      0.67676806
      -203.04523       234.68466      -364.77075       228.35530       29.941393
       37.080078
       1.0000000       79.000000       1.2484726      -1.0000000       19.000000
     0.049892194      0.43141332      -1.0000000      -1.0000000      -1.0000000
      -1.0000000      -1.0000000      -1.0000000      -1.0000000      -1.0000000
      -1.0000000
       0.0000000       78.000000       1.3023784       31.000000       40245.000
       16.938082       1.8464764      0.48124442      0.60000002      0.65298218
      -254.40092       201.22668      -399.16409       219.11986       33.478188
       93.672928
       1.0000000       78.000000       1.3023784      -1.0000000       2.0000000
      0.46793986     0.081899829      -1.0000000      -1.0000000      -1.0000000
      -1.0000000      -1.0000000      -1.0000000      -1.0000000      -1.0000000
      -1.0000000
       0.0000000       77.000000       1.3575766       28.000000       35388.000
       17.451065       3.6323843      0.51439762      0.71428573      0.71929955
      -270.26968       267.78464      -468.02646       242.63675       37.685452
       370.17349
       1.0000000       77.000000       1.3575766      -1.0000000       1.0000000
       1.0083492      0.46957436      -1.0000000      -1.0000000      -1.0000000
      -1.0000000      -1.0000000      -1.0000000      -1.0000000      -1.0000000
      -1.0000000
       0.0000000       76.000000       1.4140983       28.000000       34694.000
       17.120419       3.9770126      0.51859474      0.68421054      0.72642785
      -173.35271       270.27380      -542.67755       224.12492       38.900539
       375.10968
       1.0000000       76.000000       1.4140983      -1.0000000       6.0000000
    0.0036408159     0.062363639      -1.0000000      -1.0000000      -1.0000000
      -1.0000000      -1.0000000      -1.0000000      -1.0000000      -1.0000000
      -1.0000000
       0.0000000       75.000000       1.4719748       28.000000       33120.000
       16.113529       4.4593706      0.48414013      0.77551019      0.69739300
      -125.84233       284.25830      -583.43854       217.52745       40.763271
       98.933083
       1.0000000       75.000000       1.4719748      -1.0000000       6.0000000
     0.034502432      0.14107011      -1.0000000      -1.0000000      -1.0000000
      -1.0000000      -1.0000000      -1.0000000      -1.0000000      -1.0000000
      -1.0000000
       0.0000000       74.000000       1.5312390       24.000000       29719.000
       15.646466       5.9669366      0.51709986      0.81999999      0.73290777
      -53.345425       345.70236      -649.04266       214.58971       44.052372
       106.07209
       1.0000000       74.000000       1.5312390      -1.0000000       6.0000000
       1.1788602      0.99590413      -1.0000000      -1.0000000      -1.0000000
      -1.0000000      -1.0000000      -1.0000000      -1.0000000      -1.0000000
      -1.0000000
       0.0000000       73.000000       1.6042346       23.000000       27225.000
       13.317911       5.0339403      0.51924014      0.80000001      0.72148108
      -51.022560       307.60864      -800.07330       206.13672       42.307541
       130.14725
       1.0000000       73.000000       1.6042346      -1.0000000       4.0000000
      0.68574327      0.59430494      -1.0000000      -1.0000000      -1.0000000
      -1.0000000      -1.0000000      -1.0000000      -1.0000000      -1.0000000
      -1.0000000
       0.0000000       72.000000       1.6666696       22.000000       23594.000
       13.302771       6.5197334      0.57687455      0.73529410      0.72834545
      -189.94221       159.96088      -895.65936       204.92444       40.839703
       144.05450
       1.0000000       72.000000       1.6666696      -1.0000000       5.0000000
     0.011919712      0.10918649      -1.0000000      -1.0000000      -1.0000000
      -1.0000000      -1.0000000      -1.0000000      -1.0000000      -1.0000000
      -1.0000000
       0.0000000       71.000000       1.7435706       42.000000       31649.000
       11.561417       5.2367363      0.59505439      0.80952382      0.73476815
      -247.97926       177.61588      -835.78589       200.38924       38.169735
       164.91362
       1.0000000       71.000000       1.7435706      -1.0000000       8.0000000
     0.018815138      0.16758257      -1.0000000      -1.0000000      -1.0000000
      -1.0000000      -1.0000000      -1.0000000      -1.0000000      -1.0000000
      -1.0000000
       0.0000000       70.000000       1.8226893       189.00000       65066.000
       10.918156       4.7447376      0.58920163      0.78378379      0.72631091
      -358.79071       191.71674      -737.71539       199.51704       36.309925
       186.50525
       1.0000000       70.000000       1.8226893      -1.0000000       7.0000000
      0.11914741      0.45613387      -1.0000000      -1.0000000      -1.0000000
      -1.0000000      -1.0000000      -1.0000000      -1.0000000      -1.0000000
      -1.0000000
       0.0000000       69.000000       1.9040896       176.00000       59999.000
       10.696345       5.5732975      0.55386573      0.83333331      0.72654587
      -350.43958       286.56631      -795.83844       207.67873       38.902538
       187.04237
       1.0000000       69.000000       1.9040896      -1.0000000       8.0000000
      0.65352684       1.1142101      -1.0000000      -1.0000000      -1.0000000
      -1.0000000      -1.0000000      -1.0000000      -1.0000000      -1.0000000
      -1.0000000
       0.0000000       68.000000       2.0020282       171.00000       54584.000
       9.2637501       7.9774885      0.51463675      0.79545456      0.69244176
      -291.22195       72.756187      -517.51343       208.80843       37.022087
       194.15433
       1.0000000       68.000000       2.0020282      -1.0000000       16.000000
      0.10448913      0.55364374      -1.0000000      -1.0000000      -1.0000000
      -1.0000000      -1.0000000      -1.0000000      -1.0000000      -1.0000000
      -1.0000000
       0.0000000       67.000000       2.1032696       177.00000       51339.000
       7.4846625       5.2047963      0.56364089      0.73170733      0.67361945
      -344.18515       20.577545      -392.41043       205.30095       27.118664
       196.46751
       1.0000000       67.000000       2.1032696      -1.0000000       16.000000
      0.24408175       1.3284636      -1.0000000      -1.0000000      -1.0000000
      -1.0000000      -1.0000000      -1.0000000      -1.0000000      -1.0000000
      -1.0000000
       0.0000000       66.000000       2.2079256       179.00000       47826.000
       6.3983750       5.1689205      0.56056058      0.68421054      0.66381109
      -404.20117      -10.429914      -363.68494       210.41547       25.025911
       194.44427
       1.0000000       66.000000       2.2079256      -1.0000000       9.0000000
      0.26115410      0.67001758      -1.0000000      -1.0000000      -1.0000000
      -1.0000000      -1.0000000      -1.0000000      -1.0000000      -1.0000000
      -1.0000000
       0.0000000       65.000000       2.3161108       164.00000       41390.000
       5.5411992       6.1449714      0.52562934      0.68292683      0.57530975
      -358.31998      -150.68968      -205.41374       220.57722       24.157669
       176.62508
       1.0000000       65.000000       2.3161108      -1.0000000       9.0000000
     0.040840718      0.40792258      -1.0000000      -1.0000000      -1.0000000
      -1.0000000      -1.0000000      -1.0000000      -1.0000000      -1.0000000
      -1.0000000
       0.0000000       64.000000       2.4442258       159.00000       37412.000
       4.1833754       4.7270737      0.44714481      0.50000000      0.40871665
      -268.00421      -131.52509      -4.2667508       204.29964       21.357620
       200.87555
       1.0000000       64.000000       2.4442258      -1.0000000       11.000000
   0.00072995199     0.015076210      -1.0000000      -1.0000000      -1.0000000
      -1.0000000      -1.0000000      -1.0000000      -1.0000000      -1.0000000
      -1.0000000
       0.0000000       63.000000       2.5772903       145.00000       32290.000
       3.2657015       4.1435404      0.45489633      0.51612902      0.41992608
      -287.21350       2.7239132      -15.943187       191.94611       21.842966
       185.14662
       1.0000000       63.000000       2.5772903      -1.0000000       13.000000
      0.49727927       1.9069669      -1.0000000      -1.0000000      -1.0000000
      -1.0000000      -1.0000000      -1.0000000      -1.0000000      -1.0000000
      -1.0000000
       0.0000000       62.000000       2.7331426       127.00000       26915.000
       2.6888306       5.7516451      0.53377473      0.67647058      0.62542486
      -521.00409      -116.46489      -136.39803       202.22540       27.982840
       159.95778
       1.0000000       62.000000       2.7331426      -1.0000000       12.000000
     0.036297074      0.27226551      -1.0000000      -1.0000000      -1.0000000
      -1.0000000      -1.0000000      -1.0000000      -1.0000000      -1.0000000
      -1.0000000
       0.0000000       61.000000       2.8957851       123.00000       24445.000
       1.9348643       4.1069841      0.52438408      0.78260869      0.67425400
      -418.27902     -0.31862316      -165.44119       166.93358       17.532370
       192.07677
       1.0000000       61.000000       2.8957851      -1.0000000       7.0000000
    0.0035649938     0.020353033      -1.0000000      -1.0000000      -1.0000000
      -1.0000000      -1.0000000      -1.0000000      -1.0000000      -1.0000000
      -1.0000000
       0.0000000       60.000000       3.0081310       121.00000       22179.000
       1.6488755       3.5358207      0.52570117      0.80952382      0.64953637
      -373.78506       6.1663947      -238.17265       149.57457       16.831713
       161.83719
       1.0000000       60.000000       3.0081310      -1.0000000       11.000000
     0.043175290      0.46146527      -1.0000000      -1.0000000      -1.0000000
      -1.0000000      -1.0000000      -1.0000000      -1.0000000      -1.0000000
      -1.0000000
       0.0000000       59.000000       3.0848227       123.00000       21677.000
       1.4494224       2.8910153      0.51760817      0.71428573      0.56582940
      -309.42856       2.6420004      -190.18433       143.35487       14.049702
       162.76248
       1.0000000       59.000000       3.0848227      -1.0000000       8.0000000
     0.027440767      0.13732298      -1.0000000      -1.0000000      -1.0000000
      -1.0000000      -1.0000000      -1.0000000      -1.0000000      -1.0000000
      -1.0000000
       0.0000000       58.000000       3.2830331      -1.0000000       23757.000
       1.2409830       3.0037284      -1.0000000      -1.0000000      -1.0000000
      -1.0000000      -1.0000000      -1.0000000       131.77814       12.564857
       144.95868
       1.0000000       58.000000       3.2830331      -1.0000000       5.0000000
     0.013577804     0.019370334      -1.0000000      -1.0000000      -1.0000000
      -1.0000000      -1.0000000      -1.0000000      -1.0000000      -1.0000000
      -1.0000000
       0.0000000       57.000000       3.4908614      -1.0000000       29254.000
      0.91897976       1.8954035      -1.0000000      -1.0000000      -1.0000000
      -1.0000000      -1.0000000      -1.0000000       131.80818       8.5467052
       135.36685
       1.0000000       57.000000       3.4908614      -1.0000000       3.0000000
   0.00035966575       0.0000000      -1.0000000      -1.0000000      -1.0000000
      -1.0000000      -1.0000000      -1.0000000      -1.0000000      -1.0000000
      -1.0000000
