       0.0000000       135.00000       0.0000000       166.00000       272552.00
       7.4822578     0.030554442      0.48688620      0.62500000      0.51774168
      -87.773201      -45.021511      -65.659996       173.29323       20.522844
       88.160057
       0.0000000       134.00000    0.0095216669       161.00000       268318.00
       7.4674587     0.028532766      0.48571628      0.62500000      0.51285285
      -89.240036      -44.069412      -65.215828       175.13176       20.476519
       83.815475
       1.0000000       134.00000    0.0095216669      -1.0000000       1.0000000
     0.041714456      0.10616785      -1.0000000      -1.0000000      -1.0000000
      -1.0000000      -1.0000000      -1.0000000      -1.0000000      -1.0000000
      -1.0000000
       0.0000000       133.00000     0.023974428       160.00000       264846.00
       7.4839530     0.027866486      0.48991698      0.61290324      0.51632351
      -90.720146      -44.371117      -67.217125       176.07278       20.481016
       83.976868
       1.0000000       133.00000     0.023974428      -1.0000000       1.0000000
   0.00034507969       0.0000000      -1.0000000      -1.0000000      -1.0000000
      -1.0000000      -1.0000000      -1.0000000      -1.0000000      -1.0000000
      -1.0000000
       0.0000000       132.00000     0.033724371       161.00000       264289.00
       7.4618440     0.025974622      0.49139518      0.62500000      0.51220620
      -90.564682      -47.453697      -68.319618       176.84689       20.375561
       83.699966
       0.0000000       131.00000     0.048523631       165.00000       261672.00
       7.4529924     0.025278326      0.49363258      0.66666669      0.51772147
      -93.343407      -47.001156      -68.182991       177.00995       20.258852
       83.425354
       0.0000000       130.00000     0.058507323       164.00000       259857.00
       7.4881430     0.031001171      0.49610531      0.62500000      0.52802402
      -94.163727      -48.025715      -70.087044       174.93498       20.582548
       91.196503
       0.0000000       129.00000     0.073661387       169.00000       258212.00
       7.4731736     0.034890562      0.49830449      0.62500000      0.52970463
      -95.303146      -52.405193      -69.282120       173.90712       20.349478
       95.184219
       0.0000000       128.00000     0.083884433       168.00000       257122.00
       7.4841900     0.031329799      0.49777609      0.62500000      0.52867156
      -97.564186      -52.542229      -67.434525       173.39819       20.278517
       98.063164
       0.0000000       127.00000     0.099401802       167.00000       253943.00
       7.4941516     0.032908175      0.49769196      0.66666669      0.52480263
      -98.638855      -51.937080      -70.508659       173.31219       20.423325
       101.32915
       1.0000000       127.00000     0.099401802      -1.0000000       1.0000000
       0.0000000       0.0000000      -1.0000000      -1.0000000      -1.0000000
      -1.0000000      -1.0000000      -1.0000000      -1.0000000      -1.0000000
      -1.0000000
       0.0000000       126.00000      0.10986994       164.00000       250971.00
       7.4890451     0.031543400      0.49851584      0.66666669      0.53048426
      -101.34651      -52.505894      -67.840431       172.06921       20.325352
       109.97613
       0.0000000       125.00000      0.12575933       167.00000       249663.00
       7.4909229     0.028888203      0.50115091      0.65625000      0.53046620
      -102.76891      -49.937950      -73.029716       171.91379       20.315731
       113.35400
       0.0000000       124.00000      0.14187621       165.00000       245540.00
       7.5065265     0.026883282      0.50169760      0.66666669      0.53013259
      -103.87418      -51.483791      -73.214630       170.69197       20.381937
       122.47559
       0.0000000       123.00000      0.15274876       164.00000       243390.00
       7.5137162     0.024840960      0.50678802      0.65625000      0.53319436
      -105.70698      -51.803276      -74.621117       171.05469       20.241791
       123.50948
       0.0000000       122.00000      0.16925204       166.00000       241478.00
       7.4985108     0.021098811      0.50449860      0.65625000      0.53357095
      -107.94550      -50.899693      -74.680984       172.68513       20.138294
       120.03700
       1.0000000       122.00000      0.16925204      -1.0000000       1.0000000
   0.00069646252       0.0000000      -1.0000000      -1.0000000      -1.0000000
      -1.0000000      -1.0000000      -1.0000000      -1.0000000      -1.0000000
      -1.0000000
       0.0000000       121.00000      0.18038526       166.00000       238325.00
       7.5412331     0.019051667      0.50588322      0.65625000      0.53646886
      -110.87457      -48.062550      -74.984764       170.57565       20.458288
       129.35092
       0.0000000       120.00000      0.19728418       167.00000       234991.00
       7.5312095     0.015824420      0.50487691      0.66666669      0.52973270
      -107.43835      -49.681385      -79.531906       168.85455       20.440653
       140.18515
       1.0000000       120.00000      0.19728418      -1.0000000       2.0000000
   0.00022777526       0.0000000      -1.0000000      -1.0000000      -1.0000000
      -1.0000000      -1.0000000      -1.0000000      -1.0000000      -1.0000000
      -1.0000000
       0.0000000       119.00000      0.21442504       166.00000       231481.00
       7.5536962     0.015278053      0.50770134      0.64705884      0.53606439
      -109.25812      -52.937805      -80.572128       168.18279       20.527727
       148.55304
       0.0000000       118.00000      0.22598839       164.00000       229364.00
       7.5517936     0.013984969      0.50968540      0.65714288      0.53547919
      -110.50163      -51.606831      -82.728088       168.43362       20.445620
       149.42912
       0.0000000       117.00000      0.24354018       166.00000       225920.00
       7.5633426     0.012221975      0.51597404      0.64705884      0.53792465
      -114.04471      -57.131542      -80.948097       167.80264       20.540581
       156.25330
       1.0000000       117.00000      0.24354018      -1.0000000       1.0000000
       0.0000000       0.0000000      -1.0000000      -1.0000000      -1.0000000
      -1.0000000      -1.0000000      -1.0000000      -1.0000000      -1.0000000
      -1.0000000
       0.0000000       116.00000      0.26134327       165.00000       221924.00
       7.5746455     0.011003473      0.52097219      0.64705884      0.54062164
      -116.59229      -54.674759      -84.295403       168.96820       20.496805
       152.19296
       1.0000000       116.00000      0.26134327      -1.0000000       2.0000000
     0.024243433      0.14972635      -1.0000000      -1.0000000      -1.0000000
      -1.0000000      -1.0000000      -1.0000000      -1.0000000      -1.0000000
      -1.0000000
       0.0000000       115.00000      0.27335334       165.00000       220804.00
       7.5819702    0.0096992189      0.52009183      0.64705884      0.54673845
      -117.48530      -57.681301      -84.519585       169.00232       20.402622
       155.04587
       1.0000000       115.00000      0.27335334      -1.0000000       2.0000000
      0.14269467      0.17594677      -1.0000000      -1.0000000      -1.0000000
      -1.0000000      -1.0000000      -1.0000000      -1.0000000      -1.0000000
      -1.0000000
       0.0000000       114.00000      0.29158324       166.00000       216653.00
       7.5835395    0.0093360823      0.52673846      0.64705884      0.54672480
      -121.71943      -56.652821      -84.517899       168.82465       20.380655
       160.36736
       1.0000000       114.00000      0.29158324      -1.0000000       1.0000000
    0.0041126232       0.0000000      -1.0000000      -1.0000000      -1.0000000
      -1.0000000      -1.0000000      -1.0000000      -1.0000000      -1.0000000
      -1.0000000
       0.0000000       113.00000      0.31007412       388.00000       268765.00
       7.6008658    0.0086085955      0.52750295      0.63636363      0.54016978
      -122.99184      -56.221107      -86.065666       168.59969       20.447355
       163.25975
       0.0000000       112.00000      0.32882974       419.00000       267883.00
       7.5988832     0.050067633      0.52876019      0.63636363      0.54392558
      -125.65454      -57.144829      -86.363983       169.15782       20.534231
       163.12062
       1.0000000       112.00000      0.32882974      -1.0000000       1.0000000
       0.0000000       0.0000000      -1.0000000      -1.0000000      -1.0000000
      -1.0000000      -1.0000000      -1.0000000      -1.0000000      -1.0000000
      -1.0000000
       0.0000000       111.00000      0.34785384       431.00000       266806.00
       7.5699296     0.057608061      0.53218347      0.62500000      0.54320800
      -126.22009      -55.226368      -91.864815       168.77979       20.112572
       162.95094
       1.0000000       111.00000      0.34785384      -1.0000000       2.0000000
   0.00090696098     0.011123467      -1.0000000      -1.0000000      -1.0000000
      -1.0000000      -1.0000000      -1.0000000      -1.0000000      -1.0000000
      -1.0000000
       0.0000000       110.00000      0.36068764       432.00000       265086.00
       7.5635910     0.058911212      0.53438121      0.63636363      0.54444194
      -126.20187      -61.041206      -92.935875       168.54562       20.291822
       163.78918
       0.0000000       109.00000      0.38016787       434.00000       261502.00
       7.5580025     0.063466661      0.53527570      0.64705884      0.54915416
      -128.63069      -60.044849      -94.271873       168.00150       19.935484
       165.10310
       1.0000000       109.00000      0.38016787      -1.0000000       1.0000000
   0.00069791597       0.0000000      -1.0000000      -1.0000000      -1.0000000
      -1.0000000      -1.0000000      -1.0000000      -1.0000000      -1.0000000
      -1.0000000
       0.0000000       108.00000      0.39992696       438.00000       259596.00
       7.5491905     0.068216719      0.53379476      0.63636363      0.54578805
      -127.85133      -59.668327      -98.365486       167.14395       19.989138
       165.59236
       0.0000000       107.00000      0.41996893       465.00000       259734.00
       7.5823808     0.075451590      0.53239906      0.63636363      0.54733533
      -130.54121      -58.688271      -100.39531       167.00490       19.853086
       165.37799
       1.0000000       107.00000      0.41996893      -1.0000000       2.0000000
       0.0000000       0.0000000      -1.0000000      -1.0000000      -1.0000000
      -1.0000000      -1.0000000      -1.0000000      -1.0000000      -1.0000000
      -1.0000000
       0.0000000       106.00000      0.44029784       442.00000       253774.00
       7.5693336     0.072366729      0.53920889      0.63636363      0.55086869
      -135.21626      -59.854755      -97.624771       166.71013       19.947857
       166.47412
       1.0000000       106.00000      0.44029784      -1.0000000       3.0000000
    0.0021182056     0.035837140      -1.0000000      -1.0000000      -1.0000000
      -1.0000000      -1.0000000      -1.0000000      -1.0000000      -1.0000000
      -1.0000000
       0.0000000       105.00000      0.46091780       468.00000       253195.00
       7.5936685      0.24061996      0.53746855      0.63636363      0.54741400
      -137.23300      -56.292301      -102.60650       166.20221       20.081646
       167.39096
       0.0000000       104.00000      0.48183295       471.00000       249917.00
       7.5865016      0.24954560      0.54102194      0.63636363      0.55656338
      -139.63933      -57.625881      -104.45796       165.29457       20.118319
       169.71037
       1.0000000       104.00000      0.48183295      -1.0000000       1.0000000
       0.0000000       0.0000000      -1.0000000      -1.0000000      -1.0000000
      -1.0000000      -1.0000000      -1.0000000      -1.0000000      -1.0000000
      -1.0000000
       0.0000000       103.00000      0.50304753       472.00000       245212.00
       7.5962572      0.26243937      0.54148835      0.62500000      0.55013800
      -138.56798      -59.285011      -109.92107       164.86569       19.967152
       171.18770
       1.0000000       103.00000      0.50304753      -1.0000000       1.0000000
   0.00068204809     0.014594628      -1.0000000      -1.0000000      -1.0000000
      -1.0000000      -1.0000000      -1.0000000      -1.0000000      -1.0000000
      -1.0000000
       0.0000000       102.00000      0.52456582       472.00000       242806.00
       7.5920043      0.25625768      0.54002005      0.62500000      0.55654627
      -142.71304      -59.241302      -109.61356       164.36293       20.002928
       173.73018
       1.0000000       102.00000      0.52456582      -1.0000000       2.0000000
   0.00019325834       0.0000000      -1.0000000      -1.0000000      -1.0000000
      -1.0000000      -1.0000000      -1.0000000      -1.0000000      -1.0000000
      -1.0000000
       0.0000000       101.00000      0.54639220       491.00000       242199.00
       7.5805926      0.24922408      0.54452509      0.62500000      0.56035870
      -142.94440      -58.129543      -115.92251       164.48802       19.937193
       174.27524
       0.0000000       100.00000      0.57598084       498.00000       238914.00
       7.6193113      0.26342383      0.54337978      0.66666669      0.56215709
      -143.52823      -55.954227      -121.02544       165.15996       20.102745
       174.72176
       1.0000000       100.00000      0.57598084      -1.0000000       3.0000000
   0.00090880084     0.021372774      -1.0000000      -1.0000000      -1.0000000
      -1.0000000      -1.0000000      -1.0000000      -1.0000000      -1.0000000
      -1.0000000
       0.0000000       99.000000      0.59854329       500.00000       233951.00
       7.5945110      0.13190600      0.54195529      0.61290324      0.56474400
      -137.48097      -63.857582      -128.82567       166.27354       19.719194
       174.44728
       0.0000000       98.000000      0.62142873       503.00000       230591.00
       7.6417279     0.055281863      0.54418135      0.62500000      0.56396794
      -133.74028      -72.748383      -134.09299       167.50800       19.841280
       175.74431
       0.0000000       97.000000      0.64464182       490.00000       226568.00
       7.5991783     0.077766091      0.54708761      0.62500000      0.55937821
      -134.86664      -83.812035      -131.38989       168.62344       19.566166
       176.04965
       0.0000000       96.000000      0.67611039       488.00000       222659.00
       7.6056657     0.073046729      0.55109352      0.61290324      0.56128621
      -134.99539      -94.676872      -130.76834       168.29451       19.503124
       178.61438
       1.0000000       96.000000      0.67611039      -1.0000000       1.0000000
       0.0000000       0.0000000      -1.0000000      -1.0000000      -1.0000000
      -1.0000000      -1.0000000      -1.0000000      -1.0000000      -1.0000000
      -1.0000000
       0.0000000       95.000000      0.70010638       489.00000       219230.00
       7.5976124     0.055633333      0.55049127      0.62500000      0.55392581
      -132.77863      -108.72307      -126.16556       168.26448       19.348534
       181.64316
       1.0000000       95.000000      0.70010638      -1.0000000       1.0000000
   0.00038126341     0.026792912      -1.0000000      -1.0000000      -1.0000000
      -1.0000000      -1.0000000      -1.0000000      -1.0000000      -1.0000000
      -1.0000000
       0.0000000       94.000000      0.73263615       486.00000       213911.00
       7.5998597     0.084347695      0.55282217      0.66666669      0.56951100
      -135.87376      -125.13740      -115.22132       169.17624       19.168829
       185.04260
       1.0000000       94.000000      0.73263615      -1.0000000       2.0000000
    0.0027027432     0.041909549      -1.0000000      -1.0000000      -1.0000000
      -1.0000000      -1.0000000      -1.0000000      -1.0000000      -1.0000000
      -1.0000000
       0.0000000       93.000000      0.75744140       490.00000       209669.00
       7.6484904     0.072577350      0.54956895      0.62500000      0.56825638
      -139.49303      -133.76505      -108.78555       169.74440       19.327887
       188.25328
       1.0000000       93.000000      0.75744140      -1.0000000       2.0000000
   0.00053361239     0.019417757      -1.0000000      -1.0000000      -1.0000000
      -1.0000000      -1.0000000      -1.0000000      -1.0000000      -1.0000000
      -1.0000000
       0.0000000       92.000000      0.79106826       469.00000       202089.00
       7.6375537     0.072467297      0.54982954      0.66666669      0.56877428
      -145.29053      -146.46135      -94.914665       170.05121       19.194237
       191.22824
       1.0000000       92.000000      0.79106826      -1.0000000       2.0000000
   0.00066658165       0.0000000      -1.0000000      -1.0000000      -1.0000000
      -1.0000000      -1.0000000      -1.0000000      -1.0000000      -1.0000000
      -1.0000000
       0.0000000       91.000000      0.81671000       467.00000       198601.00
       7.6787863     0.047180004      0.55311668      0.63636363      0.56936264
      -152.06819      -153.15814      -79.145744       170.68257       19.250265
       196.71812
       1.0000000       91.000000      0.81671000      -1.0000000       1.0000000
   0.00053162541       0.0000000      -1.0000000      -1.0000000      -1.0000000
      -1.0000000      -1.0000000      -1.0000000      -1.0000000      -1.0000000
      -1.0000000
       0.0000000       90.000000      0.85147089       443.00000       190489.00
       7.6720600      0.26829380      0.55107826      0.66666669      0.57198715
      -167.60025      -151.05751      -60.632687       169.87399       19.330906
       208.99049
       0.0000000       89.000000      0.88689691       440.00000       186748.00
       7.6582718      0.38802481      0.54838747      0.66666669      0.57239348
      -181.99538      -143.70145      -44.336475       170.62041       19.419365
       212.06978
       1.0000000       89.000000      0.88689691      -1.0000000       3.0000000
   0.00041172808    0.0069866572      -1.0000000      -1.0000000      -1.0000000
      -1.0000000      -1.0000000      -1.0000000      -1.0000000      -1.0000000
      -1.0000000
       0.0000000       88.000000      0.92300081       436.00000       181239.00
       7.6823149      0.41920197      0.54689485      0.66666669      0.57480788
      -201.01195      -121.79397      -32.512913       171.39012       19.376871
       210.22595
       1.0000000       88.000000      0.92300081      -1.0000000       1.0000000
      0.57505751      0.65293568      -1.0000000      -1.0000000      -1.0000000
      -1.0000000      -1.0000000      -1.0000000      -1.0000000      -1.0000000
      -1.0000000
       0.0000000       87.000000      0.95053136       434.00000       177925.00
       7.6459794      0.41275755      0.54975170      0.62500000      0.57397401
      -207.84135      -117.31053      -26.132288       173.45621       19.019812
       205.08630
       1.0000000       87.000000      0.95053136      -1.0000000       3.0000000
   0.00025802359       0.0000000      -1.0000000      -1.0000000      -1.0000000
      -1.0000000      -1.0000000      -1.0000000      -1.0000000      -1.0000000
      -1.0000000
       0.0000000       86.000000      0.98785281       427.00000       172812.00
       7.6078868      0.42511150      0.54759920      0.61290324      0.56970811
      -221.31769      -93.088753      -12.267977       178.52226       19.009754
       194.54044
       1.0000000       86.000000      0.98785281      -1.0000000       1.0000000
    0.0018520019     0.026358612      -1.0000000      -1.0000000      -1.0000000
      -1.0000000      -1.0000000      -1.0000000      -1.0000000      -1.0000000
      -1.0000000
       0.0000000       85.000000      0.99729425       417.00000       170228.00
       7.6787210      0.42277130      0.55050933      0.60000002      0.57580310
      -227.51022      -89.068680      -11.867380       180.21014       19.113871
       194.27640
       0.0000000       84.000000       1.0355104       381.00000       159607.00
       8.1173477      0.64094895      0.54923570      0.61290324      0.52202553
      -260.97247      -66.116364      -11.273852       188.23007       22.248255
       200.51241
       1.0000000       84.000000       1.0355104      -1.0000000       4.0000000
    0.0032128055     0.076568906      -1.0000000      -1.0000000      -1.0000000
      -1.0000000      -1.0000000      -1.0000000      -1.0000000      -1.0000000
      -1.0000000
       0.0000000       83.000000       1.0744579       370.00000       153294.00
       7.4493341      0.53752053      0.54892027      0.67741930      0.56076539
      -244.03595      -50.350117      -8.7173433       178.30827       17.935633
       207.64160
       1.0000000       83.000000       1.0744579      -1.0000000       2.0000000
    0.0033727440     0.015120107      -1.0000000      -1.0000000      -1.0000000
      -1.0000000      -1.0000000      -1.0000000      -1.0000000      -1.0000000
      -1.0000000
       0.0000000       82.000000       1.1141505       369.00000       147686.00
       7.4389443      0.58453971      0.54989010      0.69696975      0.56946707
      -248.32898      -43.571278      -5.4303508       177.23572       17.806831
       214.75697
       1.0000000       82.000000       1.1141505      -1.0000000       3.0000000
    0.0043654032     0.058261979      -1.0000000      -1.0000000      -1.0000000
      -1.0000000      -1.0000000      -1.0000000      -1.0000000      -1.0000000
      -1.0000000
       0.0000000       81.000000       1.1546028       375.00000       145211.00
       7.3998842      0.67045707      0.55085975      0.63333333      0.57290983
      -254.96545      -29.922701      -9.0082302       178.46724       17.720303
       222.87823
       1.0000000       81.000000       1.1546028      -1.0000000       2.0000000
   0.00056330772     0.021474544      -1.0000000      -1.0000000      -1.0000000
      -1.0000000      -1.0000000      -1.0000000      -1.0000000      -1.0000000
      -1.0000000
       0.0000000       80.000000       1.2062581       373.00000       138594.00
       7.3585215      0.56930995      0.54661286      0.64516127      0.55680108
      -255.55145      -12.449699      -34.878723       178.85471       17.615459
       226.75172
       1.0000000       80.000000       1.2062581      -1.0000000       4.0000000
      0.22381325      0.37564009      -1.0000000      -1.0000000      -1.0000000
      -1.0000000      -1.0000000      -1.0000000      -1.0000000      -1.0000000
      -1.0000000
       0.0000000       79.000000       1.2484726       368.00000       134851.00
       7.3251390      0.28085843      0.53892595      0.69696975      0.57000232
      -247.76959      -16.769016      -64.338135       179.23505       16.941809
       227.07886
       1.0000000       79.000000       1.2484726      -1.0000000       2.0000000
     0.013158405     0.033655768      -1.0000000      -1.0000000      -1.0000000
      -1.0000000      -1.0000000      -1.0000000      -1.0000000      -1.0000000
      -1.0000000
       0.0000000       78.000000       1.3023784       353.00000       127521.00
       7.2679548      0.24920979      0.54733765      0.68750000      0.57266659
      -254.07391      -14.511078      -80.153297       177.46686       16.305487
       227.97186
       1.0000000       78.000000       1.3023784      -1.0000000       7.0000000
     0.034982212      0.25652947      -1.0000000      -1.0000000      -1.0000000
      -1.0000000      -1.0000000      -1.0000000      -1.0000000      -1.0000000
      -1.0000000
       0.0000000       77.000000       1.3575766       339.00000       120538.00
       7.3267512      0.56293684      0.55143571      0.68750000      0.56215495
      -253.67514      0.63396448      -104.94101       179.67549       16.565746
       226.70648
       1.0000000       77.000000       1.3575766      -1.0000000       2.0000000
       0.0000000       0.0000000      -1.0000000      -1.0000000      -1.0000000
      -1.0000000      -1.0000000      -1.0000000      -1.0000000      -1.0000000
      -1.0000000
       0.0000000       76.000000       1.4140983       328.00000       114430.00
       7.3115973      0.30017984      0.54972422      0.69696975      0.58244348
      -274.21765       12.304753      -111.75309       183.96014       16.819517
       219.91986
       1.0000000       76.000000       1.4140983      -1.0000000       3.0000000
    0.0017745311     0.056461200      -1.0000000      -1.0000000      -1.0000000
      -1.0000000      -1.0000000      -1.0000000      -1.0000000      -1.0000000
      -1.0000000
       0.0000000       75.000000       1.4719748       320.00000       108064.00
       7.3607903      0.31383067      0.55073655      0.64516127      0.57578921
      -280.95602       1.0286013      -127.25875       186.71634       16.813496
       207.62479
       1.0000000       75.000000       1.4719748      -1.0000000       6.0000000
    0.0049289648    0.0079750045      -1.0000000      -1.0000000      -1.0000000
      -1.0000000      -1.0000000      -1.0000000      -1.0000000      -1.0000000
      -1.0000000
       0.0000000       74.000000       1.5312390       333.00000       106670.00
       7.3209457      0.64302278      0.54745734      0.69696975      0.60069263
      -287.65701       16.361309      -121.44154       185.58499       16.740631
       211.27251
       1.0000000       74.000000       1.5312390      -1.0000000       5.0000000
     0.031396425      0.29995277      -1.0000000      -1.0000000      -1.0000000
      -1.0000000      -1.0000000      -1.0000000      -1.0000000      -1.0000000
      -1.0000000
       0.0000000       73.000000       1.6042346       320.00000       99647.000
       7.2521243      0.33419716      0.54548502      0.70588237      0.59908175
      -292.77621       12.068645      -112.41614       180.16702       15.884673
       229.68961
       1.0000000       73.000000       1.6042346      -1.0000000       6.0000000
     0.023029712      0.15788307      -1.0000000      -1.0000000      -1.0000000
      -1.0000000      -1.0000000      -1.0000000      -1.0000000      -1.0000000
      -1.0000000
       0.0000000       72.000000       1.6666696       327.00000       95915.000
       7.3799973      0.20976323      0.54388797      0.71428573      0.61926234
      -301.36276       29.711170      -102.15157       180.14291       16.182734
       235.71577
       1.0000000       72.000000       1.6666696      -1.0000000       2.0000000
       0.0000000       0.0000000      -1.0000000      -1.0000000      -1.0000000
      -1.0000000      -1.0000000      -1.0000000      -1.0000000      -1.0000000
      -1.0000000
       0.0000000       71.000000       1.7435706       278.00000       83462.000
       7.4089298      0.15255521      0.53966409      0.71428573      0.59732884
      -311.54099       53.825962      -75.764008       181.67171       15.959354
       222.46181
       1.0000000       71.000000       1.7435706      -1.0000000       7.0000000
     0.016142996      0.19409574      -1.0000000      -1.0000000      -1.0000000
      -1.0000000      -1.0000000      -1.0000000      -1.0000000      -1.0000000
      -1.0000000
       0.0000000       70.000000       1.8226893       253.00000       75461.000
       7.2993784       1.3931127      0.55285597      0.68750000      0.62710536
      -313.58160       126.46016      -85.598938       182.93761       16.504515
       216.24403
       1.0000000       70.000000       1.8226893      -1.0000000       2.0000000
       0.0000000       0.0000000      -1.0000000      -1.0000000      -1.0000000
      -1.0000000      -1.0000000      -1.0000000      -1.0000000      -1.0000000
      -1.0000000
       0.0000000       69.000000       1.9040896       256.00000       72581.000
       7.1370440       1.4567906      0.56858456      0.73684210      0.64854550
      -303.82959       158.01199      -162.39265       184.52182       16.521709
       210.96776
       1.0000000       69.000000       1.9040896      -1.0000000       2.0000000
    0.0094949351      0.17089072      -1.0000000      -1.0000000      -1.0000000
      -1.0000000      -1.0000000      -1.0000000      -1.0000000      -1.0000000
      -1.0000000
       0.0000000       68.000000       2.0020282       240.00000       65023.000
       6.9435062       1.7423021      0.55845368      0.82926828      0.69244987
      -313.14893       165.82201      -204.71625       187.17191       18.484991
       196.46957
       1.0000000       68.000000       2.0020282      -1.0000000       7.0000000
      0.14206104      0.34936864      -1.0000000      -1.0000000      -1.0000000
      -1.0000000      -1.0000000      -1.0000000      -1.0000000      -1.0000000
      -1.0000000
       0.0000000       67.000000       2.1032696       244.00000       61212.000
       6.6308045       2.2491119      0.55893016      0.77142859      0.68879336
      -305.61670       174.78041      -191.88254       186.06825       18.125429
       187.98726
       1.0000000       67.000000       2.1032696      -1.0000000       3.0000000
    0.0026732266     0.038200896      -1.0000000      -1.0000000      -1.0000000
      -1.0000000      -1.0000000      -1.0000000      -1.0000000      -1.0000000
      -1.0000000
       0.0000000       66.000000       2.2079256       296.00000       61984.000
       6.2572494       3.0796573      0.53328323      0.76315790      0.64051527
      -182.71153       241.52521      -183.74709       180.80595       18.906645
       176.72357
       1.0000000       66.000000       2.2079256      -1.0000000       8.0000000
    0.0010462673     0.032939900      -1.0000000      -1.0000000      -1.0000000
      -1.0000000      -1.0000000      -1.0000000      -1.0000000      -1.0000000
      -1.0000000
       0.0000000       65.000000       2.3161108       286.00000       55898.000
       5.6979637       2.3555143      0.54953706      0.75000000      0.60849398
      -233.13182       168.77518      -170.51549       178.55324       16.845390
       174.62192
       1.0000000       65.000000       2.3161108      -1.0000000       3.0000000
    0.0030551229     0.036184844      -1.0000000      -1.0000000      -1.0000000
      -1.0000000      -1.0000000      -1.0000000      -1.0000000      -1.0000000
      -1.0000000
       0.0000000       64.000000       2.4442258       285.00000       50915.000
       5.2391386       2.3050535      0.51959062      0.69696975      0.54320467
      -212.60805       203.29169      -77.511169       185.16881       16.357517
       153.14255
       1.0000000       64.000000       2.4442258      -1.0000000       6.0000000
     0.022260989     0.081904417      -1.0000000      -1.0000000      -1.0000000
      -1.0000000      -1.0000000      -1.0000000      -1.0000000      -1.0000000
      -1.0000000
       0.0000000       63.000000       2.5772903       320.00000       49407.000
       4.8481288       2.0332370      0.51443732      0.72972977      0.56455940
      -89.670105       238.80565      -86.223022       187.19469       15.317704
       148.40471
       1.0000000       63.000000       2.5772903      -1.0000000       5.0000000
     0.085838259      0.57891265      -1.0000000      -1.0000000      -1.0000000
      -1.0000000      -1.0000000      -1.0000000      -1.0000000      -1.0000000
      -1.0000000
       0.0000000       62.000000       2.7331426       294.00000       42837.000
       4.3049583       1.4566121      0.51715755      0.60000002      0.45063168
      -45.456226       221.52992      -117.34495       179.12405       12.394951
       163.14931
       1.0000000       62.000000       2.7331426      -1.0000000       5.0000000
     0.056156470      0.71303956      -1.0000000      -1.0000000      -1.0000000
      -1.0000000      -1.0000000      -1.0000000      -1.0000000      -1.0000000
      -1.0000000
       0.0000000       61.000000       2.8957851       238.00000       34840.000
       3.9725521       1.4326193      0.51266313      0.60000002      0.43974674
      -126.42365       191.89963      -74.327705       176.97884       11.020208
       170.56165
       1.0000000       61.000000       2.8957851      -1.0000000       1.0000000
       0.0000000       0.0000000      -1.0000000      -1.0000000      -1.0000000
      -1.0000000      -1.0000000      -1.0000000      -1.0000000      -1.0000000
      -1.0000000
       0.0000000       60.000000       3.0081310       210.00000       29830.000
       3.8209517       1.3332547      0.51542395      0.66666663      0.49458107
      -115.13260       207.26208      -16.594011       175.60376       10.315391
       171.17256
       1.0000000       60.000000       3.0081310      -1.0000000       2.0000000
       0.0000000       0.0000000      -1.0000000      -1.0000000      -1.0000000
      -1.0000000      -1.0000000      -1.0000000      -1.0000000      -1.0000000
      -1.0000000
       0.0000000       59.000000       3.0848227       185.00000       27107.000
       3.6702373       1.2699871      0.47853696      0.65625000      0.43526456
      -93.496910       206.07335       1.3440678       176.08667       9.8228779
       169.46780
       1.0000000       59.000000       3.0848227      -1.0000000       1.0000000
   0.00026380201       0.0000000      -1.0000000      -1.0000000      -1.0000000
      -1.0000000      -1.0000000      -1.0000000      -1.0000000      -1.0000000
      -1.0000000
       0.0000000       58.000000       3.2830331       178.00000       23947.000
       3.1087728       1.4979256      0.44773611      0.56250006      0.32505938
      -43.093380       94.828163      -25.018950       175.12190       9.5142174
       169.49799
       1.0000000       58.000000       3.2830331      -1.0000000       5.0000000
   0.00056264707       0.0000000      -1.0000000      -1.0000000      -1.0000000
      -1.0000000      -1.0000000      -1.0000000      -1.0000000      -1.0000000
      -1.0000000
       0.0000000       57.000000       3.4908614       160.00000       19358.000
       2.8196375       1.4942694      0.41061351      0.36666667      0.17619866
      -35.426918       41.615746       6.1616874       178.99918       9.1419649
       160.53406
       1.0000000       57.000000       3.4908614      -1.0000000       5.0000000
    0.0016629004       0.0000000      -1.0000000      -1.0000000      -1.0000000
      -1.0000000      -1.0000000      -1.0000000      -1.0000000      -1.0000000
      -1.0000000
