       0.0000000       135.00000       0.0000000       2357.0000       450884.00
       3.3865724       1.4136082      0.42465064      0.36363643      0.31047729
      -24.389765      -16.260170      -82.648140       91.733772       11.431992
       64.517914
       0.0000000       134.00000    0.0095216669       2368.0000       448991.00
       3.4019506       1.6521288      0.42126146      0.39393944      0.32451290
      -28.027605      -10.833254      -83.470749       91.420860       12.153714
       65.304657
       0.0000000       133.00000     0.023974428       2366.0000       445306.00
       3.3239987       1.7459214      0.41704893      0.39393944      0.33255029
      -23.357210      -4.3368807      -84.381142       91.195625       11.824468
       66.287392
       0.0000000       132.00000     0.033724371       2369.0000       444419.00
       3.2721829       1.5268955      0.41456279      0.34375006      0.32589293
      -22.092964      0.14812678      -81.628624       90.626511       11.392673
       66.239708
       0.0000000       131.00000     0.048523631       2400.0000       441586.00
       3.2273996       1.3993603      0.41699177      0.38235301      0.31907248
      -16.976604      -1.4463624      -81.398254       90.904594       11.142067
       66.407448
       0.0000000       130.00000     0.058507323       2397.0000       438789.00
       3.2290585       1.4183456      0.40938485      0.36363643      0.29033610
      -10.407413      -5.6393595      -81.426643       91.045128       11.269174
       65.850227
       0.0000000       129.00000     0.073661387       2401.0000       435982.00
       3.1999440       1.4939513      0.41041937      0.36363643      0.29370660
      -5.4850001      -9.8382215      -81.547577       92.112793       11.383925
       65.721016
       0.0000000       128.00000     0.083884433       2420.0000       434132.00
       3.1272681       1.5657583      0.40714976      0.29032254      0.27051693
      -10.185267      -10.582467      -79.393898       93.368584       10.950922
       64.568680
       0.0000000       127.00000     0.099401802       2437.0000       432619.00
       3.0851557       1.2848473      0.40800801      0.33333337      0.27770713
      -14.878827      -7.5153923      -78.299568       93.264427       10.901565
       63.462524
       0.0000000       126.00000      0.10986994       2439.0000       430626.00
       3.0939283       1.3493066      0.40062103      0.28125006      0.28125337
      -16.118242      -5.3805966      -77.131668       93.449005       11.106304
       64.014053
       0.0000000       125.00000      0.12575933       2442.0000       428306.00
       3.0213709       1.4924480      0.38929763      0.25806451      0.27435312
      -19.160646      -9.3138275      -72.145889       93.585823       11.007151
       65.131294
       0.0000000       124.00000      0.14187621       2472.0000       425906.00
       2.9894998       1.5884234      0.38151896      0.19999999      0.23757021
      -24.871918      -14.112682      -63.168442       93.009972       10.984188
       66.227959
       0.0000000       123.00000      0.15274876       2463.0000       423903.00
       2.9266567       1.4312775      0.38081989      0.25806451      0.26350975
      -31.650751      -16.882038      -58.567883       92.213310       10.665869
       67.373947
       0.0000000       122.00000      0.16925204       2471.0000       421275.00
       2.9097168       1.2134482      0.39482823      0.19999999      0.22713721
      -43.487278      -17.589140      -52.455421       91.144104       10.431098
       68.098190
       0.0000000       121.00000      0.18038526       2488.0000       418940.00
       2.9053817       1.4006793      0.39390495      0.19999999      0.22512567
      -49.913452      -10.583579      -48.809219       91.125404       10.696033
       68.899857
       0.0000000       120.00000      0.19728418       2488.0000       415707.00
       2.8441095       1.2967982      0.40076753      0.14285707      0.22630861
      -54.579308       11.257575      -46.239048       91.405037       10.347382
       69.774971
       0.0000000       119.00000      0.21442504       2493.0000       412933.00
       2.7960277       1.2404243      0.40049091      0.28125006      0.24334385
      -43.841305       31.379606      -48.200138       91.015259       10.242295
       70.386650
       0.0000000       118.00000      0.22598839       2518.0000       411815.00
       2.8147807       1.2862631      0.40341958      0.23333335      0.22934116
      -33.317329       34.033329      -54.196022       91.647438       10.510425
       70.035530
       0.0000000       117.00000      0.24354018       2542.0000       408507.00
       2.7332103       1.3903093      0.40446502      0.23333335      0.28878820
      -19.064674       30.813618      -61.082695       91.832779       10.159637
       71.373062
       0.0000000       116.00000      0.26134327       2564.0000       405786.00
       2.7234588       1.2081144      0.40180138      0.26666665      0.23309903
      -10.610799       25.973375      -64.838188       91.507629       9.9232178
       72.007202
       0.0000000       115.00000      0.27335334       2569.0000       403192.00
       2.6915503       1.2493569      0.40400344      0.24137926      0.23206279
      -4.8330188       19.307184      -71.652412       91.290848       9.8354759
       72.142982
       0.0000000       114.00000      0.29158324       2599.0000       400718.00
       2.6769145      0.95841652      0.40280345      0.31250006      0.24656235
       7.6860309       10.526175      -76.209114       91.461021       9.4841795
       71.571899
       1.0000000       114.00000      0.29158324      -1.0000000       1.0000000
    0.0014766064     0.029103870      -1.0000000      -1.0000000      -1.0000000
      -1.0000000      -1.0000000      -1.0000000      -1.0000000      -1.0000000
      -1.0000000
       0.0000000       113.00000      0.31007412       2567.0000       396903.00
       2.6233737       1.0714577      0.41015384      0.26666665      0.27514988
       17.198412       1.8416033      -77.359482       93.433022       9.4591208
       70.348373
       0.0000000       112.00000      0.32882974       2522.0000       391203.00
       2.6077960       1.2678736      0.40923461      0.26666665      0.25225011
       19.053682      -14.216022      -76.940292       95.314743       9.6217480
       68.561089
       0.0000000       111.00000      0.34785384       2554.0000       389164.00
       2.5696971       1.4398794      0.40721875      0.29032254      0.27127582
       12.363958      -20.110924      -77.154343       97.258369       9.9447660
       66.430534
       0.0000000       110.00000      0.36068764       2543.0000       387034.00
       2.5999401       1.6744053      0.39614835      0.24137926      0.24999790
     -0.19984710      -23.796587      -72.806335       98.479218       10.441867
       65.888771
       0.0000000       109.00000      0.38016787       2454.0000       381368.00
       2.4800303       1.7335229      0.38818297      0.14285707      0.21422355
      -16.751770      -16.041544      -70.552940       96.379173       10.109864
       67.425316
       0.0000000       108.00000      0.39992696       2457.0000       379296.00
       2.4215951       1.4868710      0.38581735      0.23333335      0.19547182
      -21.038010      -13.366806      -65.814194       95.275131       9.6763668
       68.382889
       0.0000000       107.00000      0.41996893       2473.0000       375788.00
       2.4021475       1.5273602      0.36833522      0.34375006      0.17019117
      -19.946329      -7.1276317      -60.692635       95.834633       9.9879913
       68.898972
       0.0000000       106.00000      0.44029784       2473.0000       373124.00
       2.3324852       1.8572502      0.36339197      0.14814812      0.15613687
      -20.323647       2.3086271      -50.807335       96.936447       10.097860
       69.476509
       0.0000000       105.00000      0.46091780       2492.0000       369536.00
       2.2502854       1.9015505      0.36714125      0.34375006      0.18996345
      -6.8440638       6.6961622      -44.794575       96.060875       10.164473
       70.459419
       0.0000000       104.00000      0.48183295       2500.0000       365715.00
       2.2284553       1.5394325      0.36406344      0.30000001      0.17666326
       4.9636250      -1.6471970      -45.309834       95.164864       9.8963490
       72.261665
       0.0000000       103.00000      0.50304753       2576.0000       363699.00
       2.1953044       1.5917888      0.35613027      0.39393944      0.16699713
       14.324899      -18.309128      -42.388409       93.978058       10.048917
       74.441566
       0.0000000       102.00000      0.52456582       2564.0000       360656.00
       2.1287565       1.6142882      0.34542543      0.21875006      0.17225900
       17.939243      -35.693947      -35.021908       92.976997       9.7537022
       78.321083
       1.0000000       102.00000      0.52456582      -1.0000000       1.0000000
       0.0000000       0.0000000      -1.0000000      -1.0000000      -1.0000000
      -1.0000000      -1.0000000      -1.0000000      -1.0000000      -1.0000000
      -1.0000000
       0.0000000       101.00000      0.54639220       2577.0000       357714.00
       2.1057348       1.4697133      0.32955247      0.27272731      0.18697931
       13.955132      -41.566193      -27.021708       91.775856       9.8391056
       79.740349
       1.0000000       101.00000      0.54639220      -1.0000000       1.0000000
       0.0000000       0.0000000      -1.0000000      -1.0000000      -1.0000000
      -1.0000000      -1.0000000      -1.0000000      -1.0000000      -1.0000000
      -1.0000000
       0.0000000       100.00000      0.57598084       2528.0000       352019.00
       2.0534317       1.1810385      0.33061591      0.25000006      0.17609653
       23.585594      -36.033306      -24.787638       91.103485       9.4893160
       81.606415
       1.0000000       100.00000      0.57598084      -1.0000000       1.0000000
       0.0000000       0.0000000      -1.0000000      -1.0000000      -1.0000000
      -1.0000000      -1.0000000      -1.0000000      -1.0000000      -1.0000000
      -1.0000000
       0.0000000       99.000000      0.59854329       2507.0000       347067.00
       2.0680120       1.1803330      0.33780029      0.36111116      0.17808481
       22.561255      -30.052509      -21.860834       92.386169       9.9220152
       82.507034
       1.0000000       99.000000      0.59854329      -1.0000000       1.0000000
       0.0000000       0.0000000      -1.0000000      -1.0000000      -1.0000000
      -1.0000000      -1.0000000      -1.0000000      -1.0000000      -1.0000000
      -1.0000000
       0.0000000       98.000000      0.62142873       2397.0000       340442.00
       2.0314214       1.5085155      0.34997734      0.36111116      0.19262844
       36.041389      -23.872341      -20.940649       93.744232       10.110742
       83.065155
       0.0000000       97.000000      0.64464182       2273.0000       333886.00
       1.9629461       1.7522838      0.35001227      0.38888890      0.22516704
       42.424244      -30.258034      -29.956467       93.700165       10.365517
       88.012993
       0.0000000       96.000000      0.67611039       2253.0000       330051.00
       1.9489458       1.6604824      0.36220196      0.36111116      0.22335821
       32.439915      -56.275948      -4.6179185       93.666534       10.647279
       95.376404
       0.0000000       95.000000      0.70010638       2238.0000       325692.00
       1.8591539       1.8697187      0.36376646      0.26470590      0.21678598
       34.898293      -56.020832       16.488207       93.854736       10.696402
       97.149277
       0.0000000       94.000000      0.73263615       2259.0000       322734.00
       1.8601934       1.6172650      0.39852333      0.25000006      0.26295441
       40.643871      -60.509731       29.969683       96.035538       11.157520
       93.919930
       0.0000000       93.000000      0.75744140       2375.0000       321916.00
       1.8034939       1.5952777      0.38841349      0.27272731      0.26237369
       40.248798      -58.916107       26.841391       100.32259       11.337892
       88.240486
       0.0000000       92.000000      0.79106826       2357.0000       315764.00
       1.9182377       1.9880413      0.41223764      0.30555558      0.23330474
       63.704384      -53.246964       53.295372       109.70477       12.160677
       79.688347
       1.0000000       92.000000      0.79106826      -1.0000000       2.0000000
   0.00054847391     0.022238642      -1.0000000      -1.0000000      -1.0000000
      -1.0000000      -1.0000000      -1.0000000      -1.0000000      -1.0000000
      -1.0000000
       0.0000000       91.000000      0.81671000       2351.0000       312472.00
       1.7202942       2.7316844      0.41562551      0.38888890      0.24720362
       94.785088      -52.341579       66.178192       112.77504       13.886033
       72.187973
       1.0000000       91.000000      0.81671000      -1.0000000       3.0000000
     0.082623098      0.25021744      -1.0000000      -1.0000000      -1.0000000
      -1.0000000      -1.0000000      -1.0000000      -1.0000000      -1.0000000
      -1.0000000
       0.0000000       90.000000      0.85147089       2402.0000       309559.00
       1.4705575       5.7363272      0.35593361      0.47500002      0.24841644
       68.968163      -30.294571      -58.226044       121.41071       21.534042
       58.819355
       1.0000000       90.000000      0.85147089      -1.0000000       2.0000000
    0.0046103592     0.098856263      -1.0000000      -1.0000000      -1.0000000
      -1.0000000      -1.0000000      -1.0000000      -1.0000000      -1.0000000
      -1.0000000
       0.0000000       89.000000      0.88689691      -1.0000000       306748.00
       1.3047736       4.5607538      -1.0000000      -1.0000000      -1.0000000
      -1.0000000      -1.0000000      -1.0000000       117.17735       18.780119
       68.770912
       1.0000000       89.000000      0.88689691      -1.0000000       2.0000000
   0.00061482657       0.0000000      -1.0000000      -1.0000000      -1.0000000
      -1.0000000      -1.0000000      -1.0000000      -1.0000000      -1.0000000
      -1.0000000
       0.0000000       88.000000      0.92300081      -1.0000000       302452.00
      0.92131603       1.9493884      -1.0000000      -1.0000000      -1.0000000
      -1.0000000      -1.0000000      -1.0000000       97.245422       9.1399078
       84.608406
       0.0000000       87.000000      0.95053136      -1.0000000       297884.00
      0.89623731       2.3778622      -1.0000000      -1.0000000      -1.0000000
      -1.0000000      -1.0000000      -1.0000000       93.729996       9.5545692
       86.097221
       1.0000000       87.000000      0.95053136      -1.0000000       2.0000000
       0.0000000       0.0000000      -1.0000000      -1.0000000      -1.0000000
      -1.0000000      -1.0000000      -1.0000000      -1.0000000      -1.0000000
      -1.0000000
       0.0000000       86.000000      0.98785281      -1.0000000       293811.00
      0.79637700       2.2384784      -1.0000000      -1.0000000      -1.0000000
      -1.0000000      -1.0000000      -1.0000000       86.081963       8.3940773
       88.224152
       1.0000000       86.000000      0.98785281      -1.0000000       1.0000000
     0.011138152     0.090432279      -1.0000000      -1.0000000      -1.0000000
      -1.0000000      -1.0000000      -1.0000000      -1.0000000      -1.0000000
      -1.0000000
       0.0000000       85.000000      0.99729425      -1.0000000       292487.00
      0.78841382       2.1641569      -1.0000000      -1.0000000      -1.0000000
      -1.0000000      -1.0000000      -1.0000000       84.273232       8.3368425
       88.078644
       1.0000000       85.000000      0.99729425      -1.0000000       2.0000000
     0.010516527      0.13644195      -1.0000000      -1.0000000      -1.0000000
      -1.0000000      -1.0000000      -1.0000000      -1.0000000      -1.0000000
      -1.0000000
       0.0000000       84.000000       1.0355104      -1.0000000       289109.00
      0.73775327       1.5813673      -1.0000000      -1.0000000      -1.0000000
      -1.0000000      -1.0000000      -1.0000000       81.675507       7.6107035
       82.128448
       0.0000000       83.000000       1.0744579      -1.0000000       283709.00
      0.72948313       1.7154169      -1.0000000      -1.0000000      -1.0000000
      -1.0000000      -1.0000000      -1.0000000       83.164078       7.9174757
       71.096718
       0.0000000       82.000000       1.1141505      -1.0000000       278701.00
      0.69010866       2.0761073      -1.0000000      -1.0000000      -1.0000000
      -1.0000000      -1.0000000      -1.0000000       85.623894       8.1154146
       62.954498
       0.0000000       81.000000       1.1546028      -1.0000000       274169.00
      0.62729567       2.0573854      -1.0000000      -1.0000000      -1.0000000
      -1.0000000      -1.0000000      -1.0000000       83.920891       7.4877687
       62.788631
       1.0000000       81.000000       1.1546028      -1.0000000       1.0000000
       0.0000000       0.0000000      -1.0000000      -1.0000000      -1.0000000
      -1.0000000      -1.0000000      -1.0000000      -1.0000000      -1.0000000
      -1.0000000
       0.0000000       80.000000       1.2062581      -1.0000000       266282.00
      0.57037878       1.3061870      -1.0000000      -1.0000000      -1.0000000
      -1.0000000      -1.0000000      -1.0000000       79.218826       6.7710891
       68.296852
       0.0000000       79.000000       1.2484726      -1.0000000       306726.00
      0.53596157       1.3717426      -1.0000000      -1.0000000      -1.0000000
      -1.0000000      -1.0000000      -1.0000000       80.036118       6.4609075
       71.552933
       1.0000000       79.000000       1.2484726      -1.0000000       2.0000000
    0.0013349191       0.0000000      -1.0000000      -1.0000000      -1.0000000
      -1.0000000      -1.0000000      -1.0000000      -1.0000000      -1.0000000
      -1.0000000
       0.0000000       78.000000       1.3023784      -1.0000000       298395.00
      0.52008909       1.4448323      -1.0000000      -1.0000000      -1.0000000
      -1.0000000      -1.0000000      -1.0000000       81.043243       6.7623672
       70.674545
       1.0000000       78.000000       1.3023784      -1.0000000       1.0000000
   0.00086413109       0.0000000      -1.0000000      -1.0000000      -1.0000000
      -1.0000000      -1.0000000      -1.0000000      -1.0000000      -1.0000000
      -1.0000000
       0.0000000       77.000000       1.3575766      -1.0000000       292269.00
      0.47986513       1.6610688      -1.0000000      -1.0000000      -1.0000000
      -1.0000000      -1.0000000      -1.0000000       84.094742       6.9057937
       69.435555
       1.0000000       77.000000       1.3575766      -1.0000000       1.0000000
   0.00060721027     0.031294096      -1.0000000      -1.0000000      -1.0000000
      -1.0000000      -1.0000000      -1.0000000      -1.0000000      -1.0000000
      -1.0000000
       0.0000000       76.000000       1.4140983      -1.0000000       283975.00
      0.42573139       1.6038721      -1.0000000      -1.0000000      -1.0000000
      -1.0000000      -1.0000000      -1.0000000       82.450531       6.4694271
       74.260529
       0.0000000       75.000000       1.4719748      -1.0000000       276731.00
      0.40473709       1.8901380      -1.0000000      -1.0000000      -1.0000000
      -1.0000000      -1.0000000      -1.0000000       80.042931       7.0703816
       79.780556
       0.0000000       74.000000       1.5312390      -1.0000000       268860.00
      0.35773581       1.6551975      -1.0000000      -1.0000000      -1.0000000
      -1.0000000      -1.0000000      -1.0000000       80.424011       6.5535870
       83.301582
       1.0000000       74.000000       1.5312390      -1.0000000       1.0000000
   0.00024677711       0.0000000      -1.0000000      -1.0000000      -1.0000000
      -1.0000000      -1.0000000      -1.0000000      -1.0000000      -1.0000000
      -1.0000000
       0.0000000       73.000000       1.6042346      -1.0000000       260961.00
      0.34385815       1.4180598      -1.0000000      -1.0000000      -1.0000000
      -1.0000000      -1.0000000      -1.0000000       84.901367       6.7584991
       81.510536
       0.0000000       72.000000       1.6666696      -1.0000000       257090.00
      0.31202549       1.7689292      -1.0000000      -1.0000000      -1.0000000
      -1.0000000      -1.0000000      -1.0000000       89.519447       7.0468483
       77.185783
       1.0000000       72.000000       1.6666696      -1.0000000       2.0000000
    0.0016382176     0.025629437      -1.0000000      -1.0000000      -1.0000000
      -1.0000000      -1.0000000      -1.0000000      -1.0000000      -1.0000000
      -1.0000000
       0.0000000       71.000000       1.7435706      -1.0000000       249657.00
      0.26098001       1.8523010      -1.0000000      -1.0000000      -1.0000000
      -1.0000000      -1.0000000      -1.0000000       94.607620       8.0924845
       72.293442
       0.0000000       70.000000       1.8226893      -1.0000000       240662.00
      0.21287104       1.3372661      -1.0000000      -1.0000000      -1.0000000
      -1.0000000      -1.0000000      -1.0000000       85.775215       6.2511168
       81.863304
       1.0000000       70.000000       1.8226893      -1.0000000       2.0000000
     0.012860052      0.16370186      -1.0000000      -1.0000000      -1.0000000
      -1.0000000      -1.0000000      -1.0000000      -1.0000000      -1.0000000
      -1.0000000
       0.0000000       69.000000       1.9040896      -1.0000000       232765.00
      0.19270217       1.1914380      -1.0000000      -1.0000000      -1.0000000
      -1.0000000      -1.0000000      -1.0000000       84.096588       5.7243867
       78.444710
       1.0000000       69.000000       1.9040896      -1.0000000       1.0000000
       0.0000000       0.0000000      -1.0000000      -1.0000000      -1.0000000
      -1.0000000      -1.0000000      -1.0000000      -1.0000000      -1.0000000
      -1.0000000
       0.0000000       68.000000       2.0020282      -1.0000000       222560.00
      0.15514700       1.3259032      -1.0000000      -1.0000000      -1.0000000
      -1.0000000      -1.0000000      -1.0000000       80.870865       5.6421824
       82.624237
       1.0000000       68.000000       2.0020282      -1.0000000       1.0000000
   0.00046563300     0.020915842      -1.0000000      -1.0000000      -1.0000000
      -1.0000000      -1.0000000      -1.0000000      -1.0000000      -1.0000000
      -1.0000000
       0.0000000       67.000000       2.1032696      -1.0000000       228620.00
      0.13430646       1.0135751      -1.0000000      -1.0000000      -1.0000000
      -1.0000000      -1.0000000      -1.0000000       78.000557       4.6539316
       85.905998
       0.0000000       66.000000       2.2079256      -1.0000000       217889.00
      0.11768549      0.76414096      -1.0000000      -1.0000000      -1.0000000
      -1.0000000      -1.0000000      -1.0000000       80.525757       3.9413433
       82.547485
       0.0000000       65.000000       2.3161108      -1.0000000       209730.00
     0.093964726       1.0130635      -1.0000000      -1.0000000      -1.0000000
      -1.0000000      -1.0000000      -1.0000000       82.450470       4.4978437
       70.740486
       1.0000000       65.000000       2.3161108      -1.0000000       2.0000000
    0.0093820440      0.12321542      -1.0000000      -1.0000000      -1.0000000
      -1.0000000      -1.0000000      -1.0000000      -1.0000000      -1.0000000
      -1.0000000
       0.0000000       64.000000       2.4442258      -1.0000000       204529.00
     0.067662552      0.71645641      -1.0000000      -1.0000000      -1.0000000
      -1.0000000      -1.0000000      -1.0000000       87.241760       3.4710031
       64.958122
       1.0000000       64.000000       2.4442258      -1.0000000       1.0000000
       0.0000000       0.0000000      -1.0000000      -1.0000000      -1.0000000
      -1.0000000      -1.0000000      -1.0000000      -1.0000000      -1.0000000
      -1.0000000
       0.0000000       63.000000       2.5772903      -1.0000000       206181.00
     0.043341346      0.53066897      -1.0000000      -1.0000000      -1.0000000
      -1.0000000      -1.0000000      -1.0000000       78.880257       2.2770190
       67.934830
       1.0000000       63.000000       2.5772903      -1.0000000       2.0000000
    0.0038885653      0.10455530      -1.0000000      -1.0000000      -1.0000000
      -1.0000000      -1.0000000      -1.0000000      -1.0000000      -1.0000000
      -1.0000000
       0.0000000       62.000000       2.7331426      -1.0000000       183519.00
     0.030448791      0.28846049      -1.0000000      -1.0000000      -1.0000000
      -1.0000000      -1.0000000      -1.0000000       64.989128       1.5860314
       83.714737
       0.0000000       61.000000       2.8957851      -1.0000000       177400.00
     0.028329138      0.33765662      -1.0000000      -1.0000000      -1.0000000
      -1.0000000      -1.0000000      -1.0000000       60.583939       1.9531337
       84.297173
       1.0000000       61.000000       2.8957851      -1.0000000       1.0000000
       0.0000000       0.0000000      -1.0000000      -1.0000000      -1.0000000
      -1.0000000      -1.0000000      -1.0000000      -1.0000000      -1.0000000
      -1.0000000
