       0.0000000       135.00000       0.0000000       1777.0000       432321.00
       4.2815380       1.4874058      0.45294189      0.40625006      0.40645206
      -33.654991      -80.804947      -47.561584       101.07222       12.910153
       64.508110
       0.0000000       134.00000    0.0095216669      -1.0000000       427214.00
       4.2193904       1.1634845      -1.0000000      -1.0000000      -1.0000000
      -1.0000000      -1.0000000      -1.0000000       100.13916       12.435773
       63.835964
       0.0000000       132.00000     0.033724371       2079.0000       435819.00
       4.1912689       1.1714134      0.44290093      0.41176474      0.37672725
      -22.414156      -68.044685      -58.576878       100.72756       12.572772
       63.445984
       0.0000000       131.00000     0.048523631       2094.0000       432325.00
       4.1615572       1.4001296      0.44206375      0.40625006      0.38926655
      -8.3617659      -77.582787      -51.705383       101.88359       12.653409
       63.550385
       0.0000000       130.00000     0.058507323       2106.0000       429968.00
       4.1170077       1.3609850      0.43751690      0.38709676      0.40441483
      -7.7592278      -81.892624      -44.781055       101.37495       12.711878
       63.468212
       0.0000000       129.00000     0.073661387       2140.0000       428224.00
       4.0643249       1.3760178      0.43557522      0.43750000      0.37927455
      -18.783506      -84.111511      -36.419510       100.82975       12.346062
       64.654213
       0.0000000       128.00000     0.083884433       2152.0000       426291.00
       4.0186825       1.2329950      0.43137550      0.48648649      0.40358442
      -23.792868      -79.840851      -37.102196       100.62562       12.111677
       65.631653
       1.0000000       128.00000     0.083884433      -1.0000000       1.0000000
       0.0000000       0.0000000      -1.0000000      -1.0000000      -1.0000000
      -1.0000000      -1.0000000      -1.0000000      -1.0000000      -1.0000000
      -1.0000000
       0.0000000       127.00000     0.099401802       2158.0000       424301.00
       3.9800341       1.1776786      0.43404341      0.42424244      0.39318907
      -20.539799      -74.798096      -49.035282       99.409622       11.931285
       67.083755
       0.0000000       126.00000      0.10986994       2188.0000       423299.00
       3.9342337       1.0853040      0.43650693      0.44444448      0.40172383
      -8.5988770      -74.121140      -51.928623       99.206917       11.803130
       66.797424
       0.0000000       125.00000      0.12575933       2175.0000       420667.00
       3.8792126       1.0997977      0.44129390      0.41176474      0.37256795
       5.6171393      -82.651375      -41.667789       99.511070       11.559063
       67.411034
       0.0000000       124.00000      0.14187621       2209.0000       418309.00
       3.8292651       1.1112707      0.44321954      0.39393944      0.38824126
       1.7109957      -91.804642      -20.945847       100.17398       11.519960
       66.302475
       0.0000000       123.00000      0.15274876       2216.0000       416900.00
       3.8206415       1.0903032      0.45093679      0.37500006      0.36889803
      -12.546173      -94.409798      -9.2646513       101.30933       11.579298
       65.549370
       0.0000000       122.00000      0.16925204       2230.0000       414320.00
       3.7706840       1.3231823      0.43831000      0.34375006      0.37463093
      -43.488987      -83.292305      -12.505909       102.00515       11.692063
       64.879448
       1.0000000       122.00000      0.16925204      -1.0000000       1.0000000
    0.0025911122      0.12476246      -1.0000000      -1.0000000      -1.0000000
      -1.0000000      -1.0000000      -1.0000000      -1.0000000      -1.0000000
      -1.0000000
       0.0000000       121.00000      0.18038526       2246.0000       411995.00
       3.6947389       1.5150071      0.44010019      0.47222227      0.37816995
      -52.049736      -74.422531      -24.381458       102.03912       11.593743
       64.990654
       0.0000000       120.00000      0.19728418       2272.0000       409610.00
       3.6254790       1.5509044      0.43487170      0.37500006      0.34221432
      -45.404446      -69.459671      -36.322102       101.79114       11.604839
       66.222687
       0.0000000       119.00000      0.21442504       2292.0000       407340.00
       3.5665758       1.2521125      0.42966092      0.39393944      0.32529399
      -30.323393      -71.172050      -38.420284       99.283325       11.287222
       67.455429
       0.0000000       118.00000      0.22598839       2289.0000       405395.00
       3.5389838       1.0408269      0.42501876      0.42424244      0.35511479
      -24.055653      -73.302879      -39.054001       97.995819       10.998867
       67.987289
       0.0000000       117.00000      0.24354018       2325.0000       402350.00
       3.4971945      0.98322153      0.42667800      0.32258064      0.32977852
      -15.166747      -76.995003      -37.778439       98.926994       10.811166
       68.267105
       0.0000000       116.00000      0.26134327       2323.0000       398976.00
       3.4736209       1.0852469      0.42876437      0.44117647      0.35857978
      -5.9760466      -81.864716      -29.382877       99.704826       10.932203
       68.116508
       0.0000000       115.00000      0.27335334       2333.0000       396671.00
       3.4363964       1.1574762      0.42507607      0.48571426      0.34868950
      -7.7540145      -85.326920      -17.125492       100.49188       10.869508
       67.563843
       0.0000000       114.00000      0.29158324       2351.0000       393862.00
       3.3754399       1.6086674      0.42684874      0.39393944      0.33822489
      -32.945919      -78.398186      -13.016613       102.75705       11.212768
       66.906532
       0.0000000       113.00000      0.31007412       2350.0000       390891.00
       3.2967660       1.7259854      0.41302818      0.34375006      0.28184834
      -37.836952      -58.758991      -37.412743       101.94997       11.334069
       67.612259
       0.0000000       112.00000      0.32882974       2404.0000       387873.00
       3.2305832       1.2966022      0.41204810      0.26666665      0.27181983
      -21.581697      -62.654724      -35.310127       101.27118       10.722012
       66.491562
       1.0000000       112.00000      0.32882974      -1.0000000       1.0000000
    0.0017556208       0.0000000      -1.0000000      -1.0000000      -1.0000000
      -1.0000000      -1.0000000      -1.0000000      -1.0000000      -1.0000000
      -1.0000000
       0.0000000       111.00000      0.34785384       2385.0000       384341.00
       3.1796744       1.3014264      0.40009221      0.34375006      0.28274208
      -5.2847042      -63.165092      -35.813557       102.21343       10.754196
       67.019997
       0.0000000       110.00000      0.36068764       2375.0000       382232.00
       3.1343668       1.5780735      0.40190038      0.29032254      0.28054824
       8.4083748      -63.829121      -32.265060       103.07705       10.838343
       67.625877
       0.0000000       109.00000      0.38016787       2385.0000       379459.00
       3.0463278       1.5662272      0.39248559      0.31250006      0.27023795
       13.597725      -63.576851      -16.642164       103.05494       10.623823
       68.641968
       0.0000000       108.00000      0.39992696       2349.0000       376159.00
       2.9714172       1.8073545      0.38085863      0.19999999      0.19969298
       1.8458683      -60.257141     -0.42585084       103.95499       10.609011
       72.589844
       0.0000000       107.00000      0.41996893       2321.0000       371277.00
       2.8743601       1.4621685      0.38387609      0.25806451      0.20329049
      -9.0271406      -53.886089       13.818083       101.80501       10.022048
       74.886620
       0.0000000       106.00000      0.44029784       2278.0000       367281.00
       2.8358254       1.1628129      0.38874987      0.18181831      0.18193877
      -19.574858      -53.343388       13.501334       101.12585       9.8062391
       77.959908
       1.0000000       106.00000      0.44029784      -1.0000000       1.0000000
     0.029836461      0.15379149      -1.0000000      -1.0000000      -1.0000000
      -1.0000000      -1.0000000      -1.0000000      -1.0000000      -1.0000000
      -1.0000000
       0.0000000       105.00000      0.46091780       2275.0000       363033.00
       2.8002610       1.2202091      0.38597310      0.25714290      0.19729571
      -40.649883      -49.905529       11.250369       101.59113       9.6464071
       80.677368
       1.0000000       105.00000      0.46091780      -1.0000000       1.0000000
     0.013028209     0.053299222      -1.0000000      -1.0000000      -1.0000000
      -1.0000000      -1.0000000      -1.0000000      -1.0000000      -1.0000000
      -1.0000000
       0.0000000       104.00000      0.48183295       2249.0000       358231.00
       2.7354159       1.1596109      0.41984671      0.30303037      0.25639260
      -65.658165      -47.343750       14.951833       101.75238       9.4019241
       80.895477
       1.0000000       104.00000      0.48183295      -1.0000000       1.0000000
   0.00035181129       0.0000000      -1.0000000      -1.0000000      -1.0000000
      -1.0000000      -1.0000000      -1.0000000      -1.0000000      -1.0000000
      -1.0000000
       0.0000000       103.00000      0.50304753       2149.0000       350822.00
       2.6508801      0.88034958      0.39538980      0.33333337      0.20883514
      -64.636559      -32.687222       11.754022       103.27979       8.8589745
       79.017349
       0.0000000       102.00000      0.52456582       2102.0000       346705.00
       2.6221969       1.4874058      0.42104825      0.42857140      0.23004052
      -82.542587      0.77873522      -7.8095498       105.11306       9.3094521
       78.584755
       1.0000000       102.00000      0.52456582      -1.0000000       2.0000000
    0.0051796827     0.089510038      -1.0000000      -1.0000000      -1.0000000
      -1.0000000      -1.0000000      -1.0000000      -1.0000000      -1.0000000
      -1.0000000
       0.0000000       101.00000      0.54639220       2118.0000       343859.00
       2.5495539       1.4641302      0.43465224      0.48648649      0.24552733
      -90.325974       9.8749943      -12.882025       105.82440       9.3228664
       78.774971
       0.0000000       100.00000      0.57598084       2107.0000       339218.00
       2.4078355       1.6076391      0.45415294      0.38235301      0.24258533
      -96.499710      -24.711584      -8.3613520       107.12502       9.6087837
       79.211769
       0.0000000       99.000000      0.59854329       2106.0000       334939.00
       2.3292131       1.5331450      0.43180126      0.31250006      0.20887768
      -73.149124      -45.823017      -23.516024       109.55679       9.5958338
       80.009583
       0.0000000       98.000000      0.62142873       2116.0000       331700.00
       2.2986226       1.7662507      0.43440023      0.38235301      0.23956248
      -59.501968      -78.927528      -60.107243       110.12884       10.211063
       82.260094
       1.0000000       98.000000      0.62142873      -1.0000000       2.0000000
     0.034311693      0.23131606      -1.0000000      -1.0000000      -1.0000000
      -1.0000000      -1.0000000      -1.0000000      -1.0000000      -1.0000000
      -1.0000000
       0.0000000       97.000000      0.64464182       2121.0000       329144.00
       2.2165947       1.4976344      0.46430749      0.33333337      0.33236593
      0.52391613      -117.68517      -96.610481       106.31748       10.079616
       86.804756
       1.0000000       97.000000      0.64464182      -1.0000000       1.0000000
   0.00022316513     0.038875591      -1.0000000      -1.0000000      -1.0000000
      -1.0000000      -1.0000000      -1.0000000      -1.0000000      -1.0000000
      -1.0000000
       0.0000000       96.000000      0.67611039       2155.0000       326863.00
       2.1519890       1.5122097      0.45899531      0.48648649      0.31868407
       53.704456      -122.66454      -84.166786       105.76146       10.062778
       88.904503
       1.0000000       96.000000      0.67611039      -1.0000000       1.0000000
   0.00022316513     0.038875591      -1.0000000      -1.0000000      -1.0000000
      -1.0000000      -1.0000000      -1.0000000      -1.0000000      -1.0000000
      -1.0000000
       0.0000000       95.000000      0.70010638       2173.0000       323631.00
       2.0671215       1.6641254      0.47872800      0.48571426      0.36870685
       87.078522      -137.47232      -46.836380       108.54924       10.158634
       87.490639
       0.0000000       94.000000      0.73263615       2204.0000       320973.00
       2.0108180       2.0768249      0.47730720      0.45454544      0.30123475
       45.262791      -159.70993     -0.35739762       114.52498       10.927745
       81.173119
       1.0000000       94.000000      0.73263615      -1.0000000       1.0000000
   0.00022316513     0.038875591      -1.0000000      -1.0000000      -1.0000000
      -1.0000000      -1.0000000      -1.0000000      -1.0000000      -1.0000000
      -1.0000000
       0.0000000       93.000000      0.75744140       2230.0000       317481.00
       1.9268924       1.5717978      0.47200969      0.50000000      0.31126776
       41.214451      -144.46278       1.6154503       113.28094       10.402672
       79.285782
       1.0000000       93.000000      0.75744140      -1.0000000       1.0000000
   0.00061207783       0.0000000      -1.0000000      -1.0000000      -1.0000000
      -1.0000000      -1.0000000      -1.0000000      -1.0000000      -1.0000000
      -1.0000000
       0.0000000       92.000000      0.79106826       2325.0000       314848.00
       1.8751915       1.7028189      0.48396301      0.45714289      0.33622375
       33.704048      -159.47571       32.348488       111.83295       10.319160
       79.122963
       0.0000000       91.000000      0.81671000       2327.0000       311807.00
       1.8212460       1.9154779      0.46235612      0.47058821      0.40858290
      -21.446926      -149.74136       59.227482       114.21036       10.450318
       70.731758
       1.0000000       91.000000      0.81671000      -1.0000000       1.0000000
       0.0000000       0.0000000      -1.0000000      -1.0000000      -1.0000000
      -1.0000000      -1.0000000      -1.0000000      -1.0000000      -1.0000000
      -1.0000000
       0.0000000       90.000000      0.85147089       2316.0000       306876.00
       1.7210752       2.0033200      0.46797553      0.48648649      0.39149332
      -68.945297      -147.66960       65.164543       110.83511       10.050693
       71.499519
       0.0000000       89.000000      0.88689691       2350.0000       304055.00
       1.5971560       1.7034287      0.44766220      0.54054058      0.40911719
      -99.821281      -111.70448       82.368271       105.13764       9.4145269
       74.472084
       1.0000000       89.000000      0.88689691      -1.0000000       1.0000000
    0.0067706453      0.12475411      -1.0000000      -1.0000000      -1.0000000
      -1.0000000      -1.0000000      -1.0000000      -1.0000000      -1.0000000
      -1.0000000
       0.0000000       88.000000      0.92300081       2399.0000       300627.00
       1.5072714       1.6480238      0.41159618      0.59459460      0.41991332
      -109.18297      -46.909393       95.973183       102.06673       9.2385340
       74.741310
       0.0000000       87.000000      0.95053136      -1.0000000       302472.00
       1.4801197       1.4075747      -1.0000000      -1.0000000      -1.0000000
      -1.0000000      -1.0000000      -1.0000000       99.299767       9.2364721
       74.749580
       1.0000000       87.000000      0.95053136      -1.0000000       1.0000000
   0.00037166011    0.0019863572      -1.0000000      -1.0000000      -1.0000000
      -1.0000000      -1.0000000      -1.0000000      -1.0000000      -1.0000000
      -1.0000000
       0.0000000       86.000000      0.98785281      -1.0000000       298394.00
       1.4513417       1.4783151      -1.0000000      -1.0000000      -1.0000000
      -1.0000000      -1.0000000      -1.0000000       99.941696       9.3579712
       74.745766
       0.0000000       85.000000      0.99729425      -1.0000000       298108.00
       1.4298018       1.5404851      -1.0000000      -1.0000000      -1.0000000
      -1.0000000      -1.0000000      -1.0000000       100.54709       9.2915077
       73.848686
       0.0000000       84.000000       1.0355104      -1.0000000       300747.00
       1.3623830       1.6356647      -1.0000000      -1.0000000      -1.0000000
      -1.0000000      -1.0000000      -1.0000000       100.29964       9.0349388
       70.200661
       0.0000000       83.000000       1.0744579      -1.0000000       289710.00
       1.2746897       1.6157922      -1.0000000      -1.0000000      -1.0000000
      -1.0000000      -1.0000000      -1.0000000       98.353752       8.8528433
       70.958015
       0.0000000       82.000000       1.1141505      -1.0000000       292005.00
       1.2080522       1.5309758      -1.0000000      -1.0000000      -1.0000000
      -1.0000000      -1.0000000      -1.0000000       99.117104       8.7734089
       68.870667
       0.0000000       81.000000       1.1546028      -1.0000000       288175.00
       1.1629820       1.7223414      -1.0000000      -1.0000000      -1.0000000
      -1.0000000      -1.0000000      -1.0000000       100.59856       8.9710550
       67.247681
       0.0000000       80.000000       1.2062581      -1.0000000       282341.00
       1.0713273       1.8211579      -1.0000000      -1.0000000      -1.0000000
      -1.0000000      -1.0000000      -1.0000000       101.43851       9.4009371
       65.414070
       1.0000000       80.000000       1.2062581      -1.0000000       1.0000000
   0.00037166011    0.0019863572      -1.0000000      -1.0000000      -1.0000000
      -1.0000000      -1.0000000      -1.0000000      -1.0000000      -1.0000000
      -1.0000000
       0.0000000       79.000000       1.2484726      -1.0000000       291276.00
       1.0266304       1.6428103      -1.0000000      -1.0000000      -1.0000000
      -1.0000000      -1.0000000      -1.0000000       102.82317       9.4359169
       64.913155
       0.0000000       78.000000       1.3023784      -1.0000000       284990.00
      0.96732599       1.7117717      -1.0000000      -1.0000000      -1.0000000
      -1.0000000      -1.0000000      -1.0000000       102.12931       8.8180466
       65.932243
       1.0000000       78.000000       1.3023784      -1.0000000       1.0000000
       0.0000000       0.0000000      -1.0000000      -1.0000000      -1.0000000
      -1.0000000      -1.0000000      -1.0000000      -1.0000000      -1.0000000
      -1.0000000
       0.0000000       77.000000       1.3575766      -1.0000000       278507.00
      0.92101264       1.1980318      -1.0000000      -1.0000000      -1.0000000
      -1.0000000      -1.0000000      -1.0000000       98.325539       8.2548599
       71.102036
       0.0000000       76.000000       1.4140983      -1.0000000       270880.00
      0.89312428       1.6437250      -1.0000000      -1.0000000      -1.0000000
      -1.0000000      -1.0000000      -1.0000000       98.930130       8.5831051
       70.340637
       1.0000000       76.000000       1.4140983      -1.0000000       1.0000000
       0.0000000       0.0000000      -1.0000000      -1.0000000      -1.0000000
      -1.0000000      -1.0000000      -1.0000000      -1.0000000      -1.0000000
      -1.0000000
       0.0000000       75.000000       1.4719748      -1.0000000       264388.00
      0.82005900       1.5032943      -1.0000000      -1.0000000      -1.0000000
      -1.0000000      -1.0000000      -1.0000000       99.853798       7.8360124
       68.827003
       0.0000000       74.000000       1.5312390      -1.0000000       264661.00
      0.76636463       1.2972771      -1.0000000      -1.0000000      -1.0000000
      -1.0000000      -1.0000000      -1.0000000       99.611984       7.4134436
       69.196953
       1.0000000       74.000000       1.5312390      -1.0000000       2.0000000
       0.0000000       0.0000000      -1.0000000      -1.0000000      -1.0000000
      -1.0000000      -1.0000000      -1.0000000      -1.0000000      -1.0000000
      -1.0000000
       0.0000000       73.000000       1.6042346      -1.0000000       259262.00
      0.69755709       1.1715668      -1.0000000      -1.0000000      -1.0000000
      -1.0000000      -1.0000000      -1.0000000       98.979195       6.9433475
       72.407135
       0.0000000       72.000000       1.6666696      -1.0000000       252720.00
      0.66279727       1.1437600      -1.0000000      -1.0000000      -1.0000000
      -1.0000000      -1.0000000      -1.0000000       97.008904       6.8093843
       75.760506
       0.0000000       71.000000       1.7435706      -1.0000000       244703.00
      0.61747569      0.93335581      -1.0000000      -1.0000000      -1.0000000
      -1.0000000      -1.0000000      -1.0000000       97.635834       6.3538756
       75.844940
       1.0000000       71.000000       1.7435706      -1.0000000       3.0000000
   0.00074340845     0.023572550      -1.0000000      -1.0000000      -1.0000000
      -1.0000000      -1.0000000      -1.0000000      -1.0000000      -1.0000000
      -1.0000000
       0.0000000       70.000000       1.8226893      -1.0000000       236107.00
      0.59000754      0.99216080      -1.0000000      -1.0000000      -1.0000000
      -1.0000000      -1.0000000      -1.0000000       99.558517       6.2361569
       74.049927
       1.0000000       70.000000       1.8226893      -1.0000000       1.0000000
   0.00020865494       0.0000000      -1.0000000      -1.0000000      -1.0000000
      -1.0000000      -1.0000000      -1.0000000      -1.0000000      -1.0000000
      -1.0000000
       0.0000000       69.000000       1.9040896      -1.0000000       225441.00
      0.53126764       1.0971981      -1.0000000      -1.0000000      -1.0000000
      -1.0000000      -1.0000000      -1.0000000       100.24776       6.0018821
       75.291901
       1.0000000       69.000000       1.9040896      -1.0000000       1.0000000
    0.0039288099     0.048796605      -1.0000000      -1.0000000      -1.0000000
      -1.0000000      -1.0000000      -1.0000000      -1.0000000      -1.0000000
      -1.0000000
       0.0000000       68.000000       2.0020282      -1.0000000       210366.00
      0.46842769      0.97184885      -1.0000000      -1.0000000      -1.0000000
      -1.0000000      -1.0000000      -1.0000000       98.834297       5.2469072
       79.900749
       1.0000000       68.000000       2.0020282      -1.0000000       2.0000000
   0.00085167444       0.0000000      -1.0000000      -1.0000000      -1.0000000
      -1.0000000      -1.0000000      -1.0000000      -1.0000000      -1.0000000
      -1.0000000
       0.0000000       67.000000       2.1032696      -1.0000000       193440.00
      0.42304152      0.70067257      -1.0000000      -1.0000000      -1.0000000
      -1.0000000      -1.0000000      -1.0000000       96.751724       4.3698196
       89.218155
       1.0000000       67.000000       2.1032696      -1.0000000       2.0000000
    0.0053463103     0.031634212      -1.0000000      -1.0000000      -1.0000000
      -1.0000000      -1.0000000      -1.0000000      -1.0000000      -1.0000000
      -1.0000000
       0.0000000       66.000000       2.2079256      -1.0000000       181715.00
      0.35334879      0.73447686      -1.0000000      -1.0000000      -1.0000000
      -1.0000000      -1.0000000      -1.0000000       97.207756       4.0232611
       93.226692
       1.0000000       66.000000       2.2079256      -1.0000000       1.0000000
    0.0047142510     0.070798293      -1.0000000      -1.0000000      -1.0000000
      -1.0000000      -1.0000000      -1.0000000      -1.0000000      -1.0000000
      -1.0000000
       0.0000000       65.000000       2.3161108      -1.0000000       168651.00
      0.31176081      0.52996916      -1.0000000      -1.0000000      -1.0000000
      -1.0000000      -1.0000000      -1.0000000       100.45463       3.8503108
       96.835388
       1.0000000       65.000000       2.3161108      -1.0000000       1.0000000
    0.0024714165   0.00025909388      -1.0000000      -1.0000000      -1.0000000
      -1.0000000      -1.0000000      -1.0000000      -1.0000000      -1.0000000
      -1.0000000
       0.0000000       64.000000       2.4442258      -1.0000000       155183.00
      0.28105575      0.88677257      -1.0000000      -1.0000000      -1.0000000
      -1.0000000      -1.0000000      -1.0000000       107.66102       4.1950111
       89.397919
       1.0000000       64.000000       2.4442258      -1.0000000       1.0000000
   0.00094275863     0.022522144      -1.0000000      -1.0000000      -1.0000000
      -1.0000000      -1.0000000      -1.0000000      -1.0000000      -1.0000000
      -1.0000000
       0.0000000       63.000000       2.5772903      -1.0000000       145987.00
      0.22452521      0.94191384      -1.0000000      -1.0000000      -1.0000000
      -1.0000000      -1.0000000      -1.0000000       110.36843       3.9718478
       84.732628
       2.0000000       63.000000       2.5772903      0.28600809       61.000000
     0.025828104      0.12440129      -1.0000000      -1.0000000      -1.0000000
      -1.0000000      -1.0000000      -1.0000000      -1.0000000      -1.0000000
      -1.0000000
       1.0000000       63.000000       2.5772903      -1.0000000       1.0000000
    0.0032615170    0.0076049594      -1.0000000      -1.0000000      -1.0000000
      -1.0000000      -1.0000000      -1.0000000      -1.0000000      -1.0000000
      -1.0000000
       0.0000000       62.000000       2.7331426      -1.0000000       133615.00
      0.18952177       1.0725410      -1.0000000      -1.0000000      -1.0000000
      -1.0000000      -1.0000000      -1.0000000       115.31120       4.8840628
       77.484406
       1.0000000       62.000000       2.7331426      -1.0000000       2.0000000
       0.0000000       0.0000000      -1.0000000      -1.0000000      -1.0000000
      -1.0000000      -1.0000000      -1.0000000      -1.0000000      -1.0000000
      -1.0000000
       0.0000000       61.000000       2.8957851      -1.0000000       122295.00
      0.11316343      0.57625771      -1.0000000      -1.0000000      -1.0000000
      -1.0000000      -1.0000000      -1.0000000       96.115211       3.3744545
       87.420418
       1.0000000       61.000000       2.8957851      -1.0000000       1.0000000
       0.0000000       0.0000000      -1.0000000      -1.0000000      -1.0000000
      -1.0000000      -1.0000000      -1.0000000      -1.0000000      -1.0000000
      -1.0000000
