       0.0000000       135.00000       0.0000000       13.000000       110581.00
       2.7018514      0.62835139      0.36172819      0.19999999      0.20826232
       27.833015      -3.0159647       42.273827       76.991417       8.4687519
       22.235636
       0.0000000       134.00000    0.0095216669       13.000000       109531.00
       2.7101724      0.58285362      0.35970232      0.25806451      0.21615323
       27.423235      -3.4298608       42.457672       75.186989       8.5261288
       23.232599
       0.0000000       133.00000     0.023974428       13.000000       108103.00
       2.6932666      0.63401848      0.36362919      0.16666669      0.21890101
       26.107536      -2.1243696       45.069073       74.466576       8.3355494
       24.505119
       0.0000000       132.00000     0.033724371       13.000000       107130.00
       2.7011847      0.63082784      0.36792541      0.25806451      0.20660982
       24.036179      -2.2551086       47.041851       74.143532       8.4492464
       25.263271
       0.0000000       131.00000     0.048523631       13.000000       103131.00
       2.7295680      0.62928605      0.36697838      0.25806451      0.21207562
       23.399071      -4.9725580       48.473221       75.049202       8.5925589
       27.334421
       0.0000000       130.00000     0.058507323       13.000000       102474.00
       2.6921132      0.75190753      0.36785278      0.29032254      0.20107584
       21.058764      -9.2321939       49.630157       77.990837       8.4691658
       28.529749
       0.0000000       129.00000     0.073661387       13.000000       100449.00
       2.7117562      0.63228852      0.36500326      0.29032254      0.21050787
       21.339743      -10.502378       48.798069       85.222496       9.0643311
       27.835325
       0.0000000       128.00000     0.083884433       13.000000       100094.00
       2.7488725      0.52527142      0.36479506      0.31250006      0.22302540
       24.516972      -13.364765       45.235699       92.207443       9.5956516
       25.390688
       0.0000000       127.00000     0.099401802       13.000000       98705.000
       2.7607706      0.58814973      0.36852860      0.30303037      0.20954064
       32.160683      -19.851828       40.760700       97.791565       9.5145826
       20.994129
       0.0000000       126.00000      0.10986994       13.000000       98146.000
       2.6373637      0.71624720      0.36964422      0.32352942      0.23420553
       32.335056      -21.701731       36.342873       93.899757       8.3400002
       16.395132
       0.0000000       125.00000      0.12575933       13.000000       94183.000
       2.5808144      0.59185100      0.37218550      0.30303037      0.22169234
       30.804863      -18.359884       38.560715       86.049385       7.9855766
       17.901180
       0.0000000       124.00000      0.14187621       13.000000       93306.000
       2.7152574      0.89315283      0.37338617      0.40000004      0.21222766
       36.538479      -20.365868       42.512054       90.826706       9.4613876
       25.091463
       0.0000000       123.00000      0.15274876       13.000000       91633.000
       2.7261543       1.0962827      0.36879250      0.33333337      0.23236848
       37.194515      -19.458340       42.527893       87.727997       10.294775
       29.810133
       0.0000000       122.00000      0.16925204       12.000000       85812.000
       2.7660234      0.74867111      0.37586251      0.42857140      0.25041881
       42.160896      -16.460497       43.607800       86.743095       10.215612
       31.268101
       0.0000000       121.00000      0.18038526       12.000000       85004.000
       2.7590480      0.85489619      0.37090304      0.34375006      0.25283918
       45.952278      -13.510476       41.488827       87.754547       10.242208
       31.886211
       0.0000000       120.00000      0.19728418       12.000000       82959.000
       2.7211504       1.1127428      0.36730856      0.37500006      0.24835362
       48.736366      -9.9712915       39.885609       88.433685       10.355032
       31.666273
       0.0000000       119.00000      0.21442504       12.000000       78604.000
       2.7263305      0.89064765      0.36733079      0.32258064      0.22909503
       52.669460      -1.9344622       35.727905       86.831474       10.434340
       33.071342
       0.0000000       118.00000      0.22598839       12.000000       78466.000
       2.7219074      0.82967997      0.36750740      0.30000001      0.23575345
       51.758541      0.16169630       36.230179       87.293678       10.189204
       33.158188
       0.0000000       117.00000      0.24354018       12.000000       77481.000
       2.6794298       1.1070774      0.36660147      0.37500006      0.22808743
       49.062088      0.63898301       37.355106       88.477547       10.159791
       33.562954
       0.0000000       116.00000      0.26134327       12.000000       75238.000
       2.6992524       1.0765620      0.35605371      0.37500006      0.22068748
       43.374165       6.9530635       42.126205       89.561760       10.518525
       34.307999
       0.0000000       115.00000      0.27335334       12.000000       74631.000
       2.6864645       1.1279550      0.34984255      0.33333331      0.20365161
       39.962231       6.8768959       43.691444       90.695175       10.553355
       36.610649
       0.0000000       114.00000      0.29158324       12.000000       73923.000
       2.7073143       1.1378028      0.34832835      0.33333331      0.20935450
       35.315746       12.722125       43.101299       92.826698       10.891513
       39.745365
       0.0000000       113.00000      0.31007412       13.000000       72243.000
       2.6786258       1.1331666      0.35505050      0.38709676      0.18564844
       31.688412       21.313919       39.791538       97.246246       10.878201
       38.817898
       0.0000000       112.00000      0.32882974       30.000000       109987.00
       2.6694701       1.2505971      0.35510322      0.44117647      0.18906480
       31.911900       19.694248       39.987904       101.23902       11.078495
       33.624107
       0.0000000       111.00000      0.34785384       30.000000       107612.00
       2.6436369       1.2867533      0.34621540      0.39393944      0.21805045
       35.774498       22.042610       32.814945       102.35453       11.176458
       29.852177
       0.0000000       110.00000      0.36068764       30.000000       107158.00
       2.6097860       1.2640775      0.35699821      0.39393944      0.18891495
       39.567200       28.324286       37.187504       102.15115       11.071702
       27.441181
       0.0000000       109.00000      0.38016787       32.000000       107410.00
       2.5736871       1.3037351      0.36231175      0.40625006      0.22644477
       37.929993       28.187748       53.966999       101.00467       10.678167
       29.495083
       0.0000000       108.00000      0.39992696       34.000000       105503.00
       2.5660200       1.3175251      0.38007703      0.42424244      0.25995433
       29.953934       31.947447       75.608864       99.874344       11.206539
       31.573709
       0.0000000       107.00000      0.41996893       33.000000       102119.00
       2.6032140       1.2829393      0.39475119      0.41935480      0.28905666
       18.733242       30.856096       92.529419       99.042206       11.489080
       39.371597
       0.0000000       106.00000      0.44029784       33.000000       100549.00
       2.6352985       1.2017583      0.40416902      0.45161289      0.28755218
       14.010274       12.427913       102.32403       98.666206       11.712407
       52.538254
       0.0000000       105.00000      0.46091780       33.000000       97406.000
       2.5910978       1.0140139      0.40886539      0.38709676      0.31734025
       24.342478       4.7548671       109.16263       98.496582       12.341587
       59.179398
       0.0000000       104.00000      0.48183295       31.000000       92794.000
       2.7519443      0.59287411      0.42113498      0.43333334      0.31304029
       44.913803       6.8021870       125.81667       102.48518       12.737617
       57.124592
       0.0000000       103.00000      0.50304753       29.000000       86436.000
       2.6110029       1.7976327      0.41578144      0.46875006      0.32200837
       52.292988       1.5321027       116.05465       103.94653       12.406681
       57.918079
       0.0000000       102.00000      0.52456582       103.00000       149121.00
       2.5940306       1.9283632      0.40705571      0.50000000      0.31283492
       55.278183       7.2804441       105.08409       103.59546       13.052731
       60.016853
       0.0000000       101.00000      0.54639220       100.00000       144985.00
       2.4883511       2.1555958      0.38928959      0.43333334      0.25787929
       32.755306       4.3838806       105.10194       102.96288       13.078448
       62.940239
       0.0000000       100.00000      0.57598084       100.00000       139465.00
       2.4724181       2.3817384      0.36233902      0.57142854      0.25350827
       53.444824      -3.7184527       83.277527       101.57346       13.319894
       64.849365
       0.0000000       99.000000      0.59854329       99.000000       134021.00
       2.4420464       2.4130797      0.38554665      0.48571426      0.26494616
       86.221230      -12.966421       68.202209       98.858772       14.244582
       68.896698
       0.0000000       98.000000      0.62142873       102.00000       132289.00
       2.3693686       2.0056837      0.40120193      0.41379309      0.24478011
       91.599159      -16.255169       77.054031       99.492981       13.241556
       68.345993
       1.0000000       98.000000      0.62142873      -1.0000000       1.0000000
   0.00049989013     0.035080019      -1.0000000      -1.0000000      -1.0000000
      -1.0000000      -1.0000000      -1.0000000      -1.0000000      -1.0000000
      -1.0000000
       0.0000000       97.000000      0.64464182       98.000000       128282.00
       2.3991520       2.4495332      0.39098036      0.41379309      0.23566046
       89.597588      -18.469063       73.776421       100.54855       14.198656
       67.324844
       0.0000000       96.000000      0.67611039       96.000000       123496.00
       2.3197703       2.4805310      0.37797368      0.37500006      0.24081549
       82.400879      -2.2420909       57.110046       101.00385       14.154629
       68.559700
       0.0000000       95.000000      0.70010638       17.000000       50313.000
       2.2805319       2.2622380      0.37360018      0.50000000      0.28832895
       57.869183       41.201138       40.714615       101.05805       13.924015
       68.933983
       0.0000000       94.000000      0.73263615       91.000000       115531.00
       2.2223051       2.5748947      0.36629418      0.51428568      0.26972538
       43.971428       47.948849       35.662354       99.859871       14.401366
       74.718285
       0.0000000       93.000000      0.75744140       79.000000       106529.00
       2.2223530       2.6658261      0.36182344      0.58333337      0.20333709
       32.687656       22.836504       31.229479       99.720169       15.017145
       77.497322
       0.0000000       92.000000      0.79106826       2319.0000       314701.00
       2.1803899       2.3739858      0.35174185      0.50000000      0.19702566
       23.771374       2.9688041       36.606468       98.190727       14.897500
       87.602386
       0.0000000       91.000000      0.81671000       2258.0000       309515.00
       2.1626351       2.2032218      0.34883469      0.52941173      0.23286457
       34.987209       11.384215       16.340498       98.745964       14.883084
       87.903893
       0.0000000       90.000000      0.85147089       2143.0000       301295.00
       2.1477766       1.9979017      0.34318504      0.51428568      0.23681757
       50.702686       33.110851       31.972864       101.64803       15.590367
       85.099960
       1.0000000       90.000000      0.85147089      -1.0000000       1.0000000
    0.0017262910     0.038801972      -1.0000000      -1.0000000      -1.0000000
      -1.0000000      -1.0000000      -1.0000000      -1.0000000      -1.0000000
      -1.0000000
       0.0000000       89.000000      0.88689691       2002.0000       292511.00
       2.1109378       1.8857599      0.35892135      0.50000000      0.26425979
       54.563431       32.811466       69.994980       104.44664       14.604012
       83.736839
       1.0000000       89.000000      0.88689691      -1.0000000       2.0000000
    0.0029975766     0.058703463      -1.0000000      -1.0000000      -1.0000000
      -1.0000000      -1.0000000      -1.0000000      -1.0000000      -1.0000000
      -1.0000000
       0.0000000       88.000000      0.92300081       1867.0000       282216.00
       2.1144373       3.6915138      0.37547481      0.43750000      0.27147788
       56.197746       11.286000       89.848831       105.60564       16.842211
       84.657143
       1.0000000       88.000000      0.92300081      -1.0000000       4.0000000
    0.0018573814     0.066160005      -1.0000000      -1.0000000      -1.0000000
      -1.0000000      -1.0000000      -1.0000000      -1.0000000      -1.0000000
      -1.0000000
       0.0000000       87.000000      0.95053136       1636.0000       268973.00
       1.9231031       3.4483325      0.38748294      0.59459460      0.38229120
       75.681412       16.167162       106.65365       105.96895       14.943447
       87.813583
       1.0000000       87.000000      0.95053136      -1.0000000       2.0000000
     0.038342597      0.27732619      -1.0000000      -1.0000000      -1.0000000
      -1.0000000      -1.0000000      -1.0000000      -1.0000000      -1.0000000
      -1.0000000
       0.0000000       86.000000      0.98785281       63.000000       78130.000
       1.8629560       3.5818958      0.36772624      0.48387092      0.38240170
       81.505630       25.080418       90.859474       107.49836       16.838659
       81.191376
       1.0000000       86.000000      0.98785281      -1.0000000       4.0000000
      0.15160130       1.1354482      -1.0000000      -1.0000000      -1.0000000
      -1.0000000      -1.0000000      -1.0000000      -1.0000000      -1.0000000
      -1.0000000
       0.0000000       85.000000      0.99729425       61.000000       76692.000
       1.8380356       3.3876348      0.35881692      0.52941173      0.38628608
       67.442421       28.707182       91.646324       108.65130       16.311964
       80.595627
       0.0000000       84.000000       1.0355104       60.000000       72263.000
       1.7617472       3.3359251      0.33911207      0.30000001      0.24768984
       49.474136       16.283442       69.733643       114.29549       15.409175
       75.652115
       1.0000000       84.000000       1.0355104      -1.0000000       1.0000000
   0.00034546442     0.026105706      -1.0000000      -1.0000000      -1.0000000
      -1.0000000      -1.0000000      -1.0000000      -1.0000000      -1.0000000
      -1.0000000
       0.0000000       83.000000       1.0744579       58.000000       68237.000
       1.5424988       3.0236149      0.31983984      0.43589741      0.16727008
       57.867828      -29.407385       46.981808       110.17134       13.210441
       77.600227
       0.0000000       82.000000       1.1141505       56.000000       64106.000
       1.4605252       2.5725605      0.31601635      0.52499998      0.20524156
       58.847286      -45.160591       30.271189       107.58659       13.096291
       88.328369
       1.0000000       82.000000       1.1141505      -1.0000000       2.0000000
     0.010975930      0.15987144      -1.0000000      -1.0000000      -1.0000000
      -1.0000000      -1.0000000      -1.0000000      -1.0000000      -1.0000000
      -1.0000000
       0.0000000       81.000000       1.1546028       56.000000       61711.000
       1.3769882       2.1694601      0.37104681      0.46153849      0.22646749
       81.247025      -67.536537       3.7542927       110.30491       11.642630
       95.155144
       1.0000000       81.000000       1.1546028      -1.0000000       4.0000000
     0.039424809      0.20831919      -1.0000000      -1.0000000      -1.0000000
      -1.0000000      -1.0000000      -1.0000000      -1.0000000      -1.0000000
      -1.0000000
       0.0000000       80.000000       1.2062581      -1.0000000       52882.000
       1.3399906       2.6842055      -1.0000000      -1.0000000      -1.0000000
      -1.0000000      -1.0000000      -1.0000000       116.12812       13.048975
       88.042244
       1.0000000       80.000000       1.2062581      -1.0000000       1.0000000
     0.025653196      0.25429374      -1.0000000      -1.0000000      -1.0000000
      -1.0000000      -1.0000000      -1.0000000      -1.0000000      -1.0000000
      -1.0000000
       0.0000000       79.000000       1.2484726      -1.0000000       49155.000
       1.2431566       2.6712162      -1.0000000      -1.0000000      -1.0000000
      -1.0000000      -1.0000000      -1.0000000       120.75980       15.652773
       88.979340
       1.0000000       79.000000       1.2484726      -1.0000000       2.0000000
    0.0053791528     0.087361485      -1.0000000      -1.0000000      -1.0000000
      -1.0000000      -1.0000000      -1.0000000      -1.0000000      -1.0000000
      -1.0000000
       0.0000000       78.000000       1.3023784      -1.0000000       49194.000
       1.0960232       2.3218453      -1.0000000      -1.0000000      -1.0000000
      -1.0000000      -1.0000000      -1.0000000       121.91123       12.148535
       93.409698
       1.0000000       78.000000       1.3023784      -1.0000000       1.0000000
    0.0055872430     0.091198608      -1.0000000      -1.0000000      -1.0000000
      -1.0000000      -1.0000000      -1.0000000      -1.0000000      -1.0000000
      -1.0000000
       0.0000000       77.000000       1.3575766      -1.0000000       44332.000
      0.98181278       2.2507188      -1.0000000      -1.0000000      -1.0000000
      -1.0000000      -1.0000000      -1.0000000       115.26274       10.979927
       98.047722
       1.0000000       77.000000       1.3575766      -1.0000000       2.0000000
     0.047119740      0.26906665      -1.0000000      -1.0000000      -1.0000000
      -1.0000000      -1.0000000      -1.0000000      -1.0000000      -1.0000000
      -1.0000000
       0.0000000       76.000000       1.4140983      -1.0000000       42426.000
      0.79000956       1.8995824      -1.0000000      -1.0000000      -1.0000000
      -1.0000000      -1.0000000      -1.0000000       113.10679       8.1698256
       95.228729
       1.0000000       76.000000       1.4140983      -1.0000000       2.0000000
    0.0019269763      0.10116009      -1.0000000      -1.0000000      -1.0000000
      -1.0000000      -1.0000000      -1.0000000      -1.0000000      -1.0000000
      -1.0000000
       0.0000000       75.000000       1.4719748      -1.0000000       37806.000
      0.82211947       2.4065082      -1.0000000      -1.0000000      -1.0000000
      -1.0000000      -1.0000000      -1.0000000       117.78207       10.933958
       87.924774
       1.0000000       75.000000       1.4719748      -1.0000000       1.0000000
     0.021537110     0.017023999      -1.0000000      -1.0000000      -1.0000000
      -1.0000000      -1.0000000      -1.0000000      -1.0000000      -1.0000000
      -1.0000000
       0.0000000       74.000000       1.5312390      -1.0000000       35708.000
      0.68540150       2.4148517      -1.0000000      -1.0000000      -1.0000000
      -1.0000000      -1.0000000      -1.0000000       115.95826       10.786061
       92.311630
       1.0000000       74.000000       1.5312390      -1.0000000       1.0000000
     0.073838197      0.22410475      -1.0000000      -1.0000000      -1.0000000
      -1.0000000      -1.0000000      -1.0000000      -1.0000000      -1.0000000
      -1.0000000
       0.0000000       73.000000       1.6042346      -1.0000000       151753.00
      0.55265468       2.0915072      -1.0000000      -1.0000000      -1.0000000
      -1.0000000      -1.0000000      -1.0000000       109.25262       8.7748775
       111.39950
       0.0000000       72.000000       1.6666696      -1.0000000       191551.00
      0.48367405       1.5571513      -1.0000000      -1.0000000      -1.0000000
      -1.0000000      -1.0000000      -1.0000000       106.00232       7.5928655
       116.38325
       1.0000000       72.000000       1.6666696      -1.0000000       2.0000000
   0.00034938197       0.0000000      -1.0000000      -1.0000000      -1.0000000
      -1.0000000      -1.0000000      -1.0000000      -1.0000000      -1.0000000
      -1.0000000
       0.0000000       71.000000       1.7435706      -1.0000000       170220.00
      0.37200689      0.77543128      -1.0000000      -1.0000000      -1.0000000
      -1.0000000      -1.0000000      -1.0000000       91.289246       4.2035203
       142.54039
       1.0000000       71.000000       1.7435706      -1.0000000       2.0000000
     0.017463406      0.19606126      -1.0000000      -1.0000000      -1.0000000
      -1.0000000      -1.0000000      -1.0000000      -1.0000000      -1.0000000
      -1.0000000
       0.0000000       70.000000       1.8226893      -1.0000000       158805.00
      0.35094380      0.92468065      -1.0000000      -1.0000000      -1.0000000
      -1.0000000      -1.0000000      -1.0000000       89.106194       4.2972589
       139.20740
       0.0000000       69.000000       1.9040896      -1.0000000       157932.00
      0.32292405       1.1798670      -1.0000000      -1.0000000      -1.0000000
      -1.0000000      -1.0000000      -1.0000000       92.187843       4.8820033
       117.68416
       0.0000000       68.000000       2.0020282      -1.0000000       165651.00
      0.27608806       1.4541017      -1.0000000      -1.0000000      -1.0000000
      -1.0000000      -1.0000000      -1.0000000       95.797112       6.2391372
       95.251076
       0.0000000       67.000000       2.1032696      -1.0000000       175822.00
      0.20855701       1.0475646      -1.0000000      -1.0000000      -1.0000000
      -1.0000000      -1.0000000      -1.0000000       96.647362       5.6792083
       80.084030
       1.0000000       67.000000       2.1032696      -1.0000000       2.0000000
   0.00093336008     0.017847337      -1.0000000      -1.0000000      -1.0000000
      -1.0000000      -1.0000000      -1.0000000      -1.0000000      -1.0000000
      -1.0000000
       0.0000000       66.000000       2.2079256      -1.0000000       178204.00
      0.16618590      0.42428687      -1.0000000      -1.0000000      -1.0000000
      -1.0000000      -1.0000000      -1.0000000       82.383965       3.0094578
       96.100052
       1.0000000       66.000000       2.2079256      -1.0000000       2.0000000
     0.015912759      0.19038785      -1.0000000      -1.0000000      -1.0000000
      -1.0000000      -1.0000000      -1.0000000      -1.0000000      -1.0000000
      -1.0000000
       0.0000000       65.000000       2.3161108      -1.0000000       161794.00
      0.13814098      0.61661011      -1.0000000      -1.0000000      -1.0000000
      -1.0000000      -1.0000000      -1.0000000       76.800217       2.6883476
       100.68990
       0.0000000       64.000000       2.4442258      -1.0000000       180548.00
      0.12770508      0.51753670      -1.0000000      -1.0000000      -1.0000000
      -1.0000000      -1.0000000      -1.0000000       76.698608       2.7848580
       97.236633
       1.0000000       64.000000       2.4442258      -1.0000000       1.0000000
   0.00028813322   0.00065230083      -1.0000000      -1.0000000      -1.0000000
      -1.0000000      -1.0000000      -1.0000000      -1.0000000      -1.0000000
      -1.0000000
       0.0000000       63.000000       2.5772903      -1.0000000       166282.00
      0.11010674      0.60312706      -1.0000000      -1.0000000      -1.0000000
      -1.0000000      -1.0000000      -1.0000000       77.303261       2.8064792
       97.321091
       0.0000000       62.000000       2.7331426      -1.0000000       168088.00
     0.097395152      0.64490354      -1.0000000      -1.0000000      -1.0000000
      -1.0000000      -1.0000000      -1.0000000       80.081535       3.1079538
       89.540436
       1.0000000       62.000000       2.7331426      -1.0000000       1.0000000
   0.00018441799     0.011328325      -1.0000000      -1.0000000      -1.0000000
      -1.0000000      -1.0000000      -1.0000000      -1.0000000      -1.0000000
      -1.0000000
       0.0000000       61.000000       2.8957851      -1.0000000       154611.00
     0.075398944      0.47285873      -1.0000000      -1.0000000      -1.0000000
      -1.0000000      -1.0000000      -1.0000000       82.605827       2.4861441
       84.744492
       0.0000000       60.000000       3.0081310      -1.0000000       145331.00
     0.063978486      0.26700872      -1.0000000      -1.0000000      -1.0000000
      -1.0000000      -1.0000000      -1.0000000       79.998436       1.7603159
       89.196434
       0.0000000       59.000000       3.0848227      -1.0000000       139205.00
     0.058275059      0.31925654      -1.0000000      -1.0000000      -1.0000000
      -1.0000000      -1.0000000      -1.0000000       78.468422       1.6289804
       89.274437
       0.0000000       58.000000       3.2830331      -1.0000000       128838.00
     0.050988074      0.29037023      -1.0000000      -1.0000000      -1.0000000
      -1.0000000      -1.0000000      -1.0000000       75.455315       1.6366125
       83.545815
       1.0000000       58.000000       3.2830331      -1.0000000       1.0000000
       0.0000000       0.0000000      -1.0000000      -1.0000000      -1.0000000
      -1.0000000      -1.0000000      -1.0000000      -1.0000000      -1.0000000
      -1.0000000
       0.0000000       57.000000       3.4908614      -1.0000000       115889.00
     0.042028271      0.36228529      -1.0000000      -1.0000000      -1.0000000
      -1.0000000      -1.0000000      -1.0000000       77.759697       1.5579971
       71.542847
       1.0000000       57.000000       3.4908614      -1.0000000       1.0000000
   0.00033681112       0.0000000      -1.0000000      -1.0000000      -1.0000000
      -1.0000000      -1.0000000      -1.0000000      -1.0000000      -1.0000000
      -1.0000000
