       0.0000000       135.00000       0.0000000       464.00000       342785.00
       1.5056924       1.0240269      0.40797764      0.37500006      0.29133496
      -43.333397      0.52858025       15.967131       87.116066       8.6188059
       70.623573
       0.0000000       134.00000    0.0095216669      -1.0000000       348426.00
       1.4927132       1.1047465      -1.0000000      -1.0000000      -1.0000000
      -1.0000000      -1.0000000      -1.0000000       87.143463       8.6520777
       74.820450
       0.0000000       132.00000     0.033724371       539.00000       346267.00
       1.4704232       1.2057797      0.41230494      0.35483867      0.27329811
      -31.302406       15.429043       29.111572       87.536659       8.8278532
       73.846489
       0.0000000       131.00000     0.048523631       767.00000       366332.00
       1.4557053       1.3143288      0.41074836      0.39393944      0.30087289
      -31.930450       20.437956       26.097593       87.831367       8.7413101
       75.248413
       0.0000000       130.00000     0.058507323       546.00000       340544.00
       1.4538885       1.3090173      0.40259939      0.27586204      0.27920786
      -31.908924       23.114008       22.102238       87.636909       9.0698633
       75.070839
       2.0000000       130.00000     0.058507323      0.79105979       129.00000
       1.1501127       1.5522655      -1.0000000      -1.0000000      -1.0000000
      -1.0000000      -1.0000000      -1.0000000      -1.0000000      -1.0000000
      -1.0000000
       1.0000000       130.00000     0.058507323      -1.0000000       1.0000000
       0.0000000       0.0000000      -1.0000000      -1.0000000      -1.0000000
      -1.0000000      -1.0000000      -1.0000000      -1.0000000      -1.0000000
      -1.0000000
       0.0000000       129.00000     0.073661387      -1.0000000       363085.00
       1.4120603       1.0962158      -1.0000000      -1.0000000      -1.0000000
      -1.0000000      -1.0000000      -1.0000000       87.922592       8.6123209
       75.755188
       0.0000000       128.00000     0.083884433      -1.0000000       360919.00
       1.4164293       1.0656850      -1.0000000      -1.0000000      -1.0000000
      -1.0000000      -1.0000000      -1.0000000       87.907715       8.8216372
       78.598534
       0.0000000       127.00000     0.099401802      -1.0000000       358140.00
       1.4009728       1.2779942      -1.0000000      -1.0000000      -1.0000000
      -1.0000000      -1.0000000      -1.0000000       88.481781       8.7861423
       82.112381
       0.0000000       126.00000      0.10986994      -1.0000000       357506.00
       1.3758477       1.3885856      -1.0000000      -1.0000000      -1.0000000
      -1.0000000      -1.0000000      -1.0000000       88.108200       8.8960323
       84.534767
       0.0000000       125.00000      0.12575933      -1.0000000       425007.00
       1.3403164      0.99898875      -1.0000000      -1.0000000      -1.0000000
      -1.0000000      -1.0000000      -1.0000000       86.666397       8.1082916
       88.848404
       0.0000000       124.00000      0.14187621      -1.0000000       421731.00
       1.3088616       1.0178626      -1.0000000      -1.0000000      -1.0000000
      -1.0000000      -1.0000000      -1.0000000       86.806984       8.0712862
       88.808617
       0.0000000       123.00000      0.15274876      -1.0000000       420848.00
       1.3055073      0.89056242      -1.0000000      -1.0000000      -1.0000000
      -1.0000000      -1.0000000      -1.0000000       87.564720       7.8034768
       89.974075
       1.0000000       123.00000      0.15274876      -1.0000000       1.0000000
   0.00031181521     0.016440393      -1.0000000      -1.0000000      -1.0000000
      -1.0000000      -1.0000000      -1.0000000      -1.0000000      -1.0000000
      -1.0000000
       0.0000000       122.00000      0.16925204      -1.0000000       418463.00
       1.2663044       1.2628356      -1.0000000      -1.0000000      -1.0000000
      -1.0000000      -1.0000000      -1.0000000       88.108437       8.1265259
       92.003998
       0.0000000       121.00000      0.18038526      -1.0000000       415466.00
       1.2811615       1.1110629      -1.0000000      -1.0000000      -1.0000000
      -1.0000000      -1.0000000      -1.0000000       87.885124       8.0090256
       93.612740
       0.0000000       120.00000      0.19728418      -1.0000000       409768.00
       1.2143594      0.96484697      -1.0000000      -1.0000000      -1.0000000
      -1.0000000      -1.0000000      -1.0000000       86.474289       7.4465456
       96.963646
       0.0000000       119.00000      0.21442504      -1.0000000       406828.00
       1.2310792      0.87803483      -1.0000000      -1.0000000      -1.0000000
      -1.0000000      -1.0000000      -1.0000000       86.549644       7.3050570
       98.813156
       0.0000000       118.00000      0.22598839      -1.0000000       404663.00
       1.2025025       1.0464091      -1.0000000      -1.0000000      -1.0000000
      -1.0000000      -1.0000000      -1.0000000       86.590340       7.3615599
       99.637901
       0.0000000       117.00000      0.24354018      -1.0000000       400008.00
       1.1851023      0.92719352      -1.0000000      -1.0000000      -1.0000000
      -1.0000000      -1.0000000      -1.0000000       86.885063       7.1704578
       103.29535
       0.0000000       116.00000      0.26134327      -1.0000000       396090.00
       1.1751851       1.0232836      -1.0000000      -1.0000000      -1.0000000
      -1.0000000      -1.0000000      -1.0000000       87.744904       7.5015030
       107.71061
       1.0000000       116.00000      0.26134327      -1.0000000       1.0000000
       0.0000000       0.0000000      -1.0000000      -1.0000000      -1.0000000
      -1.0000000      -1.0000000      -1.0000000      -1.0000000      -1.0000000
      -1.0000000
       0.0000000       115.00000      0.27335334      -1.0000000       393785.00
       1.1541538       1.0472996      -1.0000000      -1.0000000      -1.0000000
      -1.0000000      -1.0000000      -1.0000000       88.005089       7.0717330
       109.84251
       0.0000000       114.00000      0.29158324      -1.0000000       389937.00
       1.1234540      0.82442206      -1.0000000      -1.0000000      -1.0000000
      -1.0000000      -1.0000000      -1.0000000       86.498558       6.8194060
       113.60049
       0.0000000       113.00000      0.31007412      -1.0000000       386461.00
       1.1100702      0.74146521      -1.0000000      -1.0000000      -1.0000000
      -1.0000000      -1.0000000      -1.0000000       86.681229       6.7518716
       113.49017
       1.0000000       113.00000      0.31007412      -1.0000000       2.0000000
       0.0000000       0.0000000      -1.0000000      -1.0000000      -1.0000000
      -1.0000000      -1.0000000      -1.0000000      -1.0000000      -1.0000000
      -1.0000000
       0.0000000       112.00000      0.32882974      -1.0000000       381698.00
       1.1049231       1.0414915      -1.0000000      -1.0000000      -1.0000000
      -1.0000000      -1.0000000      -1.0000000       87.487190       6.9615774
       114.41962
       1.0000000       112.00000      0.32882974      -1.0000000       1.0000000
   0.00018392867     0.032270800      -1.0000000      -1.0000000      -1.0000000
      -1.0000000      -1.0000000      -1.0000000      -1.0000000      -1.0000000
      -1.0000000
       0.0000000       111.00000      0.34785384      -1.0000000       375322.00
       1.0602535       1.0007235      -1.0000000      -1.0000000      -1.0000000
      -1.0000000      -1.0000000      -1.0000000       87.554787       6.7208219
       115.67175
       1.0000000       111.00000      0.34785384      -1.0000000       2.0000000
   0.00036785734     0.064541601      -1.0000000      -1.0000000      -1.0000000
      -1.0000000      -1.0000000      -1.0000000      -1.0000000      -1.0000000
      -1.0000000
       0.0000000       110.00000      0.36068764      -1.0000000       373095.00
       1.0311239      0.83771211      -1.0000000      -1.0000000      -1.0000000
      -1.0000000      -1.0000000      -1.0000000       87.693535       6.6746025
       115.70724
       0.0000000       109.00000      0.38016787      -1.0000000       370334.00
       1.1036727      0.98104185      -1.0000000      -1.0000000      -1.0000000
      -1.0000000      -1.0000000      -1.0000000       89.230659       7.0883822
       113.52258
       1.0000000       109.00000      0.38016787      -1.0000000       1.0000000
   0.00057275809     0.032114707      -1.0000000      -1.0000000      -1.0000000
      -1.0000000      -1.0000000      -1.0000000      -1.0000000      -1.0000000
      -1.0000000
       0.0000000       108.00000      0.39992696      -1.0000000       367842.00
      0.96947604      0.77448195      -1.0000000      -1.0000000      -1.0000000
      -1.0000000      -1.0000000      -1.0000000       88.496498       5.7430797
       110.63759
       1.0000000       108.00000      0.39992696      -1.0000000       1.0000000
      0.15616076      0.36180469      -1.0000000      -1.0000000      -1.0000000
      -1.0000000      -1.0000000      -1.0000000      -1.0000000      -1.0000000
      -1.0000000
       0.0000000       107.00000      0.41996893      -1.0000000       364086.00
      0.95475203      0.54010463      -1.0000000      -1.0000000      -1.0000000
      -1.0000000      -1.0000000      -1.0000000       89.781013       5.4520168
       105.81213
       0.0000000       106.00000      0.44029784      -1.0000000       360663.00
      0.95063734      0.60519558      -1.0000000      -1.0000000      -1.0000000
      -1.0000000      -1.0000000      -1.0000000       92.769707       5.6733179
       100.59009
       0.0000000       105.00000      0.46091780      -1.0000000       354956.00
      0.92759287      0.71945965      -1.0000000      -1.0000000      -1.0000000
      -1.0000000      -1.0000000      -1.0000000       95.513069       5.6705956
       99.525475
       0.0000000       104.00000      0.48183295      -1.0000000       354255.00
      0.92167562      0.75922781      -1.0000000      -1.0000000      -1.0000000
      -1.0000000      -1.0000000      -1.0000000       93.829239       5.6716933
       100.76069
       1.0000000       104.00000      0.48183295      -1.0000000       1.0000000
       0.0000000       0.0000000      -1.0000000      -1.0000000      -1.0000000
      -1.0000000      -1.0000000      -1.0000000      -1.0000000      -1.0000000
      -1.0000000
       0.0000000       103.00000      0.50304753      -1.0000000       350430.00
      0.86972660      0.81816149      -1.0000000      -1.0000000      -1.0000000
      -1.0000000      -1.0000000      -1.0000000       90.606422       5.2089577
       107.31223
       0.0000000       102.00000      0.52456582      -1.0000000       348267.00
      0.85389620      0.64951199      -1.0000000      -1.0000000      -1.0000000
      -1.0000000      -1.0000000      -1.0000000       88.018723       4.9198828
       113.79706
       0.0000000       101.00000      0.54639220      -1.0000000       347987.00
      0.82721013      0.51394916      -1.0000000      -1.0000000      -1.0000000
      -1.0000000      -1.0000000      -1.0000000       87.816010       4.7137928
       116.59058
       0.0000000       100.00000      0.57598084      -1.0000000       345882.00
      0.82057714      0.56603736      -1.0000000      -1.0000000      -1.0000000
      -1.0000000      -1.0000000      -1.0000000       89.456039       4.7755299
       115.78316
       0.0000000       99.000000      0.59854329      -1.0000000       343284.00
      0.80765635      0.78126043      -1.0000000      -1.0000000      -1.0000000
      -1.0000000      -1.0000000      -1.0000000       90.120781       4.8807464
       114.14041
       0.0000000       98.000000      0.62142873      -1.0000000       341557.00
      0.78044206      0.65903050      -1.0000000      -1.0000000      -1.0000000
      -1.0000000      -1.0000000      -1.0000000       88.915993       4.7657342
       111.88659
       1.0000000       98.000000      0.62142873      -1.0000000       1.0000000
       0.0000000       0.0000000      -1.0000000      -1.0000000      -1.0000000
      -1.0000000      -1.0000000      -1.0000000      -1.0000000      -1.0000000
      -1.0000000
       0.0000000       97.000000      0.64464182      -1.0000000       346262.00
      0.77181345      0.62627023      -1.0000000      -1.0000000      -1.0000000
      -1.0000000      -1.0000000      -1.0000000       88.865364       4.5921941
       112.24823
       1.0000000       97.000000      0.64464182      -1.0000000       1.0000000
       0.0000000       0.0000000      -1.0000000      -1.0000000      -1.0000000
      -1.0000000      -1.0000000      -1.0000000      -1.0000000      -1.0000000
      -1.0000000
       0.0000000       96.000000      0.67611039      -1.0000000       344593.00
      0.75226432      0.53112137      -1.0000000      -1.0000000      -1.0000000
      -1.0000000      -1.0000000      -1.0000000       88.725304       4.6622410
       108.63042
       0.0000000       95.000000      0.70010638      -1.0000000       341503.00
      0.75477439      0.63527501      -1.0000000      -1.0000000      -1.0000000
      -1.0000000      -1.0000000      -1.0000000       88.874039       4.6348810
       104.92966
       0.0000000       94.000000      0.73263615      -1.0000000       339675.00
      0.73057979      0.60633564      -1.0000000      -1.0000000      -1.0000000
      -1.0000000      -1.0000000      -1.0000000       88.298515       4.5917649
       98.738998
       0.0000000       93.000000      0.75744140      -1.0000000       339161.00
      0.71310937      0.56996423      -1.0000000      -1.0000000      -1.0000000
      -1.0000000      -1.0000000      -1.0000000       88.718048       4.5523248
       95.263084
       0.0000000       92.000000      0.79106826      -1.0000000       338834.00
      0.69559026      0.48040006      -1.0000000      -1.0000000      -1.0000000
      -1.0000000      -1.0000000      -1.0000000       88.331810       4.2592297
       92.556480
       1.0000000       92.000000      0.79106826      -1.0000000       1.0000000
       0.0000000       0.0000000      -1.0000000      -1.0000000      -1.0000000
      -1.0000000      -1.0000000      -1.0000000      -1.0000000      -1.0000000
      -1.0000000
       0.0000000       91.000000      0.81671000      -1.0000000       335973.00
      0.68617868      0.53553009      -1.0000000      -1.0000000      -1.0000000
      -1.0000000      -1.0000000      -1.0000000       87.816940       4.4502296
       89.347221
       1.0000000       91.000000      0.81671000      -1.0000000       1.0000000
       0.0000000       0.0000000      -1.0000000      -1.0000000      -1.0000000
      -1.0000000      -1.0000000      -1.0000000      -1.0000000      -1.0000000
      -1.0000000
       0.0000000       90.000000      0.85147089      -1.0000000       331478.00
      0.66397417      0.68751132      -1.0000000      -1.0000000      -1.0000000
      -1.0000000      -1.0000000      -1.0000000       85.832191       4.3626618
       89.098007
       0.0000000       89.000000      0.88689691      -1.0000000       331318.00
      0.65099758      0.54130799      -1.0000000      -1.0000000      -1.0000000
      -1.0000000      -1.0000000      -1.0000000       83.152802       4.2416778
       80.485641
       0.0000000       88.000000      0.92300081      -1.0000000       330977.00
      0.64070112      0.53654224      -1.0000000      -1.0000000      -1.0000000
      -1.0000000      -1.0000000      -1.0000000       82.411537       4.2385015
       78.557686
       0.0000000       87.000000      0.95053136      -1.0000000       333177.00
      0.62488747      0.56122512      -1.0000000      -1.0000000      -1.0000000
      -1.0000000      -1.0000000      -1.0000000       81.582809       4.1966367
       78.388939
       0.0000000       86.000000      0.98785281      -1.0000000       321956.00
      0.61375999      0.64237624      -1.0000000      -1.0000000      -1.0000000
      -1.0000000      -1.0000000      -1.0000000       80.068718       4.1495347
       77.647850
       0.0000000       85.000000      0.99729425      -1.0000000       326487.00
      0.60415322      0.64937443      -1.0000000      -1.0000000      -1.0000000
      -1.0000000      -1.0000000      -1.0000000       79.567963       4.1206193
       76.219200
       0.0000000       84.000000       1.0355104      -1.0000000       322277.00
      0.59383392      0.58598274      -1.0000000      -1.0000000      -1.0000000
      -1.0000000      -1.0000000      -1.0000000       78.646736       4.0613031
       75.541260
       0.0000000       83.000000       1.0744579      -1.0000000       316111.00
      0.56234664      0.56384659      -1.0000000      -1.0000000      -1.0000000
      -1.0000000      -1.0000000      -1.0000000       78.553978       4.0076628
       77.888290
       0.0000000       82.000000       1.1141505      -1.0000000       313127.00
      0.54750687      0.55397046      -1.0000000      -1.0000000      -1.0000000
      -1.0000000      -1.0000000      -1.0000000       77.400932       3.8921082
       74.547440
       0.0000000       81.000000       1.1546028      -1.0000000       308149.00
      0.54200983      0.49344587      -1.0000000      -1.0000000      -1.0000000
      -1.0000000      -1.0000000      -1.0000000       76.882324       3.7552948
       76.095146
       0.0000000       80.000000       1.2062581      -1.0000000       299606.00
      0.53364050      0.47681755      -1.0000000      -1.0000000      -1.0000000
      -1.0000000      -1.0000000      -1.0000000       77.518608       3.8931108
       76.715424
       0.0000000       79.000000       1.2484726      -1.0000000       338345.00
      0.51795948      0.44902074      -1.0000000      -1.0000000      -1.0000000
      -1.0000000      -1.0000000      -1.0000000       79.179771       3.6799002
       75.067734
       1.0000000       79.000000       1.2484726      -1.0000000       1.0000000
       0.0000000       0.0000000      -1.0000000      -1.0000000      -1.0000000
      -1.0000000      -1.0000000      -1.0000000      -1.0000000      -1.0000000
      -1.0000000
       0.0000000       78.000000       1.3023784      -1.0000000       332087.00
      0.51659191      0.44118533      -1.0000000      -1.0000000      -1.0000000
      -1.0000000      -1.0000000      -1.0000000       81.412750       3.9424832
       71.500793
       1.0000000       78.000000       1.3023784      -1.0000000       1.0000000
       0.0000000       0.0000000      -1.0000000      -1.0000000      -1.0000000
      -1.0000000      -1.0000000      -1.0000000      -1.0000000      -1.0000000
      -1.0000000
       0.0000000       77.000000       1.3575766      -1.0000000       317933.00
      0.49983349      0.34007090      -1.0000000      -1.0000000      -1.0000000
      -1.0000000      -1.0000000      -1.0000000       85.853706       3.9824195
       66.295151
       0.0000000       76.000000       1.4140983      -1.0000000       302316.00
      0.48972109      0.75017697      -1.0000000      -1.0000000      -1.0000000
      -1.0000000      -1.0000000      -1.0000000       91.555046       4.0955305
       62.413822
       1.0000000       76.000000       1.4140983      -1.0000000       2.0000000
       0.0000000       0.0000000      -1.0000000      -1.0000000      -1.0000000
      -1.0000000      -1.0000000      -1.0000000      -1.0000000      -1.0000000
      -1.0000000
       0.0000000       75.000000       1.4719748      -1.0000000       296635.00
      0.45079291      0.77062827      -1.0000000      -1.0000000      -1.0000000
      -1.0000000      -1.0000000      -1.0000000       90.644180       3.9648952
       63.137592
       1.0000000       75.000000       1.4719748      -1.0000000       1.0000000
   0.00018354277    0.0093302792      -1.0000000      -1.0000000      -1.0000000
      -1.0000000      -1.0000000      -1.0000000      -1.0000000      -1.0000000
      -1.0000000
       0.0000000       74.000000       1.5312390      -1.0000000       292588.00
      0.41897687      0.65387648      -1.0000000      -1.0000000      -1.0000000
      -1.0000000      -1.0000000      -1.0000000       87.394722       3.8676689
       65.556557
       1.0000000       74.000000       1.5312390      -1.0000000       1.0000000
   0.00073289999       0.0000000      -1.0000000      -1.0000000      -1.0000000
      -1.0000000      -1.0000000      -1.0000000      -1.0000000      -1.0000000
      -1.0000000
       0.0000000       73.000000       1.6042346      -1.0000000       286993.00
      0.39269575      0.61818415      -1.0000000      -1.0000000      -1.0000000
      -1.0000000      -1.0000000      -1.0000000       85.087463       3.6340933
       71.260406
       1.0000000       73.000000       1.6042346      -1.0000000       1.0000000
   0.00040606354       0.0000000      -1.0000000      -1.0000000      -1.0000000
      -1.0000000      -1.0000000      -1.0000000      -1.0000000      -1.0000000
      -1.0000000
       0.0000000       72.000000       1.6666696      -1.0000000       280012.00
      0.37033796      0.46485639      -1.0000000      -1.0000000      -1.0000000
      -1.0000000      -1.0000000      -1.0000000       84.983482       3.3375280
       74.581566
       0.0000000       71.000000       1.7435706      -1.0000000       270431.00
      0.36993051      0.49057442      -1.0000000      -1.0000000      -1.0000000
      -1.0000000      -1.0000000      -1.0000000       85.216034       3.4824452
       77.223289
       0.0000000       70.000000       1.8226893      -1.0000000       260953.00
      0.36071816      0.49794689      -1.0000000      -1.0000000      -1.0000000
      -1.0000000      -1.0000000      -1.0000000       85.675079       3.3891625
       78.704620
       0.0000000       69.000000       1.9040896      -1.0000000       253063.00
      0.34094211      0.56722540      -1.0000000      -1.0000000      -1.0000000
      -1.0000000      -1.0000000      -1.0000000       87.997726       3.5964851
       75.546028
       0.0000000       68.000000       2.0020282      -1.0000000       243448.00
      0.31152761      0.61474895      -1.0000000      -1.0000000      -1.0000000
      -1.0000000      -1.0000000      -1.0000000       88.041405       3.1442604
       75.787155
       0.0000000       67.000000       2.1032696      -1.0000000       233761.00
      0.27994984      0.29680029      -1.0000000      -1.0000000      -1.0000000
      -1.0000000      -1.0000000      -1.0000000       85.077866       2.5059760
       81.862839
       0.0000000       66.000000       2.2079256      -1.0000000       219518.00
      0.27496386      0.40431130      -1.0000000      -1.0000000      -1.0000000
      -1.0000000      -1.0000000      -1.0000000       85.599297       2.6634521
       85.756294
       0.0000000       65.000000       2.3161108      -1.0000000       202950.00
      0.26251671      0.16571164      -1.0000000      -1.0000000      -1.0000000
      -1.0000000      -1.0000000      -1.0000000       85.386566       2.4023209
       90.080330
       0.0000000       64.000000       2.4442258      -1.0000000       181493.00
      0.27768460      0.54850471      -1.0000000      -1.0000000      -1.0000000
      -1.0000000      -1.0000000      -1.0000000       88.117737       2.8284607
       82.651505
       1.0000000       64.000000       2.4442258      -1.0000000       1.0000000
       0.0000000       0.0000000      -1.0000000      -1.0000000      -1.0000000
      -1.0000000      -1.0000000      -1.0000000      -1.0000000      -1.0000000
      -1.0000000
       0.0000000       63.000000       2.5772903      -1.0000000       170578.00
      0.23528953      0.61998105      -1.0000000      -1.0000000      -1.0000000
      -1.0000000      -1.0000000      -1.0000000       89.193642       2.6771154
       78.720497
       1.0000000       63.000000       2.5772903      -1.0000000       1.0000000
    0.0032350363     0.028246077      -1.0000000      -1.0000000      -1.0000000
      -1.0000000      -1.0000000      -1.0000000      -1.0000000      -1.0000000
      -1.0000000
       0.0000000       62.000000       2.7331426      -1.0000000       160218.00
      0.19201772      0.47629479      -1.0000000      -1.0000000      -1.0000000
      -1.0000000      -1.0000000      -1.0000000       93.005394       2.2639997
       70.364700
       1.0000000       62.000000       2.7331426      -1.0000000       1.0000000
   0.00011713619       0.0000000      -1.0000000      -1.0000000      -1.0000000
      -1.0000000      -1.0000000      -1.0000000      -1.0000000      -1.0000000
      -1.0000000
       0.0000000       61.000000       2.8957851      -1.0000000       151327.00
      0.16079937      0.43954733      -1.0000000      -1.0000000      -1.0000000
      -1.0000000      -1.0000000      -1.0000000       88.984451       2.3193197
       74.742813
       1.0000000       61.000000       2.8957851      -1.0000000       2.0000000
   0.00038504376   0.00094845489      -1.0000000      -1.0000000      -1.0000000
      -1.0000000      -1.0000000      -1.0000000      -1.0000000      -1.0000000
      -1.0000000
       0.0000000       60.000000       3.0081310      -1.0000000       144829.00
      0.14181316      0.25457051      -1.0000000      -1.0000000      -1.0000000
      -1.0000000      -1.0000000      -1.0000000       82.988335       1.8134382
       80.739708
       0.0000000       59.000000       3.0848227      -1.0000000       137214.00
      0.13883005      0.26511797      -1.0000000      -1.0000000      -1.0000000
      -1.0000000      -1.0000000      -1.0000000       79.687393       1.7426946
       89.010864
       1.0000000       59.000000       3.0848227      -1.0000000       1.0000000
    0.0012059441     0.017987421      -1.0000000      -1.0000000      -1.0000000
      -1.0000000      -1.0000000      -1.0000000      -1.0000000      -1.0000000
      -1.0000000
       0.0000000       58.000000       3.2830331      -1.0000000       121091.00
      0.12339213      0.33103848      -1.0000000      -1.0000000      -1.0000000
      -1.0000000      -1.0000000      -1.0000000       77.482735       1.7843367
       88.901703
       0.0000000       57.000000       3.4908614      -1.0000000       116653.00
      0.10847647      0.26107150      -1.0000000      -1.0000000      -1.0000000
      -1.0000000      -1.0000000      -1.0000000       82.965797       1.7883406
       70.966087
