       0.0000000       135.00000       0.0000000       3162.0000       470212.00
       1.4822556       1.7729845      0.33244419      0.40000004      0.20366430
      -9.9098310      -16.898972      -9.1435680       75.405251       8.9032621
       62.352627
       0.0000000       134.00000    0.0095216669       3366.0000       472470.00
       1.4589264       1.7719650      0.32774511      0.26666665      0.14358029
      -10.801407      -20.968533      -4.9318957       76.172806       8.9258814
       61.036182
       0.0000000       133.00000     0.023974428      -1.0000000       468240.00
       1.3104289       1.5402809      -1.0000000      -1.0000000      -1.0000000
      -1.0000000      -1.0000000      -1.0000000       76.896767       8.2638760
       59.197990
       2.0000000       133.00000     0.023974428      0.25731382       121.00000
      0.24066824      0.44893888      -1.0000000      -1.0000000      -1.0000000
      -1.0000000      -1.0000000      -1.0000000      -1.0000000      -1.0000000
      -1.0000000
       0.0000000       132.00000     0.033724371      -1.0000000       465963.00
       1.4266639       1.4298136      -1.0000000      -1.0000000      -1.0000000
      -1.0000000      -1.0000000      -1.0000000       78.534111       9.4407740
       57.656677
       0.0000000       131.00000     0.048523631      -1.0000000       462558.00
       1.2627836       1.8890117      -1.0000000      -1.0000000      -1.0000000
      -1.0000000      -1.0000000      -1.0000000       80.814232       8.4102688
       55.932621
       0.0000000       130.00000     0.058507323      -1.0000000       460044.00
       1.1905634       1.5840527      -1.0000000      -1.0000000      -1.0000000
      -1.0000000      -1.0000000      -1.0000000       80.407722       7.1071396
       57.922440
       0.0000000       129.00000     0.073661387      -1.0000000       457996.00
       1.1525363       1.9445559      -1.0000000      -1.0000000      -1.0000000
      -1.0000000      -1.0000000      -1.0000000       80.797928       7.5404654
       59.280624
       1.0000000       129.00000     0.073661387      -1.0000000       2.0000000
     0.010523968     0.098450696      -1.0000000      -1.0000000      -1.0000000
      -1.0000000      -1.0000000      -1.0000000      -1.0000000      -1.0000000
      -1.0000000
       0.0000000       128.00000     0.083884433      -1.0000000       455798.00
       1.1229434       1.7795610      -1.0000000      -1.0000000      -1.0000000
      -1.0000000      -1.0000000      -1.0000000       81.460526       7.2563205
       59.860245
       0.0000000       127.00000     0.099401802      -1.0000000       454267.00
       1.0818840       1.6522230      -1.0000000      -1.0000000      -1.0000000
      -1.0000000      -1.0000000      -1.0000000       81.683823       7.0616012
       60.101028
       1.0000000       127.00000     0.099401802      -1.0000000       2.0000000
       0.0000000       0.0000000      -1.0000000      -1.0000000      -1.0000000
      -1.0000000      -1.0000000      -1.0000000      -1.0000000      -1.0000000
      -1.0000000
       0.0000000       126.00000      0.10986994      -1.0000000       451818.00
       1.0864508       1.7417288      -1.0000000      -1.0000000      -1.0000000
      -1.0000000      -1.0000000      -1.0000000       82.015839       7.4844675
       59.991333
       1.0000000       126.00000      0.10986994      -1.0000000       2.0000000
       0.0000000       0.0000000      -1.0000000      -1.0000000      -1.0000000
      -1.0000000      -1.0000000      -1.0000000      -1.0000000      -1.0000000
      -1.0000000
       0.0000000       125.00000      0.12575933      -1.0000000       449530.00
       1.0421824       1.8717973      -1.0000000      -1.0000000      -1.0000000
      -1.0000000      -1.0000000      -1.0000000       82.502724       7.4919825
       59.568947
       0.0000000       124.00000      0.14187621      -1.0000000       446414.00
       1.0324086       1.5962636      -1.0000000      -1.0000000      -1.0000000
      -1.0000000      -1.0000000      -1.0000000       81.137619       7.3425765
       62.286350
       0.0000000       123.00000      0.15274876      -1.0000000       444839.00
      0.99428988       1.6502533      -1.0000000      -1.0000000      -1.0000000
      -1.0000000      -1.0000000      -1.0000000       80.118546       7.0153055
       64.875336
       1.0000000       123.00000      0.15274876      -1.0000000       1.0000000
    0.0062673921    0.0031301868      -1.0000000      -1.0000000      -1.0000000
      -1.0000000      -1.0000000      -1.0000000      -1.0000000      -1.0000000
      -1.0000000
       0.0000000       122.00000      0.16925204      -1.0000000       441483.00
      0.96352935       1.6437762      -1.0000000      -1.0000000      -1.0000000
      -1.0000000      -1.0000000      -1.0000000       77.013229       7.0268617
       68.791260
       0.0000000       121.00000      0.18038526      -1.0000000       437846.00
      0.93531024       1.6736004      -1.0000000      -1.0000000      -1.0000000
      -1.0000000      -1.0000000      -1.0000000       75.627594       6.7259765
       70.072449
       0.0000000       120.00000      0.19728418      -1.0000000       434582.00
      0.91331595       1.6913502      -1.0000000      -1.0000000      -1.0000000
      -1.0000000      -1.0000000      -1.0000000       74.917336       6.5914650
       72.179230
       0.0000000       119.00000      0.21442504      -1.0000000       432135.00
      0.89908940       1.5843744      -1.0000000      -1.0000000      -1.0000000
      -1.0000000      -1.0000000      -1.0000000       73.663322       6.4815350
       72.619331
       0.0000000       118.00000      0.22598839      -1.0000000       430893.00
      0.86115903       1.4293870      -1.0000000      -1.0000000      -1.0000000
      -1.0000000      -1.0000000      -1.0000000       72.987411       5.8627477
       72.616302
       0.0000000       117.00000      0.24354018      -1.0000000       426692.00
      0.85059494       1.3005122      -1.0000000      -1.0000000      -1.0000000
      -1.0000000      -1.0000000      -1.0000000       72.116112       5.9713130
       72.325317
       0.0000000       116.00000      0.26134327      -1.0000000       425165.00
      0.82658410       1.2030741      -1.0000000      -1.0000000      -1.0000000
      -1.0000000      -1.0000000      -1.0000000       73.588150       5.7402635
       70.444633
       0.0000000       115.00000      0.27335334      -1.0000000       422458.00
      0.83037722       1.4918382      -1.0000000      -1.0000000      -1.0000000
      -1.0000000      -1.0000000      -1.0000000       74.608788       6.3353109
       68.810791
       0.0000000       114.00000      0.29158324      -1.0000000       418973.00
      0.80620462       1.5324426      -1.0000000      -1.0000000      -1.0000000
      -1.0000000      -1.0000000      -1.0000000       75.992035       6.0166864
       68.683487
       0.0000000       113.00000      0.31007412      -1.0000000       414665.00
      0.75974441       1.5251858      -1.0000000      -1.0000000      -1.0000000
      -1.0000000      -1.0000000      -1.0000000       76.343674       5.8352056
       70.484108
       0.0000000       112.00000      0.32882974      -1.0000000       410387.00
      0.74483776       1.2138492      -1.0000000      -1.0000000      -1.0000000
      -1.0000000      -1.0000000      -1.0000000       74.306587       5.4713717
       74.380844
       0.0000000       111.00000      0.34785384      -1.0000000       407253.00
      0.71797919       1.2069966      -1.0000000      -1.0000000      -1.0000000
      -1.0000000      -1.0000000      -1.0000000       74.270134       5.2867236
       76.135628
       0.0000000       110.00000      0.36068764      -1.0000000       405788.00
      0.71120822       1.1721222      -1.0000000      -1.0000000      -1.0000000
      -1.0000000      -1.0000000      -1.0000000       74.567314       5.3509064
       75.367462
       1.0000000       110.00000      0.36068764      -1.0000000       1.0000000
   0.00038725368    0.0069557666      -1.0000000      -1.0000000      -1.0000000
      -1.0000000      -1.0000000      -1.0000000      -1.0000000      -1.0000000
      -1.0000000
       0.0000000       109.00000      0.38016787      -1.0000000       402230.00
      0.69342899       1.2070605      -1.0000000      -1.0000000      -1.0000000
      -1.0000000      -1.0000000      -1.0000000       75.131393       5.1463575
       72.415123
       0.0000000       108.00000      0.39992696      -1.0000000       401517.00
      0.65231305       1.2115185      -1.0000000      -1.0000000      -1.0000000
      -1.0000000      -1.0000000      -1.0000000       74.858047       4.9675055
       67.308533
       1.0000000       108.00000      0.39992696      -1.0000000       1.0000000
   0.00041415487     0.041727096      -1.0000000      -1.0000000      -1.0000000
      -1.0000000      -1.0000000      -1.0000000      -1.0000000      -1.0000000
      -1.0000000
       0.0000000       107.00000      0.41996893      -1.0000000       397789.00
      0.67004949       1.1570061      -1.0000000      -1.0000000      -1.0000000
      -1.0000000      -1.0000000      -1.0000000       75.467079       5.5732665
       68.046471
       0.0000000       106.00000      0.44029784      -1.0000000       396437.00
      0.61959851       1.1823773      -1.0000000      -1.0000000      -1.0000000
      -1.0000000      -1.0000000      -1.0000000       75.513283       4.8749409
       67.491699
       0.0000000       105.00000      0.46091780      -1.0000000       393752.00
      0.60542262       1.3346649      -1.0000000      -1.0000000      -1.0000000
      -1.0000000      -1.0000000      -1.0000000       72.752884       5.3831711
       66.445137
       1.0000000       105.00000      0.46091780      -1.0000000       1.0000000
       0.0000000       0.0000000      -1.0000000      -1.0000000      -1.0000000
      -1.0000000      -1.0000000      -1.0000000      -1.0000000      -1.0000000
      -1.0000000
       0.0000000       104.00000      0.48183295      -1.0000000       390380.00
      0.58387274       1.1041521      -1.0000000      -1.0000000      -1.0000000
      -1.0000000      -1.0000000      -1.0000000       73.938705       4.9288197
       71.442940
       0.0000000       103.00000      0.50304753      -1.0000000       387225.00
      0.56879419       1.2506784      -1.0000000      -1.0000000      -1.0000000
      -1.0000000      -1.0000000      -1.0000000       75.268669       4.9387636
       77.258339
       0.0000000       102.00000      0.52456582      -1.0000000       385372.00
      0.54295266       1.3209512      -1.0000000      -1.0000000      -1.0000000
      -1.0000000      -1.0000000      -1.0000000       73.104866       4.9631495
       74.034851
       1.0000000       102.00000      0.52456582      -1.0000000       1.0000000
       0.0000000       0.0000000      -1.0000000      -1.0000000      -1.0000000
      -1.0000000      -1.0000000      -1.0000000      -1.0000000      -1.0000000
      -1.0000000
       0.0000000       101.00000      0.54639220      -1.0000000       383354.00
      0.52143115      0.93847126      -1.0000000      -1.0000000      -1.0000000
      -1.0000000      -1.0000000      -1.0000000       72.391243       4.6086235
       74.222183
       0.0000000       100.00000      0.57598084      -1.0000000       379905.00
      0.51650280      0.80452776      -1.0000000      -1.0000000      -1.0000000
      -1.0000000      -1.0000000      -1.0000000       73.378471       4.3645363
       74.801552
       0.0000000       99.000000      0.59854329      -1.0000000       375923.00
      0.50136280      0.93901443      -1.0000000      -1.0000000      -1.0000000
      -1.0000000      -1.0000000      -1.0000000       72.845535       4.6354370
       71.227654
       0.0000000       98.000000      0.62142873      -1.0000000       373630.00
      0.50063038       1.0869739      -1.0000000      -1.0000000      -1.0000000
      -1.0000000      -1.0000000      -1.0000000       71.743042       4.7976937
       67.138123
       1.0000000       98.000000      0.62142873      -1.0000000       1.0000000
   0.00075163221     0.022767490      -1.0000000      -1.0000000      -1.0000000
      -1.0000000      -1.0000000      -1.0000000      -1.0000000      -1.0000000
      -1.0000000
       0.0000000       97.000000      0.64464182      -1.0000000       371541.00
      0.46354982       1.0712589      -1.0000000      -1.0000000      -1.0000000
      -1.0000000      -1.0000000      -1.0000000       71.807320       4.5595212
       65.242966
       0.0000000       96.000000      0.67611039      -1.0000000       372497.00
      0.46486998       1.0580237      -1.0000000      -1.0000000      -1.0000000
      -1.0000000      -1.0000000      -1.0000000       73.647766       4.7605376
       63.380058
       0.0000000       95.000000      0.70010638      -1.0000000       370164.00
      0.44018435       1.1398987      -1.0000000      -1.0000000      -1.0000000
      -1.0000000      -1.0000000      -1.0000000       75.267128       4.6016507
       62.434734
       1.0000000       95.000000      0.70010638      -1.0000000       2.0000000
    0.0034571416      0.11548754      -1.0000000      -1.0000000      -1.0000000
      -1.0000000      -1.0000000      -1.0000000      -1.0000000      -1.0000000
      -1.0000000
       0.0000000       94.000000      0.73263615      -1.0000000       367135.00
      0.40368769      0.92044693      -1.0000000      -1.0000000      -1.0000000
      -1.0000000      -1.0000000      -1.0000000       74.972916       4.2636585
       63.252537
       0.0000000       93.000000      0.75744140      -1.0000000       363388.00
      0.39961603      0.88601029      -1.0000000      -1.0000000      -1.0000000
      -1.0000000      -1.0000000      -1.0000000       75.530540       4.2915354
       64.557571
       0.0000000       92.000000      0.79106826      -1.0000000       358753.00
      0.38934106      0.92001903      -1.0000000      -1.0000000      -1.0000000
      -1.0000000      -1.0000000      -1.0000000       77.247765       4.1893873
       65.477455
       1.0000000       92.000000      0.79106826      -1.0000000       2.0000000
   0.00026879020     0.012328366      -1.0000000      -1.0000000      -1.0000000
      -1.0000000      -1.0000000      -1.0000000      -1.0000000      -1.0000000
      -1.0000000
       0.0000000       91.000000      0.81671000      -1.0000000       355961.00
      0.36746314      0.84936374      -1.0000000      -1.0000000      -1.0000000
      -1.0000000      -1.0000000      -1.0000000       74.087105       3.9409122
       70.009659
       0.0000000       90.000000      0.85147089      -1.0000000       382114.00
      0.34888810      0.79201365      -1.0000000      -1.0000000      -1.0000000
      -1.0000000      -1.0000000      -1.0000000       70.195885       3.6401527
       72.810707
       0.0000000       89.000000      0.88689691      -1.0000000       378275.00
      0.32543498      0.75199461      -1.0000000      -1.0000000      -1.0000000
      -1.0000000      -1.0000000      -1.0000000       69.361176       3.5860646
       76.249771
       0.0000000       88.000000      0.92300081      -1.0000000       372364.00
      0.32637492      0.81108332      -1.0000000      -1.0000000      -1.0000000
      -1.0000000      -1.0000000      -1.0000000       69.705681       3.8546393
       78.959663
       0.0000000       87.000000      0.95053136      -1.0000000       368916.00
      0.31615412      0.66954213      -1.0000000      -1.0000000      -1.0000000
      -1.0000000      -1.0000000      -1.0000000       69.968735       3.7091391
       80.328476
       0.0000000       86.000000      0.98785281      -1.0000000       363140.00
      0.30166617      0.69099391      -1.0000000      -1.0000000      -1.0000000
      -1.0000000      -1.0000000      -1.0000000       71.010231       3.7806094
       77.583183
       1.0000000       86.000000      0.98785281      -1.0000000       1.0000000
     0.012724818      0.21335210      -1.0000000      -1.0000000      -1.0000000
      -1.0000000      -1.0000000      -1.0000000      -1.0000000      -1.0000000
      -1.0000000
       0.0000000       85.000000      0.99729425      -1.0000000       361802.00
      0.29633787      0.66519886      -1.0000000      -1.0000000      -1.0000000
      -1.0000000      -1.0000000      -1.0000000       71.690292       3.6267364
       76.935333
       0.0000000       84.000000       1.0355104      -1.0000000       365491.00
      0.28423351      0.71827799      -1.0000000      -1.0000000      -1.0000000
      -1.0000000      -1.0000000      -1.0000000       75.316444       3.4873416
       72.898552
       0.0000000       83.000000       1.0744579      -1.0000000       358319.00
      0.27627993      0.59594208      -1.0000000      -1.0000000      -1.0000000
      -1.0000000      -1.0000000      -1.0000000       77.367821       3.5323896
       69.280174
       0.0000000       82.000000       1.1141505      -1.0000000       354881.00
      0.24216074       1.0010452      -1.0000000      -1.0000000      -1.0000000
      -1.0000000      -1.0000000      -1.0000000       81.830879       3.5651309
       63.682674
       0.0000000       81.000000       1.1546028      -1.0000000       349588.00
      0.22998323      0.57993424      -1.0000000      -1.0000000      -1.0000000
      -1.0000000      -1.0000000      -1.0000000       78.363564       3.0810976
       71.017670
       0.0000000       80.000000       1.2062581      -1.0000000       343035.00
      0.21997224      0.54092783      -1.0000000      -1.0000000      -1.0000000
      -1.0000000      -1.0000000      -1.0000000       74.646606       2.6569221
       76.608406
       0.0000000       79.000000       1.2484726      -1.0000000       337158.00
      0.19829433      0.45407590      -1.0000000      -1.0000000      -1.0000000
      -1.0000000      -1.0000000      -1.0000000       72.427902       2.5564969
       76.984528
       0.0000000       78.000000       1.3023784      -1.0000000       331172.00
      0.19329233      0.31938124      -1.0000000      -1.0000000      -1.0000000
      -1.0000000      -1.0000000      -1.0000000       72.256340       2.3835819
       68.333916
       0.0000000       77.000000       1.3575766      -1.0000000       324127.00
      0.18964687      0.58654249      -1.0000000      -1.0000000      -1.0000000
      -1.0000000      -1.0000000      -1.0000000       74.486458       2.7929854
       64.535225
       1.0000000       77.000000       1.3575766      -1.0000000       1.0000000
       0.0000000       0.0000000      -1.0000000      -1.0000000      -1.0000000
      -1.0000000      -1.0000000      -1.0000000      -1.0000000      -1.0000000
      -1.0000000
       0.0000000       76.000000       1.4140983      -1.0000000       317354.00
      0.16989034      0.73303729      -1.0000000      -1.0000000      -1.0000000
      -1.0000000      -1.0000000      -1.0000000       71.423416       2.9810672
       67.900314
       1.0000000       76.000000       1.4140983      -1.0000000       1.0000000
       0.0000000       0.0000000      -1.0000000      -1.0000000      -1.0000000
      -1.0000000      -1.0000000      -1.0000000      -1.0000000      -1.0000000
      -1.0000000
       0.0000000       75.000000       1.4719748      -1.0000000       312978.00
      0.15383799      0.67323095      -1.0000000      -1.0000000      -1.0000000
      -1.0000000      -1.0000000      -1.0000000       67.539444       2.9459159
       69.827782
       1.0000000       75.000000       1.4719748      -1.0000000       2.0000000
    0.0047052251      0.10647328      -1.0000000      -1.0000000      -1.0000000
      -1.0000000      -1.0000000      -1.0000000      -1.0000000      -1.0000000
      -1.0000000
       0.0000000       74.000000       1.5312390      -1.0000000       307770.00
      0.14122485      0.62333679      -1.0000000      -1.0000000      -1.0000000
      -1.0000000      -1.0000000      -1.0000000       67.860634       2.8708835
       65.167603
       0.0000000       73.000000       1.6042346      -1.0000000       322128.00
      0.13329437      0.59400564      -1.0000000      -1.0000000      -1.0000000
      -1.0000000      -1.0000000      -1.0000000       72.456589       2.7810147
       56.377537
       0.0000000       72.000000       1.6666696      -1.0000000       316411.00
      0.11405895      0.55375153      -1.0000000      -1.0000000      -1.0000000
      -1.0000000      -1.0000000      -1.0000000       72.440208       2.7879102
       58.741810
       1.0000000       72.000000       1.6666696      -1.0000000       1.0000000
   0.00053527410       0.0000000      -1.0000000      -1.0000000      -1.0000000
      -1.0000000      -1.0000000      -1.0000000      -1.0000000      -1.0000000
      -1.0000000
       0.0000000       71.000000       1.7435706      -1.0000000       323660.00
      0.10406873      0.37806731      -1.0000000      -1.0000000      -1.0000000
      -1.0000000      -1.0000000      -1.0000000       65.137276       2.1951580
       65.627220
       0.0000000       70.000000       1.8226893      -1.0000000       314208.00
     0.095749177      0.41526648      -1.0000000      -1.0000000      -1.0000000
      -1.0000000      -1.0000000      -1.0000000       64.196022       2.3987677
       65.860489
       1.0000000       70.000000       1.8226893      -1.0000000       1.0000000
    0.0021541382     0.049726110      -1.0000000      -1.0000000      -1.0000000
      -1.0000000      -1.0000000      -1.0000000      -1.0000000      -1.0000000
      -1.0000000
       0.0000000       69.000000       1.9040896      -1.0000000       306884.00
     0.086513631      0.46239993      -1.0000000      -1.0000000      -1.0000000
      -1.0000000      -1.0000000      -1.0000000       63.781143       2.2299955
       63.923653
       0.0000000       68.000000       2.0020282      -1.0000000       296004.00
     0.073327951      0.37286612      -1.0000000      -1.0000000      -1.0000000
      -1.0000000      -1.0000000      -1.0000000       62.874245       1.8648674
       65.488235
       0.0000000       67.000000       2.1032696      -1.0000000       309116.00
     0.065667823      0.29245469      -1.0000000      -1.0000000      -1.0000000
      -1.0000000      -1.0000000      -1.0000000       63.022415       1.7974631
       62.554718
       0.0000000       66.000000       2.2079256      -1.0000000       295357.00
     0.061842598      0.27690428      -1.0000000      -1.0000000      -1.0000000
      -1.0000000      -1.0000000      -1.0000000       64.041130       1.5332143
       60.640789
       0.0000000       65.000000       2.3161108      -1.0000000       285691.00
     0.055518303      0.24292617      -1.0000000      -1.0000000      -1.0000000
      -1.0000000      -1.0000000      -1.0000000       63.345074       1.4503253
       61.481617
       0.0000000       64.000000       2.4442258      -1.0000000       276884.00
     0.047729515      0.30721608      -1.0000000      -1.0000000      -1.0000000
      -1.0000000      -1.0000000      -1.0000000       63.941200       1.5970098
       56.764160
       0.0000000       63.000000       2.5772903      -1.0000000       264181.00
     0.039167047      0.33710104      -1.0000000      -1.0000000      -1.0000000
      -1.0000000      -1.0000000      -1.0000000       63.046356       1.5851398
       54.130646
       1.0000000       63.000000       2.5772903      -1.0000000       1.0000000
   0.00025461661    0.0055995584      -1.0000000      -1.0000000      -1.0000000
      -1.0000000      -1.0000000      -1.0000000      -1.0000000      -1.0000000
      -1.0000000
       0.0000000       62.000000       2.7331426      -1.0000000       250216.00
     0.028062141      0.25605407      -1.0000000      -1.0000000      -1.0000000
      -1.0000000      -1.0000000      -1.0000000       57.146870       1.4197139
       61.787704
       1.0000000       62.000000       2.7331426      -1.0000000       1.0000000
   0.00031094800     0.010531080      -1.0000000      -1.0000000      -1.0000000
      -1.0000000      -1.0000000      -1.0000000      -1.0000000      -1.0000000
      -1.0000000
       0.0000000       61.000000       2.8957851      -1.0000000       237818.00
     0.028701227      0.27622586      -1.0000000      -1.0000000      -1.0000000
      -1.0000000      -1.0000000      -1.0000000       55.104446       1.6284068
       62.280140
