       0.0000000       135.00000       0.0000000       780.00000       378626.00
       6.3672543       1.5542743      0.54329538      0.65625000      0.63593513
       154.82082       143.08922       52.343895       114.65380       21.744959
       121.92332
       0.0000000       134.00000    0.0095216669       779.00000       376360.00
       6.3468761       1.3778691      0.54404116      0.65625000      0.63125497
       147.25795       147.63466       60.472298       114.54198       21.628962
       122.71307
       0.0000000       133.00000     0.023974428       786.00000       373218.00
       6.3433828       1.4680713      0.53884828      0.58620685      0.61811954
       143.84969       142.81917       77.777054       115.00691       21.780798
       122.02715
       0.0000000       132.00000     0.033724371       795.00000       372972.00
       6.2711573       1.6605173      0.53565788      0.67647058      0.61950415
       147.73776       139.74812       82.729301       115.80030       21.596649
       120.74915
       0.0000000       131.00000     0.048523631       904.00000       377266.00
       6.2589383       1.6325650      0.53842509      0.64516127      0.61391568
       155.23663       127.28000       85.366631       116.32092       21.638515
       119.01123
       0.0000000       130.00000     0.058507323       899.00000       374155.00
       6.2463021       1.5822158      0.53754616      0.65625000      0.61165023
       160.04237       129.07550       75.088181       116.41776       21.754015
       119.78762
       0.0000000       129.00000     0.073661387       908.00000       372031.00
       6.1874151       1.4566365      0.53825241      0.64516127      0.62175119
       153.69456       143.80197       67.679008       116.95731       21.487505
       119.06696
       0.0000000       128.00000     0.083884433       905.00000       369574.00
       6.2038465       1.2335858      0.53672820      0.64516127      0.60615671
       146.19040       153.18042       68.648445       117.36384       21.119305
       117.90325
       1.0000000       128.00000     0.083884433      -1.0000000       1.0000000
   0.00089732168     0.031902377      -1.0000000      -1.0000000      -1.0000000
      -1.0000000      -1.0000000      -1.0000000      -1.0000000      -1.0000000
      -1.0000000
       0.0000000       127.00000     0.099401802       912.00000       367638.00
       6.1582532       1.0990124      0.52862424      0.65625000      0.61816955
       123.48843       167.29527       79.723442       118.07871       20.942268
       116.45797
       0.0000000       126.00000      0.10986994       912.00000       365564.00
       6.1962800       1.0406762      0.52952898      0.64516127      0.59862286
       110.60887       171.61418       93.353325       118.93117       20.804220
       114.96809
       0.0000000       125.00000      0.12575933       905.00000       362741.00
       5.9518332       1.1151524      0.53270769      0.63333333      0.60485232
       94.039749       173.66191       114.85558       120.66582       19.934074
       112.72459
       0.0000000       124.00000      0.14187621       898.00000       358854.00
       6.2426476       1.3499911      0.53553545      0.64516127      0.60238588
       79.400566       166.10809       138.33588       122.81998       21.474918
       113.43621
       0.0000000       123.00000      0.15274876       896.00000       356960.00
       6.1479740       2.6294262      0.53590107      0.65625000      0.62252772
       75.682518       160.30200       151.16780       122.61775       22.345871
       111.82988
       0.0000000       122.00000      0.16925204       903.00000       354036.00
       6.0156589       2.5895512      0.52842337      0.61290324      0.60461283
       72.844841       155.68027       153.51987       122.62828       21.926270
       112.97074
       1.0000000       122.00000      0.16925204      -1.0000000       2.0000000
    0.0011216092       0.0000000      -1.0000000      -1.0000000      -1.0000000
      -1.0000000      -1.0000000      -1.0000000      -1.0000000      -1.0000000
      -1.0000000
       0.0000000       121.00000      0.18038526       917.00000       352010.00
       5.9854760       2.5182929      0.52389604      0.62500000      0.61066693
       73.236946       142.07654       163.16808       122.93959       21.990786
       113.30071
       1.0000000       121.00000      0.18038526      -1.0000000       1.0000000
   0.00015727735       0.0000000      -1.0000000      -1.0000000      -1.0000000
      -1.0000000      -1.0000000      -1.0000000      -1.0000000      -1.0000000
      -1.0000000
       0.0000000       120.00000      0.19728418       919.00000       349176.00
       5.8312416       2.6829376      0.52216113      0.70270270      0.60439897
       73.488998       122.63195       170.46817       123.03569       22.024353
       114.48414
       0.0000000       119.00000      0.21442504       917.00000       345907.00
       5.7224040       2.7018025      0.51219130      0.62500000      0.56087965
       93.399445       108.84043       165.95969       123.79527       21.830387
       115.48109
       0.0000000       118.00000      0.22598839       923.00000       344497.00
       5.6441126       2.9191341      0.49742955      0.65625000      0.58867943
       99.912964       110.59367       149.72856       123.76752       21.965637
       116.21898
       1.0000000       118.00000      0.22598839      -1.0000000       3.0000000
    0.0028221133       0.0000000      -1.0000000      -1.0000000      -1.0000000
      -1.0000000      -1.0000000      -1.0000000      -1.0000000      -1.0000000
      -1.0000000
       0.0000000       117.00000      0.24354018       925.00000       340151.00
       5.5229797       2.7010550      0.49750593      0.58620685      0.54728991
       103.96444       116.18616       135.12550       123.35368       21.710913
       118.88511
       1.0000000       117.00000      0.24354018      -1.0000000       1.0000000
       0.0000000       0.0000000      -1.0000000      -1.0000000      -1.0000000
      -1.0000000      -1.0000000      -1.0000000      -1.0000000      -1.0000000
      -1.0000000
       0.0000000       116.00000      0.26134327       924.00000       336549.00
       5.4580212       2.6007428      0.48835346      0.63333333      0.57683933
       86.219215       127.04650       130.58987       123.42253       21.715939
       120.64664
       1.0000000       116.00000      0.26134327      -1.0000000       1.0000000
   0.00023205319    0.0030334992      -1.0000000      -1.0000000      -1.0000000
      -1.0000000      -1.0000000      -1.0000000      -1.0000000      -1.0000000
      -1.0000000
       0.0000000       115.00000      0.27335334       924.00000       334096.00
       5.3972216       2.6506770      0.48966944      0.61290324      0.57572716
       68.157875       114.98135       148.85136       123.64671       21.733208
       121.79472
       0.0000000       114.00000      0.29158324       926.00000       330644.00
       5.3338509       2.1665988      0.49202552      0.61290324      0.53618217
       94.113960       71.476524       158.00557       123.62094       21.356705
       122.32516
       0.0000000       113.00000      0.31007412       939.00000       328187.00
       5.3062458       2.4628994      0.48988646      0.58620685      0.52467728
       119.65022       70.285004       137.74509       123.98988       21.619116
       121.77957
       0.0000000       112.00000      0.32882974       958.00000       324419.00
       5.2145395       2.0663018      0.48740676      0.63333333      0.56344658
       116.18782       89.368881       126.13271       125.02048       21.013065
       121.53621
       1.0000000       112.00000      0.32882974      -1.0000000       2.0000000
    0.0016141971     0.015968480      -1.0000000      -1.0000000      -1.0000000
      -1.0000000      -1.0000000      -1.0000000      -1.0000000      -1.0000000
      -1.0000000
       0.0000000       111.00000      0.34785384       961.00000       321750.00
       5.1620736       2.2296979      0.48443931      0.58620685      0.51563168
       94.044838       87.929634       142.34149       126.35909       20.992468
       121.44014
       0.0000000       110.00000      0.36068764       974.00000       320646.00
       5.1760001       2.3836043      0.48332578      0.64516127      0.54616612
       87.588959       69.271797       155.27625       127.28403       21.665688
       120.44826
       1.0000000       110.00000      0.36068764      -1.0000000       2.0000000
     0.010034047     0.036310092      -1.0000000      -1.0000000      -1.0000000
      -1.0000000      -1.0000000      -1.0000000      -1.0000000      -1.0000000
      -1.0000000
       0.0000000       109.00000      0.38016787       988.00000       317921.00
       5.0193772       2.5670197      0.48740134      0.57142854      0.51517713
       103.40883       38.467026       154.55260       128.18111       21.233377
       119.14713
       1.0000000       109.00000      0.38016787      -1.0000000       1.0000000
    0.0054902933     0.048522636      -1.0000000      -1.0000000      -1.0000000
      -1.0000000      -1.0000000      -1.0000000      -1.0000000      -1.0000000
      -1.0000000
       0.0000000       108.00000      0.39992696       1001.0000       316512.00
       5.0369673       2.3762941      0.47587264      0.66666669      0.53857106
       128.31961       34.457668       129.05318       128.43030       21.146652
       117.00151
       1.0000000       108.00000      0.39992696      -1.0000000       2.0000000
     0.011325085     0.078234820      -1.0000000      -1.0000000      -1.0000000
      -1.0000000      -1.0000000      -1.0000000      -1.0000000      -1.0000000
      -1.0000000
       0.0000000       107.00000      0.41996893       1022.0000       313876.00
       4.9376521       2.1650238      0.47657835      0.55555546      0.46728286
       130.66510       51.600990       118.35886       129.09224       20.895546
       116.72241
       1.0000000       107.00000      0.41996893      -1.0000000       1.0000000
    0.0010550194     0.029782552      -1.0000000      -1.0000000      -1.0000000
      -1.0000000      -1.0000000      -1.0000000      -1.0000000      -1.0000000
      -1.0000000
       0.0000000       106.00000      0.44029784       1023.0000       311431.00
       4.8510776       2.1607766      0.47784668      0.57142854      0.48625621
       125.43984       63.784634       114.55103       129.06741       20.345640
       116.84453
       1.0000000       106.00000      0.44029784      -1.0000000       1.0000000
       0.0000000       0.0000000      -1.0000000      -1.0000000      -1.0000000
      -1.0000000      -1.0000000      -1.0000000      -1.0000000      -1.0000000
      -1.0000000
       0.0000000       105.00000      0.46091780       1042.0000       308338.00
       4.7738724       2.0078361      0.47608325      0.58620685      0.52150929
       120.04379       78.224968       110.77121       128.38605       20.103544
       119.02188
       1.0000000       105.00000      0.46091780      -1.0000000       2.0000000
   0.00072669788     0.057874087      -1.0000000      -1.0000000      -1.0000000
      -1.0000000      -1.0000000      -1.0000000      -1.0000000      -1.0000000
      -1.0000000
       0.0000000       104.00000      0.48183295       1051.0000       304836.00
       4.7913985       2.3791332      0.47018808      0.55555546      0.45787442
       102.17933       94.452759       115.82376       127.62488       20.416573
       118.96280
       0.0000000       103.00000      0.50304753       1063.0000       300716.00
       4.5887790       1.7943624      0.46828482      0.58620685      0.47082859
       74.122574       89.220810       131.07339       126.19157       18.969706
       120.34619
       1.0000000       103.00000      0.50304753      -1.0000000       3.0000000
     0.026845066      0.14995398      -1.0000000      -1.0000000      -1.0000000
      -1.0000000      -1.0000000      -1.0000000      -1.0000000      -1.0000000
      -1.0000000
       0.0000000       102.00000      0.52456582       1079.0000       298825.00
       4.6546631       1.9354119      0.47051132      0.57142854      0.47138998
       62.769142       76.927925       146.97701       124.84098       19.165977
       120.71581
       1.0000000       102.00000      0.52456582      -1.0000000       2.0000000
     0.013127354     0.074976988      -1.0000000      -1.0000000      -1.0000000
      -1.0000000      -1.0000000      -1.0000000      -1.0000000      -1.0000000
      -1.0000000
       0.0000000       101.00000      0.54639220       1079.0000       295380.00
       4.5276027       1.5885557      0.46613547      0.57142854      0.46857238
       60.158974       62.099888       153.52440       124.63049       18.662605
       119.83979
       1.0000000       101.00000      0.54639220      -1.0000000       1.0000000
       0.0000000       0.0000000      -1.0000000      -1.0000000      -1.0000000
      -1.0000000      -1.0000000      -1.0000000      -1.0000000      -1.0000000
      -1.0000000
       0.0000000       100.00000      0.57598084       1086.0000       291632.00
       4.5209112       1.7131151      0.46276268      0.60000002      0.47905359
       58.662701       39.910606       162.21939       125.35847       18.514891
       116.67762
       1.0000000       100.00000      0.57598084      -1.0000000       2.0000000
    0.0023121161       0.0000000      -1.0000000      -1.0000000      -1.0000000
      -1.0000000      -1.0000000      -1.0000000      -1.0000000      -1.0000000
      -1.0000000
       0.0000000       99.000000      0.59854329       1100.0000       287726.00
       4.5203791       1.9952621      0.46240830      0.56666672      0.44346589
       78.423233       30.738033       157.54349       126.50133       19.005653
       113.73846
       0.0000000       98.000000      0.62142873       1128.0000       286008.00
       4.4309726       2.5250905      0.45792133      0.58620685      0.46144396
       81.778549       47.932152       149.65567       127.09422       19.016378
       112.10836
       1.0000000       98.000000      0.62142873      -1.0000000       1.0000000
    0.0041277874     0.062120546      -1.0000000      -1.0000000      -1.0000000
      -1.0000000      -1.0000000      -1.0000000      -1.0000000      -1.0000000
      -1.0000000
       0.0000000       97.000000      0.64464182       1135.0000       284016.00
       4.2949581       2.0382242      0.45828602      0.62500000      0.48152095
       68.965088       51.368679       152.32124       127.22511       18.178625
       110.26588
       1.0000000       97.000000      0.64464182      -1.0000000       2.0000000
    0.0019897607       0.0000000      -1.0000000      -1.0000000      -1.0000000
      -1.0000000      -1.0000000      -1.0000000      -1.0000000      -1.0000000
      -1.0000000
       0.0000000       96.000000      0.67611039       1111.0000       278842.00
       4.1708837       2.4231992      0.46048146      0.61290324      0.44691056
       95.275291       44.774380       140.17082       125.68176       18.025471
       111.55646
       1.0000000       96.000000      0.67611039      -1.0000000       2.0000000
    0.0019335593     0.028831864      -1.0000000      -1.0000000      -1.0000000
      -1.0000000      -1.0000000      -1.0000000      -1.0000000      -1.0000000
      -1.0000000
       0.0000000       95.000000      0.70010638       1180.0000       279734.00
       4.1374431       2.4430923      0.45439771      0.55172414      0.45319897
       85.236809       78.460541       129.99815       125.17700       18.264915
       110.29411
       1.0000000       95.000000      0.70010638      -1.0000000       1.0000000
    0.0019335593     0.028831864      -1.0000000      -1.0000000      -1.0000000
      -1.0000000      -1.0000000      -1.0000000      -1.0000000      -1.0000000
      -1.0000000
       0.0000000       94.000000      0.73263615       1212.0000       277923.00
       3.9479311       2.5556254      0.46062949      0.57575762      0.44633660
       32.695824       97.417664       136.30234       124.93877       17.225868
       111.80349
       1.0000000       94.000000      0.73263615      -1.0000000       4.0000000
    0.0065865954     0.070184341      -1.0000000      -1.0000000      -1.0000000
      -1.0000000      -1.0000000      -1.0000000      -1.0000000      -1.0000000
      -1.0000000
       0.0000000       93.000000      0.75744140       1276.0000       277042.00
       3.7721066       2.2795560      0.46256414      0.51612902      0.40680733
       13.486224       64.724060       163.54897       125.26936       16.119474
       111.60580
       1.0000000       93.000000      0.75744140      -1.0000000       1.0000000
   0.00069944019       0.0000000      -1.0000000      -1.0000000      -1.0000000
      -1.0000000      -1.0000000      -1.0000000      -1.0000000      -1.0000000
      -1.0000000
       0.0000000       92.000000      0.79106826       1292.0000       272246.00
       3.7256629       2.5707257      0.46864966      0.57575762      0.44415686
       52.498802       38.143494       159.56541       127.11349       16.451784
       110.98075
       1.0000000       92.000000      0.79106826      -1.0000000       3.0000000
    0.0014258157     0.026492396      -1.0000000      -1.0000000      -1.0000000
      -1.0000000      -1.0000000      -1.0000000      -1.0000000      -1.0000000
      -1.0000000
       0.0000000       91.000000      0.81671000       1302.0000       269251.00
       3.5952580       2.2755077      0.46336201      0.56250006      0.42974925
       57.592838       48.741337       147.01497       126.57114       15.981011
       111.38728
       1.0000000       91.000000      0.81671000      -1.0000000       3.0000000
     0.016354230      0.19098460      -1.0000000      -1.0000000      -1.0000000
      -1.0000000      -1.0000000      -1.0000000      -1.0000000      -1.0000000
      -1.0000000
       0.0000000       90.000000      0.85147089       1325.0000       266097.00
       3.5372360       2.1308489      0.45257095      0.57575762      0.37401667
       22.128414       58.544708       149.31471       126.08298       15.787706
       113.31515
       1.0000000       90.000000      0.85147089      -1.0000000       3.0000000
   0.00031710902       0.0000000      -1.0000000      -1.0000000      -1.0000000
      -1.0000000      -1.0000000      -1.0000000      -1.0000000      -1.0000000
      -1.0000000
       0.0000000       89.000000      0.88689691       1302.0000       260949.00
       3.4297504       1.8190998      0.45704719      0.53125000      0.36567640
       7.9943295       22.147360       158.63353       126.64497       14.748428
       114.11731
       1.0000000       89.000000      0.88689691      -1.0000000       1.0000000
    0.0016677171       0.0000000      -1.0000000      -1.0000000      -1.0000000
      -1.0000000      -1.0000000      -1.0000000      -1.0000000      -1.0000000
      -1.0000000
       0.0000000       88.000000      0.92300081       1301.0000       255652.00
       3.3806169       1.8884499      0.45396492      0.48387092      0.34048623
       20.757231       6.4559741       156.93948       127.25924       14.593879
       115.78268
       1.0000000       88.000000      0.92300081      -1.0000000       1.0000000
       0.0000000       0.0000000      -1.0000000      -1.0000000      -1.0000000
      -1.0000000      -1.0000000      -1.0000000      -1.0000000      -1.0000000
      -1.0000000
       0.0000000       87.000000      0.95053136       1332.0000       253987.00
       3.2830005       1.8974063      0.44064578      0.53125000      0.32667598
       24.793840       1.9264338       145.00343       127.33994       14.183289
       115.26756
       1.0000000       87.000000      0.95053136      -1.0000000       2.0000000
    0.0031229551     0.082669862      -1.0000000      -1.0000000      -1.0000000
      -1.0000000      -1.0000000      -1.0000000      -1.0000000      -1.0000000
      -1.0000000
       0.0000000       86.000000      0.98785281       1328.0000       248716.00
       3.2007718       1.5997338      0.44303021      0.51515150      0.33088338
       58.558865      -11.954875       136.69675       128.30571       13.732595
       115.56035
       1.0000000       86.000000      0.98785281      -1.0000000       1.0000000
     0.010154911      0.16266716      -1.0000000      -1.0000000      -1.0000000
      -1.0000000      -1.0000000      -1.0000000      -1.0000000      -1.0000000
      -1.0000000
       0.0000000       85.000000      0.99729425       1231.0000       242039.00
       3.1788814       1.5833691      0.43813515      0.54545456      0.33717591
       64.029671      -9.6483374       133.89732       127.41842       13.525866
       119.69068
       0.0000000       84.000000       1.0355104       1230.0000       236909.00
       3.0940762       2.1987836      0.44056031      0.50000000      0.35028949
       80.156937      -3.7393546       123.09942       128.08005       13.432038
       122.00549
       1.0000000       84.000000       1.0355104      -1.0000000       1.0000000
     0.021783438     0.025864119      -1.0000000      -1.0000000      -1.0000000
      -1.0000000      -1.0000000      -1.0000000      -1.0000000      -1.0000000
      -1.0000000
       0.0000000       83.000000       1.0744579       1214.0000       230362.00
       2.9765713       1.4215962      0.42865083      0.54545456      0.32497546
       94.744652       23.888126       101.42999       127.90218       12.333768
       122.94801
       1.0000000       83.000000       1.0744579      -1.0000000       1.0000000
    0.0094190510       0.0000000      -1.0000000      -1.0000000      -1.0000000
      -1.0000000      -1.0000000      -1.0000000      -1.0000000      -1.0000000
      -1.0000000
       0.0000000       82.000000       1.1141505       1266.0000       227263.00
       2.8761103       1.2556359      0.39879087      0.55882359      0.32259482
       69.462357       41.055046       94.400040       127.73908       11.344586
       126.13972
       1.0000000       82.000000       1.1141505      -1.0000000       2.0000000
    0.0067791110       0.0000000      -1.0000000      -1.0000000      -1.0000000
      -1.0000000      -1.0000000      -1.0000000      -1.0000000      -1.0000000
      -1.0000000
       0.0000000       81.000000       1.1546028       1208.0000       219713.00
       2.8420122       1.3461182      0.42255837      0.52941173      0.28362140
       64.924492       59.621216       103.87910       125.57805       11.187989
       132.05507
       1.0000000       81.000000       1.1546028      -1.0000000       3.0000000
    0.0040181230     0.094664752      -1.0000000      -1.0000000      -1.0000000
      -1.0000000      -1.0000000      -1.0000000      -1.0000000      -1.0000000
      -1.0000000
       0.0000000       80.000000       1.2062581       1134.0000       207696.00
       2.7725208       1.7544938      0.44728360      0.51612902      0.36052403
       57.590042       73.495888       125.76683       125.47211       11.607597
       136.58533
       1.0000000       80.000000       1.2062581      -1.0000000       2.0000000
     0.045780610      0.24523588      -1.0000000      -1.0000000      -1.0000000
      -1.0000000      -1.0000000      -1.0000000      -1.0000000      -1.0000000
      -1.0000000
       0.0000000       79.000000       1.2484726       1147.0000       204303.00
       2.6590385       1.7633610      0.43475187      0.45161289      0.30698261
       31.860231       54.961174       125.50000       128.33095       11.145354
       137.57249
       1.0000000       79.000000       1.2484726      -1.0000000       3.0000000
    0.0036892777     0.046189912      -1.0000000      -1.0000000      -1.0000000
      -1.0000000      -1.0000000      -1.0000000      -1.0000000      -1.0000000
      -1.0000000
       0.0000000       78.000000       1.3023784       1129.0000       197028.00
       2.5531147       1.8641236      0.40915638      0.48387092      0.29751521
       30.686796       3.0369647       123.47825       130.23570       11.045572
       140.26942
       1.0000000       78.000000       1.3023784      -1.0000000       1.0000000
   0.00013509298       0.0000000      -1.0000000      -1.0000000      -1.0000000
      -1.0000000      -1.0000000      -1.0000000      -1.0000000      -1.0000000
      -1.0000000
       0.0000000       77.000000       1.3575766       1117.0000       189906.00
       2.4468434       1.7808748      0.39918444      0.52941173      0.22221020
       39.584652      -8.7397165       98.115501       129.71271       10.796473
       143.64175
       1.0000000       77.000000       1.3575766      -1.0000000       3.0000000
    0.0092094381      0.17860762      -1.0000000      -1.0000000      -1.0000000
      -1.0000000      -1.0000000      -1.0000000      -1.0000000      -1.0000000
      -1.0000000
       0.0000000       76.000000       1.4140983       1081.0000       181472.00
       2.2605350       2.1998796      0.37357426      0.40625006      0.19874234
       41.460869      -13.294318       59.139069       132.20360       10.686484
       145.97263
       1.0000000       76.000000       1.4140983      -1.0000000       6.0000000
    0.0049888860     0.092236483      -1.0000000      -1.0000000      -1.0000000
      -1.0000000      -1.0000000      -1.0000000      -1.0000000      -1.0000000
      -1.0000000
       0.0000000       75.000000       1.4719748       1085.0000       175374.00
       2.0598140       1.9332975      0.32805198      0.26666665      0.13182326
       44.929787      -24.906099       16.307325       133.35381       10.984697
       148.76537
       1.0000000       75.000000       1.4719748      -1.0000000       3.0000000
     0.012747937      0.25353053      -1.0000000      -1.0000000      -1.0000000
      -1.0000000      -1.0000000      -1.0000000      -1.0000000      -1.0000000
      -1.0000000
       0.0000000       74.000000       1.5312390       1063.0000       169164.00
       1.8883673       1.4923594      0.35017189      0.30000001      0.13365266
       36.169998       12.726794       10.652766       134.53833       10.083220
       144.16243
       1.0000000       74.000000       1.5312390      -1.0000000       2.0000000
       0.0000000       0.0000000      -1.0000000      -1.0000000      -1.0000000
      -1.0000000      -1.0000000      -1.0000000      -1.0000000      -1.0000000
      -1.0000000
       0.0000000       73.000000       1.6042346       1028.0000       159544.00
       1.7984710       1.4315413      0.31712008      0.38235301      0.17104878
      -8.1151886       29.148829       16.813293       137.35767       9.4482298
       144.21468
       1.0000000       73.000000       1.6042346      -1.0000000       3.0000000
    0.0034643828     0.083976336      -1.0000000      -1.0000000      -1.0000000
      -1.0000000      -1.0000000      -1.0000000      -1.0000000      -1.0000000
      -1.0000000
       0.0000000       72.000000       1.6666696       975.00000       151048.00
       1.6413280       1.2800426      0.38459960      0.35483867      0.22003874
      -28.154020       9.4506865       28.603897       137.00241       8.3283024
       145.21347
       1.0000000       72.000000       1.6666696      -1.0000000       3.0000000
    0.0011880379     0.013419829      -1.0000000      -1.0000000      -1.0000000
      -1.0000000      -1.0000000      -1.0000000      -1.0000000      -1.0000000
      -1.0000000
       0.0000000       71.000000       1.7435706       981.00000       144144.00
       1.4423739       1.9426185      0.39772031      0.51428568      0.24912445
      -93.489098      -7.3472104       24.599930       136.75185       8.9730129
       147.99165
       1.0000000       71.000000       1.7435706      -1.0000000       5.0000000
     0.029532325      0.10519573      -1.0000000      -1.0000000      -1.0000000
      -1.0000000      -1.0000000      -1.0000000      -1.0000000      -1.0000000
      -1.0000000
       0.0000000       70.000000       1.8226893       1030.0000       140635.00
       1.3664275       1.9333119      0.43833214      0.66666663      0.36463457
      -156.43817      -4.8419938       76.940681       135.29384       9.6685553
       150.69614
       1.0000000       70.000000       1.8226893      -1.0000000       1.0000000
       0.0000000       0.0000000      -1.0000000      -1.0000000      -1.0000000
      -1.0000000      -1.0000000      -1.0000000      -1.0000000      -1.0000000
      -1.0000000
       0.0000000       69.000000       1.9040896      -1.0000000       137512.00
       1.1822890       1.7234856      -1.0000000      -1.0000000      -1.0000000
      -1.0000000      -1.0000000      -1.0000000       133.85271       8.6982756
       145.20416
       1.0000000       69.000000       1.9040896      -1.0000000       4.0000000
   0.00077175113     0.093591753      -1.0000000      -1.0000000      -1.0000000
      -1.0000000      -1.0000000      -1.0000000      -1.0000000      -1.0000000
      -1.0000000
       0.0000000       68.000000       2.0020282      -1.0000000       131013.00
       1.0558763       1.5785322      -1.0000000      -1.0000000      -1.0000000
      -1.0000000      -1.0000000      -1.0000000       131.50327       8.6021433
       144.19763
       1.0000000       68.000000       2.0020282      -1.0000000       2.0000000
   0.00083551143     0.043431576      -1.0000000      -1.0000000      -1.0000000
      -1.0000000      -1.0000000      -1.0000000      -1.0000000      -1.0000000
      -1.0000000
       0.0000000       67.000000       2.1032696      -1.0000000       126496.00
      0.97701192       1.7594787      -1.0000000      -1.0000000      -1.0000000
      -1.0000000      -1.0000000      -1.0000000       132.62285       9.9266109
       134.43335
       1.0000000       67.000000       2.1032696      -1.0000000       2.0000000
   0.00068593095    0.0060675913      -1.0000000      -1.0000000      -1.0000000
      -1.0000000      -1.0000000      -1.0000000      -1.0000000      -1.0000000
      -1.0000000
       0.0000000       66.000000       2.2079256      -1.0000000       118923.00
      0.82716984       1.5464007      -1.0000000      -1.0000000      -1.0000000
      -1.0000000      -1.0000000      -1.0000000       129.22658       9.2823362
       120.82590
       1.0000000       66.000000       2.2079256      -1.0000000       3.0000000
     0.010753696      0.22601717      -1.0000000      -1.0000000      -1.0000000
      -1.0000000      -1.0000000      -1.0000000      -1.0000000      -1.0000000
      -1.0000000
       0.0000000       65.000000       2.3161108      -1.0000000       110058.00
      0.70824569       2.1823368      -1.0000000      -1.0000000      -1.0000000
      -1.0000000      -1.0000000      -1.0000000       127.62108       9.3101406
       114.19530
       1.0000000       65.000000       2.3161108      -1.0000000       1.0000000
    0.0026037795       0.0000000      -1.0000000      -1.0000000      -1.0000000
      -1.0000000      -1.0000000      -1.0000000      -1.0000000      -1.0000000
      -1.0000000
       0.0000000       64.000000       2.4442258      -1.0000000       104849.00
      0.52124506       1.3284094      -1.0000000      -1.0000000      -1.0000000
      -1.0000000      -1.0000000      -1.0000000       117.72763       6.4584332
       125.27141
       1.0000000       64.000000       2.4442258      -1.0000000       1.0000000
   0.00056674628       0.0000000      -1.0000000      -1.0000000      -1.0000000
      -1.0000000      -1.0000000      -1.0000000      -1.0000000      -1.0000000
      -1.0000000
       0.0000000       63.000000       2.5772903      -1.0000000       95677.000
      0.47067168       1.3098713      -1.0000000      -1.0000000      -1.0000000
      -1.0000000      -1.0000000      -1.0000000       111.17030       7.0800681
       135.10765
       1.0000000       63.000000       2.5772903      -1.0000000       1.0000000
    0.0063974513     0.049272954      -1.0000000      -1.0000000      -1.0000000
      -1.0000000      -1.0000000      -1.0000000      -1.0000000      -1.0000000
      -1.0000000
       0.0000000       62.000000       2.7331426      -1.0000000       88337.000
      0.34793204      0.95576042      -1.0000000      -1.0000000      -1.0000000
      -1.0000000      -1.0000000      -1.0000000       110.90171       5.8948092
       122.82510
       2.0000000       62.000000       2.7331426      0.41541857       58.000000
     0.047244169      0.36740011      -1.0000000      -1.0000000      -1.0000000
      -1.0000000      -1.0000000      -1.0000000      -1.0000000      -1.0000000
      -1.0000000
       1.0000000       62.000000       2.7331426      -1.0000000       2.0000000
       0.0000000       0.0000000      -1.0000000      -1.0000000      -1.0000000
      -1.0000000      -1.0000000      -1.0000000      -1.0000000      -1.0000000
      -1.0000000
       0.0000000       61.000000       2.8957851      -1.0000000       79186.000
      0.28612009       1.0054247      -1.0000000      -1.0000000      -1.0000000
      -1.0000000      -1.0000000      -1.0000000       120.85264       4.7144470
       102.87238
       1.0000000       61.000000       2.8957851      -1.0000000       2.0000000
     0.025651073     0.040243303      -1.0000000      -1.0000000      -1.0000000
      -1.0000000      -1.0000000      -1.0000000      -1.0000000      -1.0000000
      -1.0000000
       0.0000000       60.000000       3.0081310      -1.0000000       79680.000
      0.24053736      0.83457452      -1.0000000      -1.0000000      -1.0000000
      -1.0000000      -1.0000000      -1.0000000       124.31570       4.7828679
       90.680336
       1.0000000       60.000000       3.0081310      -1.0000000       1.0000000
   0.00042982266       0.0000000      -1.0000000      -1.0000000      -1.0000000
      -1.0000000      -1.0000000      -1.0000000      -1.0000000      -1.0000000
      -1.0000000
       0.0000000       59.000000       3.0848227      -1.0000000       78563.000
      0.21213473      0.55486745      -1.0000000      -1.0000000      -1.0000000
      -1.0000000      -1.0000000      -1.0000000       119.20817       2.9809091
       96.271355
       1.0000000       59.000000       3.0848227      -1.0000000       2.0000000
       0.0000000       0.0000000      -1.0000000      -1.0000000      -1.0000000
      -1.0000000      -1.0000000      -1.0000000      -1.0000000      -1.0000000
      -1.0000000
       0.0000000       58.000000       3.2830331      -1.0000000       83279.000
      0.15003380      0.60466975      -1.0000000      -1.0000000      -1.0000000
      -1.0000000      -1.0000000      -1.0000000       104.37074       2.1988015
       86.744598
       1.0000000       58.000000       3.2830331      -1.0000000       4.0000000
    0.0014809732     0.019575924      -1.0000000      -1.0000000      -1.0000000
      -1.0000000      -1.0000000      -1.0000000      -1.0000000      -1.0000000
      -1.0000000
       0.0000000       57.000000       3.4908614      -1.0000000       74414.000
      0.11372667      0.19300784      -1.0000000      -1.0000000      -1.0000000
      -1.0000000      -1.0000000      -1.0000000       86.242836       1.2604207
       91.451614
       1.0000000       57.000000       3.4908614      -1.0000000       5.0000000
    0.0010671994     0.035332751      -1.0000000      -1.0000000      -1.0000000
      -1.0000000      -1.0000000      -1.0000000      -1.0000000      -1.0000000
      -1.0000000
