       0.0000000       135.00000       0.0000000       1124.0000       403323.00
       6.3402181       2.3391759      0.44313088      0.61290324      0.39821327
       147.32637       12.999503       83.766861       113.31243       28.157124
       86.022949
       0.0000000       134.00000    0.0095216669       1123.0000       400814.00
       6.2681246       2.4393692      0.44234756      0.60000002      0.39883885
       145.54893       12.494959       84.379997       113.48622       27.997961
       85.857208
       1.0000000       134.00000    0.0095216669      -1.0000000       1.0000000
    0.0020250138     0.017816380      -1.0000000      -1.0000000      -1.0000000
      -1.0000000      -1.0000000      -1.0000000      -1.0000000      -1.0000000
      -1.0000000
       0.0000000       133.00000     0.023974428       1124.0000       397301.00
       6.2781491       2.5553982      0.44623479      0.61290324      0.40445659
       148.56639       10.379807       81.783592       113.68651       28.092684
       86.323463
       0.0000000       132.00000     0.033724371       1125.0000       396414.00
       6.2431035       2.5275097      0.44135875      0.60000002      0.40458229
       152.58443       12.089694       77.436134       114.08844       28.220125
       86.593040
       1.0000000       132.00000     0.033724371      -1.0000000       1.0000000
       0.0000000       0.0000000      -1.0000000      -1.0000000      -1.0000000
      -1.0000000      -1.0000000      -1.0000000      -1.0000000      -1.0000000
      -1.0000000
       0.0000000       131.00000     0.048523631       1073.0000       389008.00
       6.2240844       2.5489030      0.43801135      0.61290324      0.38988808
       151.34450       16.562782       76.821220       113.77118       27.968842
       86.454422
       0.0000000       130.00000     0.058507323       1074.0000       386178.00
       6.1847830       2.5628338      0.43483984      0.55172414      0.37871173
       147.46255       18.825167       77.855881       113.72738       27.801914
       86.985695
       1.0000000       130.00000     0.058507323      -1.0000000       1.0000000
    0.0045686793     0.056886192      -1.0000000      -1.0000000      -1.0000000
      -1.0000000      -1.0000000      -1.0000000      -1.0000000      -1.0000000
      -1.0000000
       0.0000000       129.00000     0.073661387       1136.0000       387359.00
       6.1539011       2.6321845      0.43356454      0.60000002      0.37765765
       142.42354       17.186905       86.065666       113.44843       28.119051
       88.429771
       0.0000000       128.00000     0.083884433       1059.0000       380232.00
       6.0975037       2.5640490      0.42887035      0.55172414      0.37466761
       140.78828       12.239302       88.562279       113.41416       27.436485
       89.700630
       0.0000000       127.00000     0.099401802       1132.0000       382431.00
       6.1033239       2.6050718      0.42742911      0.60000002      0.37623286
       141.01819       7.6765485       86.927261       113.05310       27.645487
       91.574158
       1.0000000       127.00000     0.099401802      -1.0000000       1.0000000
    0.0045686793     0.056886192      -1.0000000      -1.0000000      -1.0000000
      -1.0000000      -1.0000000      -1.0000000      -1.0000000      -1.0000000
      -1.0000000
       0.0000000       126.00000      0.10986994       1061.0000       375923.00
       6.0128474       2.5690002      0.42657295      0.60000002      0.38449734
       140.52568       7.2553363       85.131233       112.69719       26.952772
       92.696480
       0.0000000       125.00000      0.12575933       1058.0000       373372.00
       6.0492773       2.6139212      0.42315599      0.58620685      0.36432707
       143.82988      -3.7670102       83.036491       112.47304       27.462433
       94.305428
       1.0000000       125.00000      0.12575933      -1.0000000       1.0000000
   0.00041220887     0.023928804      -1.0000000      -1.0000000      -1.0000000
      -1.0000000      -1.0000000      -1.0000000      -1.0000000      -1.0000000
      -1.0000000
       0.0000000       124.00000      0.14187621       1062.0000       370127.00
       5.9860253       2.2412183      0.42242822      0.60000002      0.35581937
       145.57718      -9.1412086       72.420082       112.76263       26.306835
       95.185684
       0.0000000       123.00000      0.15274876       1044.0000       367312.00
       5.9599166       2.0758939      0.41809446      0.53571427      0.36121464
       146.39725      -5.2288694       66.421837       112.55383       26.467350
       95.242325
       0.0000000       122.00000      0.16925204       1029.0000       362801.00
       5.9681115       1.7852744      0.40447122      0.51851851      0.34449252
       144.84601     -0.71040928       55.953239       113.16258       26.212355
       95.548393
       0.0000000       121.00000      0.18038526       1025.0000       359339.00
       5.9825048       1.7290968      0.40497485      0.58620685      0.34640136
       146.44806       9.0525866       50.817368       114.07587       26.368412
       95.947601
       1.0000000       121.00000      0.18038526      -1.0000000       1.0000000
    0.0060796691     0.068749256      -1.0000000      -1.0000000      -1.0000000
      -1.0000000      -1.0000000      -1.0000000      -1.0000000      -1.0000000
      -1.0000000
       0.0000000       120.00000      0.19728418       987.00000       353890.00
       6.0244575       1.9842769      0.39671108      0.60000002      0.31872758
       138.04634       29.768251       59.989552       116.76824       27.614267
       97.801414
       1.0000000       120.00000      0.19728418      -1.0000000       1.0000000
    0.0060796691     0.068749256      -1.0000000      -1.0000000      -1.0000000
      -1.0000000      -1.0000000      -1.0000000      -1.0000000      -1.0000000
      -1.0000000
       0.0000000       119.00000      0.21442504       987.00000       350901.00
       5.9645743       4.4470735      0.39818943      0.62500000      0.32134551
       127.57326       18.574640       80.342682       117.51304       28.555368
       97.046265
       1.0000000       119.00000      0.21442504      -1.0000000       3.0000000
   0.00051293499     0.011348404      -1.0000000      -1.0000000      -1.0000000
      -1.0000000      -1.0000000      -1.0000000      -1.0000000      -1.0000000
      -1.0000000
       0.0000000       118.00000      0.22598839       991.00000       349332.00
       5.9214520       4.2508898      0.40467444      0.54838705      0.31676367
       121.13852       8.3985720       86.312180       117.50318       28.616001
       97.386856
       1.0000000       118.00000      0.22598839      -1.0000000       1.0000000
    0.0029349367     0.042715970      -1.0000000      -1.0000000      -1.0000000
      -1.0000000      -1.0000000      -1.0000000      -1.0000000      -1.0000000
      -1.0000000
       0.0000000       117.00000      0.24354018       986.00000       344530.00
       5.6071072       3.5695055      0.42914245      0.60000002      0.41441679
       138.26399      -10.488141       94.410820       119.66510       26.893717
       97.151245
       1.0000000       117.00000      0.24354018      -1.0000000       2.0000000
     0.010471549      0.14519292      -1.0000000      -1.0000000      -1.0000000
      -1.0000000      -1.0000000      -1.0000000      -1.0000000      -1.0000000
      -1.0000000
       0.0000000       116.00000      0.26134327       966.00000       339796.00
       5.9325809       2.8849146      0.41361958      0.70454550      0.44049633
       180.43527      -22.399406       112.80149       123.38570       27.692516
       95.479340
       2.0000000       116.00000      0.26134327      0.27643985       110.00000
       1.1742989       1.2679940      -1.0000000      -1.0000000      -1.0000000
      -1.0000000      -1.0000000      -1.0000000      -1.0000000      -1.0000000
      -1.0000000
       1.0000000       116.00000      0.26134327      -1.0000000       2.0000000
       0.0000000       0.0000000      -1.0000000      -1.0000000      -1.0000000
      -1.0000000      -1.0000000      -1.0000000      -1.0000000      -1.0000000
      -1.0000000
       0.0000000       115.00000      0.27335334       950.00000       335914.00
       5.1748915       2.5399625      0.43424445      0.57575762      0.36769271
       144.96214      -53.279266       65.956024       122.53268       24.214970
       94.279083
       1.0000000       115.00000      0.27335334      -1.0000000       1.0000000
       0.0000000       0.0000000      -1.0000000      -1.0000000      -1.0000000
      -1.0000000      -1.0000000      -1.0000000      -1.0000000      -1.0000000
      -1.0000000
       0.0000000       114.00000      0.29158324       931.00000       331047.00
       4.6941109       2.9776168      0.45361435      0.56250006      0.35696802
       148.72768      -65.091759       48.104713       125.28950       23.039520
       91.420670
       1.0000000       114.00000      0.29158324      -1.0000000       2.0000000
     0.013094116     0.026067259      -1.0000000      -1.0000000      -1.0000000
      -1.0000000      -1.0000000      -1.0000000      -1.0000000      -1.0000000
      -1.0000000
       0.0000000       113.00000      0.31007412       917.00000       326455.00
       5.0000534       4.1519537      0.45131701      0.58333337      0.41048628
       182.79826      -59.189545       13.577076       132.17531       28.176497
       88.793282
       0.0000000       112.00000      0.32882974       908.00000       320617.00
       4.5382333       4.3409781      0.45535925      0.54838705      0.37442353
       164.95058       28.586458      -5.2636847       128.94339       24.137209
       100.15472
       0.0000000       111.00000      0.34785384       903.00000       317398.00
       4.2479362       2.8057630      0.44804332      0.54838705      0.29331306
       138.47350       27.062141       38.594406       117.18720       19.004930
       118.08128
       0.0000000       110.00000      0.36068764       899.00000       315164.00
       4.1997838       2.4813299      0.45160437      0.60000002      0.32663676
       146.92412     0.025137290       51.929031       114.10996       18.376785
       127.04723
       0.0000000       109.00000      0.38016787       886.00000       310280.00
       4.1131468       2.2648051      0.44703797      0.51612902      0.30147576
       149.87068      -4.6442680       23.919653       112.80064       18.132395
       133.40036
       0.0000000       108.00000      0.39992696       858.00000       305826.00
       4.0812020       2.6121938      0.46254653      0.56250006      0.25870773
       153.65582       31.466143       20.458912       114.45645       18.030062
       138.32056
       1.0000000       108.00000      0.39992696      -1.0000000       1.0000000
   0.00026289807     0.011290993      -1.0000000      -1.0000000      -1.0000000
      -1.0000000      -1.0000000      -1.0000000      -1.0000000      -1.0000000
      -1.0000000
       0.0000000       107.00000      0.41996893       841.00000       300416.00
       3.9671962       3.1389136      0.45126623      0.56250006      0.23731923
       137.70015       18.739752       28.330835       115.41959       19.107834
       143.46977
       1.0000000       107.00000      0.41996893      -1.0000000       5.0000000
     0.070532444      0.48195247      -1.0000000      -1.0000000      -1.0000000
      -1.0000000      -1.0000000      -1.0000000      -1.0000000      -1.0000000
      -1.0000000
       0.0000000       106.00000      0.44029784       823.00000       296177.00
       3.8078823       3.4520051      0.41567883      0.66666663      0.27608249
       117.24632       14.727424       26.512562       116.36435       19.596010
       147.65073
       1.0000000       106.00000      0.44029784      -1.0000000       3.0000000
     0.016400056      0.15757544      -1.0000000      -1.0000000      -1.0000000
      -1.0000000      -1.0000000      -1.0000000      -1.0000000      -1.0000000
      -1.0000000
       0.0000000       105.00000      0.46091780       832.00000       292772.00
       3.7671502       3.2792783      0.34892252      0.61111116      0.14114711
       72.799797       5.5048771      -16.574017       118.27941       20.010666
       148.40398
       2.0000000       105.00000      0.46091780      0.33701983       98.000000
      0.73117405      0.70933193      -1.0000000      -1.0000000      -1.0000000
      -1.0000000      -1.0000000      -1.0000000      -1.0000000      -1.0000000
      -1.0000000
       0.0000000       104.00000      0.48183295       833.00000       288904.00
       3.4332898       3.3532679      0.38434288      0.37931031      0.15732667
      -8.9665136      -28.904976      -7.4229913       119.66454       19.785173
       150.34489
       1.0000000       104.00000      0.48183295      -1.0000000       2.0000000
       0.0000000       0.0000000      -1.0000000      -1.0000000      -1.0000000
      -1.0000000      -1.0000000      -1.0000000      -1.0000000      -1.0000000
      -1.0000000
       0.0000000       103.00000      0.50304753       833.00000       283961.00
       3.2910943       3.3902144      0.36437726      0.37037033      0.26814142
      -19.947330      -52.265755       18.682707       123.93012       21.522848
       151.91176
       1.0000000       103.00000      0.50304753      -1.0000000       1.0000000
   0.00059163693       0.0000000      -1.0000000      -1.0000000      -1.0000000
      -1.0000000      -1.0000000      -1.0000000      -1.0000000      -1.0000000
      -1.0000000
       0.0000000       102.00000      0.52456582       823.00000       280189.00
       3.6588011       3.2779999      0.33592755      0.63157892      0.37054959
      -14.982531      -58.255184       64.698708       127.38441       22.822651
       146.75154
       1.0000000       102.00000      0.52456582      -1.0000000       1.0000000
   0.00050741184     0.012714520      -1.0000000      -1.0000000      -1.0000000
      -1.0000000      -1.0000000      -1.0000000      -1.0000000      -1.0000000
      -1.0000000
       0.0000000       101.00000      0.54639220       816.00000       275970.00
       2.7749672       3.1179268      0.39059612      0.33333325      0.35104677
      -108.69305      -26.334288       83.412659       125.33170       17.364214
       140.64084
       1.0000000       101.00000      0.54639220      -1.0000000       1.0000000
       0.0000000       0.0000000      -1.0000000      -1.0000000      -1.0000000
      -1.0000000      -1.0000000      -1.0000000      -1.0000000      -1.0000000
      -1.0000000
       0.0000000       100.00000      0.57598084       824.00000       272911.00
       2.6463568       3.3436666      0.45374256      0.51612902      0.45333073
      -180.49254      -2.1754105       77.873680       127.87764       18.434059
       133.40088
       1.0000000       100.00000      0.57598084      -1.0000000       2.0000000
   0.00095012027     0.012049820      -1.0000000      -1.0000000      -1.0000000
      -1.0000000      -1.0000000      -1.0000000      -1.0000000      -1.0000000
      -1.0000000
       0.0000000       99.000000      0.59854329       901.00000       274208.00
       2.4917037       3.4892089      0.46503958      0.53125000      0.47458053
      -241.66481       45.226803       30.936792       133.08101       17.418951
       130.23303
       1.0000000       99.000000      0.59854329      -1.0000000       1.0000000
       0.0000000       0.0000000      -1.0000000      -1.0000000      -1.0000000
      -1.0000000      -1.0000000      -1.0000000      -1.0000000      -1.0000000
      -1.0000000
       0.0000000       98.000000      0.62142873       912.00000       271339.00
       2.4401422       4.2074871      0.43799475      0.72340429      0.44511700
      -252.82320       78.534851      -13.214181       138.35361       18.985138
       130.76118
       1.0000000       98.000000      0.62142873      -1.0000000       1.0000000
    0.0018568924     0.028891986      -1.0000000      -1.0000000      -1.0000000
      -1.0000000      -1.0000000      -1.0000000      -1.0000000      -1.0000000
      -1.0000000
       0.0000000       97.000000      0.64464182       904.00000       267926.00
       2.1695282       4.5738420      0.45663366      0.64864868      0.42614672
      -292.49847       63.992298      -79.674110       134.98256       19.040977
       134.03667
       1.0000000       97.000000      0.64464182      -1.0000000       3.0000000
     0.011548416      0.22485151      -1.0000000      -1.0000000      -1.0000000
      -1.0000000      -1.0000000      -1.0000000      -1.0000000      -1.0000000
      -1.0000000
       0.0000000       96.000000      0.67611039       914.00000       264958.00
       2.0039566       4.8798447      0.48633039      0.61290324      0.55907893
      -313.74481       17.454216      -75.941856       128.63631       21.494650
       132.78145
       1.0000000       96.000000      0.67611039      -1.0000000       3.0000000
     0.019578878      0.19909765      -1.0000000      -1.0000000      -1.0000000
      -1.0000000      -1.0000000      -1.0000000      -1.0000000      -1.0000000
      -1.0000000
       0.0000000       95.000000      0.70010638       931.00000       262517.00
       1.9059896       5.4131331      0.46934643      0.75609756      0.48682433
      -339.30664       10.152503      -117.32126       128.86977       22.843033
       136.33580
       1.0000000       95.000000      0.70010638      -1.0000000       5.0000000
     0.034851139      0.35029992      -1.0000000      -1.0000000      -1.0000000
      -1.0000000      -1.0000000      -1.0000000      -1.0000000      -1.0000000
      -1.0000000
       0.0000000       94.000000      0.73263615       957.00000       260486.00
       1.7830867       4.3735604      0.46170545      0.64285713      0.46562418
      -232.05449      -24.629633      -156.36409       118.60940       21.871565
       139.87476
       1.0000000       94.000000      0.73263615      -1.0000000       2.0000000
     0.012736307      0.14846708      -1.0000000      -1.0000000      -1.0000000
      -1.0000000      -1.0000000      -1.0000000      -1.0000000      -1.0000000
      -1.0000000
       0.0000000       93.000000      0.75744140       967.00000       256720.00
       1.6516927       3.6281018      0.45393938      0.71428573      0.43903008
      -211.88699      -74.562218      -150.75905       116.53091       19.605000
       140.39899
       1.0000000       93.000000      0.75744140      -1.0000000       1.0000000
    0.0032770764     0.017295541      -1.0000000      -1.0000000      -1.0000000
      -1.0000000      -1.0000000      -1.0000000      -1.0000000      -1.0000000
      -1.0000000
       0.0000000       92.000000      0.79106826       954.00000       250079.00
       1.5991657       3.6617758      0.46233991      0.67741930      0.49400297
      -216.14053      -131.99950      -77.975761       114.86343       19.046925
       135.76903
       1.0000000       92.000000      0.79106826      -1.0000000       2.0000000
   0.00026975616    0.0063728392      -1.0000000      -1.0000000      -1.0000000
      -1.0000000      -1.0000000      -1.0000000      -1.0000000      -1.0000000
      -1.0000000
       0.0000000       91.000000      0.81671000      -1.0000000       247024.00
       1.5444063       3.7566504      -1.0000000      -1.0000000      -1.0000000
      -1.0000000      -1.0000000      -1.0000000       110.35450       19.193506
       125.49184
       1.0000000       91.000000      0.81671000      -1.0000000       2.0000000
   0.00051011378     0.022078235      -1.0000000      -1.0000000      -1.0000000
      -1.0000000      -1.0000000      -1.0000000      -1.0000000      -1.0000000
      -1.0000000
       0.0000000       90.000000      0.85147089      -1.0000000       243016.00
       1.4586498       3.2985590      -1.0000000      -1.0000000      -1.0000000
      -1.0000000      -1.0000000      -1.0000000       106.04018       17.346384
       114.20340
       1.0000000       90.000000      0.85147089      -1.0000000       3.0000000
    0.0067482961     0.091754951      -1.0000000      -1.0000000      -1.0000000
      -1.0000000      -1.0000000      -1.0000000      -1.0000000      -1.0000000
      -1.0000000
       0.0000000       89.000000      0.88689691      -1.0000000       240526.00
       1.3706126       3.4536850      -1.0000000      -1.0000000      -1.0000000
      -1.0000000      -1.0000000      -1.0000000       104.55812       17.932024
       112.67226
       1.0000000       89.000000      0.88689691      -1.0000000       3.0000000
    0.0059008279     0.085597109      -1.0000000      -1.0000000      -1.0000000
      -1.0000000      -1.0000000      -1.0000000      -1.0000000      -1.0000000
      -1.0000000
       0.0000000       88.000000      0.92300081      -1.0000000       235427.00
       1.3424104       4.2302346      -1.0000000      -1.0000000      -1.0000000
      -1.0000000      -1.0000000      -1.0000000       103.54182       18.562002
       114.34298
       1.0000000       88.000000      0.92300081      -1.0000000       1.0000000
    0.0010440398     0.026530169      -1.0000000      -1.0000000      -1.0000000
      -1.0000000      -1.0000000      -1.0000000      -1.0000000      -1.0000000
      -1.0000000
       0.0000000       87.000000      0.95053136      -1.0000000       233206.00
       1.1930845       4.1363230      -1.0000000      -1.0000000      -1.0000000
      -1.0000000      -1.0000000      -1.0000000       102.65405       16.292761
       112.25834
       1.0000000       87.000000      0.95053136      -1.0000000       1.0000000
    0.0046925703     0.068917766      -1.0000000      -1.0000000      -1.0000000
      -1.0000000      -1.0000000      -1.0000000      -1.0000000      -1.0000000
      -1.0000000
       0.0000000       86.000000      0.98785281      -1.0000000       228620.00
       1.0987015       3.5942948      -1.0000000      -1.0000000      -1.0000000
      -1.0000000      -1.0000000      -1.0000000       98.326469       15.869267
       109.37481
       1.0000000       86.000000      0.98785281      -1.0000000       2.0000000
   0.00097021308     0.014940991      -1.0000000      -1.0000000      -1.0000000
      -1.0000000      -1.0000000      -1.0000000      -1.0000000      -1.0000000
      -1.0000000
       0.0000000       85.000000      0.99729425      -1.0000000       227871.00
       1.0789678       3.2962179      -1.0000000      -1.0000000      -1.0000000
      -1.0000000      -1.0000000      -1.0000000       97.197182       15.552709
       110.99524
       1.0000000       85.000000      0.99729425      -1.0000000       2.0000000
    0.0040230346     0.045639690      -1.0000000      -1.0000000      -1.0000000
      -1.0000000      -1.0000000      -1.0000000      -1.0000000      -1.0000000
      -1.0000000
       0.0000000       84.000000       1.0355104      -1.0000000       224319.00
      0.97881269       2.4394970      -1.0000000      -1.0000000      -1.0000000
      -1.0000000      -1.0000000      -1.0000000       95.737228       13.261869
       107.10072
       1.0000000       84.000000       1.0355104      -1.0000000       1.0000000
   0.00030381180     0.025131920      -1.0000000      -1.0000000      -1.0000000
      -1.0000000      -1.0000000      -1.0000000      -1.0000000      -1.0000000
      -1.0000000
       0.0000000       83.000000       1.0744579      -1.0000000       218829.00
      0.96308744       2.2921319      -1.0000000      -1.0000000      -1.0000000
      -1.0000000      -1.0000000      -1.0000000       96.146812       13.446986
       113.28653
       1.0000000       83.000000       1.0744579      -1.0000000       2.0000000
    0.0014683805     0.066451134      -1.0000000      -1.0000000      -1.0000000
      -1.0000000      -1.0000000      -1.0000000      -1.0000000      -1.0000000
      -1.0000000
       0.0000000       82.000000       1.1141505      -1.0000000       214172.00
      0.92330289       2.0607438      -1.0000000      -1.0000000      -1.0000000
      -1.0000000      -1.0000000      -1.0000000       98.992645       12.104255
       107.20684
       1.0000000       82.000000       1.1141505      -1.0000000       2.0000000
    0.0016804668     0.041319214      -1.0000000      -1.0000000      -1.0000000
      -1.0000000      -1.0000000      -1.0000000      -1.0000000      -1.0000000
      -1.0000000
       0.0000000       81.000000       1.1546028      -1.0000000       223832.00
      0.91310549       2.1893449      -1.0000000      -1.0000000      -1.0000000
      -1.0000000      -1.0000000      -1.0000000       102.51029       13.651164
       105.17899
       1.0000000       81.000000       1.1546028      -1.0000000       1.0000000
    0.0060551655     0.076467492      -1.0000000      -1.0000000      -1.0000000
      -1.0000000      -1.0000000      -1.0000000      -1.0000000      -1.0000000
      -1.0000000
       0.0000000       80.000000       1.2062581      -1.0000000       254236.00
      0.87088078       2.2570920      -1.0000000      -1.0000000      -1.0000000
      -1.0000000      -1.0000000      -1.0000000       107.12856       13.470556
       103.32179
       1.0000000       80.000000       1.2062581      -1.0000000       1.0000000
       0.0000000       0.0000000      -1.0000000      -1.0000000      -1.0000000
      -1.0000000      -1.0000000      -1.0000000      -1.0000000      -1.0000000
      -1.0000000
       0.0000000       79.000000       1.2484726      -1.0000000       249368.00
      0.67806029       1.7819943      -1.0000000      -1.0000000      -1.0000000
      -1.0000000      -1.0000000      -1.0000000       112.46697       9.8388968
       98.466209
       1.0000000       79.000000       1.2484726      -1.0000000       3.0000000
    0.0076169819     0.088933147      -1.0000000      -1.0000000      -1.0000000
      -1.0000000      -1.0000000      -1.0000000      -1.0000000      -1.0000000
      -1.0000000
       0.0000000       78.000000       1.3023784      -1.0000000       245494.00
      0.16052358      0.45486781      -1.0000000      -1.0000000      -1.0000000
      -1.0000000      -1.0000000      -1.0000000       51.744488       1.2811201
       12.051030
       2.0000000       78.000000       1.3023784      0.58525449       77.000000
      0.37072226       4.5546575      -1.0000000      -1.0000000      -1.0000000
      -1.0000000      -1.0000000      -1.0000000      -1.0000000      -1.0000000
      -1.0000000
       1.0000000       78.000000       1.3023784      -1.0000000       2.0000000
    0.0073255822     0.071006820      -1.0000000      -1.0000000      -1.0000000
      -1.0000000      -1.0000000      -1.0000000      -1.0000000      -1.0000000
      -1.0000000
       0.0000000       77.000000       1.3575766      -1.0000000       240797.00
      0.63343769       6.7459311      -1.0000000      -1.0000000      -1.0000000
      -1.0000000      -1.0000000      -1.0000000       127.87912       33.303818
       78.129471
       1.0000000       77.000000       1.3575766      -1.0000000       1.0000000
    0.0065947245     0.052962791      -1.0000000      -1.0000000      -1.0000000
      -1.0000000      -1.0000000      -1.0000000      -1.0000000      -1.0000000
      -1.0000000
       0.0000000       76.000000       1.4140983      -1.0000000       235112.00
     0.095678017      0.32671571      -1.0000000      -1.0000000      -1.0000000
      -1.0000000      -1.0000000      -1.0000000       62.981586       1.0562985
       7.7587142
       0.0000000       75.000000       1.4719748      -1.0000000       233304.00
      0.18540528      0.80085772      -1.0000000      -1.0000000      -1.0000000
      -1.0000000      -1.0000000      -1.0000000       76.312073       3.9135811
       31.060921
       0.0000000       74.000000       1.5312390      -1.0000000       227873.00
      0.17908090      0.93297392      -1.0000000      -1.0000000      -1.0000000
      -1.0000000      -1.0000000      -1.0000000       74.843040       4.1877999
       37.876228
       0.0000000       73.000000       1.6042346      -1.0000000       218839.00
      0.14878030      0.97685653      -1.0000000      -1.0000000      -1.0000000
      -1.0000000      -1.0000000      -1.0000000       72.017715       3.7961831
       37.971371
       1.0000000       73.000000       1.6042346      -1.0000000       3.0000000
   0.00033357687     0.034648582      -1.0000000      -1.0000000      -1.0000000
      -1.0000000      -1.0000000      -1.0000000      -1.0000000      -1.0000000
      -1.0000000
       0.0000000       72.000000       1.6666696      -1.0000000       213858.00
      0.13418563      0.80891562      -1.0000000      -1.0000000      -1.0000000
      -1.0000000      -1.0000000      -1.0000000       66.088364       3.7664583
       88.640221
       1.0000000       72.000000       1.6666696      -1.0000000       1.0000000
   0.00043447060     0.043030087      -1.0000000      -1.0000000      -1.0000000
      -1.0000000      -1.0000000      -1.0000000      -1.0000000      -1.0000000
      -1.0000000
       0.0000000       71.000000       1.7435706      -1.0000000       202308.00
      0.11779647      0.70928240      -1.0000000      -1.0000000      -1.0000000
      -1.0000000      -1.0000000      -1.0000000       70.978493       3.1300025
       45.637196
       0.0000000       70.000000       1.8226893      -1.0000000       194415.00
      0.10024133      0.63798410      -1.0000000      -1.0000000      -1.0000000
      -1.0000000      -1.0000000      -1.0000000       65.774750       3.0173507
       52.069843
       0.0000000       69.000000       1.9040896      -1.0000000       186062.00
     0.092389859      0.47963917      -1.0000000      -1.0000000      -1.0000000
      -1.0000000      -1.0000000      -1.0000000       63.603500       2.7778802
       58.080441
       1.0000000       69.000000       1.9040896      -1.0000000       1.0000000
    0.0012778292     0.021538066      -1.0000000      -1.0000000      -1.0000000
      -1.0000000      -1.0000000      -1.0000000      -1.0000000      -1.0000000
      -1.0000000
       0.0000000       68.000000       2.0020282      -1.0000000       180340.00
     0.088811040      0.51242507      -1.0000000      -1.0000000      -1.0000000
      -1.0000000      -1.0000000      -1.0000000       64.831970       2.6887219
       59.257175
       1.0000000       68.000000       2.0020282      -1.0000000       1.0000000
   0.00091383129       0.0000000      -1.0000000      -1.0000000      -1.0000000
      -1.0000000      -1.0000000      -1.0000000      -1.0000000      -1.0000000
      -1.0000000
       0.0000000       67.000000       2.1032696      -1.0000000       174549.00
     0.073655024      0.62925208      -1.0000000      -1.0000000      -1.0000000
      -1.0000000      -1.0000000      -1.0000000       67.811951       2.6344507
       56.467945
       1.0000000       67.000000       2.1032696      -1.0000000       1.0000000
   0.00064879778    0.0084546218      -1.0000000      -1.0000000      -1.0000000
      -1.0000000      -1.0000000      -1.0000000      -1.0000000      -1.0000000
      -1.0000000
       0.0000000       66.000000       2.2079256      -1.0000000       266139.00
     0.064808987      0.46533138      -1.0000000      -1.0000000      -1.0000000
      -1.0000000      -1.0000000      -1.0000000       67.959579       2.7084355
       61.508335
       1.0000000       66.000000       2.2079256      -1.0000000       2.0000000
       0.0000000       0.0000000      -1.0000000      -1.0000000      -1.0000000
      -1.0000000      -1.0000000      -1.0000000      -1.0000000      -1.0000000
      -1.0000000
       0.0000000       65.000000       2.3161108      -1.0000000       254679.00
     0.050029676      0.42968392      -1.0000000      -1.0000000      -1.0000000
      -1.0000000      -1.0000000      -1.0000000       65.420090       2.2834973
       65.849625
       0.0000000       64.000000       2.4442258      -1.0000000       241349.00
     0.040857784      0.53866404      -1.0000000      -1.0000000      -1.0000000
      -1.0000000      -1.0000000      -1.0000000       62.544342       2.4835093
       67.524773
       0.0000000       63.000000       2.5772903      -1.0000000       226283.00
     0.032108743      0.44038737      -1.0000000      -1.0000000      -1.0000000
      -1.0000000      -1.0000000      -1.0000000       62.860264       2.0464375
       72.841515
       0.0000000       62.000000       2.7331426      -1.0000000       220292.00
     0.024725316      0.28316921      -1.0000000      -1.0000000      -1.0000000
      -1.0000000      -1.0000000      -1.0000000       57.937885       1.4503334
       72.162498
       1.0000000       62.000000       2.7331426      -1.0000000       3.0000000
   0.00057009305    0.0023733098      -1.0000000      -1.0000000      -1.0000000
      -1.0000000      -1.0000000      -1.0000000      -1.0000000      -1.0000000
      -1.0000000
       0.0000000       61.000000       2.8957851      -1.0000000       226530.00
     0.021208590      0.37827796      -1.0000000      -1.0000000      -1.0000000
      -1.0000000      -1.0000000      -1.0000000       59.986027       2.0366814
       66.422737
       1.0000000       61.000000       2.8957851      -1.0000000       2.0000000
       0.0000000       0.0000000      -1.0000000      -1.0000000      -1.0000000
      -1.0000000      -1.0000000      -1.0000000      -1.0000000      -1.0000000
      -1.0000000
