       0.0000000       135.00000       0.0000000       47.000000       186924.00
       75.742188       1.4538165      0.28348833      0.25806451     0.025736203
       5.7926888       13.170159      -6.9581060       299.13290       402.37805
       327.28754
       0.0000000       134.00000    0.0095216669       47.000000       185761.00
       75.446762       1.4886460      0.29225999      0.25806451     0.028554864
       10.322479       13.413210      -4.9660931       299.46265       402.93335
       329.56924
       1.0000000       134.00000    0.0095216669      -1.0000000       6.0000000
   0.00085341436       0.0000000      -1.0000000      -1.0000000      -1.0000000
      -1.0000000      -1.0000000      -1.0000000      -1.0000000      -1.0000000
      -1.0000000
       0.0000000       133.00000     0.023974428       46.000000       182116.00
       75.024132       1.4176710      0.29666820      0.26470590     0.029848007
       13.612361       12.684907      -8.9440660       299.83289       400.56195
       334.10941
       1.0000000       133.00000     0.023974428      -1.0000000       8.0000000
      0.12429686      0.10567312      -1.0000000      -1.0000000      -1.0000000
      -1.0000000      -1.0000000      -1.0000000      -1.0000000      -1.0000000
      -1.0000000
       0.0000000       132.00000     0.033724371       46.000000       181087.00
       76.011612       1.4330394      0.28307742      0.29411763     0.028161217
       4.3599834       13.027417      -9.2920074       299.44534       410.68835
       337.38376
       1.0000000       132.00000     0.033724371      -1.0000000       4.0000000
    0.0010726043     0.017114775      -1.0000000      -1.0000000      -1.0000000
      -1.0000000      -1.0000000      -1.0000000      -1.0000000      -1.0000000
      -1.0000000
       0.0000000       131.00000     0.048523631       46.000000       177166.00
       75.488327       1.4453775      0.29934382      0.24242431     0.027921760
       16.830194       12.770144      -11.995464       298.51431       398.27820
       340.48047
       1.0000000       131.00000     0.048523631      -1.0000000       3.0000000
   0.00025939528       0.0000000      -1.0000000      -1.0000000      -1.0000000
      -1.0000000      -1.0000000      -1.0000000      -1.0000000      -1.0000000
      -1.0000000
       0.0000000       130.00000     0.058507323       46.000000       176107.00
       75.449806       1.3444581      0.30446479      0.28125006     0.033274829
       24.348055       12.808650      -11.234914       297.45029       402.00037
       343.40851
       1.0000000       130.00000     0.058507323      -1.0000000       7.0000000
    0.0048346241       0.0000000      -1.0000000      -1.0000000      -1.0000000
      -1.0000000      -1.0000000      -1.0000000      -1.0000000      -1.0000000
      -1.0000000
       0.0000000       129.00000     0.073661387       45.000000       170316.00
       75.008080       1.1925024      0.28817511      0.29411763     0.029315539
       7.1727390       13.445514      -15.243581       296.97806       386.71429
       347.16052
       1.0000000       129.00000     0.073661387      -1.0000000       1.0000000
   0.00027168772       0.0000000      -1.0000000      -1.0000000      -1.0000000
      -1.0000000      -1.0000000      -1.0000000      -1.0000000      -1.0000000
      -1.0000000
       0.0000000       128.00000     0.083884433       47.000000       174383.00
       75.670288       1.2101853      0.29973820      0.29032254     0.032804623
       17.820620       12.586650      -13.179462       296.72171       398.24155
       347.34164
       1.0000000       128.00000     0.083884433      -1.0000000       3.0000000
    0.0020164345       0.0000000      -1.0000000      -1.0000000      -1.0000000
      -1.0000000      -1.0000000      -1.0000000      -1.0000000      -1.0000000
      -1.0000000
       0.0000000       127.00000     0.099401802       47.000000       171370.00
       73.618309       1.1012019      0.30423012      0.27272731     0.040941000
       20.576839       20.780472      -5.4560609       298.27228       372.06421
       347.84985
       1.0000000       127.00000     0.099401802      -1.0000000       10.000000
       9.0175187       1.2878603      -1.0000000      -1.0000000      -1.0000000
      -1.0000000      -1.0000000      -1.0000000      -1.0000000      -1.0000000
      -1.0000000
       0.0000000       126.00000      0.10986994       47.000000       170462.00
       74.461586       1.0938325      0.29383093      0.23333335     0.031578783
       8.1232872       21.645887      -1.8882860       299.42786       392.61618
       346.10971
       1.0000000       126.00000      0.10986994      -1.0000000       5.0000000
    0.0045454574       0.0000000      -1.0000000      -1.0000000      -1.0000000
      -1.0000000      -1.0000000      -1.0000000      -1.0000000      -1.0000000
      -1.0000000
       0.0000000       125.00000      0.12575933       47.000000       166945.00
       73.562187      0.99510282      0.30847707      0.42857140     0.053447939
       31.692993       28.215612       6.3962965       301.79218       379.39822
       343.21155
       1.0000000       125.00000      0.12575933      -1.0000000       4.0000000
   0.00045093162       0.0000000      -1.0000000      -1.0000000      -1.0000000
      -1.0000000      -1.0000000      -1.0000000      -1.0000000      -1.0000000
      -1.0000000
       0.0000000       124.00000      0.14187621       45.000000       161361.00
       73.344856      0.94362241      0.29975730      0.23333335     0.043841127
       9.7220564       25.776924       7.1404109       305.20175       406.81570
       340.80719
       1.0000000       124.00000      0.14187621      -1.0000000       8.0000000
     0.043121661     0.090376925      -1.0000000      -1.0000000      -1.0000000
      -1.0000000      -1.0000000      -1.0000000      -1.0000000      -1.0000000
      -1.0000000
       0.0000000       123.00000      0.15274876       45.000000       159522.00
       75.522804      0.87913632      0.30381504      0.30303037     0.040127940
       26.272888       23.800035      -9.6908474       308.22632       402.03076
       340.26620
       1.0000000       123.00000      0.15274876      -1.0000000       4.0000000
     0.024380056       0.0000000      -1.0000000      -1.0000000      -1.0000000
      -1.0000000      -1.0000000      -1.0000000      -1.0000000      -1.0000000
      -1.0000000
       0.0000000       122.00000      0.16925204       47.000000       160664.00
       69.564720      0.75505090      0.32683316      0.30303037      0.11224774
       22.329487       47.418678       79.233467       309.57727       358.39584
       337.31369
       1.0000000       122.00000      0.16925204      -1.0000000       3.0000000
   0.00061837994       0.0000000      -1.0000000      -1.0000000      -1.0000000
      -1.0000000      -1.0000000      -1.0000000      -1.0000000      -1.0000000
      -1.0000000
       0.0000000       121.00000      0.18038526       45.000000       155120.00
       68.418808      0.49991244      0.32485068      0.30000001      0.11083845
       21.181206       48.680176       78.673584       310.68063       330.26416
       336.01056
       1.0000000       121.00000      0.18038526      -1.0000000       6.0000000
    0.0050328745     0.013718324      -1.0000000      -1.0000000      -1.0000000
      -1.0000000      -1.0000000      -1.0000000      -1.0000000      -1.0000000
      -1.0000000
       0.0000000       120.00000      0.19728418       45.000000       152211.00
       68.047546      0.75565761      0.34286547      0.36363643      0.15046187
       21.695444       55.165909       103.81507       312.02466       345.53534
       338.89673
       1.0000000       120.00000      0.19728418      -1.0000000       10.000000
     0.044566266      0.23324321      -1.0000000      -1.0000000      -1.0000000
      -1.0000000      -1.0000000      -1.0000000      -1.0000000      -1.0000000
      -1.0000000
       0.0000000       119.00000      0.21442504       43.000000       146493.00
       67.119179      0.71892625      0.32885522      0.29032254      0.12982410
       1.5834135       50.278519       94.119774       312.36792       357.85416
       345.98181
       2.0000000       119.00000      0.21442504      0.29464945       95.000000
       14.530323       3.1266866      0.44523385      0.39393944      0.40692440
       71.049088      -34.148643      -84.411613       131743.56      -95090.461
      -143440.38
       1.0000000       119.00000      0.21442504      -1.0000000       4.0000000
    0.0090933675     0.032878440      -1.0000000      -1.0000000      -1.0000000
      -1.0000000      -1.0000000      -1.0000000      -1.0000000      -1.0000000
      -1.0000000
       0.0000000       118.00000      0.22598839       42.000000       145584.00
       66.512535      0.61177427      0.34102950      0.30303037      0.18236414
       6.6448588       54.542995       113.55732       309.89929       375.61197
       353.19437
       1.0000000       118.00000      0.22598839      -1.0000000       6.0000000
     0.045239713      0.18091062      -1.0000000      -1.0000000      -1.0000000
      -1.0000000      -1.0000000      -1.0000000      -1.0000000      -1.0000000
      -1.0000000
       0.0000000       117.00000      0.24354018       43.000000       144193.00
       70.328011      0.68300217      0.34725934      0.31250006      0.18777803
       5.5312676       56.998222       115.27312       309.30008       370.48596
       360.26190
       1.0000000       117.00000      0.24354018      -1.0000000       12.000000
     0.042108183      0.25644930      -1.0000000      -1.0000000      -1.0000000
      -1.0000000      -1.0000000      -1.0000000      -1.0000000      -1.0000000
      -1.0000000
       0.0000000       116.00000      0.26134327       43.000000       140557.00
       55.475971      0.43661961      0.30900866      0.41176474      0.11125816
       16.077627       21.401068       59.192528       303.29114       260.84677
       366.40024
       1.0000000       116.00000      0.26134327      -1.0000000       10.000000
     0.091840857      0.10892688      -1.0000000      -1.0000000      -1.0000000
      -1.0000000      -1.0000000      -1.0000000      -1.0000000      -1.0000000
      -1.0000000
       0.0000000       115.00000      0.27335334       43.000000       139982.00
       54.845978      0.37563035      0.31519520      0.42857140      0.13242078
       17.845058       26.922398       72.688866       303.97272       253.73274
       366.61371
       1.0000000       115.00000      0.27335334      -1.0000000       1.0000000
    0.0025508206     0.015240799      -1.0000000      -1.0000000      -1.0000000
      -1.0000000      -1.0000000      -1.0000000      -1.0000000      -1.0000000
      -1.0000000
       0.0000000       114.00000      0.29158324       41.000000       134218.00
       54.974594      0.28962192      0.31122574      0.38235301      0.11996265
       6.1618385       29.765944       65.072144       308.37656       256.55975
       363.10480
       1.0000000       114.00000      0.29158324      -1.0000000       9.0000000
    0.0075871985     0.038324870      -1.0000000      -1.0000000      -1.0000000
      -1.0000000      -1.0000000      -1.0000000      -1.0000000      -1.0000000
      -1.0000000
       0.0000000       113.00000      0.31007412       40.000000       129359.00
       57.800785      0.17557411      0.31701210      0.38235301      0.13903460
      -1.6956702       23.835443       84.784256       315.17023       293.06747
       370.99643
       1.0000000       113.00000      0.31007412      -1.0000000       5.0000000
      0.47845810      0.76640382      -1.0000000      -1.0000000      -1.0000000
      -1.0000000      -1.0000000      -1.0000000      -1.0000000      -1.0000000
      -1.0000000
       0.0000000       112.00000      0.32882974       39.000000       122903.00
       62.406254      0.40630999      0.31397879      0.36363643      0.11670335
       13.774149       14.369030       82.933525       322.16257       315.13922
       379.75641
       1.0000000       112.00000      0.32882974      -1.0000000       9.0000000
       7.2686578       3.8229941      -1.0000000      -1.0000000      -1.0000000
      -1.0000000      -1.0000000      -1.0000000      -1.0000000      -1.0000000
      -1.0000000
       0.0000000       111.00000      0.34785384       40.000000       121998.00
       53.230011      0.24483734      0.31780550      0.42857140      0.14038979
       10.732512       20.317970       86.077682       303.38095       209.41711
       404.91611
       1.0000000       111.00000      0.34785384      -1.0000000       8.0000000
     0.067298916      0.26503108      -1.0000000      -1.0000000      -1.0000000
      -1.0000000      -1.0000000      -1.0000000      -1.0000000      -1.0000000
      -1.0000000
       0.0000000       110.00000      0.36068764       40.000000       121527.00
       53.559822      0.20937429      0.31332898      0.40625006      0.13329181
       24.818377       7.6377416       80.380363       300.00946       197.78595
       417.17856
       1.0000000       110.00000      0.36068764      -1.0000000       12.000000
    0.0071258543     0.080901719      -1.0000000      -1.0000000      -1.0000000
      -1.0000000      -1.0000000      -1.0000000      -1.0000000      -1.0000000
      -1.0000000
       0.0000000       109.00000      0.38016787       39.000000       117012.00
       52.200909     0.093786657      0.31654134      0.44117647      0.14363165
       37.011852       17.057709       80.935173       298.54614       186.92674
       435.62473
       1.0000000       109.00000      0.38016787      -1.0000000       8.0000000
     0.069187406      0.29210528      -1.0000000      -1.0000000      -1.0000000
      -1.0000000      -1.0000000      -1.0000000      -1.0000000      -1.0000000
      -1.0000000
       0.0000000       108.00000      0.39992696       40.000000       113563.00
       51.893890      0.53505081      0.31404927      0.45454544      0.14010677
       40.815235       20.918234       73.815392       299.98178       186.34938
       448.38965
       1.0000000       108.00000      0.39992696      -1.0000000       9.0000000
     0.063857311      0.23521971      -1.0000000      -1.0000000      -1.0000000
      -1.0000000      -1.0000000      -1.0000000      -1.0000000      -1.0000000
      -1.0000000
       0.0000000       107.00000      0.41996893       36.000000       105602.00
       51.893623      0.69235128      0.31722879      0.45454544      0.15774286
       53.031204       33.007660       72.515755       302.90265       186.67542
       453.73712
       1.0000000       107.00000      0.41996893      -1.0000000       7.0000000
    0.0095530665     0.035663433      -1.0000000      -1.0000000      -1.0000000
      -1.0000000      -1.0000000      -1.0000000      -1.0000000      -1.0000000
      -1.0000000
       0.0000000       106.00000      0.44029784       38.000000       107039.00
       54.090900      0.97244430      0.32107869      0.44117647      0.16256288
       52.412186       52.662617       73.275070       306.73785       195.60718
       454.48734
       1.0000000       106.00000      0.44029784      -1.0000000       14.000000
      0.10959778      0.20078097      -1.0000000      -1.0000000      -1.0000000
      -1.0000000      -1.0000000      -1.0000000      -1.0000000      -1.0000000
      -1.0000000
       0.0000000       105.00000      0.46091780       38.000000       103921.00
       52.426750      0.69722664      0.31783277      0.42424244      0.15679216
       39.197823       56.900898       72.952538       309.99399       187.40991
       449.32538
       1.0000000       105.00000      0.46091780      -1.0000000       11.000000
      0.97735877      0.45697951      -1.0000000      -1.0000000      -1.0000000
      -1.0000000      -1.0000000      -1.0000000      -1.0000000      -1.0000000
      -1.0000000
       0.0000000       104.00000      0.48183295       39.000000       103326.00
       51.517849      0.61716986      0.31772584      0.45454544      0.16003509
       35.395000       54.625511       79.154022       312.21240       179.02405
       442.52942
       1.0000000       104.00000      0.48183295      -1.0000000       6.0000000
     0.064259676     0.099634416      -1.0000000      -1.0000000      -1.0000000
      -1.0000000      -1.0000000      -1.0000000      -1.0000000      -1.0000000
      -1.0000000
       0.0000000       103.00000      0.50304753       37.000000       96974.000
       51.460300      0.50868535      0.32337183      0.42424244      0.17185561
       41.012966       46.673351       94.672546       318.01822       175.42120
       427.91623
       1.0000000       103.00000      0.50304753      -1.0000000       16.000000
    0.0067309487     0.054235641      -1.0000000      -1.0000000      -1.0000000
      -1.0000000      -1.0000000      -1.0000000      -1.0000000      -1.0000000
      -1.0000000
       0.0000000       102.00000      0.52456582       36.000000       94090.000
       51.322266      0.44994923      0.32192510      0.45714289      0.17743479
       56.165119       32.905727       93.705490       325.94409       171.94937
       412.36993
       1.0000000       102.00000      0.52456582      -1.0000000       9.0000000
     0.018880857      0.20221405      -1.0000000      -1.0000000      -1.0000000
      -1.0000000      -1.0000000      -1.0000000      -1.0000000      -1.0000000
      -1.0000000
       0.0000000       101.00000      0.54639220       35.000000       90688.000
       51.152332      0.30791134      0.32356086      0.45714289      0.17813788
       80.776245       29.246212       83.927994       332.12024       166.53638
       392.82352
       1.0000000       101.00000      0.54639220      -1.0000000       16.000000
      0.11990612      0.49258698      -1.0000000      -1.0000000      -1.0000000
      -1.0000000      -1.0000000      -1.0000000      -1.0000000      -1.0000000
      -1.0000000
       0.0000000       100.00000      0.57598084       33.000000       83925.000
       50.450840      0.15452194      0.32191959      0.45454544      0.18112449
       97.525749       39.297264       58.988899       342.20087       160.29240
       363.47559
       1.0000000       100.00000      0.57598084      -1.0000000       19.000000
     0.017133310      0.22678021      -1.0000000      -1.0000000      -1.0000000
      -1.0000000      -1.0000000      -1.0000000      -1.0000000      -1.0000000
      -1.0000000
       0.0000000       99.000000      0.59854329       33.000000       79894.000
       51.168129      0.12478599      0.32384601      0.47222227      0.18815899
       100.34416       55.577221       46.661209       353.24338       169.04573
       343.60123
       1.0000000       99.000000      0.59854329      -1.0000000       8.0000000
    0.0062496495      0.12039333      -1.0000000      -1.0000000      -1.0000000
      -1.0000000      -1.0000000      -1.0000000      -1.0000000      -1.0000000
      -1.0000000
       0.0000000       98.000000      0.62142873       32.000000       75433.000
       50.524773      0.29565760      0.32524267      0.47222227      0.19437881
       95.329391       71.300682       42.701763       353.89444       166.91638
       343.03055
       1.0000000       98.000000      0.62142873      -1.0000000       8.0000000
    0.0028336567     0.014666980      -1.0000000      -1.0000000      -1.0000000
      -1.0000000      -1.0000000      -1.0000000      -1.0000000      -1.0000000
      -1.0000000
       0.0000000       97.000000      0.64464182       33.000000       75896.000
       52.064213      0.37588519      0.32927173      0.41176474      0.21118127
       75.658852       96.228836       65.466972       348.51196       169.29953
       349.24359
       1.0000000       97.000000      0.64464182      -1.0000000       4.0000000
    0.0087717476     0.071083464      -1.0000000      -1.0000000      -1.0000000
      -1.0000000      -1.0000000      -1.0000000      -1.0000000      -1.0000000
      -1.0000000
       0.0000000       96.000000      0.67611039       32.000000       72757.000
       50.007816      0.29168406      0.32995212      0.45454544      0.22129992
       54.076626       86.033432       92.484024       342.38614       158.11488
       353.85648
       1.0000000       96.000000      0.67611039      -1.0000000       6.0000000
     0.038733766      0.26052356      -1.0000000      -1.0000000      -1.0000000
      -1.0000000      -1.0000000      -1.0000000      -1.0000000      -1.0000000
      -1.0000000
       0.0000000       95.000000      0.70010638       33.000000       72013.000
       49.313934       1.0919220      0.33202928      0.47058821      0.22115628
       50.878441       65.709236       120.58733       320.57996       139.97174
       382.85815
       1.0000000       95.000000      0.70010638      -1.0000000       14.000000
    0.0093096582      0.18234318      -1.0000000      -1.0000000      -1.0000000
      -1.0000000      -1.0000000      -1.0000000      -1.0000000      -1.0000000
      -1.0000000
       0.0000000       94.000000      0.73263615       30.000000       67998.000
       49.305744       1.0958023      0.34183136      0.45945948      0.23915067
       56.397160       5.6513371       151.47887       304.33917       141.76407
       415.95532
       1.0000000       94.000000      0.73263615      -1.0000000       9.0000000
    0.0097781908     0.034652199      -1.0000000      -1.0000000      -1.0000000
      -1.0000000      -1.0000000      -1.0000000      -1.0000000      -1.0000000
      -1.0000000
       0.0000000       93.000000      0.75744140       29.000000       65867.000
       48.902779       1.1838462      0.34650597      0.44444448      0.24390881
       73.227478      -38.331234       150.85585       300.93219       133.22662
       414.96524
       1.0000000       93.000000      0.75744140      -1.0000000       12.000000
       2.5117682      0.86468562      -1.0000000      -1.0000000      -1.0000000
      -1.0000000      -1.0000000      -1.0000000      -1.0000000      -1.0000000
      -1.0000000
       0.0000000       92.000000      0.79106826       28.000000       62726.000
       49.255848       1.3435799      0.34239647      0.45714289      0.23868917
       103.91747      -79.644356       110.23748       296.39304       133.66934
       400.08902
       1.0000000       92.000000      0.79106826      -1.0000000       9.0000000
     0.068195693      0.29149846      -1.0000000      -1.0000000      -1.0000000
      -1.0000000      -1.0000000      -1.0000000      -1.0000000      -1.0000000
      -1.0000000
       0.0000000       91.000000      0.81671000       26.000000       58231.000
       48.721813       1.8743023      0.34995902      0.50000000      0.25836876
       124.58293      -108.03624       80.473129       294.73880       128.68379
       382.10825
       1.0000000       91.000000      0.81671000      -1.0000000       4.0000000
     0.010769757      0.16281186      -1.0000000      -1.0000000      -1.0000000
      -1.0000000      -1.0000000      -1.0000000      -1.0000000      -1.0000000
      -1.0000000
       0.0000000       90.000000      0.85147089       27.000000       58219.000
       48.614620       1.9653406      0.35053086      0.50000000      0.26370278
       142.43080      -117.85609       37.486992       297.68402       129.96259
       355.48010
       1.0000000       90.000000      0.85147089      -1.0000000       7.0000000
      0.18764392      0.25171226      -1.0000000      -1.0000000      -1.0000000
      -1.0000000      -1.0000000      -1.0000000      -1.0000000      -1.0000000
      -1.0000000
       0.0000000       89.000000      0.88689691       26.000000       54918.000
       49.242905       1.9600214      0.37401885      0.47222227      0.29986757
       174.59821      -143.51083      -9.2930393       307.50000       132.48335
       321.79645
       1.0000000       89.000000      0.88689691      -1.0000000       7.0000000
    0.0073936531      0.10542468      -1.0000000      -1.0000000      -1.0000000
      -1.0000000      -1.0000000      -1.0000000      -1.0000000      -1.0000000
      -1.0000000
       0.0000000       88.000000      0.92300081       24.000000       50994.000
       48.036510       3.1067979      0.37770995      0.52499998      0.32067022
       185.21490      -116.79931      -74.229866       318.35834       125.69405
       298.26254
       1.0000000       88.000000      0.92300081      -1.0000000       6.0000000
     0.011681722      0.13890841      -1.0000000      -1.0000000      -1.0000000
      -1.0000000      -1.0000000      -1.0000000      -1.0000000      -1.0000000
      -1.0000000
       0.0000000       87.000000      0.95053136       24.000000       50208.000
       48.263241       3.3697436      0.37882048      0.47368419      0.31628370
       185.77507      -108.71371      -106.66347       326.71939       128.21329
       279.27029
       1.0000000       87.000000      0.95053136      -1.0000000       9.0000000
     0.021946964     0.069718061      -1.0000000      -1.0000000      -1.0000000
      -1.0000000      -1.0000000      -1.0000000      -1.0000000      -1.0000000
      -1.0000000
       0.0000000       86.000000      0.98785281       24.000000       48254.000
       48.680481       4.7591805      0.39104828      0.51282048      0.34798455
       195.15298      -74.907776      -160.52621       337.79370       136.19986
       273.22757
       1.0000000       86.000000      0.98785281      -1.0000000       5.0000000
    0.0074220028      0.10835258      -1.0000000      -1.0000000      -1.0000000
      -1.0000000      -1.0000000      -1.0000000      -1.0000000      -1.0000000
      -1.0000000
       0.0000000       85.000000      0.99729425       20.000000       43618.000
       47.696232       4.9462256      0.38211137      0.51282048      0.32507816
       182.22154      -62.157963      -154.37666       328.49399       125.63055
       280.27667
       1.0000000       85.000000      0.99729425      -1.0000000       8.0000000
     0.050503322      0.11471670      -1.0000000      -1.0000000      -1.0000000
      -1.0000000      -1.0000000      -1.0000000      -1.0000000      -1.0000000
      -1.0000000
       0.0000000       84.000000       1.0355104       19.000000       39703.000
       46.947540       6.1876349      0.39432034      0.51351351      0.34329548
       182.13680      -72.339714      -180.65390       312.51608       119.50097
       308.12064
       1.0000000       84.000000       1.0355104      -1.0000000       16.000000
     0.048507479      0.33852919      -1.0000000      -1.0000000      -1.0000000
      -1.0000000      -1.0000000      -1.0000000      -1.0000000      -1.0000000
      -1.0000000
       0.0000000       83.000000       1.0744579       33.000000       51183.000
       45.664028       6.9931765      0.41948122      0.56756753      0.40523264
       170.47119      -128.17807      -210.10733       309.16678       119.24110
       299.53284
       1.0000000       83.000000       1.0744579      -1.0000000       18.000000
       4.3271649      0.90214260      -1.0000000      -1.0000000      -1.0000000
      -1.0000000      -1.0000000      -1.0000000      -1.0000000      -1.0000000
      -1.0000000
       0.0000000       82.000000       1.1141505       33.000000       49111.000
       42.392509       6.0064974      0.43824923      0.57894731      0.44856694
       116.21959      -247.99173      -164.95723       305.40784       99.286865
       296.68417
       1.0000000       82.000000       1.1141505      -1.0000000       15.000000
      0.20421082      0.67896472      -1.0000000      -1.0000000      -1.0000000
      -1.0000000      -1.0000000      -1.0000000      -1.0000000      -1.0000000
      -1.0000000
       0.0000000       81.000000       1.1546028       30.000000       44945.000
       41.582245       3.7946353      0.43409389      0.58333337      0.44325233
       83.662910      -274.75980      -128.54767       302.62927       94.126160
       312.03790
       1.0000000       81.000000       1.1546028      -1.0000000       13.000000
     0.055710323      0.30299176      -1.0000000      -1.0000000      -1.0000000
      -1.0000000      -1.0000000      -1.0000000      -1.0000000      -1.0000000
      -1.0000000
       0.0000000       80.000000       1.2062581       28.000000       39407.000
       41.025909       2.2083738      0.44850880      0.57894731      0.45567095
       72.856888      -303.52301      -115.90079       298.82590       86.042839
       323.59274
       1.0000000       80.000000       1.2062581      -1.0000000       12.000000
       2.0492827       1.3756387      -1.0000000      -1.0000000      -1.0000000
      -1.0000000      -1.0000000      -1.0000000      -1.0000000      -1.0000000
      -1.0000000
       0.0000000       79.000000       1.2484726       27.000000       37867.000
       40.846035      0.62027854      0.45500067      0.58974349      0.46473005
       63.047237      -324.00189      -95.460632       299.61945       82.671867
       321.28473
       1.0000000       79.000000       1.2484726      -1.0000000       5.0000000
       1.6257241      0.75441315      -1.0000000      -1.0000000      -1.0000000
      -1.0000000      -1.0000000      -1.0000000      -1.0000000      -1.0000000
      -1.0000000
       0.0000000       78.000000       1.3023784       26.000000       36189.000
       40.737644       1.5641788      0.46445721      0.61111116      0.47258395
       82.364494      -351.03632      -33.833813       302.12094       81.083755
       323.79059
       1.0000000       78.000000       1.3023784      -1.0000000       21.000000
     0.049387587      0.90721774      -1.0000000      -1.0000000      -1.0000000
      -1.0000000      -1.0000000      -1.0000000      -1.0000000      -1.0000000
      -1.0000000
       0.0000000       77.000000       1.3575766       21.000000       30150.000
       40.533340       4.0696292      0.44027436      0.64864868      0.47519231
       39.719059      -318.46204      -92.583145       306.54495       84.236679
       329.01862
       2.0000000       77.000000       1.3575766      0.73216921       63.000000
      0.22216590      0.16692644      -1.0000000      -1.0000000      -1.0000000
      -1.0000000      -1.0000000      -1.0000000      -1.0000000      -1.0000000
      -1.0000000
       1.0000000       77.000000       1.3575766      -1.0000000       13.000000
     0.070483304      0.47607123      -1.0000000      -1.0000000      -1.0000000
      -1.0000000      -1.0000000      -1.0000000      -1.0000000      -1.0000000
      -1.0000000
       0.0000000       76.000000       1.4140983       21.000000       29642.000
       40.338188       3.1950033      0.43008095      0.65789473      0.46760434
       70.790771      -305.99176      -80.895836       310.36990       83.669685
       341.45187
       1.0000000       76.000000       1.4140983      -1.0000000       7.0000000
      0.10983841      0.20025197      -1.0000000      -1.0000000      -1.0000000
      -1.0000000      -1.0000000      -1.0000000      -1.0000000      -1.0000000
      -1.0000000
       0.0000000       75.000000       1.4719748       25.000000       31432.000
       39.444035       2.6180873      0.44284371      0.67500001      0.48101479
       109.84254      -311.61240      -57.951111       306.12607       76.810089
       347.41910
       1.0000000       75.000000       1.4719748      -1.0000000       16.000000
       1.0075446      0.70016173      -1.0000000      -1.0000000      -1.0000000
      -1.0000000      -1.0000000      -1.0000000      -1.0000000      -1.0000000
      -1.0000000
       0.0000000       74.000000       1.5312390       22.000000       28497.000
       38.855453       2.2251122      0.49104050      0.70270270      0.54589212
       136.20691      -366.66281      -56.293686       302.17139       72.685440
       368.71732
       1.0000000       74.000000       1.5312390      -1.0000000       11.000000
     0.017265676      0.26889208      -1.0000000      -1.0000000      -1.0000000
      -1.0000000      -1.0000000      -1.0000000      -1.0000000      -1.0000000
      -1.0000000
       0.0000000       73.000000       1.6042346       21.000000       26117.000
       38.455681       1.6061630      0.52135956      0.69444442      0.60337454
       181.88126      -441.42102      -91.851143       302.76294       70.565315
       378.88739
       1.0000000       73.000000       1.6042346      -1.0000000       23.000000
     0.091686046      0.42630332      -1.0000000      -1.0000000      -1.0000000
      -1.0000000      -1.0000000      -1.0000000      -1.0000000      -1.0000000
      -1.0000000
       0.0000000       72.000000       1.6666696       19.000000       21831.000
       38.683025      0.61304003      0.52491575      0.71052635      0.63063991
       195.06166      -467.95599      -117.08902       313.92404       69.419624
       358.89230
       1.0000000       72.000000       1.6666696      -1.0000000       17.000000
     0.042066370      0.29519910      -1.0000000      -1.0000000      -1.0000000
      -1.0000000      -1.0000000      -1.0000000      -1.0000000      -1.0000000
      -1.0000000
       0.0000000       71.000000       1.7435706       15.000000       17760.000
       38.652336       2.6064951      0.53551412      0.75609756      0.65429682
       174.19135      -522.01208      -141.62248       325.73846       69.175972
       346.13748
       1.0000000       71.000000       1.7435706      -1.0000000       19.000000
     0.097309419      0.74797788      -1.0000000      -1.0000000      -1.0000000
      -1.0000000      -1.0000000      -1.0000000      -1.0000000      -1.0000000
      -1.0000000
       0.0000000       70.000000       1.8226893       15.000000       16564.000
       36.730938       6.4942403      0.52788800      0.77272725      0.64096081
       168.26320      -447.81299      -202.56654       331.39294       71.358025
       334.44742
       2.0000000       70.000000       1.8226893      0.26444080       62.000000
     0.068515241      0.23531526      -1.0000000      -1.0000000      -1.0000000
      -1.0000000      -1.0000000      -1.0000000      -1.0000000      -1.0000000
      -1.0000000
       1.0000000       70.000000       1.8226893      -1.0000000       24.000000
     0.034042254      0.65853581      -1.0000000      -1.0000000      -1.0000000
      -1.0000000      -1.0000000      -1.0000000      -1.0000000      -1.0000000
      -1.0000000
       0.0000000       69.000000       1.9040896       14.000000       13941.000
       33.002422       10.630282      0.49843273      0.71794868      0.53881639
       96.885506      -320.72113      -152.84329       337.56131       74.483253
       324.28769
       1.0000000       69.000000       1.9040896      -1.0000000       23.000000
     0.081016739      0.40565454      -1.0000000      -1.0000000      -1.0000000
      -1.0000000      -1.0000000      -1.0000000      -1.0000000      -1.0000000
      -1.0000000
       0.0000000       68.000000       2.0020282       13.000000       12188.000
       29.038565       9.9461384      0.46084228      0.52777779      0.33399737
       39.487610      -198.15285      -135.67503       337.55283       68.240601
       328.96054
       1.0000000       68.000000       2.0020282      -1.0000000       24.000000
     0.063322121      0.64266839      -1.0000000      -1.0000000      -1.0000000
      -1.0000000      -1.0000000      -1.0000000      -1.0000000      -1.0000000
      -1.0000000
       0.0000000       67.000000       2.1032696       12.000000       10265.000
       26.174770       6.8739109      0.33595115      0.42857140      0.16352347
       8.9388905      -57.240513      -98.979240       325.01718       58.556923
       341.91809
       2.0000000       67.000000       2.1032696      0.67214870       63.000000
      0.20395356      0.53695995      -1.0000000      -1.0000000      -1.0000000
      -1.0000000      -1.0000000      -1.0000000      -1.0000000      -1.0000000
      -1.0000000
       1.0000000       67.000000       2.1032696      -1.0000000       37.000000
      0.42327987       1.3159566      -1.0000000      -1.0000000      -1.0000000
      -1.0000000      -1.0000000      -1.0000000      -1.0000000      -1.0000000
      -1.0000000
       0.0000000       66.000000       2.2079256       11.000000       8710.0000
       22.124035       7.4351320      0.59280384      0.56666672      0.60954851
      -318.19403       197.84692       23.918097       321.09106       75.066917
       336.00244
       2.0000000       66.000000       2.2079256      0.28059462       65.000000
       4.7894673       1.4006675      0.41294914      0.71052635      0.59282643
       31.401718      -178.39716      -163.03474       1866.7662       10553.593
       6135.3643
       1.0000000       66.000000       2.2079256      -1.0000000       28.000000
      0.21347701      0.92760198      -1.0000000      -1.0000000      -1.0000000
      -1.0000000      -1.0000000      -1.0000000      -1.0000000      -1.0000000
      -1.0000000
       0.0000000       65.000000       2.3161108       10.000000       7338.0000
       17.068993       5.6654525      0.63068408      0.64285713      0.64477897
      -432.31598       232.62361      -103.81742       328.32187       55.300724
       315.37781
       1.0000000       65.000000       2.3161108      -1.0000000       29.000000
      0.42245327       1.3084687      -1.0000000      -1.0000000      -1.0000000
      -1.0000000      -1.0000000      -1.0000000      -1.0000000      -1.0000000
      -1.0000000
       0.0000000       64.000000       2.4442258       11.000000       7360.0000
       15.678512       22.276489      0.45181152      0.69444442      0.69034660
      -1062.1091       45.819702      -410.66241       342.27740       124.63918
       281.88522
       2.0000000       64.000000       2.4442258      0.54427552       62.000000
      0.14101896      0.11389298      -1.0000000      -1.0000000      -1.0000000
      -1.0000000      -1.0000000      -1.0000000      -1.0000000      -1.0000000
      -1.0000000
       1.0000000       64.000000       2.4442258      -1.0000000       43.000000
      0.46172856       1.0731645      -1.0000000      -1.0000000      -1.0000000
      -1.0000000      -1.0000000      -1.0000000      -1.0000000      -1.0000000
      -1.0000000
       0.0000000       63.000000       2.5772903      -1.0000000       6126.0000
      0.30343518     0.039636556      -1.0000000      -1.0000000      -1.0000000
      -1.0000000      -1.0000000      -1.0000000       67.536423      0.35121328
       2.5064261
       1.0000000       63.000000       2.5772903      -1.0000000       42.000000
      0.29753981       2.1924075      -1.0000000      -1.0000000      -1.0000000
      -1.0000000      -1.0000000      -1.0000000      -1.0000000      -1.0000000
      -1.0000000
       0.0000000       62.000000       2.7331426      -1.0000000       6642.0000
      0.25909480     0.074716993      -1.0000000      -1.0000000      -1.0000000
      -1.0000000      -1.0000000      -1.0000000       71.293083      0.34445846
       2.2535717
       0.0000000       61.000000       2.8957851      -1.0000000       4679.0000
      0.19424860     0.030107820      -1.0000000      -1.0000000      -1.0000000
      -1.0000000      -1.0000000      -1.0000000       61.887451      0.22811407
       1.6739678
       0.0000000       60.000000       3.0081310      -1.0000000       5890.0000
      0.26569921     0.030760702      -1.0000000      -1.0000000      -1.0000000
      -1.0000000      -1.0000000      -1.0000000       72.856758      0.32048160
       1.8641509
       0.0000000       59.000000       3.0848227       13.000000       5244.0000
       6.4959912       4.6130056      0.55501509      0.83999997      0.71743882
      -504.31052       439.90799      -122.04494       218.22906       27.215879
       109.63373
       0.0000000       58.000000       3.2830331       64.000000       13322.000
       5.3321304       3.4724538      0.55985135      0.77777779      0.75974584
      -381.37268       433.13660      -12.680269       217.90198       20.555660
       187.97185
       1.0000000       58.000000       3.2830331      -1.0000000       1.0000000
    0.0032720361       0.0000000      -1.0000000      -1.0000000      -1.0000000
      -1.0000000      -1.0000000      -1.0000000      -1.0000000      -1.0000000
      -1.0000000
       0.0000000       57.000000       3.4908614       64.000000       11096.000
       4.5891972       3.3946521      0.59384674      0.77777779      0.71950334
      -260.16599       473.79147       138.17778       214.87422       17.152857
       178.06180
       1.0000000       57.000000       3.4908614      -1.0000000       8.0000000
     0.062517736      0.30413711      -1.0000000      -1.0000000      -1.0000000
      -1.0000000      -1.0000000      -1.0000000      -1.0000000      -1.0000000
      -1.0000000
