       0.0000000       135.00000       0.0000000       448.00000       340467.00
       9.6694489       1.3764714      0.48702437      0.55172414      0.43212160
       172.59621       14.629815      -85.949081       153.42751       47.105282
       137.74875
       0.0000000       134.00000    0.0095216669       452.00000       338765.00
       9.6687555       1.2966383      0.48464492      0.53571427      0.38954440
       170.29649       15.630920      -88.789055       152.94701       46.546215
       138.84244
       1.0000000       134.00000    0.0095216669      -1.0000000       1.0000000
   0.00040060224       0.0000000      -1.0000000      -1.0000000      -1.0000000
      -1.0000000      -1.0000000      -1.0000000      -1.0000000      -1.0000000
      -1.0000000
       0.0000000       133.00000     0.023974428       455.00000       335880.00
       9.6481962       1.2596425      0.48518205      0.57575762      0.45941642
       170.92169       15.442787      -91.300934       151.96698       46.842419
       142.41537
       1.0000000       133.00000     0.023974428      -1.0000000       2.0000000
       0.0000000       0.0000000      -1.0000000      -1.0000000      -1.0000000
      -1.0000000      -1.0000000      -1.0000000      -1.0000000      -1.0000000
      -1.0000000
       0.0000000       132.00000     0.033724371       457.00000       334846.00
       9.6471186       1.2673743      0.48171285      0.54838705      0.42763197
       170.37247       14.228135      -95.110474       151.34846       46.771332
       144.84009
       1.0000000       132.00000     0.033724371      -1.0000000       2.0000000
    0.0011811757      0.12092558      -1.0000000      -1.0000000      -1.0000000
      -1.0000000      -1.0000000      -1.0000000      -1.0000000      -1.0000000
      -1.0000000
       0.0000000       131.00000     0.048523631       451.00000       329569.00
       9.6103172       1.3414730      0.48215172      0.51724136      0.39100492
       165.05679       14.391185      -98.182854       150.16229       46.626858
       148.12991
       1.0000000       131.00000     0.048523631      -1.0000000       3.0000000
       1.3735573       1.3529069      -1.0000000      -1.0000000      -1.0000000
      -1.0000000      -1.0000000      -1.0000000      -1.0000000      -1.0000000
      -1.0000000
       0.0000000       130.00000     0.058507323       462.00000       329135.00
       9.5528793       1.3849709      0.48127884      0.53333330      0.45723057
       164.19821       9.4909325      -97.345131       149.79491       46.979111
       149.37523
       0.0000000       129.00000     0.073661387       468.00000       327416.00
       9.4918213       1.4927306      0.47855207      0.53333330      0.43799329
       160.50377      -1.5902311      -104.77502       150.41751       47.335583
       151.68279
       1.0000000       129.00000     0.073661387      -1.0000000       1.0000000
       0.0000000       0.0000000      -1.0000000      -1.0000000      -1.0000000
      -1.0000000      -1.0000000      -1.0000000      -1.0000000      -1.0000000
      -1.0000000
       0.0000000       128.00000     0.083884433       465.00000       325421.00
       9.6471834       1.6414931      0.47789019      0.51851851      0.37633839
       162.56532      -1.4351506      -115.23941       151.72777       48.493256
       154.19948
       0.0000000       127.00000     0.099401802       465.00000       322282.00
       9.3184509       1.3676935      0.49064311      0.51724136      0.46614304
       152.10434      -11.503120      -136.93690       149.39540       43.775997
       158.37474
       0.0000000       126.00000      0.10986994       462.00000       319713.00
       9.0071115       1.3370265      0.48682311      0.51724136      0.39974472
       142.93983      -11.841170      -136.97858       147.91940       40.251812
       161.81390
       0.0000000       125.00000      0.12575933       465.00000       317973.00
       8.9819727       1.3711510      0.48678321      0.53333330      0.44539282
       141.93044      -13.479664      -139.89996       148.19414       39.966370
       164.28381
       0.0000000       124.00000      0.14187621       457.00000       313310.00
       8.9408083       1.1923389      0.48693386      0.54838705      0.46266350
       142.27643      -17.497290      -141.76863       149.02400       39.225243
       164.65335
       1.0000000       124.00000      0.14187621      -1.0000000       1.0000000
       0.0000000       0.0000000      -1.0000000      -1.0000000      -1.0000000
      -1.0000000      -1.0000000      -1.0000000      -1.0000000      -1.0000000
      -1.0000000
       0.0000000       123.00000      0.15274876       465.00000       312578.00
       8.9123287       1.1235760      0.48856691      0.53333330      0.44536561
       141.14310      -19.428841      -146.38556       150.01460       39.102276
       163.88371
       0.0000000       122.00000      0.16925204       472.00000       310539.00
       8.9556751       1.0583096      0.48624477      0.50000000      0.40066972
       137.82315      -21.110962      -149.05876       151.57802       39.240574
       162.85457
       1.0000000       122.00000      0.16925204      -1.0000000       4.0000000
    0.0030102369     0.031974833      -1.0000000      -1.0000000      -1.0000000
      -1.0000000      -1.0000000      -1.0000000      -1.0000000      -1.0000000
      -1.0000000
       0.0000000       121.00000      0.18038526       475.00000       307626.00
       8.9490986       1.0938798      0.48422357      0.51724136      0.42516360
       138.65097      -24.503332      -149.31223       152.34404       39.327766
       161.90515
       1.0000000       121.00000      0.18038526      -1.0000000       2.0000000
    0.0018326332     0.042434998      -1.0000000      -1.0000000      -1.0000000
      -1.0000000      -1.0000000      -1.0000000      -1.0000000      -1.0000000
      -1.0000000
       0.0000000       120.00000      0.19728418       478.00000       304857.00
       8.9704161       1.0074145      0.48349920      0.50000000      0.39891410
       137.14241      -29.393251      -153.23613       153.93381       39.129742
       160.08832
       1.0000000       120.00000      0.19728418      -1.0000000       1.0000000
    0.0011722260       0.0000000      -1.0000000      -1.0000000      -1.0000000
      -1.0000000      -1.0000000      -1.0000000      -1.0000000      -1.0000000
      -1.0000000
       0.0000000       119.00000      0.21442504       484.00000       302439.00
       8.9168234       1.0228536      0.48059225      0.51724136      0.44786423
       133.88660      -27.593102      -152.12550       156.32059       38.989964
       156.53346
       1.0000000       119.00000      0.21442504      -1.0000000       2.0000000
   0.00014806216       0.0000000      -1.0000000      -1.0000000      -1.0000000
      -1.0000000      -1.0000000      -1.0000000      -1.0000000      -1.0000000
      -1.0000000
       0.0000000       118.00000      0.22598839       481.00000       300048.00
       8.9626675       1.0392290      0.48012197      0.50000000      0.44232035
       133.31221      -29.740969      -152.49388       158.32863       39.928822
       154.60577
       1.0000000       118.00000      0.22598839      -1.0000000       1.0000000
       0.0000000       0.0000000      -1.0000000      -1.0000000      -1.0000000
      -1.0000000      -1.0000000      -1.0000000      -1.0000000      -1.0000000
      -1.0000000
       0.0000000       117.00000      0.24354018       491.00000       296777.00
       8.9554472      0.99574590      0.48273960      0.50000000      0.39365765
       136.87138      -40.592983      -152.08969       162.77834       39.404484
       147.11192
       1.0000000       117.00000      0.24354018      -1.0000000       2.0000000
    0.0015868184     0.035731802      -1.0000000      -1.0000000      -1.0000000
      -1.0000000      -1.0000000      -1.0000000      -1.0000000      -1.0000000
      -1.0000000
       0.0000000       116.00000      0.26134327       504.00000       295214.00
       8.9127436       1.0955758      0.48047295      0.50000000      0.39371046
       121.52582      -52.905964      -158.96532       167.33244       39.042389
       139.90942
       0.0000000       115.00000      0.27335334       483.00000       289950.00
       8.7754288      0.85894483      0.48487058      0.54838705      0.45772555
       117.77142      -52.302311      -166.33855       169.59456       38.717205
       137.30960
       0.0000000       114.00000      0.29158324       490.00000       287208.00
       9.0883255      0.33432159      0.48153639      0.46428573      0.33693895
       117.59841      -56.902000      -175.14893       175.50465       41.146896
       128.14221
       1.0000000       114.00000      0.29158324      -1.0000000       1.0000000
   0.00032027770     0.011564610      -1.0000000      -1.0000000      -1.0000000
      -1.0000000      -1.0000000      -1.0000000      -1.0000000      -1.0000000
      -1.0000000
       0.0000000       113.00000      0.31007412       489.00000       283914.00
       8.9956236       1.3243957      0.48442903      0.56250006      0.46834186
       117.81392      -65.855904      -189.35283       174.49007       41.167110
       132.31335
       1.0000000       113.00000      0.31007412      -1.0000000       1.0000000
     0.012449294     0.073271744      -1.0000000      -1.0000000      -1.0000000
      -1.0000000      -1.0000000      -1.0000000      -1.0000000      -1.0000000
      -1.0000000
       0.0000000       112.00000      0.32882974       496.00000       279246.00
       8.6311522       1.0855829      0.48238492      0.55172414      0.42161682
       106.93462      -62.899719      -184.66367       162.35831       36.383282
       147.48766
       0.0000000       111.00000      0.34785384       497.00000       276502.00
       8.6194220       1.0768998      0.48391715      0.51851851      0.39817604
       102.93056      -65.037186      -186.60670       157.52121       35.734001
       152.63774
       0.0000000       110.00000      0.36068764       500.00000       274995.00
       8.6118317       1.0231662      0.48433402      0.55172414      0.42349356
       101.94038      -63.382252      -190.52859       156.18332       35.604965
       153.46294
       0.0000000       109.00000      0.38016787       497.00000       270619.00
       8.6193771       1.0961041      0.48114306      0.51851851      0.39805537
       104.56089      -57.011189      -193.36331       154.37410       35.744209
       156.26277
       0.0000000       108.00000      0.39992696       497.00000       268530.00
       8.6409454       1.0692581      0.48530120      0.53571427      0.40223795
       108.04620      -51.807903      -195.68721       153.77010       35.378654
       157.53172
       0.0000000       107.00000      0.41996893       500.00000       264955.00
       8.6222944       1.0944455      0.48191160      0.55172414      0.45575669
       112.59558      -50.325645      -196.07860       154.05925       35.735111
       156.27750
       0.0000000       106.00000      0.44029784       494.00000       261486.00
       8.6466618       1.1417418      0.48410714      0.53571427      0.40102980
       118.81428      -47.918270      -193.69505       155.23553       35.582470
       155.01353
       0.0000000       105.00000      0.46091780       506.00000       258690.00
       8.6367216       1.1375548      0.48379299      0.53571427      0.45136914
       125.00288      -46.980061      -193.29176       156.41728       35.736076
       151.23952
       0.0000000       104.00000      0.48183295       513.00000       255748.00
       8.6712513       1.4821625      0.48075697      0.56250006      0.41703564
       126.95288      -45.763020      -195.04367       158.06516       35.950397
       148.42480
       1.0000000       104.00000      0.48183295      -1.0000000       1.0000000
       0.0000000       0.0000000      -1.0000000      -1.0000000      -1.0000000
      -1.0000000      -1.0000000      -1.0000000      -1.0000000      -1.0000000
      -1.0000000
       0.0000000       103.00000      0.50304753       618.00000       264194.00
       8.6090469       1.3168840      0.48090205      0.54838705      0.41049969
       130.40959      -42.465183      -196.88765       160.36653       35.883728
       144.00412
       1.0000000       103.00000      0.50304753      -1.0000000       2.0000000
    0.0019669209     0.066573270      -1.0000000      -1.0000000      -1.0000000
      -1.0000000      -1.0000000      -1.0000000      -1.0000000      -1.0000000
      -1.0000000
       0.0000000       102.00000      0.52456582       608.00000       260297.00
       8.6908035       1.8042173      0.48280838      0.53125000      0.47191289
       132.03242      -40.401550      -200.31519       161.12827       36.623055
       144.52480
       0.0000000       101.00000      0.54639220       603.00000       256176.00
       8.6751947       1.8027562      0.47597864      0.53333330      0.39665732
       137.41632      -32.581287      -196.70662       160.45041       36.497467
       144.05789
       1.0000000       101.00000      0.54639220      -1.0000000       2.0000000
       0.0000000       0.0000000      -1.0000000      -1.0000000      -1.0000000
      -1.0000000      -1.0000000      -1.0000000      -1.0000000      -1.0000000
      -1.0000000
       0.0000000       100.00000      0.57598084       611.00000       252948.00
       8.5343313       1.8376603      0.47931126      0.53333330      0.42763075
       143.26848      -31.671883      -194.91602       160.15205       35.838879
       145.85519
       0.0000000       99.000000      0.59854329       615.00000       248167.00
       8.5780964       1.6498489      0.47931272      0.53333330      0.38401294
       151.41405      -30.058517      -186.95091       159.49391       35.637058
       148.01784
       1.0000000       99.000000      0.59854329      -1.0000000       1.0000000
     0.042686947      0.20385748      -1.0000000      -1.0000000      -1.0000000
      -1.0000000      -1.0000000      -1.0000000      -1.0000000      -1.0000000
      -1.0000000
       0.0000000       98.000000      0.62142873       611.00000       243988.00
       8.5560093       1.6857555      0.47296464      0.48275858      0.37555948
       160.09137      -30.534712      -183.86479       159.31952       35.771503
       151.02991
       1.0000000       98.000000      0.62142873      -1.0000000       2.0000000
   0.00019724414       0.0000000      -1.0000000      -1.0000000      -1.0000000
      -1.0000000      -1.0000000      -1.0000000      -1.0000000      -1.0000000
      -1.0000000
       0.0000000       97.000000      0.64464182       610.00000       241327.00
       8.5550261       1.5674394      0.47875276      0.50000000      0.43849576
       165.44633      -40.379971      -181.39369       158.75243       35.129086
       153.08147
       1.0000000       97.000000      0.64464182      -1.0000000       3.0000000
   0.00069651421    0.0045013796      -1.0000000      -1.0000000      -1.0000000
      -1.0000000      -1.0000000      -1.0000000      -1.0000000      -1.0000000
      -1.0000000
       0.0000000       96.000000      0.67611039       618.00000       238635.00
       8.4810324       1.4271833      0.46868506      0.53333330      0.41611245
       147.87971      -52.039806      -182.85294       157.89383       34.932209
       154.71617
       1.0000000       96.000000      0.67611039      -1.0000000       1.0000000
       0.0000000       0.0000000      -1.0000000      -1.0000000      -1.0000000
      -1.0000000      -1.0000000      -1.0000000      -1.0000000      -1.0000000
      -1.0000000
       0.0000000       95.000000      0.70010638       614.00000       234206.00
       8.5174160       1.5876590      0.46676227      0.53333330      0.42457107
       136.51707      -50.283779      -193.74730       157.93053       35.058052
       155.91922
       1.0000000       95.000000      0.70010638      -1.0000000       1.0000000
    0.0012409772       0.0000000      -1.0000000      -1.0000000      -1.0000000
      -1.0000000      -1.0000000      -1.0000000      -1.0000000      -1.0000000
      -1.0000000
       0.0000000       94.000000      0.73263615       645.00000       233004.00
       8.5134430       1.3896904      0.47114408      0.54838705      0.44535756
       141.18150      -42.726875      -201.60970       159.35310       34.965389
       155.80434
       1.0000000       94.000000      0.73263615      -1.0000000       2.0000000
   0.00027393279       0.0000000      -1.0000000      -1.0000000      -1.0000000
      -1.0000000      -1.0000000      -1.0000000      -1.0000000      -1.0000000
      -1.0000000
       0.0000000       93.000000      0.75744140       663.00000       230359.00
       8.5683994       1.6315938      0.46551415      0.51724136      0.39196387
       148.73158      -37.653431      -199.18462       160.69203       34.997051
       156.47012
       0.0000000       92.000000      0.79106826       646.00000       223421.00
       8.4533739       1.5593634      0.46300671      0.53333330      0.41994056
       144.78003      -42.460312      -195.28067       160.67139       34.546520
       156.86986
       1.0000000       92.000000      0.79106826      -1.0000000       2.0000000
       0.0000000       0.0000000      -1.0000000      -1.0000000      -1.0000000
      -1.0000000      -1.0000000      -1.0000000      -1.0000000      -1.0000000
      -1.0000000
       0.0000000       91.000000      0.81671000       630.00000       218220.00
       8.4882174       1.7100872      0.46240237      0.56666672      0.43320939
       144.11653      -48.411606      -199.49326       161.13095       33.936020
       157.60211
       1.0000000       91.000000      0.81671000      -1.0000000       1.0000000
   7.2759940e-05    0.0037601024      -1.0000000      -1.0000000      -1.0000000
      -1.0000000      -1.0000000      -1.0000000      -1.0000000      -1.0000000
      -1.0000000
       0.0000000       90.000000      0.85147089       620.00000       212481.00
       8.4034739       1.6367652      0.45571366      0.50000000      0.35851136
       139.00789      -38.284702      -201.86409       163.81615       34.221729
       155.11806
       1.0000000       90.000000      0.85147089      -1.0000000       1.0000000
   0.00025947607       0.0000000      -1.0000000      -1.0000000      -1.0000000
      -1.0000000      -1.0000000      -1.0000000      -1.0000000      -1.0000000
      -1.0000000
       0.0000000       89.000000      0.88689691       570.00000       203344.00
       8.4455614       2.1977885      0.47039428      0.51612902      0.44223440
       132.01270      -35.051712      -223.73459       166.58864       35.169193
       157.66104
       1.0000000       89.000000      0.88689691      -1.0000000       2.0000000
    0.0026181691    0.0091099003      -1.0000000      -1.0000000      -1.0000000
      -1.0000000      -1.0000000      -1.0000000      -1.0000000      -1.0000000
      -1.0000000
       0.0000000       88.000000      0.92300081       566.00000       198026.00
       8.3333426       4.3686776      0.46392104      0.56250006      0.43323573
       119.85445       19.390835      -230.96419       169.03543       37.362885
       152.03801
       1.0000000       88.000000      0.92300081      -1.0000000       4.0000000
     0.024003615      0.30372868      -1.0000000      -1.0000000      -1.0000000
      -1.0000000      -1.0000000      -1.0000000      -1.0000000      -1.0000000
      -1.0000000
       0.0000000       87.000000      0.95053136       555.00000       193645.00
       8.1480293       5.0395885      0.44849136      0.48275858      0.30060071
       138.04324       50.509930      -204.45245       171.38678       37.418613
       152.61255
       1.0000000       87.000000      0.95053136      -1.0000000       1.0000000
    0.0016131529     0.047455430      -1.0000000      -1.0000000      -1.0000000
      -1.0000000      -1.0000000      -1.0000000      -1.0000000      -1.0000000
      -1.0000000
       0.0000000       86.000000      0.98785281       542.00000       187587.00
       7.7665281       5.4365778      0.44184539      0.46875006      0.40051705
       165.95969       13.198394      -159.26648       170.78543       38.208561
       155.46622
       1.0000000       86.000000      0.98785281      -1.0000000       4.0000000
      0.35215961      0.51978578      -1.0000000      -1.0000000      -1.0000000
      -1.0000000      -1.0000000      -1.0000000      -1.0000000      -1.0000000
      -1.0000000
       0.0000000       85.000000      0.99729425       539.00000       185963.00
       7.5639472       5.2865095      0.42932826      0.50000000      0.37322393
       164.95740       2.7598882      -162.54178       171.09842       37.109333
       155.13972
       1.0000000       85.000000      0.99729425      -1.0000000       2.0000000
       1.0326466      0.94394270      -1.0000000      -1.0000000      -1.0000000
      -1.0000000      -1.0000000      -1.0000000      -1.0000000      -1.0000000
      -1.0000000
       0.0000000       84.000000       1.0355104       534.00000       180773.00
       6.7921510       4.0510187      0.41183794      0.43333334      0.32554397
       135.56059      -16.206621      -132.44685       169.89520       33.363911
       165.87253
       1.0000000       84.000000       1.0355104      -1.0000000       4.0000000
     0.021976478      0.33783979      -1.0000000      -1.0000000      -1.0000000
      -1.0000000      -1.0000000      -1.0000000      -1.0000000      -1.0000000
      -1.0000000
       0.0000000       83.000000       1.0744579       505.00000       172170.00
       6.5920453       4.5278368      0.40891698      0.48484850      0.33094257
       174.63203      -4.3974233      -87.766006       172.18120       33.420052
       183.16119
       0.0000000       82.000000       1.1141505       495.00000       165513.00
       6.1854706       3.0442162      0.38868815      0.39999998      0.33270365
       152.96361      -35.932621      -52.762028       165.80775       27.836395
       190.92816
       1.0000000       82.000000       1.1141505      -1.0000000       3.0000000
    0.0048538672      0.15119895      -1.0000000      -1.0000000      -1.0000000
      -1.0000000      -1.0000000      -1.0000000      -1.0000000      -1.0000000
      -1.0000000
       0.0000000       81.000000       1.1546028       485.00000       160605.00
       5.7471681       2.3314815      0.37015373      0.35714281      0.30072743
       119.04487      -38.264515      -60.827812       164.07349       23.498114
       193.74905
       1.0000000       81.000000       1.1546028      -1.0000000       5.0000000
    0.0091555892      0.17451507      -1.0000000      -1.0000000      -1.0000000
      -1.0000000      -1.0000000      -1.0000000      -1.0000000      -1.0000000
      -1.0000000
       0.0000000       80.000000       1.2062581       477.00000       152839.00
       5.6391821       1.9009665      0.34573722      0.39393944      0.25146931
       107.43420      -31.591478      -31.807650       170.72200       23.141035
       181.35941
       1.0000000       80.000000       1.2062581      -1.0000000       2.0000000
     0.016613942      0.21806873      -1.0000000      -1.0000000      -1.0000000
      -1.0000000      -1.0000000      -1.0000000      -1.0000000      -1.0000000
      -1.0000000
       0.0000000       79.000000       1.2484726       486.00000       150591.00
       5.6386023       1.9790305      0.35152420      0.33333331      0.24882501
       106.47862      -24.521212      -45.715767       182.52356       25.164806
       170.50511
       1.0000000       79.000000       1.2484726      -1.0000000       5.0000000
    0.0051108089     0.027658202      -1.0000000      -1.0000000      -1.0000000
      -1.0000000      -1.0000000      -1.0000000      -1.0000000      -1.0000000
      -1.0000000
       0.0000000       78.000000       1.3023784       478.00000       144357.00
       5.6971855       1.6843172      0.35547468      0.31034482      0.27252749
       127.37636      -26.824615      -20.247894       195.59969       27.061335
       149.32002
       1.0000000       78.000000       1.3023784      -1.0000000       7.0000000
     0.050262582      0.21596967      -1.0000000      -1.0000000      -1.0000000
      -1.0000000      -1.0000000      -1.0000000      -1.0000000      -1.0000000
      -1.0000000
       0.0000000       77.000000       1.3575766       458.00000       136405.00
       5.3061500       1.2131625      0.34687024      0.32258064      0.24874108
       75.641930      -51.329876      -69.810760       183.91846       21.637768
       167.66685
       1.0000000       77.000000       1.3575766      -1.0000000       2.0000000
     0.010185117      0.14525464      -1.0000000      -1.0000000      -1.0000000
      -1.0000000      -1.0000000      -1.0000000      -1.0000000      -1.0000000
      -1.0000000
       0.0000000       76.000000       1.4140983       398.00000       123722.00
       5.3100033      0.92775601      0.34474748      0.32432431      0.22827573
       78.563660      -5.1085048      -99.232544       179.47742       21.592112
       182.11018
       1.0000000       76.000000       1.4140983      -1.0000000       3.0000000
    0.0064576657      0.20891018      -1.0000000      -1.0000000      -1.0000000
      -1.0000000      -1.0000000      -1.0000000      -1.0000000      -1.0000000
      -1.0000000
       0.0000000       75.000000       1.4719748       411.00000       120293.00
       5.0787759       1.7775719      0.42335537      0.36363643      0.30329382
       55.843296       90.254128      -153.46898       166.07448       19.538643
       186.24802
       1.0000000       75.000000       1.4719748      -1.0000000       6.0000000
     0.024468852      0.22233600      -1.0000000      -1.0000000      -1.0000000
      -1.0000000      -1.0000000      -1.0000000      -1.0000000      -1.0000000
      -1.0000000
       0.0000000       74.000000       1.5312390       407.00000       116192.00
       5.1803069       1.9052904      0.42286712      0.35135132      0.34897202
       76.490654       112.18424      -115.00949       164.80312       21.674969
       183.29446
       1.0000000       74.000000       1.5312390      -1.0000000       4.0000000
    0.0049564773     0.066888906      -1.0000000      -1.0000000      -1.0000000
      -1.0000000      -1.0000000      -1.0000000      -1.0000000      -1.0000000
      -1.0000000
       0.0000000       73.000000       1.6042346       408.00000       110618.00
       4.0791316       1.7763200      0.53568137      0.60000002      0.47739220
      -13.945526       147.04573      -189.31387       167.52045       16.562820
       177.42058
       2.0000000       73.000000       1.6042346      0.37073219       71.000000
       1.2901212       1.0312840      -1.0000000      -1.0000000      -1.0000000
      -1.0000000      -1.0000000      -1.0000000      -1.0000000      -1.0000000
      -1.0000000
       1.0000000       73.000000       1.6042346      -1.0000000       5.0000000
    0.0026337474     0.041673221      -1.0000000      -1.0000000      -1.0000000
      -1.0000000      -1.0000000      -1.0000000      -1.0000000      -1.0000000
      -1.0000000
       0.0000000       72.000000       1.6666696       398.00000       104648.00
       3.9715607       2.0868716      0.57766646      0.63888896      0.60912573
      -60.157661       73.513947      -281.78381       170.18135       16.475126
       169.38689
       1.0000000       72.000000       1.6666696      -1.0000000       3.0000000
     0.020216526      0.26575756      -1.0000000      -1.0000000      -1.0000000
      -1.0000000      -1.0000000      -1.0000000      -1.0000000      -1.0000000
      -1.0000000
       0.0000000       71.000000       1.7435706       540.00000       112513.00
       3.4799275      0.80476040      0.57825881      0.61764705      0.64373541
      -97.457298       25.787426      -289.34866       166.17717       10.841796
       170.85648
       1.0000000       71.000000       1.7435706      -1.0000000       3.0000000
      0.14163330     0.081270564      -1.0000000      -1.0000000      -1.0000000
      -1.0000000      -1.0000000      -1.0000000      -1.0000000      -1.0000000
      -1.0000000
       0.0000000       70.000000       1.8226893       551.00000       107890.00
       3.4981990      0.93621957      0.58670539      0.71052635      0.65094924
      -161.63586       14.209753      -293.97281       169.26973       10.585279
       168.19322
       1.0000000       70.000000       1.8226893      -1.0000000       5.0000000
    0.0025747958     0.044500818      -1.0000000      -1.0000000      -1.0000000
      -1.0000000      -1.0000000      -1.0000000      -1.0000000      -1.0000000
      -1.0000000
       0.0000000       69.000000       1.9040896       486.00000       97885.000
       3.3531034       1.5863173      0.59040189      0.71428573      0.69855136
      -179.06108       2.3884678      -299.71194       173.75484       10.704699
       162.75677
       1.0000000       69.000000       1.9040896      -1.0000000       1.0000000
   0.00030726800       0.0000000      -1.0000000      -1.0000000      -1.0000000
      -1.0000000      -1.0000000      -1.0000000      -1.0000000      -1.0000000
      -1.0000000
       0.0000000       68.000000       2.0020282       476.00000       89684.000
       3.1525326       2.5219002      0.51121181      0.74358976      0.64205551
      -207.43233      -50.750839      -247.76009       178.16382       12.381646
       144.16013
       1.0000000       68.000000       2.0020282      -1.0000000       4.0000000
   0.00044982025     0.048053430      -1.0000000      -1.0000000      -1.0000000
      -1.0000000      -1.0000000      -1.0000000      -1.0000000      -1.0000000
      -1.0000000
       0.0000000       67.000000       2.1032696       483.00000       84371.000
       2.6845069       2.5609956      0.50723702      0.69230771      0.59998226
      -232.99155      -61.676617      -149.17227       162.86816       11.389260
       154.69109
       1.0000000       67.000000       2.1032696      -1.0000000       4.0000000
       0.0000000       0.0000000      -1.0000000      -1.0000000      -1.0000000
      -1.0000000      -1.0000000      -1.0000000      -1.0000000      -1.0000000
      -1.0000000
       0.0000000       66.000000       2.2079256       538.00000       82791.000
       2.3233023       1.5660475      0.49863628      0.48387092      0.49644077
      -176.37480      -76.408218      -133.76637       144.50986       9.3871241
       149.16762
       1.0000000       66.000000       2.2079256      -1.0000000       6.0000000
     0.031290709      0.23050799      -1.0000000      -1.0000000      -1.0000000
      -1.0000000      -1.0000000      -1.0000000      -1.0000000      -1.0000000
      -1.0000000
       0.0000000       65.000000       2.3161108       449.00000       69618.000
       2.1721485       1.2894939      0.45598590      0.52941173      0.46655691
      -134.28873      -126.57672      -89.662117       139.07368       8.4325848
       134.07716
       0.0000000       64.000000       2.4442258       515.00000       68714.000
       2.0112119       1.6790587      0.48007512      0.43243247      0.46413475
      -84.768585      -156.83765      -123.41527       144.75829       8.8805685
       120.09966
       1.0000000       64.000000       2.4442258      -1.0000000       4.0000000
       0.0000000       0.0000000      -1.0000000      -1.0000000      -1.0000000
      -1.0000000      -1.0000000      -1.0000000      -1.0000000      -1.0000000
      -1.0000000
       0.0000000       63.000000       2.5772903       478.00000       60772.000
       1.7903821       1.8954694      0.40666470      0.50000000      0.41799724
      -77.141022      -108.85462      -97.003387       148.37958       9.0652390
       111.95667
       1.0000000       63.000000       2.5772903      -1.0000000       2.0000000
   0.00055446557     0.037681736      -1.0000000      -1.0000000      -1.0000000
      -1.0000000      -1.0000000      -1.0000000      -1.0000000      -1.0000000
      -1.0000000
       0.0000000       62.000000       2.7331426       876.00000       75435.000
       1.6155449       1.4464586      0.48829028      0.38709676      0.48166141
      -197.21349      -92.675644      -21.008829       147.22365       9.5195065
       111.16363
       1.0000000       62.000000       2.7331426      -1.0000000       2.0000000
    0.0011882740       0.0000000      -1.0000000      -1.0000000      -1.0000000
      -1.0000000      -1.0000000      -1.0000000      -1.0000000      -1.0000000
      -1.0000000
       0.0000000       61.000000       2.8957851      -1.0000000       65510.000
       1.4405125       1.2465165      -1.0000000      -1.0000000      -1.0000000
      -1.0000000      -1.0000000      -1.0000000       135.42406       7.5140729
       135.00818
       1.0000000       61.000000       2.8957851      -1.0000000       1.0000000
   0.00044177836     0.012138609      -1.0000000      -1.0000000      -1.0000000
      -1.0000000      -1.0000000      -1.0000000      -1.0000000      -1.0000000
      -1.0000000
       0.0000000       60.000000       3.0081310      -1.0000000       58330.000
       1.3485824       1.1960087      -1.0000000      -1.0000000      -1.0000000
      -1.0000000      -1.0000000      -1.0000000       136.18179       6.8617911
       132.58661
       1.0000000       60.000000       3.0081310      -1.0000000       2.0000000
       0.0000000       0.0000000      -1.0000000      -1.0000000      -1.0000000
      -1.0000000      -1.0000000      -1.0000000      -1.0000000      -1.0000000
      -1.0000000
       0.0000000       59.000000       3.0848227      -1.0000000       54360.000
       1.3039821       1.4110416      -1.0000000      -1.0000000      -1.0000000
      -1.0000000      -1.0000000      -1.0000000       136.84782       6.7353077
       130.99176
       1.0000000       59.000000       3.0848227      -1.0000000       2.0000000
       0.0000000       0.0000000      -1.0000000      -1.0000000      -1.0000000
      -1.0000000      -1.0000000      -1.0000000      -1.0000000      -1.0000000
      -1.0000000
       0.0000000       58.000000       3.2830331      -1.0000000       49631.000
       1.0726755       1.5241684      -1.0000000      -1.0000000      -1.0000000
      -1.0000000      -1.0000000      -1.0000000       146.81012       6.3391209
       116.05441
       1.0000000       58.000000       3.2830331      -1.0000000       2.0000000
       0.0000000       0.0000000      -1.0000000      -1.0000000      -1.0000000
      -1.0000000      -1.0000000      -1.0000000      -1.0000000      -1.0000000
      -1.0000000
       0.0000000       57.000000       3.4908614      -1.0000000       41299.000
      0.83159286       1.0930152      -1.0000000      -1.0000000      -1.0000000
      -1.0000000      -1.0000000      -1.0000000       146.59775       4.7358384
       112.78193
       1.0000000       57.000000       3.4908614      -1.0000000       6.0000000
     0.022029238      0.24484046      -1.0000000      -1.0000000      -1.0000000
      -1.0000000      -1.0000000      -1.0000000      -1.0000000      -1.0000000
      -1.0000000
