       0.0000000       135.00000       0.0000000       3010.0000       467181.00
       1.7290742       2.1689885      0.45374402      0.48387092      0.51640308
      -47.029083       127.57603       33.659653       79.014626       10.784292
       58.265766
       0.0000000       134.00000    0.0095216669      -1.0000000       462150.00
       1.7072406       2.0748794      -1.0000000      -1.0000000      -1.0000000
      -1.0000000      -1.0000000      -1.0000000       78.515282       10.665844
       58.206867
       1.0000000       134.00000    0.0095216669      -1.0000000       2.0000000
   0.00032961176    0.0053506335      -1.0000000      -1.0000000      -1.0000000
      -1.0000000      -1.0000000      -1.0000000      -1.0000000      -1.0000000
      -1.0000000
       0.0000000       132.00000     0.033724371       3070.0000       461744.00
       1.7153199       2.2459352      0.44706059      0.46875006      0.46854833
      -31.072657       129.72989       13.951716       78.214355       11.107388
       58.547070
       0.0000000       131.00000     0.048523631       3086.0000       458428.00
       1.6572500       2.0500536      0.44677177      0.51515150      0.50786030
      -26.648695       128.52937       10.010450       78.109016       10.311711
       58.719761
       1.0000000       131.00000     0.048523631      -1.0000000       1.0000000
    0.0026537406     0.035893962      -1.0000000      -1.0000000      -1.0000000
      -1.0000000      -1.0000000      -1.0000000      -1.0000000      -1.0000000
      -1.0000000
       0.0000000       130.00000     0.058507323       3088.0000       455754.00
       1.6526486       2.0332406      0.44653702      0.34482753      0.46635562
      -24.370895       126.54137       4.5416088       77.950661       10.755617
       59.123451
       0.0000000       129.00000     0.073661387       3137.0000       453840.00
       1.6119280       2.1269228      0.45100510      0.33333331      0.46103516
      -25.481394       123.88311       1.6902130       79.340302       10.256206
       58.619175
       1.0000000       129.00000     0.073661387      -1.0000000       1.0000000
   0.00035962081    0.0045297923      -1.0000000      -1.0000000      -1.0000000
      -1.0000000      -1.0000000      -1.0000000      -1.0000000      -1.0000000
      -1.0000000
       0.0000000       128.00000     0.083884433      -1.0000000       451504.00
       1.5822197       2.4428780      -1.0000000      -1.0000000      -1.0000000
      -1.0000000      -1.0000000      -1.0000000       79.025330       10.440371
       58.553364
       0.0000000       127.00000     0.099401802      -1.0000000       449882.00
       1.5462798       2.1507499      -1.0000000      -1.0000000      -1.0000000
      -1.0000000      -1.0000000      -1.0000000       78.157112       10.450489
       58.899776
       0.0000000       126.00000      0.10986994      -1.0000000       447497.00
       1.5261849       2.0346627      -1.0000000      -1.0000000      -1.0000000
      -1.0000000      -1.0000000      -1.0000000       78.138542       10.111395
       60.243267
       0.0000000       125.00000      0.12575933      -1.0000000       445076.00
       1.4900762       2.2256417      -1.0000000      -1.0000000      -1.0000000
      -1.0000000      -1.0000000      -1.0000000       77.663193       9.9825630
       60.788563
       1.0000000       125.00000      0.12575933      -1.0000000       1.0000000
       0.0000000       0.0000000      -1.0000000      -1.0000000      -1.0000000
      -1.0000000      -1.0000000      -1.0000000      -1.0000000      -1.0000000
      -1.0000000
       0.0000000       124.00000      0.14187621      -1.0000000       443287.00
       1.4688452       1.9804747      -1.0000000      -1.0000000      -1.0000000
      -1.0000000      -1.0000000      -1.0000000       76.965149       9.8821278
       60.834892
       0.0000000       123.00000      0.15274876      -1.0000000       441462.00
       1.4681944       1.9136317      -1.0000000      -1.0000000      -1.0000000
      -1.0000000      -1.0000000      -1.0000000       77.047226       9.6417809
       61.706821
       1.0000000       123.00000      0.15274876      -1.0000000       1.0000000
       0.0000000       0.0000000      -1.0000000      -1.0000000      -1.0000000
      -1.0000000      -1.0000000      -1.0000000      -1.0000000      -1.0000000
      -1.0000000
       0.0000000       122.00000      0.16925204      -1.0000000       442303.00
       1.4047244       2.3100288      -1.0000000      -1.0000000      -1.0000000
      -1.0000000      -1.0000000      -1.0000000       77.316841       9.6697130
       62.826389
       0.0000000       121.00000      0.18038526      -1.0000000       440597.00
       1.3918933       2.1670542      -1.0000000      -1.0000000      -1.0000000
      -1.0000000      -1.0000000      -1.0000000       77.452934       9.5940704
       61.481548
       0.0000000       120.00000      0.19728418      -1.0000000       437478.00
       1.3533698       2.1828053      -1.0000000      -1.0000000      -1.0000000
      -1.0000000      -1.0000000      -1.0000000       77.978477       9.4792356
       62.637428
       0.0000000       119.00000      0.21442504      -1.0000000       435135.00
       1.3102731       2.2351327      -1.0000000      -1.0000000      -1.0000000
      -1.0000000      -1.0000000      -1.0000000       78.736275       9.3920202
       63.032925
       0.0000000       118.00000      0.22598839      -1.0000000       434479.00
       1.2902240       2.2311199      -1.0000000      -1.0000000      -1.0000000
      -1.0000000      -1.0000000      -1.0000000       79.314331       9.1600361
       60.892117
       0.0000000       117.00000      0.24354018      -1.0000000       431498.00
       1.2532709       2.0814936      -1.0000000      -1.0000000      -1.0000000
      -1.0000000      -1.0000000      -1.0000000       80.212326       9.2903509
       59.147190
       0.0000000       116.00000      0.26134327      -1.0000000       428442.00
       1.2160079       1.8559421      -1.0000000      -1.0000000      -1.0000000
      -1.0000000      -1.0000000      -1.0000000       81.020996       8.9398584
       59.584930
       0.0000000       115.00000      0.27335334      -1.0000000       427292.00
       1.2259535       1.9861472      -1.0000000      -1.0000000      -1.0000000
      -1.0000000      -1.0000000      -1.0000000       82.554512       8.9516220
       57.999352
       0.0000000       114.00000      0.29158324      -1.0000000       423474.00
       1.1278776       2.0677617      -1.0000000      -1.0000000      -1.0000000
      -1.0000000      -1.0000000      -1.0000000       81.410187       8.7992592
       59.665577
       0.0000000       113.00000      0.31007412      -1.0000000       421563.00
       1.1405531       1.8112384      -1.0000000      -1.0000000      -1.0000000
      -1.0000000      -1.0000000      -1.0000000       81.559616       8.4069853
       61.290878
       0.0000000       112.00000      0.32882974      -1.0000000       417805.00
       1.0732288       2.0285099      -1.0000000      -1.0000000      -1.0000000
      -1.0000000      -1.0000000      -1.0000000       81.352936       8.2300177
       63.409672
       0.0000000       111.00000      0.34785384      -1.0000000       415962.00
       1.0443990       1.6627964      -1.0000000      -1.0000000      -1.0000000
      -1.0000000      -1.0000000      -1.0000000       80.244209       7.8711715
       62.911842
       0.0000000       110.00000      0.36068764      -1.0000000       414417.00
       1.0334460       1.7519379      -1.0000000      -1.0000000      -1.0000000
      -1.0000000      -1.0000000      -1.0000000       80.526497       7.9587541
       63.547607
       1.0000000       110.00000      0.36068764      -1.0000000       1.0000000
       0.0000000       0.0000000      -1.0000000      -1.0000000      -1.0000000
      -1.0000000      -1.0000000      -1.0000000      -1.0000000      -1.0000000
      -1.0000000
       0.0000000       109.00000      0.38016787      -1.0000000       411079.00
       1.0011748       1.8192211      -1.0000000      -1.0000000      -1.0000000
      -1.0000000      -1.0000000      -1.0000000       81.030319       8.2066984
       63.047340
       0.0000000       108.00000      0.39992696      -1.0000000       409866.00
      0.98188931       1.5323133      -1.0000000      -1.0000000      -1.0000000
      -1.0000000      -1.0000000      -1.0000000       81.000824       7.7570891
       64.005096
       1.0000000       108.00000      0.39992696      -1.0000000       1.0000000
    0.0013791551     0.055293150      -1.0000000      -1.0000000      -1.0000000
      -1.0000000      -1.0000000      -1.0000000      -1.0000000      -1.0000000
      -1.0000000
       0.0000000       107.00000      0.41996893      -1.0000000       406277.00
      0.92974621       1.8070623      -1.0000000      -1.0000000      -1.0000000
      -1.0000000      -1.0000000      -1.0000000       80.091835       7.5456872
       66.795799
       1.0000000       107.00000      0.41996893      -1.0000000       1.0000000
   0.00080740353     0.063523859      -1.0000000      -1.0000000      -1.0000000
      -1.0000000      -1.0000000      -1.0000000      -1.0000000      -1.0000000
      -1.0000000
       0.0000000       106.00000      0.44029784      -1.0000000       403915.00
      0.88615054       1.6798474      -1.0000000      -1.0000000      -1.0000000
      -1.0000000      -1.0000000      -1.0000000       78.932320       7.1569324
       68.795357
       0.0000000       105.00000      0.46091780      -1.0000000       400950.00
      0.88443327       1.6606338      -1.0000000      -1.0000000      -1.0000000
      -1.0000000      -1.0000000      -1.0000000       77.487068       7.4290981
       70.193657
       0.0000000       104.00000      0.48183295      -1.0000000       397469.00
      0.84368706       1.5640513      -1.0000000      -1.0000000      -1.0000000
      -1.0000000      -1.0000000      -1.0000000       77.509598       6.9066105
       71.651810
       1.0000000       104.00000      0.48183295      -1.0000000       1.0000000
   0.00023972339     0.010450670      -1.0000000      -1.0000000      -1.0000000
      -1.0000000      -1.0000000      -1.0000000      -1.0000000      -1.0000000
      -1.0000000
       0.0000000       103.00000      0.50304753      -1.0000000       395455.00
      0.82441324       1.3471714      -1.0000000      -1.0000000      -1.0000000
      -1.0000000      -1.0000000      -1.0000000       77.489761       6.9911089
       69.764374
       0.0000000       102.00000      0.52456582      -1.0000000       394576.00
      0.80445886       1.2751796      -1.0000000      -1.0000000      -1.0000000
      -1.0000000      -1.0000000      -1.0000000       79.108376       6.5897837
       66.831696
       0.0000000       101.00000      0.54639220      -1.0000000       393743.00
      0.77728266       1.3914598      -1.0000000      -1.0000000      -1.0000000
      -1.0000000      -1.0000000      -1.0000000       80.562759       6.5636530
       64.589691
       0.0000000       100.00000      0.57598084      -1.0000000       390324.00
      0.73395163       1.4620584      -1.0000000      -1.0000000      -1.0000000
      -1.0000000      -1.0000000      -1.0000000       82.731148       6.5370603
       62.244827
       0.0000000       99.000000      0.59854329      -1.0000000       387682.00
      0.70350671       1.4879715      -1.0000000      -1.0000000      -1.0000000
      -1.0000000      -1.0000000      -1.0000000       82.864532       6.5569482
       62.877792
       0.0000000       98.000000      0.62142873      -1.0000000       384946.00
      0.67885202       1.2375609      -1.0000000      -1.0000000      -1.0000000
      -1.0000000      -1.0000000      -1.0000000       82.947243       6.0470285
       63.926991
       0.0000000       97.000000      0.64464182      -1.0000000       384269.00
      0.65327162       1.1614330      -1.0000000      -1.0000000      -1.0000000
      -1.0000000      -1.0000000      -1.0000000       81.775787       6.2277651
       65.671814
       0.0000000       96.000000      0.67611039      -1.0000000       382714.00
      0.62543571      0.96610886      -1.0000000      -1.0000000      -1.0000000
      -1.0000000      -1.0000000      -1.0000000       78.814461       5.4409533
       69.637962
       0.0000000       95.000000      0.70010638      -1.0000000       380133.00
      0.61955470       1.0313315      -1.0000000      -1.0000000      -1.0000000
      -1.0000000      -1.0000000      -1.0000000       77.892593       5.7764764
       71.141212
       0.0000000       94.000000      0.73263615      -1.0000000       378283.00
      0.61710620       1.1152500      -1.0000000      -1.0000000      -1.0000000
      -1.0000000      -1.0000000      -1.0000000       77.308563       6.2142959
       71.692886
       0.0000000       93.000000      0.75744140      -1.0000000       373769.00
      0.58104146       1.0734301      -1.0000000      -1.0000000      -1.0000000
      -1.0000000      -1.0000000      -1.0000000       77.598007       5.4907231
       73.807961
       0.0000000       92.000000      0.79106826      -1.0000000       373494.00
      0.57543176       1.2646005      -1.0000000      -1.0000000      -1.0000000
      -1.0000000      -1.0000000      -1.0000000       78.710281       6.0996447
       71.109520
       1.0000000       92.000000      0.79106826      -1.0000000       1.0000000
       0.0000000       0.0000000      -1.0000000      -1.0000000      -1.0000000
      -1.0000000      -1.0000000      -1.0000000      -1.0000000      -1.0000000
      -1.0000000
       0.0000000       91.000000      0.81671000      -1.0000000       371484.00
      0.55182493       1.2538923      -1.0000000      -1.0000000      -1.0000000
      -1.0000000      -1.0000000      -1.0000000       79.422043       5.9701357
       70.394005
       0.0000000       90.000000      0.85147089      -1.0000000       366849.00
      0.53671283      0.90255141      -1.0000000      -1.0000000      -1.0000000
      -1.0000000      -1.0000000      -1.0000000       80.663353       5.7602506
       68.697479
       1.0000000       90.000000      0.85147089      -1.0000000       1.0000000
    0.0043961387     0.082851276      -1.0000000      -1.0000000      -1.0000000
      -1.0000000      -1.0000000      -1.0000000      -1.0000000      -1.0000000
      -1.0000000
       0.0000000       89.000000      0.88689691      -1.0000000       365770.00
      0.52137446      0.86766642      -1.0000000      -1.0000000      -1.0000000
      -1.0000000      -1.0000000      -1.0000000       83.866119       6.1910048
       63.839539
       0.0000000       88.000000      0.92300081      -1.0000000       358751.00
      0.52888668      0.84136266      -1.0000000      -1.0000000      -1.0000000
      -1.0000000      -1.0000000      -1.0000000       86.230629       5.6824675
       61.259174
       1.0000000       88.000000      0.92300081      -1.0000000       1.0000000
   0.00057107687       0.0000000      -1.0000000      -1.0000000      -1.0000000
      -1.0000000      -1.0000000      -1.0000000      -1.0000000      -1.0000000
      -1.0000000
       0.0000000       87.000000      0.95053136      -1.0000000       355172.00
      0.49332327       1.4896948      -1.0000000      -1.0000000      -1.0000000
      -1.0000000      -1.0000000      -1.0000000       86.088303       5.7854457
       61.987041
       1.0000000       87.000000      0.95053136      -1.0000000       1.0000000
       0.0000000       0.0000000      -1.0000000      -1.0000000      -1.0000000
      -1.0000000      -1.0000000      -1.0000000      -1.0000000      -1.0000000
      -1.0000000
       0.0000000       86.000000      0.98785281      -1.0000000       351370.00
      0.45126069       1.2978860      -1.0000000      -1.0000000      -1.0000000
      -1.0000000      -1.0000000      -1.0000000       81.703606       5.9780440
       64.578064
       0.0000000       85.000000      0.99729425      -1.0000000       350478.00
      0.43939912       1.2250465      -1.0000000      -1.0000000      -1.0000000
      -1.0000000      -1.0000000      -1.0000000       80.437744       5.6835384
       65.189766
       0.0000000       84.000000       1.0355104      -1.0000000       346749.00
      0.43854198       1.2708092      -1.0000000      -1.0000000      -1.0000000
      -1.0000000      -1.0000000      -1.0000000       79.652420       5.8699780
       66.779686
       0.0000000       83.000000       1.0744579      -1.0000000       341593.00
      0.39506865       1.2034451      -1.0000000      -1.0000000      -1.0000000
      -1.0000000      -1.0000000      -1.0000000       80.472084       5.1773276
       68.718124
       0.0000000       82.000000       1.1141505      -1.0000000       339455.00
      0.38007897       1.2906181      -1.0000000      -1.0000000      -1.0000000
      -1.0000000      -1.0000000      -1.0000000       79.865669       5.6910324
       66.613190
       1.0000000       82.000000       1.1141505      -1.0000000       1.0000000
       0.0000000       0.0000000      -1.0000000      -1.0000000      -1.0000000
      -1.0000000      -1.0000000      -1.0000000      -1.0000000      -1.0000000
      -1.0000000
       0.0000000       81.000000       1.1546028      -1.0000000       336778.00
      0.34758994       1.1576282      -1.0000000      -1.0000000      -1.0000000
      -1.0000000      -1.0000000      -1.0000000       80.401337       5.0558453
       67.102097
       1.0000000       81.000000       1.1546028      -1.0000000       1.0000000
    0.0021884176      0.11237384      -1.0000000      -1.0000000      -1.0000000
      -1.0000000      -1.0000000      -1.0000000      -1.0000000      -1.0000000
      -1.0000000
       0.0000000       80.000000       1.2062581      -1.0000000       332150.00
      0.31311360       1.3141063      -1.0000000      -1.0000000      -1.0000000
      -1.0000000      -1.0000000      -1.0000000       79.209442       5.2417021
       70.468712
       1.0000000       80.000000       1.2062581      -1.0000000       1.0000000
    0.0079653896     0.043055341      -1.0000000      -1.0000000      -1.0000000
      -1.0000000      -1.0000000      -1.0000000      -1.0000000      -1.0000000
      -1.0000000
       0.0000000       79.000000       1.2484726      -1.0000000       328973.00
      0.29342458       1.0219696      -1.0000000      -1.0000000      -1.0000000
      -1.0000000      -1.0000000      -1.0000000       78.386665       5.2229671
       71.692329
       1.0000000       79.000000       1.2484726      -1.0000000       2.0000000
    0.0014385738     0.035494655      -1.0000000      -1.0000000      -1.0000000
      -1.0000000      -1.0000000      -1.0000000      -1.0000000      -1.0000000
      -1.0000000
       0.0000000       78.000000       1.3023784      -1.0000000       323019.00
      0.28110176      0.97114879      -1.0000000      -1.0000000      -1.0000000
      -1.0000000      -1.0000000      -1.0000000       78.921280       5.2130570
       74.020996
       0.0000000       77.000000       1.3575766      -1.0000000       318343.00
      0.25917307       1.0269656      -1.0000000      -1.0000000      -1.0000000
      -1.0000000      -1.0000000      -1.0000000       82.342804       4.8818269
       71.552910
       1.0000000       77.000000       1.3575766      -1.0000000       1.0000000
       0.0000000       0.0000000      -1.0000000      -1.0000000      -1.0000000
      -1.0000000      -1.0000000      -1.0000000      -1.0000000      -1.0000000
      -1.0000000
       0.0000000       76.000000       1.4140983      -1.0000000       310244.00
      0.23982799      0.85981393      -1.0000000      -1.0000000      -1.0000000
      -1.0000000      -1.0000000      -1.0000000       83.528549       4.4667349
       72.324783
       1.0000000       76.000000       1.4140983      -1.0000000       1.0000000
       0.0000000       0.0000000      -1.0000000      -1.0000000      -1.0000000
      -1.0000000      -1.0000000      -1.0000000      -1.0000000      -1.0000000
      -1.0000000
       0.0000000       75.000000       1.4719748      -1.0000000       302106.00
      0.23103061      0.75270778      -1.0000000      -1.0000000      -1.0000000
      -1.0000000      -1.0000000      -1.0000000       83.115082       4.7547731
       70.638779
       0.0000000       74.000000       1.5312390      -1.0000000       294907.00
      0.20113432      0.80408323      -1.0000000      -1.0000000      -1.0000000
      -1.0000000      -1.0000000      -1.0000000       83.873756       4.0340953
       70.510277
       1.0000000       74.000000       1.5312390      -1.0000000       1.0000000
       0.0000000       0.0000000      -1.0000000      -1.0000000      -1.0000000
      -1.0000000      -1.0000000      -1.0000000      -1.0000000      -1.0000000
      -1.0000000
       0.0000000       73.000000       1.6042346      -1.0000000       287440.00
      0.17031485      0.92052948      -1.0000000      -1.0000000      -1.0000000
      -1.0000000      -1.0000000      -1.0000000       83.730530       4.8916979
       72.404289
       1.0000000       73.000000       1.6042346      -1.0000000       2.0000000
    0.0012336773     0.025954021      -1.0000000      -1.0000000      -1.0000000
      -1.0000000      -1.0000000      -1.0000000      -1.0000000      -1.0000000
      -1.0000000
       0.0000000       72.000000       1.6666696      -1.0000000       284932.00
      0.14816198      0.81539470      -1.0000000      -1.0000000      -1.0000000
      -1.0000000      -1.0000000      -1.0000000       77.544769       3.7449932
       81.993095
       0.0000000       71.000000       1.7435706      -1.0000000       274631.00
      0.12874179      0.72017306      -1.0000000      -1.0000000      -1.0000000
      -1.0000000      -1.0000000      -1.0000000       79.205223       3.3541617
       84.642273
       0.0000000       70.000000       1.8226893      -1.0000000       265412.00
      0.10697933      0.67647338      -1.0000000      -1.0000000      -1.0000000
      -1.0000000      -1.0000000      -1.0000000       82.991829       3.2116590
       79.997154
       0.0000000       69.000000       1.9040896      -1.0000000       270930.00
     0.077575289      0.55961072      -1.0000000      -1.0000000      -1.0000000
      -1.0000000      -1.0000000      -1.0000000       88.840172       2.8236508
       68.641548
       1.0000000       69.000000       1.9040896      -1.0000000       3.0000000
     0.013972664      0.12398141      -1.0000000      -1.0000000      -1.0000000
      -1.0000000      -1.0000000      -1.0000000      -1.0000000      -1.0000000
      -1.0000000
       0.0000000       68.000000       2.0020282      -1.0000000       262877.00
     0.078260273      0.99079162      -1.0000000      -1.0000000      -1.0000000
      -1.0000000      -1.0000000      -1.0000000       95.691193       4.2494130
       56.589947
       1.0000000       68.000000       2.0020282      -1.0000000       1.0000000
       0.0000000       0.0000000      -1.0000000      -1.0000000      -1.0000000
      -1.0000000      -1.0000000      -1.0000000      -1.0000000      -1.0000000
      -1.0000000
       0.0000000       67.000000       2.1032696      -1.0000000       252605.00
     0.038430687      0.37946397      -1.0000000      -1.0000000      -1.0000000
      -1.0000000      -1.0000000      -1.0000000       79.805252       1.6674542
       77.870682
       0.0000000       66.000000       2.2079256      -1.0000000       240826.00
     0.031001294      0.25231308      -1.0000000      -1.0000000      -1.0000000
      -1.0000000      -1.0000000      -1.0000000       63.979218       1.1527261
       85.362099
       1.0000000       66.000000       2.2079256      -1.0000000       2.0000000
    0.0012226467     0.039701715      -1.0000000      -1.0000000      -1.0000000
      -1.0000000      -1.0000000      -1.0000000      -1.0000000      -1.0000000
      -1.0000000
       0.0000000       65.000000       2.3161108      -1.0000000       230954.00
     0.027946204      0.22073545      -1.0000000      -1.0000000      -1.0000000
      -1.0000000      -1.0000000      -1.0000000       62.181175       1.3924011
       69.383514
       0.0000000       64.000000       2.4442258      -1.0000000       275950.00
     0.024151981      0.28143504      -1.0000000      -1.0000000      -1.0000000
      -1.0000000      -1.0000000      -1.0000000       67.546524       1.2939906
       53.007954
       0.0000000       63.000000       2.5772903      -1.0000000       265940.00
     0.015701048      0.22851130      -1.0000000      -1.0000000      -1.0000000
      -1.0000000      -1.0000000      -1.0000000       63.074566       1.0948358
       56.749199
       1.0000000       63.000000       2.5772903      -1.0000000       2.0000000
    0.0016594260     0.033239082      -1.0000000      -1.0000000      -1.0000000
      -1.0000000      -1.0000000      -1.0000000      -1.0000000      -1.0000000
      -1.0000000
       0.0000000       62.000000       2.7331426      -1.0000000       265616.00
     0.012117909      0.11394678      -1.0000000      -1.0000000      -1.0000000
      -1.0000000      -1.0000000      -1.0000000       53.285645      0.71413547
       57.365879
       1.0000000       62.000000       2.7331426      -1.0000000       1.0000000
       0.0000000       0.0000000      -1.0000000      -1.0000000      -1.0000000
      -1.0000000      -1.0000000      -1.0000000      -1.0000000      -1.0000000
      -1.0000000
       0.0000000       61.000000       2.8957851      -1.0000000       307850.00
    0.0094040064     0.093551144      -1.0000000      -1.0000000      -1.0000000
      -1.0000000      -1.0000000      -1.0000000       46.042946      0.60898411
       46.369942
