       0.0000000       135.00000       0.0000000       1373.0000       415951.00
       5.3404965       1.2070196      0.50702339      0.45161289      0.49657196
      -9.5583858      -27.425682       124.14781       107.23302       16.229328
       86.994774
       0.0000000       134.00000    0.0095216669       1377.0000       413733.00
       5.3244381       1.1320115      0.50623298      0.46875006      0.48557115
      -8.3326426      -26.522650       124.37665       106.80814       15.945365
       87.837395
       0.0000000       133.00000     0.023974428       1378.0000       410253.00
       5.3157129       1.0935017      0.50280017      0.45161289      0.49616003
      -8.8135767      -24.541233       126.79668       106.84601       16.051559
       88.755394
       0.0000000       132.00000     0.033724371       1379.0000       409397.00
       5.2699304       1.1421660      0.50430924      0.39999998      0.46807170
      -7.5003581      -24.532251       127.80463       107.35719       15.974277
       88.534103
       0.0000000       131.00000     0.048523631       1402.0000       406571.00
       5.2103381       1.2099762      0.50794786      0.39999998      0.47639859
      0.30152935      -19.769480       129.58131       107.86317       15.858487
       88.964882
       0.0000000       130.00000     0.058507323       1408.0000       404095.00
       5.2119370       1.2584453      0.50662398      0.41935480      0.45952937
       4.3219576      -13.281763       130.91933       108.16812       15.768261
       88.710373
       0.0000000       129.00000     0.073661387       1419.0000       401875.00
       5.1793137       1.3789306      0.50304788      0.46875006      0.46417826
     -0.94014013      -6.7195663       132.57288       108.41813       15.975101
       88.356544
       0.0000000       128.00000     0.083884433       1425.0000       399668.00
       5.1268392       1.3675652      0.50196981      0.37931031      0.44558597
      -10.778461      -9.3808441       131.82608       108.55176       15.866787
       88.717010
       1.0000000       128.00000     0.083884433      -1.0000000       1.0000000
       0.0000000       0.0000000      -1.0000000      -1.0000000      -1.0000000
      -1.0000000      -1.0000000      -1.0000000      -1.0000000      -1.0000000
      -1.0000000
       0.0000000       127.00000     0.099401802       1437.0000       397878.00
       5.0609541       1.2554111      0.49712062      0.46875006      0.46969026
      -14.044250      -14.547443       130.02704       109.03320       15.549078
       87.816826
       0.0000000       126.00000      0.10986994       1437.0000       395884.00
       5.0425668       1.2767833      0.50348252      0.42424244      0.46780527
      -11.793039      -20.100361       130.43349       109.33255       15.614058
       88.128403
       0.0000000       125.00000      0.12575933       1448.0000       394184.00
       4.9838147       1.2181454      0.50181597      0.41176474      0.45026484
     -0.27532393      -14.099042       130.45734       110.40578       15.335083
       86.348106
       0.0000000       124.00000      0.14187621       1492.0000       392829.00
       4.9762044       1.1261914      0.50088269      0.35483867      0.45516470
      0.46578634      -6.3714867       133.89868       110.96650       15.364525
       85.623695
       0.0000000       123.00000      0.15274876       1501.0000       391391.00
       4.9599185       1.1081498      0.49694154      0.39999998      0.47709507
     -0.31956226      0.68872213       135.25856       112.50197       15.362759
       84.327675
       0.0000000       122.00000      0.16925204       1531.0000       389718.00
       4.8983641       1.2199333      0.50234020      0.44117647      0.45553774
      -15.467498       5.3011961       135.79640       113.45922       15.267683
       83.029709
       0.0000000       121.00000      0.18038526       1528.0000       386603.00
       4.8769884       1.3450302      0.50420129      0.42424244      0.47639692
      -24.604246      -7.0062251       134.93738       114.13555       15.262427
       84.035622
       0.0000000       120.00000      0.19728418       1531.0000       383553.00
       4.8082228       1.3319637      0.50009716      0.41176474      0.44936204
      -15.656424      -14.601765       134.39545       114.33948       15.181214
       84.087143
       1.0000000       120.00000      0.19728418      -1.0000000       1.0000000
       0.0000000       0.0000000      -1.0000000      -1.0000000      -1.0000000
      -1.0000000      -1.0000000      -1.0000000      -1.0000000      -1.0000000
      -1.0000000
       0.0000000       119.00000      0.21442504       1518.0000       380233.00
       4.7654676       1.1702001      0.49728942      0.44117647      0.45336431
      -17.436306      -8.5082035       135.95874       114.53044       14.962286
       84.223511
       0.0000000       118.00000      0.22598839       1513.0000       377866.00
       4.7475486       1.2219418      0.49947026      0.44117647      0.46175632
      -20.027168      -6.5832930       137.03691       114.85678       14.931596
       84.642647
       0.0000000       117.00000      0.24354018       1524.0000       373880.00
       4.6664281       1.1548886      0.49991733      0.36363643      0.43835282
      -24.342825      -13.031773       137.72386       114.60340       14.618081
       85.118576
       1.0000000       117.00000      0.24354018      -1.0000000       1.0000000
     0.019112417      0.21001486      -1.0000000      -1.0000000      -1.0000000
      -1.0000000      -1.0000000      -1.0000000      -1.0000000      -1.0000000
      -1.0000000
       0.0000000       116.00000      0.26134327       1535.0000       371039.00
       4.5894480       1.1533217      0.49966717      0.39393944      0.42756927
      -14.130726      -31.114086       135.13684       114.76275       14.421792
       86.718994
       0.0000000       115.00000      0.27335334       1532.0000       368242.00
       4.5639868       1.3006928      0.49781835      0.41176474      0.43758696
      0.61288029      -37.720192       133.65103       114.82592       14.432850
       88.932785
       0.0000000       114.00000      0.29158324       1545.0000       365417.00
       4.4732943       1.7449452      0.49959806      0.44117647      0.43394375
       35.897064      -22.605753       128.07669       114.13542       14.728157
       91.853012
       0.0000000       113.00000      0.31007412       1558.0000       362700.00
       4.3746843       1.3132924      0.50545251      0.44117647      0.44455367
       40.614777       23.719570       130.83556       112.54035       14.029420
       93.668144
       0.0000000       112.00000      0.32882974       1575.0000       358484.00
       4.3458676       1.0975972      0.50298750      0.48571426      0.48066682
       12.298621       34.522701       133.13503       111.49477       13.830620
       94.921959
       0.0000000       111.00000      0.34785384       1592.0000       356571.00
       4.3041606       1.0324394      0.49438441      0.47058821      0.45235121
       3.7600443       21.207163       134.00693       111.53365       13.612268
       94.109428
       0.0000000       110.00000      0.36068764       1602.0000       355095.00
       4.2799087       1.1918219      0.49149439      0.48571426      0.44472340
      -3.9513628       21.861013       132.98750       112.67228       13.821921
       92.928429
       0.0000000       109.00000      0.38016787       1633.0000       352961.00
       4.1676254       1.3433346      0.49307597      0.47222227      0.42030987
      -24.348112       3.4678617       126.94256       114.59518       13.561762
       89.514267
       0.0000000       108.00000      0.39992696       1642.0000       351289.00
       4.1547379       1.2271209      0.48594043      0.34375006      0.37492171
      -32.546360      -15.434009       122.38238       116.40095       13.812127
       86.454346
       0.0000000       107.00000      0.41996893       1667.0000       348273.00
       4.1189094       1.2704041      0.48910227      0.34375006      0.37779167
      -40.410706      -30.194490       116.93696       118.09835       13.889032
       82.921959
       0.0000000       106.00000      0.44029784       1674.0000       345934.00
       4.1012201       1.2332530      0.48818555      0.34375006      0.39226928
      -51.694958      -43.861187       111.44741       120.89524       14.100323
       78.361794
       1.0000000       106.00000      0.44029784      -1.0000000       1.0000000
   0.00037097602     0.014207613      -1.0000000      -1.0000000      -1.0000000
      -1.0000000      -1.0000000      -1.0000000      -1.0000000      -1.0000000
      -1.0000000
       0.0000000       105.00000      0.46091780       1707.0000       343099.00
       4.0509276       1.5033032      0.48081297      0.39393944      0.40128490
      -53.308365      -61.799564       101.80386       122.06674       14.372047
       79.300667
       0.0000000       104.00000      0.48183295       1731.0000       340141.00
       3.9627235       1.3274990      0.48617542      0.34375006      0.38662010
      -44.878731      -76.662483       97.038261       116.06911       13.635189
       85.520424
       0.0000000       103.00000      0.50304753       1758.0000       336679.00
       3.9344318       1.1808783      0.48743841      0.29032254      0.38967726
      -36.854248      -89.847969       93.293251       114.05555       13.329374
       86.759338
       0.0000000       102.00000      0.52456582       1772.0000       334487.00
       3.9099054       1.1302894      0.49212328      0.29032254      0.37976801
      -26.313351      -99.501060       91.989624       112.83052       13.224813
       87.728432
       0.0000000       101.00000      0.54639220       1811.0000       332680.00
       3.8554666       1.0583466      0.49086791      0.32258064      0.37828189
      -11.809602      -106.30363       92.189865       112.69356       12.958769
       86.765327
       0.0000000       100.00000      0.57598084       1869.0000       330715.00
       3.8182027      0.91383410      0.49784616      0.29032254      0.38078743
       11.197230      -107.55177       95.705803       114.00233       12.664253
       83.832008
       0.0000000       99.000000      0.59854329       1847.0000       325209.00
       3.8186159       1.0962342      0.49913412      0.39393944      0.39776409
       31.878803      -99.262779       104.82945       115.86979       12.789425
       82.704086
       1.0000000       99.000000      0.59854329      -1.0000000       1.0000000
       0.0000000       0.0000000      -1.0000000      -1.0000000      -1.0000000
      -1.0000000      -1.0000000      -1.0000000      -1.0000000      -1.0000000
      -1.0000000
       0.0000000       98.000000      0.62142873       1813.0000       320473.00
       3.8081052       1.3343948      0.49807811      0.34375006      0.37447193
       52.306885      -77.996902       118.17880       117.41444       13.232469
       81.022377
       1.0000000       98.000000      0.62142873      -1.0000000       1.0000000
       0.0000000       0.0000000      -1.0000000      -1.0000000      -1.0000000
      -1.0000000      -1.0000000      -1.0000000      -1.0000000      -1.0000000
      -1.0000000
       0.0000000       97.000000      0.64464182       1781.0000       316703.00
       3.7451580       1.5006573      0.49062434      0.34375006      0.38231158
       39.107456      -54.757519       130.44260       116.84143       13.045794
       82.479790
       1.0000000       97.000000      0.64464182      -1.0000000       2.0000000
     0.012982320     0.078164707      -1.0000000      -1.0000000      -1.0000000
      -1.0000000      -1.0000000      -1.0000000      -1.0000000      -1.0000000
      -1.0000000
       0.0000000       96.000000      0.67611039       1914.0000       318319.00
       3.6719999       1.4838251      0.49392748      0.42857140      0.37174115
       14.623665      -34.144199       147.10660       117.31091       12.931350
       82.879936
       0.0000000       95.000000      0.70010638       1903.0000       314432.00
       3.6209123       1.4083474      0.49161556      0.29032254      0.37710091
       13.906561      -27.071951       146.55612       117.13317       12.623765
       84.714157
       0.0000000       94.000000      0.73263615       1930.0000       311622.00
       3.5508153       1.4475564      0.49136096      0.39393944      0.36748928
       1.1536574       6.2804384       154.08450       118.73688       12.513317
       84.573982
       0.0000000       93.000000      0.75744140       1946.0000       308041.00
       3.4998252       1.4908214      0.49172503      0.34375006      0.32731643
      -29.809008       27.031363       146.77776       119.13412       12.404124
       85.099518
       0.0000000       92.000000      0.79106826       1966.0000       302967.00
       3.4601791       1.2346122      0.49110350      0.34375006      0.28241888
      -59.068256       25.322849       137.67592       120.13754       12.172131
       84.110588
       0.0000000       91.000000      0.81671000       1978.0000       300074.00
       3.4043007       1.4194906      0.48664793      0.39393944      0.31832799
      -85.605980       12.070820       127.70963       122.04463       12.187753
       82.847382
       1.0000000       91.000000      0.81671000      -1.0000000       1.0000000
   0.00022514640       0.0000000      -1.0000000      -1.0000000      -1.0000000
      -1.0000000      -1.0000000      -1.0000000      -1.0000000      -1.0000000
      -1.0000000
       0.0000000       90.000000      0.85147089       2005.0000       296607.00
       3.3352156       1.5228142      0.48326305      0.29032254      0.30348325
      -98.438988      -6.0139828       119.10577       123.55572       12.147424
       81.994705
       1.0000000       90.000000      0.85147089      -1.0000000       2.0000000
       0.0000000       0.0000000      -1.0000000      -1.0000000      -1.0000000
      -1.0000000      -1.0000000      -1.0000000      -1.0000000      -1.0000000
      -1.0000000
       0.0000000       89.000000      0.88689691       2026.0000       293338.00
       3.2737167       1.3646576      0.49122122      0.33333337      0.33779320
      -120.89442       11.239376       109.76349       123.13311       11.864453
       82.747063
       0.0000000       88.000000      0.92300081       2027.0000       288150.00
       3.2110960       1.2737491      0.50263160      0.32352942      0.37957883
      -161.11974       18.252979       76.153976       121.84632       11.556801
       87.252045
       0.0000000       87.000000      0.95053136       1999.0000       283401.00
       3.1824138      0.98861307      0.51321530      0.32352942      0.39561695
      -181.03145       8.7567158       48.422791       120.33267       11.154617
       89.599770
       0.0000000       86.000000      0.98785281       2010.0000       278855.00
       3.1696801       1.0814097      0.50528127      0.35294116      0.39388445
      -193.14757      -16.679888       22.981699       120.13797       11.205810
       91.004219
       1.0000000       86.000000      0.98785281      -1.0000000       2.0000000
    0.0080941450     0.092536159      -1.0000000      -1.0000000      -1.0000000
      -1.0000000      -1.0000000      -1.0000000      -1.0000000      -1.0000000
      -1.0000000
       0.0000000       85.000000      0.99729425       2009.0000       277352.00
       3.1420357       1.1176697      0.50565737      0.43243247      0.41468161
      -194.78520      -25.052971       16.451900       120.16648       11.126738
       92.249878
       0.0000000       84.000000       1.0355104       1973.0000       271444.00
       3.1095009      0.94954944      0.50816131      0.41666669      0.43587360
      -192.87535      -62.864124      -4.9795709       119.10656       10.746326
       94.893486
       1.0000000       84.000000       1.0355104      -1.0000000       1.0000000
    0.0010504881     0.055667240      -1.0000000      -1.0000000      -1.0000000
      -1.0000000      -1.0000000      -1.0000000      -1.0000000      -1.0000000
      -1.0000000
       0.0000000       83.000000       1.0744579       1939.0000       264409.00
       3.0822470       1.0115693      0.49453887      0.28125006      0.40622336
      -190.23672      -67.246574      -17.197702       119.93327       10.631356
       94.808067
       1.0000000       83.000000       1.0744579      -1.0000000       1.0000000
    0.0010504881     0.055667240      -1.0000000      -1.0000000      -1.0000000
      -1.0000000      -1.0000000      -1.0000000      -1.0000000      -1.0000000
      -1.0000000
       0.0000000       82.000000       1.1141505       1912.0000       257769.00
       3.0559065       1.0449620      0.46748337      0.45945948      0.40547666
      -178.76224      -61.511234      -42.121952       122.73151       10.587646
       89.616600
       0.0000000       81.000000       1.1546028       1795.0000       248434.00
       2.9535046       1.7397569      0.51779091      0.52777779      0.46207482
      -137.43033      -121.27262      -117.65311       124.14948       11.069753
       87.209068
       1.0000000       81.000000       1.1546028      -1.0000000       1.0000000
   0.00083679473       0.0000000      -1.0000000      -1.0000000      -1.0000000
      -1.0000000      -1.0000000      -1.0000000      -1.0000000      -1.0000000
      -1.0000000
       0.0000000       80.000000       1.2062581       1824.0000       241847.00
       2.7585461       1.9186369      0.48757055      0.50000000      0.41788986
      -86.460037      -144.89960      -126.40378       126.28020       11.605136
       85.381454
       0.0000000       79.000000       1.2484726       1818.0000       236895.00
       2.6505182       2.3813894      0.47015923      0.56756753      0.40300074
      -53.559040      -163.63474      -102.61007       126.93295       12.643572
       87.915901
       0.0000000       78.000000       1.3023784       1836.0000       230857.00
       2.4987195       2.2102375      0.44243920      0.43750000      0.31160986
      -121.39171      -111.22679      -56.680206       123.41367       12.727035
       92.245720
       0.0000000       77.000000       1.3575766       1856.0000       225121.00
       2.3392630       2.2245636      0.42228422      0.42424244      0.27580678
      -128.96484      -57.770599      -57.798622       123.10214       12.398388
       96.497414
       1.0000000       77.000000       1.3575766      -1.0000000       1.0000000
       0.0000000       0.0000000      -1.0000000      -1.0000000      -1.0000000
      -1.0000000      -1.0000000      -1.0000000      -1.0000000      -1.0000000
      -1.0000000
       0.0000000       76.000000       1.4140983       1836.0000       217905.00
       2.2086427       1.8461504      0.44514892      0.41176474      0.25500882
      -96.601486      -89.707985      -89.148415       121.58945       11.758462
       102.23016
       1.0000000       76.000000       1.4140983      -1.0000000       1.0000000
       0.0000000       0.0000000      -1.0000000      -1.0000000      -1.0000000
      -1.0000000      -1.0000000      -1.0000000      -1.0000000      -1.0000000
      -1.0000000
       0.0000000       75.000000       1.4719748       1864.0000       211916.00
       2.1262560       1.6720843      0.44526991      0.40000004      0.28779185
      -50.160290      -147.18375      -65.020195       122.16441       11.354173
       102.87297
       1.0000000       75.000000       1.4719748      -1.0000000       2.0000000
    0.0094533112     0.070425541      -1.0000000      -1.0000000      -1.0000000
      -1.0000000      -1.0000000      -1.0000000      -1.0000000      -1.0000000
      -1.0000000
       0.0000000       74.000000       1.5312390       1878.0000       206721.00
       2.0429425       1.8041849      0.43516123      0.19354838      0.25491241
      -16.439121      -164.12343      -12.382951       123.39165       11.345926
       101.80666
       0.0000000       73.000000       1.6042346       1852.0000       197695.00
       1.9366736       1.6189539      0.45040739      0.40540540      0.41298425
       22.698273      -173.31032       52.205070       126.15331       10.816371
       100.21027
       1.0000000       73.000000       1.6042346      -1.0000000       3.0000000
   0.00018922459       0.0000000      -1.0000000      -1.0000000      -1.0000000
      -1.0000000      -1.0000000      -1.0000000      -1.0000000      -1.0000000
      -1.0000000
       0.0000000       72.000000       1.6666696       1809.0000       189877.00
       1.8418943       1.6167698      0.46886489      0.39999998      0.37503546
       70.178017      -136.95651       80.766197       126.70313       10.345475
       100.29455
       1.0000000       72.000000       1.6666696      -1.0000000       3.0000000
    0.0062508946      0.14690994      -1.0000000      -1.0000000      -1.0000000
      -1.0000000      -1.0000000      -1.0000000      -1.0000000      -1.0000000
      -1.0000000
       0.0000000       71.000000       1.7435706       1704.0000       177636.00
       1.7993729       1.7682552      0.44787723      0.59375006      0.32784581
       100.21911      -81.396889       127.48551       126.06112       11.252835
       100.99347
       0.0000000       70.000000       1.8226893       1554.0000       164727.00
       1.7111123       1.5612690      0.42014056      0.70270270      0.38934129
       29.220509      -75.052078       165.10960       124.71806       10.946869
       101.54250
       1.0000000       70.000000       1.8226893      -1.0000000       1.0000000
   0.00044092970     0.029713985      -1.0000000      -1.0000000      -1.0000000
      -1.0000000      -1.0000000      -1.0000000      -1.0000000      -1.0000000
      -1.0000000
       0.0000000       69.000000       1.9040896       1465.0000       154519.00
       1.5414867       2.1019173      0.36690575      0.63636363      0.34584063
       12.475291      -49.675926       112.14442       122.30524       10.797389
       109.69746
       1.0000000       69.000000       1.9040896      -1.0000000       3.0000000
     0.010843751     0.073666990      -1.0000000      -1.0000000      -1.0000000
      -1.0000000      -1.0000000      -1.0000000      -1.0000000      -1.0000000
      -1.0000000
       0.0000000       68.000000       2.0020282      -1.0000000       144628.00
       1.3858187       2.2330165      -1.0000000      -1.0000000      -1.0000000
      -1.0000000      -1.0000000      -1.0000000       120.36401       10.998763
       111.38123
       1.0000000       68.000000       2.0020282      -1.0000000       3.0000000
       0.0000000       0.0000000      -1.0000000      -1.0000000      -1.0000000
      -1.0000000      -1.0000000      -1.0000000      -1.0000000      -1.0000000
      -1.0000000
       0.0000000       67.000000       2.1032696      -1.0000000       138268.00
       1.1873329       2.4673126      -1.0000000      -1.0000000      -1.0000000
      -1.0000000      -1.0000000      -1.0000000       123.97437       10.669172
       111.54616
       1.0000000       67.000000       2.1032696      -1.0000000       1.0000000
     0.011941181     0.096074209      -1.0000000      -1.0000000      -1.0000000
      -1.0000000      -1.0000000      -1.0000000      -1.0000000      -1.0000000
      -1.0000000
       0.0000000       66.000000       2.2079256      -1.0000000       128366.00
       1.0559256       2.4102247      -1.0000000      -1.0000000      -1.0000000
      -1.0000000      -1.0000000      -1.0000000       124.54632       10.619433
       117.86554
       1.0000000       66.000000       2.2079256      -1.0000000       1.0000000
       0.0000000       0.0000000      -1.0000000      -1.0000000      -1.0000000
      -1.0000000      -1.0000000      -1.0000000      -1.0000000      -1.0000000
      -1.0000000
       0.0000000       65.000000       2.3161108      -1.0000000       119822.00
      0.82156247       1.3836188      -1.0000000      -1.0000000      -1.0000000
      -1.0000000      -1.0000000      -1.0000000       124.72012       8.6022234
       118.74944
       1.0000000       65.000000       2.3161108      -1.0000000       3.0000000
    0.0013716359     0.031595737      -1.0000000      -1.0000000      -1.0000000
      -1.0000000      -1.0000000      -1.0000000      -1.0000000      -1.0000000
      -1.0000000
       0.0000000       64.000000       2.4442258      -1.0000000       109434.00
      0.73412943       2.0809956      -1.0000000      -1.0000000      -1.0000000
      -1.0000000      -1.0000000      -1.0000000       129.55879       11.992500
       112.52630
       1.0000000       64.000000       2.4442258      -1.0000000       2.0000000
      0.10850050      0.12394232      -1.0000000      -1.0000000      -1.0000000
      -1.0000000      -1.0000000      -1.0000000      -1.0000000      -1.0000000
      -1.0000000
       0.0000000       63.000000       2.5772903      -1.0000000       98957.000
      0.69387430       3.5829754      -1.0000000      -1.0000000      -1.0000000
      -1.0000000      -1.0000000      -1.0000000       142.38399       18.726099
       93.544571
       2.0000000       63.000000       2.5772903      0.28949067       62.000000
     0.073452219      0.13328901      -1.0000000      -1.0000000      -1.0000000
      -1.0000000      -1.0000000      -1.0000000      -1.0000000      -1.0000000
      -1.0000000
       0.0000000       62.000000       2.7331426      -1.0000000       90126.000
      0.23002768      0.60507971      -1.0000000      -1.0000000      -1.0000000
      -1.0000000      -1.0000000      -1.0000000       86.426033       2.9046941
       28.711672
       2.0000000       62.000000       2.7331426      0.28949067       62.000000
     0.073452219      0.13328901      -1.0000000      -1.0000000      -1.0000000
      -1.0000000      -1.0000000      -1.0000000      -1.0000000      -1.0000000
      -1.0000000
       1.0000000       62.000000       2.7331426      -1.0000000       4.0000000
    0.0031985359     0.031102971      -1.0000000      -1.0000000      -1.0000000
      -1.0000000      -1.0000000      -1.0000000      -1.0000000      -1.0000000
      -1.0000000
       0.0000000       61.000000       2.8957851      -1.0000000       79508.000
      0.25372913      0.61711514      -1.0000000      -1.0000000      -1.0000000
      -1.0000000      -1.0000000      -1.0000000       96.414154       4.1628108
       114.00893
       1.0000000       61.000000       2.8957851      -1.0000000       1.0000000
    0.0021436070   0.00076298439      -1.0000000      -1.0000000      -1.0000000
      -1.0000000      -1.0000000      -1.0000000      -1.0000000      -1.0000000
      -1.0000000
