       0.0000000       135.00000       0.0000000       0.0000000       18.000000
       18.313450       0.0000000      0.48186547      0.67567563      0.64443386
      -279.01059      -56.749161      -150.48576       160.52094       37.791283
       17.015629
       0.0000000       134.00000    0.0095216669       0.0000000       17.000000
       18.203646       0.0000000      0.49056602      0.71794868      0.63403308
      -279.49335      -56.634682      -164.02606       165.64839       37.572506
       16.301252
       0.0000000       133.00000     0.023974428       0.0000000       18.000000
       18.104944       0.0000000      0.50051004      0.69444442      0.64790618
      -275.46570      -58.485760      -171.18475       170.53848       35.992569
       13.246546
       0.0000000       132.00000     0.033724371       0.0000000       17.000000
       18.280798       0.0000000      0.49648860      0.67567563      0.65310681
      -285.69290      -53.057377      -173.42549       167.39565       37.558746
       15.340528
       0.0000000       131.00000     0.048523631       0.0000000       13.000000
       18.530266       0.0000000      0.50428659      0.71052635      0.65229410
      -298.08685      -60.315563      -192.23651       159.93030       38.971935
       19.794409
       0.0000000       130.00000     0.058507323       0.0000000       13.000000
       18.530426       0.0000000      0.50287420      0.66666663      0.65041876
      -296.15607      -59.130234      -202.99922       158.34166       39.160603
       21.267204
       0.0000000       129.00000     0.073661387       0.0000000       12.000000
       18.640923       0.0000000      0.50244933      0.70270270      0.66252929
      -299.69165      -63.533268      -208.44337       156.09033       39.633713
       23.189959
       0.0000000       128.00000     0.083884433       0.0000000       13.000000
       18.643822       0.0000000      0.50055671      0.69444442      0.65446377
      -299.03973      -64.396416      -212.68631       155.10524       39.540791
       23.726585
       0.0000000       127.00000     0.099401802       0.0000000       12.000000
       18.671566       0.0000000      0.50962669      0.69444442      0.65638256
      -306.99792      -68.513397      -218.26228       153.77696       39.602356
       24.942438
       0.0000000       126.00000      0.10986994       0.0000000       13.000000
       18.680782       0.0000000      0.50982034      0.69444442      0.65665710
      -312.24176      -72.862549      -219.61491       154.06963       39.504478
       25.283066
       0.0000000       125.00000      0.12575933       0.0000000       14.000000
       18.693039       0.0000000      0.51872951      0.65714288      0.66771317
      -322.56531      -71.885834      -225.78615       153.91837       39.693344
       26.023169
       0.0000000       124.00000      0.14187621       0.0000000       13.000000
       18.759329       0.0000000      0.52020329      0.68571424      0.66118902
      -326.87500      -70.552818      -233.17973       154.06281       39.811615
       26.232811
       0.0000000       123.00000      0.15274876       0.0000000       12.000000
       18.756178       0.0000000      0.52100813      0.68571424      0.65873218
      -329.61301      -72.028580      -235.78020       153.92236       39.798443
       26.688061
       0.0000000       122.00000      0.16925204       0.0000000       12.000000
       18.739311       0.0000000      0.52247089      0.67647058      0.65660942
      -336.57028      -75.548737      -235.95201       153.51740       39.693897
       27.288958
       0.0000000       121.00000      0.18038526       0.0000000       11.000000
       18.773745       0.0000000      0.51896882      0.64705884      0.65648121
      -341.94315      -74.863426      -233.70744       154.23831       39.608711
       26.838509
       0.0000000       120.00000      0.19728418       0.0000000       12.000000
       18.770046       0.0000000      0.52875751      0.68571424      0.67163479
      -351.49417      -74.057930      -240.80855       155.26199       39.412750
       25.511549
       0.0000000       119.00000      0.21442504       1.0000000       12083.000
       18.761047       0.0000000      0.53269559      0.68571424      0.66702127
      -357.04279      -70.504257      -250.03065       154.87920       39.222755
       25.238647
       0.0000000       118.00000      0.22598839       1.0000000       11840.000
       18.767561       0.0000000      0.53484774      0.64705884      0.66363299
      -358.63562      -72.677910      -257.65936       154.85887       39.037628
       24.763601
       0.0000000       117.00000      0.24354018       1.0000000       11448.000
       18.833467       0.0000000      0.53170115      0.66666669      0.65275747
      -352.09384      -84.229370      -268.43192       153.38063       39.122322
       29.005497
       0.0000000       116.00000      0.26134327       0.0000000       8.0000000
       19.034109       0.0000000      0.53114694      0.67647058      0.66285884
      -357.28336      -98.510429      -273.24591       167.30818       40.549210
       28.473673
       0.0000000       115.00000      0.27335334       0.0000000       10.000000
       18.998508       0.0000000      0.53711969      0.64705884      0.66052932
      -372.61914      -106.92382      -272.89389       181.61313       41.246975
       22.465807
       0.0000000       114.00000      0.29158324       0.0000000       11.000000
       18.175486       0.0000000      0.53918678      0.63636363      0.64811230
      -353.61615      -121.78202      -260.55185       173.18323       35.493927
       17.434679
       0.0000000       113.00000      0.31007412       0.0000000       10.000000
       19.004904   0.00033217654      0.54863983      0.68571424      0.66847175
      -384.90234      -116.98944      -288.55624       174.25685       39.969841
       22.040024
       0.0000000       112.00000      0.32882974       0.0000000       7.0000000
       19.166948     0.056573011      0.54836446      0.62500000      0.66233116
      -386.50259      -120.64017      -299.19031       170.18013       41.268150
       28.755045
       0.0000000       111.00000      0.34785384       0.0000000       7.0000000
       19.301451      0.11265658      0.54585695      0.66666669      0.66572922
      -382.23489      -127.61752      -308.77243       167.23463       41.686428
       32.187687
       0.0000000       110.00000      0.36068764       0.0000000       9.0000000
       19.271408      0.14738144      0.54613215      0.62500000      0.66450626
      -382.44254      -132.65793      -314.22427       167.26038       41.894981
       34.382488
       0.0000000       109.00000      0.38016787       0.0000000       5.0000000
       19.412886      0.18691553      0.54627603      0.66666669      0.67590714
      -381.81406      -137.70027      -322.88831       163.45596       42.403496
       40.450974
       0.0000000       108.00000      0.39992696       0.0000000       6.0000000
       19.400196      0.18188766      0.55074608      0.65625000      0.67517215
      -384.03409      -147.15678      -331.70056       165.89378       42.275085
       39.658401
       0.0000000       107.00000      0.41996893       0.0000000       7.0000000
       19.392254      0.19162527      0.54846978      0.66666669      0.66375619
      -385.01025      -157.37846      -338.93069       169.41066       42.027458
       36.012356
       0.0000000       106.00000      0.44029784       0.0000000       7.0000000
       19.496239      0.19230251      0.54902494      0.61290324      0.66864496
      -381.75201      -165.53102      -351.67712       172.00623       42.306286
       33.918163
       0.0000000       105.00000      0.46091780       0.0000000       7.0000000
       19.569647      0.18361089      0.55075586      0.66666669      0.67822683
      -386.14737      -171.95010      -355.26431       167.62520       42.324581
       38.714443
       0.0000000       104.00000      0.48183295       0.0000000       5.0000000
       19.664492      0.18312079      0.54806352      0.66666669      0.67295980
      -393.70605      -174.31085      -357.20203       166.38272       42.673492
       41.942268
       0.0000000       103.00000      0.50304753       0.0000000       7.0000000
       19.711464      0.16229996      0.54986274      0.66666669      0.67569786
      -399.34216      -175.91898      -365.01599       166.27071       42.711422
       43.246967
       0.0000000       102.00000      0.52456582       0.0000000       7.0000000
       19.812281      0.19908208      0.55347812      0.66666669      0.67549807
      -399.20496      -168.24359      -384.09015       164.47153       42.866455
       46.171352
       0.0000000       101.00000      0.54639220       0.0000000       7.0000000
       19.732477      0.85632497      0.55515695      0.66666669      0.67020184
      -388.66711      -153.39026      -417.38882       168.19940       42.673576
       43.343792
       0.0000000       100.00000      0.57598084       0.0000000       7.0000000
       19.869303       1.3735641      0.55424678      0.65625000      0.68338507
      -366.58337      -182.82599      -446.15393       168.47391       43.722694
       43.389717
       0.0000000       99.000000      0.59854329       0.0000000       7.0000000
       19.880245       1.3700364      0.54374510      0.68571424      0.64025730
      -378.12988      -220.84059      -430.08844       166.94798       44.164948
       45.056511
       0.0000000       98.000000      0.62142873       0.0000000       7.0000000
       19.802698       1.8188022      0.54808211      0.69696975      0.67687792
      -380.34064      -228.66325      -423.15741       170.19749       43.766903
       43.427692
       0.0000000       97.000000      0.64464182       0.0000000       5.0000000
       19.878605       1.8175824      0.54750890      0.65625000      0.69466287
      -387.66531      -252.32240      -418.46237       168.81740       43.749649
       45.354954
       1.0000000       97.000000      0.64464182      -1.0000000       1.0000000
   0.00095692312     0.021650875      -1.0000000      -1.0000000      -1.0000000
      -1.0000000      -1.0000000      -1.0000000      -1.0000000      -1.0000000
      -1.0000000
       0.0000000       96.000000      0.67611039       0.0000000       6.0000000
       19.935772       1.8803111      0.55180287      0.71428573      0.69955283
      -412.92789      -270.45770      -416.98425       177.10793       45.163338
       44.462925
       0.0000000       95.000000      0.70010638       0.0000000       6.0000000
       20.139835       1.8607657      0.50517511      0.76923072      0.65826190
      -418.62195      -308.60474      -433.64401       179.52827       46.490307
       48.546349
       1.0000000       95.000000      0.70010638      -1.0000000       1.0000000
      0.73480743      0.10168731      -1.0000000      -1.0000000      -1.0000000
      -1.0000000      -1.0000000      -1.0000000      -1.0000000      -1.0000000
      -1.0000000
       0.0000000       94.000000      0.73263615       0.0000000       6.0000000
       20.025465       1.7319005      0.48870507      0.78048778      0.67048007
      -383.82593      -321.88092      -473.94873       192.38394       46.735435
       42.571667
       2.0000000       94.000000      0.73263615      0.96526086       93.000000
       19.288500       2.4863076      0.54683417      0.65789473      0.55678976
      -141.92673       293.29724      -75.807251       44061.176       108201.05
      -76260.250
       0.0000000       93.000000      0.75744140       0.0000000       6.0000000
       19.982681       2.1894584      0.51526201      0.83999997      0.69240576
      -425.56918      -432.36630      -583.18854       190.57706       49.549686
       46.604332
       0.0000000       91.000000      0.81671000       0.0000000       8.0000000
       18.657314       4.1819091      0.49203020      0.81999999      0.67326456
      -354.56781      -591.48639      -603.92743       209.14105       51.677486
       31.641104
       1.0000000       91.000000      0.81671000      -1.0000000       2.0000000
      0.96805808      0.51144072      -1.0000000      -1.0000000      -1.0000000
      -1.0000000      -1.0000000      -1.0000000      -1.0000000      -1.0000000
      -1.0000000
       0.0000000       89.000000      0.88689691       0.0000000       6.0000000
       17.489830       5.1410313      0.49903271      0.81632650      0.65256894
      -499.45410      -487.46848      -658.43353       203.37759       53.984852
       47.236969
       1.0000000       89.000000      0.88689691      -1.0000000       3.0000000
       1.3179024       1.2565899      -1.0000000      -1.0000000      -1.0000000
      -1.0000000      -1.0000000      -1.0000000      -1.0000000      -1.0000000
      -1.0000000
       0.0000000       88.000000      0.92300081       0.0000000       4.0000000
       17.288113       6.7594910      0.51757658      0.79545456      0.65257055
      -431.04633      -563.07458      -667.77325       189.61678       56.840027
       67.710976
       1.0000000       88.000000      0.92300081      -1.0000000       3.0000000
      0.54369788      0.40324793      -1.0000000      -1.0000000      -1.0000000
      -1.0000000      -1.0000000      -1.0000000      -1.0000000      -1.0000000
      -1.0000000
       0.0000000       87.000000      0.95053136       0.0000000       4.0000000
       16.747694       6.3992076      0.50267458      0.82352942      0.62866777
      -506.46017      -481.19009      -671.94128       185.73103       56.398914
       85.355003
       1.0000000       87.000000      0.95053136      -1.0000000       1.0000000
     0.033260055      0.15623818      -1.0000000      -1.0000000      -1.0000000
      -1.0000000      -1.0000000      -1.0000000      -1.0000000      -1.0000000
      -1.0000000
       0.0000000       86.000000      0.98785281       0.0000000       3.0000000
       16.586445       4.5358863      0.47596717      0.82692307      0.56694156
      -562.94318      -453.78467      -693.17932       188.06619       55.361954
       174.05919
       1.0000000       86.000000      0.98785281      -1.0000000       2.0000000
    0.0021800090     0.065716658      -1.0000000      -1.0000000      -1.0000000
      -1.0000000      -1.0000000      -1.0000000      -1.0000000      -1.0000000
      -1.0000000
       0.0000000       85.000000      0.99729425       0.0000000       2.0000000
       16.677546       4.4579315      0.51596522      0.77272725      0.62058687
      -556.66119      -399.76041      -668.34021       193.98807       55.443882
       216.72052
       0.0000000       84.000000       1.0355104       160.00000       112753.00
       16.682570       5.6676712      0.48329911      0.84615386      0.66377431
      -538.56445      -513.93896      -637.98572       201.94940       62.521492
       269.47662
       1.0000000       84.000000       1.0355104      -1.0000000       3.0000000
    0.0038992640      0.10604045      -1.0000000      -1.0000000      -1.0000000
      -1.0000000      -1.0000000      -1.0000000      -1.0000000      -1.0000000
      -1.0000000
       0.0000000       83.000000       1.0744579       135.00000       101037.00
       15.041841       6.4795609      0.53833127      0.78048778      0.63808781
      -648.59973      -546.80627      -610.63940       197.18311       55.663326
       246.52866
       1.0000000       83.000000       1.0744579      -1.0000000       6.0000000
      0.80540793      0.49130347      -1.0000000      -1.0000000      -1.0000000
      -1.0000000      -1.0000000      -1.0000000      -1.0000000      -1.0000000
      -1.0000000
       0.0000000       82.000000       1.1141505       150.00000       102374.00
       14.860307       5.1812220      0.49763221      0.82608694      0.61526275
      -639.73883      -562.64600      -521.59845       203.40985       57.909676
       221.08047
       1.0000000       82.000000       1.1141505      -1.0000000       8.0000000
     0.052875079      0.38989280      -1.0000000      -1.0000000      -1.0000000
      -1.0000000      -1.0000000      -1.0000000      -1.0000000      -1.0000000
      -1.0000000
       0.0000000       81.000000       1.1546028       112.00000       86726.000
       14.655500       7.7593112      0.50721002      0.85000002      0.69971818
      -730.86884      -626.14001      -687.02515       209.74129       66.272118
       210.30344
       1.0000000       81.000000       1.1546028      -1.0000000       9.0000000
      0.75508660      0.85558350      -1.0000000      -1.0000000      -1.0000000
      -1.0000000      -1.0000000      -1.0000000      -1.0000000      -1.0000000
      -1.0000000
       0.0000000       80.000000       1.2062581       119.00000       83585.000
       14.017581       9.6335154      0.53111100      0.82456142      0.58740568
      -755.09229      -599.14099      -626.20709       196.34056       63.137516
       234.49759
       1.0000000       80.000000       1.2062581      -1.0000000       8.0000000
     0.019490157      0.22504019      -1.0000000      -1.0000000      -1.0000000
      -1.0000000      -1.0000000      -1.0000000      -1.0000000      -1.0000000
      -1.0000000
       0.0000000       79.000000       1.2484726       118.00000       81279.000
       12.874877       7.8778572      0.53544962      0.75675678      0.65137947
      -603.88757      -601.70319      -577.77087       187.53268       56.493355
       247.46947
       1.0000000       79.000000       1.2484726      -1.0000000       8.0000000
      0.14200910      0.84375146      -1.0000000      -1.0000000      -1.0000000
      -1.0000000      -1.0000000      -1.0000000      -1.0000000      -1.0000000
      -1.0000000
       0.0000000       78.000000       1.3023784       111.00000       76835.000
       12.582147       7.2726316      0.48135787      0.79166669      0.61021012
      -492.01541      -652.50397      -492.25421       183.79343       57.003471
       248.25075
       2.0000000       78.000000       1.3023784      0.94550073       78.000000
       11.896429       7.3451395      0.53290510      0.64102566      0.64177930
       357.29337       56.367653       85.821152       791.69153      -274.60355
       530.30878
       1.0000000       78.000000       1.3023784      -1.0000000       11.000000
      0.11870374      0.89246686      -1.0000000      -1.0000000      -1.0000000
      -1.0000000      -1.0000000      -1.0000000      -1.0000000      -1.0000000
      -1.0000000
       0.0000000       76.000000       1.4140983      -1.0000000       69782.000
       11.240755       6.9331827      -1.0000000      -1.0000000      -1.0000000
      -1.0000000      -1.0000000      -1.0000000       181.64963       49.658218
       209.19502
       1.0000000       76.000000       1.4140983      -1.0000000       15.000000
      0.11700207       1.1704911      -1.0000000      -1.0000000      -1.0000000
      -1.0000000      -1.0000000      -1.0000000      -1.0000000      -1.0000000
      -1.0000000
       0.0000000       75.000000       1.4719748      -1.0000000       69297.000
      0.25098643     0.017727587      -1.0000000      -1.0000000      -1.0000000
      -1.0000000      -1.0000000      -1.0000000       47.869953      0.27309793
       2.1432688
       2.0000000       75.000000       1.4719748       42.820477       75.000000
       10.747358       5.1011496      0.57413572      0.79487175      0.72356504
      -663.40906      -722.56097      -93.991219      -3329.0435      -4326.0415
      -1035.3046
       1.0000000       75.000000       1.4719748      -1.0000000       8.0000000
     0.037516493      0.31590141      -1.0000000      -1.0000000      -1.0000000
      -1.0000000      -1.0000000      -1.0000000      -1.0000000      -1.0000000
      -1.0000000
       0.0000000       74.000000       1.5312390      -1.0000000       66135.000
      0.23573048     0.062941551      -1.0000000      -1.0000000      -1.0000000
      -1.0000000      -1.0000000      -1.0000000       48.458382      0.30117714
       2.1155713
       0.0000000       73.000000       1.6042346      -1.0000000       9560.0000
      0.25037840     0.033334669      -1.0000000      -1.0000000      -1.0000000
      -1.0000000      -1.0000000      -1.0000000       49.866524      0.28559190
       2.0029523
       0.0000000       71.000000       1.7435706      -1.0000000       29937.000
      0.24844997     0.012495435      -1.0000000      -1.0000000      -1.0000000
      -1.0000000      -1.0000000      -1.0000000       49.390686      0.27716544
       1.8076878
       0.0000000       69.000000       1.9040896       112.00000       47340.000
       6.8185396       5.4212732      0.47469866      0.87719297      0.59337085
      -573.06610      -510.33258       290.41037       169.04420       38.377327
       192.60983
       1.0000000       69.000000       1.9040896      -1.0000000       1.0000000
      0.28534871     0.012886628      -1.0000000      -1.0000000      -1.0000000
      -1.0000000      -1.0000000      -1.0000000      -1.0000000      -1.0000000
      -1.0000000
       0.0000000       68.000000       2.0020282       117.00000       44677.000
       6.2107534       6.0892706      0.50235939      0.81395346      0.53178203
      -469.56339      -560.90973       297.78915       172.84279       37.677391
       164.41254
       1.0000000       68.000000       2.0020282      -1.0000000       12.000000
      0.16746199      0.72576417      -1.0000000      -1.0000000      -1.0000000
      -1.0000000      -1.0000000      -1.0000000      -1.0000000      -1.0000000
      -1.0000000
       0.0000000       67.000000       2.1032696       321.00000       69572.000
       5.8335805       3.8841336      0.44329312      0.79661018      0.47372025
      -352.61780      -572.85059       316.21265       177.34320       38.015205
       146.65240
       1.0000000       67.000000       2.1032696      -1.0000000       5.0000000
      0.11557766      0.32936211      -1.0000000      -1.0000000      -1.0000000
      -1.0000000      -1.0000000      -1.0000000      -1.0000000      -1.0000000
      -1.0000000
       0.0000000       66.000000       2.2079256       319.00000       64225.000
       5.2143388       4.9055095      0.47855723      0.70967740      0.60402304
      -346.40588      -524.68494       245.62029       184.49832       30.918682
       138.30695
       1.0000000       66.000000       2.2079256      -1.0000000       10.000000
      0.22583599      0.60520003      -1.0000000      -1.0000000      -1.0000000
      -1.0000000      -1.0000000      -1.0000000      -1.0000000      -1.0000000
      -1.0000000
       0.0000000       65.000000       2.3161108       319.00000       58791.000
       4.7478566       4.1041040      0.45862585      0.75675678      0.59422064
      -311.00861      -398.88266       183.93744       182.81863       27.499771
       137.84198
       1.0000000       65.000000       2.3161108      -1.0000000       8.0000000
     0.051764226      0.23099547      -1.0000000      -1.0000000      -1.0000000
      -1.0000000      -1.0000000      -1.0000000      -1.0000000      -1.0000000
      -1.0000000
       0.0000000       64.000000       2.4442258       289.00000       51270.000
       4.3835416       6.6084170      0.40067720      0.70588237      0.43412301
      -181.82343      -348.23245       114.90608       179.74687       28.872778
       142.76599
       1.0000000       64.000000       2.4442258      -1.0000000       5.0000000
     0.065568864      0.42776130      -1.0000000      -1.0000000      -1.0000000
      -1.0000000      -1.0000000      -1.0000000      -1.0000000      -1.0000000
      -1.0000000
       0.0000000       63.000000       2.5772903       277.00000       45849.000
       3.4868586       4.9427180      0.40889522      0.69767439      0.59094089
       17.562054      -288.66156       122.19743       172.44884       24.677195
       155.46259
       1.0000000       63.000000       2.5772903      -1.0000000       6.0000000
     0.026598205      0.25490238      -1.0000000      -1.0000000      -1.0000000
      -1.0000000      -1.0000000      -1.0000000      -1.0000000      -1.0000000
      -1.0000000
       0.0000000       62.000000       2.7331426       297.00000       43025.000
       2.3778594       3.8468869      0.46666127      0.72500002      0.64208174
      -44.598972      -356.28394       260.30679       180.08897       16.383591
       151.80725
       2.0000000       62.000000       2.7331426      0.67833245       60.000000
      0.81590539      0.93664008      -1.0000000      -1.0000000      -1.0000000
      -1.0000000      -1.0000000      -1.0000000      -1.0000000      -1.0000000
      -1.0000000
       1.0000000       62.000000       2.7331426      -1.0000000       12.000000
      0.16531466      0.64224742      -1.0000000      -1.0000000      -1.0000000
      -1.0000000      -1.0000000      -1.0000000      -1.0000000      -1.0000000
      -1.0000000
       0.0000000       61.000000       2.8957851       268.00000       37151.000
       2.1382074       4.2670131      0.41299573      0.82222223      0.34807289
      -234.43500      -418.92810       211.39883       199.86609       21.520351
       135.10161
       1.0000000       61.000000       2.8957851      -1.0000000       9.0000000
     0.020013926      0.17704656      -1.0000000      -1.0000000      -1.0000000
      -1.0000000      -1.0000000      -1.0000000      -1.0000000      -1.0000000
      -1.0000000
       0.0000000       60.000000       3.0081310       251.00000       33053.000
       1.2028105       5.8145666      0.42915809      0.33333337      0.26218039
      -17.248318       4.3238497       169.38649       199.61635       25.856804
       132.65634
       2.0000000       60.000000       3.0081310      0.83764565       59.000000
       1.0075290       2.5265117      -1.0000000      -1.0000000      -1.0000000
      -1.0000000      -1.0000000      -1.0000000      -1.0000000      -1.0000000
      -1.0000000
       1.0000000       60.000000       3.0081310      -1.0000000       3.0000000
       0.0000000       0.0000000      -1.0000000      -1.0000000      -1.0000000
      -1.0000000      -1.0000000      -1.0000000      -1.0000000      -1.0000000
      -1.0000000
       0.0000000       59.000000       3.0848227      -1.0000000       31916.000
      0.50397962      0.86558467      -1.0000000      -1.0000000      -1.0000000
      -1.0000000      -1.0000000      -1.0000000       100.60081       2.1781006
       9.8497515
       1.0000000       59.000000       3.0848227      -1.0000000       15.000000
      0.11664088      0.67824227      -1.0000000      -1.0000000      -1.0000000
      -1.0000000      -1.0000000      -1.0000000      -1.0000000      -1.0000000
      -1.0000000
       0.0000000       58.000000       3.2830331      -1.0000000       28503.000
      0.40052521      0.49721497      -1.0000000      -1.0000000      -1.0000000
      -1.0000000      -1.0000000      -1.0000000       95.425453       1.7627475
       15.213216
       0.0000000       57.000000       3.4908614      -1.0000000       23225.000
      0.40514120      0.78846210      -1.0000000      -1.0000000      -1.0000000
      -1.0000000      -1.0000000      -1.0000000       113.51897       3.4396806
       55.130123
