       0.0000000       135.00000       0.0000000       57.000000       200655.00
       9.3605661      0.75600773      0.42423531      0.56250006      0.44508705
      -48.446323       137.61127       117.07851       145.56140       31.593212
       27.527956
       0.0000000       134.00000    0.0095216669       57.000000       199459.00
       9.3213749      0.76430613      0.42687258      0.54838705      0.45450619
      -42.112518       143.74805       117.36311       145.09526       31.590500
       29.100328
       0.0000000       133.00000     0.023974428       57.000000       197253.00
       9.4749699      0.98555309      0.42901605      0.56250006      0.44529128
      -32.338989       154.43927       118.93639       151.16785       32.877190
       32.845005
       0.0000000       132.00000     0.033724371       57.000000       196187.00
       9.6630363       1.1244149      0.43202835      0.56250006      0.46091437
      -18.438917       168.27943       120.56355       162.17247       35.086586
       30.476854
       0.0000000       131.00000     0.048523631       56.000000       190933.00
       9.1202459       1.1563916      0.44683844      0.58823532      0.47119895
       2.2181914       182.38510       104.85641       170.24693       30.646996
       18.252922
       0.0000000       130.00000     0.058507323       56.000000       189855.00
       7.5988145      0.63233626      0.45705572      0.53333330      0.45902553
       5.7261419       137.74529       81.879753       155.47600       20.866930
       10.698065
       1.0000000       130.00000     0.058507323      -1.0000000       2.0000000
   0.00080137430     0.025252513      -1.0000000      -1.0000000      -1.0000000
      -1.0000000      -1.0000000      -1.0000000      -1.0000000      -1.0000000
      -1.0000000
       0.0000000       129.00000     0.073661387       56.000000       185367.00
       9.5982046       1.0482965      0.46537223      0.55172414      0.51140547
       3.5424471       222.51382       117.41639       167.10629       35.390553
       25.916222
       0.0000000       128.00000     0.083884433       57.000000       187889.00
       10.094329       1.1276895      0.46502483      0.51851851      0.49938461
       3.9715042       227.30205       119.66718       169.30844       41.048233
       38.210056
       0.0000000       127.00000     0.099401802       57.000000       184391.00
       10.464950       1.2355943      0.46425077      0.55172414      0.51070487
       4.6294317       228.98267       119.31310       169.71727       44.665546
       50.951557
       1.0000000       127.00000     0.099401802      -1.0000000       1.0000000
    0.0016686281     0.038084231      -1.0000000      -1.0000000      -1.0000000
      -1.0000000      -1.0000000      -1.0000000      -1.0000000      -1.0000000
      -1.0000000
       0.0000000       126.00000      0.10986994       57.000000       183314.00
       10.600823       1.3443019      0.46520242      0.58620685      0.51786995
       2.9188008       229.69914       120.88407       169.22906       46.840206
       64.526978
       1.0000000       126.00000      0.10986994      -1.0000000       2.0000000
   0.00055550705     0.024901557      -1.0000000      -1.0000000      -1.0000000
      -1.0000000      -1.0000000      -1.0000000      -1.0000000      -1.0000000
      -1.0000000
       0.0000000       125.00000      0.12575933       58.000000       181034.00
       10.718536       1.2899221      0.46774894      0.58064520      0.50481743
      0.70439893       228.10410       128.79030       169.52081       48.309464
       74.856148
       0.0000000       124.00000      0.14187621       59.000000       178724.00
       10.788961       1.4865453      0.46627894      0.56666672      0.50793439
       3.3830814       227.57692       134.35483       168.63547       49.194313
       83.207199
       1.0000000       124.00000      0.14187621      -1.0000000       4.0000000
    0.0081998832     0.093985751      -1.0000000      -1.0000000      -1.0000000
      -1.0000000      -1.0000000      -1.0000000      -1.0000000      -1.0000000
      -1.0000000
       0.0000000       123.00000      0.15274876       60.000000       178153.00
       10.774075       1.4069629      0.46508917      0.55172414      0.50376141
       1.0095514       227.08809       136.24947       167.75827       49.396587
       85.938980
       0.0000000       122.00000      0.16925204       63.000000       179079.00
       10.792706       1.6128901      0.46808898      0.53571427      0.49552095
    -0.042627413       221.28053       148.91141       166.27815       49.255165
       91.965576
       1.0000000       122.00000      0.16925204      -1.0000000       4.0000000
    0.0067589473      0.15124303      -1.0000000      -1.0000000      -1.0000000
      -1.0000000      -1.0000000      -1.0000000      -1.0000000      -1.0000000
      -1.0000000
       0.0000000       121.00000      0.18038526       61.000000       174210.00
       10.765869       1.2969809      0.46819410      0.53571427      0.50657743
       1.2217168       219.44801       155.75240       166.54459       49.101528
       93.996750
       1.0000000       121.00000      0.18038526      -1.0000000       2.0000000
    0.0027892771     0.022271376      -1.0000000      -1.0000000      -1.0000000
      -1.0000000      -1.0000000      -1.0000000      -1.0000000      -1.0000000
      -1.0000000
       0.0000000       120.00000      0.19728418       59.000000       169276.00
       10.787396       1.7002555      0.46622097      0.53571427      0.50073439
       2.5760925       218.04367       160.31673       167.14838       49.728607
       94.981400
       1.0000000       120.00000      0.19728418      -1.0000000       1.0000000
   0.00064974261     0.031376660      -1.0000000      -1.0000000      -1.0000000
      -1.0000000      -1.0000000      -1.0000000      -1.0000000      -1.0000000
      -1.0000000
       0.0000000       119.00000      0.21442504       59.000000       166534.00
       10.776056       2.4518783      0.46566468      0.58620685      0.50541270
       4.8419242       215.75136       170.83983       166.48616       50.092216
       98.783829
       1.0000000       119.00000      0.21442504      -1.0000000       3.0000000
    0.0021254553     0.056126784      -1.0000000      -1.0000000      -1.0000000
      -1.0000000      -1.0000000      -1.0000000      -1.0000000      -1.0000000
      -1.0000000
       0.0000000       118.00000      0.22598839       59.000000       166535.00
       10.801178       2.4479175      0.46499172      0.60000002      0.51465762
       7.9709601       212.88358       176.01898       166.33627       50.513294
       100.98275
       1.0000000       118.00000      0.22598839      -1.0000000       3.0000000
    0.0016014279     0.024912468      -1.0000000      -1.0000000      -1.0000000
      -1.0000000      -1.0000000      -1.0000000      -1.0000000      -1.0000000
      -1.0000000
       0.0000000       117.00000      0.24354018       58.000000       162331.00
       10.749926       2.4025779      0.46233767      0.58620685      0.50564289
       15.460513       212.95102       175.16130       166.02457       50.684395
       105.70033
       1.0000000       117.00000      0.24354018      -1.0000000       3.0000000
    0.0081689369      0.13591863      -1.0000000      -1.0000000      -1.0000000
      -1.0000000      -1.0000000      -1.0000000      -1.0000000      -1.0000000
      -1.0000000
       0.0000000       116.00000      0.26134327       60.000000       160454.00
       10.744479       2.2801514      0.45848709      0.51851851      0.49087879
       14.213772       215.37633       174.81242       165.09265       50.396313
       112.71981
       1.0000000       116.00000      0.26134327      -1.0000000       5.0000000
      0.41881706      0.27892739      -1.0000000      -1.0000000      -1.0000000
      -1.0000000      -1.0000000      -1.0000000      -1.0000000      -1.0000000
      -1.0000000
       0.0000000       115.00000      0.27335334       62.000000       161457.00
       10.639957       2.3531158      0.46158081      0.53571427      0.50499809
       14.053219       214.18301       177.00462       164.84729       49.683960
       112.61559
       1.0000000       115.00000      0.27335334      -1.0000000       2.0000000
    0.0013955421     0.049680918      -1.0000000      -1.0000000      -1.0000000
      -1.0000000      -1.0000000      -1.0000000      -1.0000000      -1.0000000
      -1.0000000
       0.0000000       114.00000      0.29158324       59.000000       154960.00
       10.617903       2.4031084      0.45557159      0.57142854      0.49405628
       14.851027       213.34087       179.14200       165.39912       49.748089
       109.78337
       1.0000000       114.00000      0.29158324      -1.0000000       1.0000000
    0.0046924567     0.022200104      -1.0000000      -1.0000000      -1.0000000
      -1.0000000      -1.0000000      -1.0000000      -1.0000000      -1.0000000
      -1.0000000
       0.0000000       113.00000      0.31007412       60.000000       152195.00
       10.576418       2.3264327      0.45691267      0.54838705      0.49733415
       17.009293       212.12669       181.18602       164.89145       49.741261
       113.47781
       1.0000000       113.00000      0.31007412      -1.0000000       2.0000000
    0.0044338052     0.063674793      -1.0000000      -1.0000000      -1.0000000
      -1.0000000      -1.0000000      -1.0000000      -1.0000000      -1.0000000
      -1.0000000
       0.0000000       112.00000      0.32882974       70.000000       153871.00
       10.555444       2.3976021      0.44834545      0.53333330      0.48078641
       17.629526       208.28674       181.67256       165.23532       48.996895
       111.80619
       1.0000000       112.00000      0.32882974      -1.0000000       3.0000000
       0.0000000       0.0000000      -1.0000000      -1.0000000      -1.0000000
      -1.0000000      -1.0000000      -1.0000000      -1.0000000      -1.0000000
      -1.0000000
       0.0000000       111.00000      0.34785384       70.000000       151759.00
       10.493955       2.4277871      0.45252001      0.51724136      0.48558450
       16.036238       207.64127       180.02708       164.56752       49.485252
       119.42185
       1.0000000       111.00000      0.34785384      -1.0000000       9.0000000
     0.010157574      0.22298282      -1.0000000      -1.0000000      -1.0000000
      -1.0000000      -1.0000000      -1.0000000      -1.0000000      -1.0000000
      -1.0000000
       0.0000000       110.00000      0.36068764       72.000000       152536.00
       10.432404       2.3707666      0.44602060      0.53333330      0.47715425
       16.173731       203.28151       184.12706       164.95766       49.193058
       119.87326
       1.0000000       110.00000      0.36068764      -1.0000000       3.0000000
    0.0048953072     0.078016263      -1.0000000      -1.0000000      -1.0000000
      -1.0000000      -1.0000000      -1.0000000      -1.0000000      -1.0000000
      -1.0000000
       0.0000000       109.00000      0.38016787       69.000000       146781.00
       10.519764       2.3475142      0.44922170      0.54838705      0.47846031
       23.085621       204.05609       188.27652       165.39204       49.394669
       117.31026
       1.0000000       109.00000      0.38016787      -1.0000000       4.0000000
    0.0050379721     0.050388482      -1.0000000      -1.0000000      -1.0000000
      -1.0000000      -1.0000000      -1.0000000      -1.0000000      -1.0000000
      -1.0000000
       0.0000000       108.00000      0.39992696       72.000000       145624.00
       10.432070       2.5923030      0.44991678      0.54838705      0.48270747
       25.966866       203.06090       187.18726       163.92130       49.202709
       127.04643
       1.0000000       108.00000      0.39992696      -1.0000000       1.0000000
   0.00035091786       0.0000000      -1.0000000      -1.0000000      -1.0000000
      -1.0000000      -1.0000000      -1.0000000      -1.0000000      -1.0000000
      -1.0000000
       0.0000000       107.00000      0.41996893       71.000000       142211.00
       10.486637       2.4108071      0.44576019      0.53333330      0.47645220
       27.101643       204.02885       185.64499       164.03384       50.060062
       126.91740
       1.0000000       107.00000      0.41996893      -1.0000000       4.0000000
    0.0055565881     0.073285166      -1.0000000      -1.0000000      -1.0000000
      -1.0000000      -1.0000000      -1.0000000      -1.0000000      -1.0000000
      -1.0000000
       0.0000000       106.00000      0.44029784       71.000000       140287.00
       10.486437       2.4706044      0.44802871      0.56666672      0.47848606
       27.104221       217.08098       184.46950       164.20934       49.868988
       128.34630
       1.0000000       106.00000      0.44029784      -1.0000000       8.0000000
     0.020815076      0.18193583      -1.0000000      -1.0000000      -1.0000000
      -1.0000000      -1.0000000      -1.0000000      -1.0000000      -1.0000000
      -1.0000000
       0.0000000       105.00000      0.46091780       71.000000       136747.00
       10.426829       2.7412238      0.44220993      0.59375006      0.48885316
       16.690453       216.84087       179.34265       162.14267       49.525574
       139.23257
       1.0000000       105.00000      0.46091780      -1.0000000       4.0000000
     0.013137546     0.078161481      -1.0000000      -1.0000000      -1.0000000
      -1.0000000      -1.0000000      -1.0000000      -1.0000000      -1.0000000
      -1.0000000
       0.0000000       104.00000      0.48183295       72.000000       135271.00
       10.385347       3.0663753      0.43741331      0.61764705      0.48700082
      -6.8312426       217.98077       174.28162       160.47789       50.390728
       139.83125
       1.0000000       104.00000      0.48183295      -1.0000000       5.0000000
    0.0037977349      0.18539069      -1.0000000      -1.0000000      -1.0000000
      -1.0000000      -1.0000000      -1.0000000      -1.0000000      -1.0000000
      -1.0000000
       0.0000000       103.00000      0.50304753       73.000000       132211.00
       10.303292       2.6932883      0.43148708      0.48148143      0.45407051
      -37.782520       204.52997       178.70700       159.11070       49.149467
       142.76253
       1.0000000       103.00000      0.50304753      -1.0000000       14.000000
       1.2521275       1.3012724      -1.0000000      -1.0000000      -1.0000000
      -1.0000000      -1.0000000      -1.0000000      -1.0000000      -1.0000000
      -1.0000000
       0.0000000       102.00000      0.52456582       76.000000       132398.00
       9.7808714       2.5741553      0.43622190      0.50000000      0.45128310
      -60.227890       151.46745       198.47427       159.05971       47.501175
       142.55725
       1.0000000       102.00000      0.52456582      -1.0000000       5.0000000
    0.0074065727      0.16630846      -1.0000000      -1.0000000      -1.0000000
      -1.0000000      -1.0000000      -1.0000000      -1.0000000      -1.0000000
      -1.0000000
       0.0000000       101.00000      0.54639220       78.000000       131396.00
       10.143180       2.4888420      0.43312904      0.58064520      0.49052837
      -45.842522       133.45625       229.97249       159.54253       50.518505
       146.99841
       1.0000000       101.00000      0.54639220      -1.0000000       5.0000000
    0.0026532598     0.098681156      -1.0000000      -1.0000000      -1.0000000
      -1.0000000      -1.0000000      -1.0000000      -1.0000000      -1.0000000
      -1.0000000
       0.0000000       100.00000      0.57598084       78.000000       126177.00
       9.5691156       3.0245774      0.44600183      0.48148143      0.41957325
      -9.6527805       92.008553       239.51308       159.53162       47.287296
       146.47722
       1.0000000       100.00000      0.57598084      -1.0000000       3.0000000
    0.0044304306     0.054910139      -1.0000000      -1.0000000      -1.0000000
      -1.0000000      -1.0000000      -1.0000000      -1.0000000      -1.0000000
      -1.0000000
       0.0000000       99.000000      0.59854329       497.00000       233512.00
       9.2123785       2.8801415      0.44285357      0.51612902      0.44161880
       9.9718628       82.612755       238.99184       159.15266       43.593018
       150.73657
       1.0000000       99.000000      0.59854329      -1.0000000       5.0000000
    0.0066236898      0.11736410      -1.0000000      -1.0000000      -1.0000000
      -1.0000000      -1.0000000      -1.0000000      -1.0000000      -1.0000000
      -1.0000000
       0.0000000       98.000000      0.62142873       506.00000       231078.00
       8.9910841       3.1015210      0.43980825      0.51612902      0.44120616
       28.699970       72.764534       226.40858       160.22765       46.619843
       150.79480
       2.0000000       98.000000      0.62142873      0.37490210       73.000000
      0.87605435      0.62414151      -1.0000000      -1.0000000      -1.0000000
      -1.0000000      -1.0000000      -1.0000000      -1.0000000      -1.0000000
      -1.0000000
       1.0000000       98.000000      0.62142873      -1.0000000       5.0000000
    0.0062377864     0.096616908      -1.0000000      -1.0000000      -1.0000000
      -1.0000000      -1.0000000      -1.0000000      -1.0000000      -1.0000000
      -1.0000000
       0.0000000       97.000000      0.64464182       496.00000       227480.00
       9.1656151       3.2449729      0.44123390      0.48275858      0.44574797
       56.667152       78.199081       238.21295       161.90291       45.926914
       152.29643
       1.0000000       97.000000      0.64464182      -1.0000000       5.0000000
     0.022640578      0.14455277      -1.0000000      -1.0000000      -1.0000000
      -1.0000000      -1.0000000      -1.0000000      -1.0000000      -1.0000000
      -1.0000000
       0.0000000       96.000000      0.67611039       491.00000       223103.00
       8.7132330       3.0866992      0.44075513      0.46666664      0.45274040
       72.825508       72.392479       223.09630       157.93916       41.979832
       162.28450
       1.0000000       96.000000      0.67611039      -1.0000000       6.0000000
    0.0096219358      0.11434559      -1.0000000      -1.0000000      -1.0000000
      -1.0000000      -1.0000000      -1.0000000      -1.0000000      -1.0000000
      -1.0000000
       0.0000000       95.000000      0.70010638       495.00000       220031.00
       8.4101439       2.8434060      0.44114587      0.44827580      0.42264876
       85.469604       68.522743       208.05478       154.04550       37.837856
       169.45175
       1.0000000       95.000000      0.70010638      -1.0000000       4.0000000
     0.019127476      0.14347368      -1.0000000      -1.0000000      -1.0000000
      -1.0000000      -1.0000000      -1.0000000      -1.0000000      -1.0000000
      -1.0000000
       0.0000000       94.000000      0.73263615       508.00000       216981.00
       8.4318008       2.1094527      0.44139591      0.46666664      0.43404454
       96.885414       64.022102       207.09361       153.86465       37.428349
       177.17534
       1.0000000       94.000000      0.73263615      -1.0000000       5.0000000
     0.013155696      0.17814870      -1.0000000      -1.0000000      -1.0000000
      -1.0000000      -1.0000000      -1.0000000      -1.0000000      -1.0000000
      -1.0000000
       0.0000000       93.000000      0.75744140       504.00000       211594.00
       8.4183626       2.0391243      0.43724546      0.50000000      0.43801159
       111.64484       60.203625       208.53389       155.70477       36.865837
       177.01802
       1.0000000       93.000000      0.75744140      -1.0000000       8.0000000
     0.012428360      0.24551213      -1.0000000      -1.0000000      -1.0000000
      -1.0000000      -1.0000000      -1.0000000      -1.0000000      -1.0000000
      -1.0000000
       0.0000000       92.000000      0.79106826       486.00000       204290.00
       8.1774902       1.7403351      0.42945078      0.46666664      0.44104069
       116.57824       53.538395       195.00633       159.06982       34.173435
       171.98901
       1.0000000       92.000000      0.79106826      -1.0000000       10.000000
     0.014051746      0.13904885      -1.0000000      -1.0000000      -1.0000000
      -1.0000000      -1.0000000      -1.0000000      -1.0000000      -1.0000000
      -1.0000000
       0.0000000       91.000000      0.81671000       475.00000       199690.00
       8.2253094       1.7005014      0.42767259      0.43333334      0.41971371
       128.39052       44.515106       188.72104       163.32343       35.300289
       165.43330
       1.0000000       91.000000      0.81671000      -1.0000000       2.0000000
     0.019465168      0.17003163      -1.0000000      -1.0000000      -1.0000000
      -1.0000000      -1.0000000      -1.0000000      -1.0000000      -1.0000000
      -1.0000000
       0.0000000       90.000000      0.85147089       450.00000       191417.00
       8.2593460       3.8806129      0.42528048      0.51612902      0.43976304
       149.69843       51.022636       175.27127       169.54738       37.715057
       158.29846
       1.0000000       90.000000      0.85147089      -1.0000000       11.000000
     0.024973818      0.34145271      -1.0000000      -1.0000000      -1.0000000
      -1.0000000      -1.0000000      -1.0000000      -1.0000000      -1.0000000
      -1.0000000
       0.0000000       89.000000      0.88689691       453.00000       188674.00
       8.0061855       4.3266878      0.41159996      0.50000000      0.41430518
       160.80936       71.904442       140.62128       173.49664       37.663490
       154.76483
       1.0000000       89.000000      0.88689691      -1.0000000       8.0000000
     0.021711491      0.29056028      -1.0000000      -1.0000000      -1.0000000
      -1.0000000      -1.0000000      -1.0000000      -1.0000000      -1.0000000
      -1.0000000
       0.0000000       88.000000      0.92300081       460.00000       184724.00
       8.0127039       4.0170398      0.41781196      0.50000000      0.42063698
       182.31425       120.73598       118.86009       179.53418       38.153576
       148.01558
       1.0000000       88.000000      0.92300081      -1.0000000       11.000000
      0.54612762       1.0064079      -1.0000000      -1.0000000      -1.0000000
      -1.0000000      -1.0000000      -1.0000000      -1.0000000      -1.0000000
      -1.0000000
       0.0000000       87.000000      0.95053136       460.00000       181566.00
       7.8306375       4.1671376      0.43835565      0.50000000      0.44559109
       191.15474       137.88002       128.70366       178.06447       40.399803
       144.95663
       1.0000000       87.000000      0.95053136      -1.0000000       7.0000000
     0.038383221      0.40487054      -1.0000000      -1.0000000      -1.0000000
      -1.0000000      -1.0000000      -1.0000000      -1.0000000      -1.0000000
      -1.0000000
       0.0000000       86.000000      0.98785281       447.00000       175649.00
       7.4025712       3.5649142      0.40560189      0.51612902      0.38303584
       152.40395       128.76524       121.56252       170.96629       33.502258
       162.95876
       1.0000000       86.000000      0.98785281      -1.0000000       10.000000
     0.033444149      0.35600642      -1.0000000      -1.0000000      -1.0000000
      -1.0000000      -1.0000000      -1.0000000      -1.0000000      -1.0000000
      -1.0000000
       0.0000000       85.000000      0.99729425       444.00000       174085.00
       7.5205102       3.7204309      0.40061635      0.53125000      0.38178474
       153.30820       116.55135       115.18811       169.14549       34.465199
       168.41165
       1.0000000       85.000000      0.99729425      -1.0000000       2.0000000
    0.0019173676     0.043064980      -1.0000000      -1.0000000      -1.0000000
      -1.0000000      -1.0000000      -1.0000000      -1.0000000      -1.0000000
      -1.0000000
       0.0000000       84.000000       1.0355104       449.00000       170034.00
       7.0525393       2.3085909      0.37906170      0.52941173      0.40619355
       137.31111       122.99582       85.543655       158.19461       27.985765
       173.29915
       1.0000000       84.000000       1.0355104      -1.0000000       12.000000
     0.059356982      0.49511351      -1.0000000      -1.0000000      -1.0000000
      -1.0000000      -1.0000000      -1.0000000      -1.0000000      -1.0000000
      -1.0000000
       0.0000000       83.000000       1.0744579       422.00000       161229.00
       6.9910460       1.9416833      0.39190081      0.60000002      0.36404428
       127.98682       142.52542       75.223808       155.19943       28.126392
       180.50812
       1.0000000       83.000000       1.0744579      -1.0000000       8.0000000
     0.058287438      0.25513883      -1.0000000      -1.0000000      -1.0000000
      -1.0000000      -1.0000000      -1.0000000      -1.0000000      -1.0000000
      -1.0000000
       0.0000000       82.000000       1.1141505       399.00000       152309.00
       6.3515654       2.8888447      0.32917827      0.39534885      0.22234027
       105.21069       74.953293       72.468124       157.32904       38.037075
       181.51694
       2.0000000       82.000000       1.1141505      0.93779594       77.000000
       2.7807431       1.7477849      0.50394011      0.64705884      0.50771624
      -259.33157       119.59264      -67.559357       9609.1396       15153.825
       10578.604
       1.0000000       82.000000       1.1141505      -1.0000000       2.0000000
     0.011479990      0.36000140      -1.0000000      -1.0000000      -1.0000000
      -1.0000000      -1.0000000      -1.0000000      -1.0000000      -1.0000000
      -1.0000000
       0.0000000       81.000000       1.1546028       370.00000       144488.00
       6.3949432       3.1023524      0.40035975      0.51219511      0.45331740
       192.27083       189.36520       218.92313       162.83150       33.855286
       175.71254
       1.0000000       81.000000       1.1546028      -1.0000000       5.0000000
    0.0063108280     0.077735602      -1.0000000      -1.0000000      -1.0000000
      -1.0000000      -1.0000000      -1.0000000      -1.0000000      -1.0000000
      -1.0000000
       0.0000000       80.000000       1.2062581       351.00000       134963.00
       3.9641387       3.1437364      0.46176001      0.37500006      0.45129648
       67.099144      -123.81758       100.37823       162.93475       20.003048
       180.89427
       1.0000000       80.000000       1.2062581      -1.0000000       9.0000000
     0.017947779      0.37912429      -1.0000000      -1.0000000      -1.0000000
      -1.0000000      -1.0000000      -1.0000000      -1.0000000      -1.0000000
      -1.0000000
       0.0000000       79.000000       1.2484726       344.00000       131127.00
       3.8457499       4.0754676      0.43209046      0.40000004      0.41613686
       36.961132      -156.73190       90.383430       168.42130       23.214493
       183.57266
       1.0000000       79.000000       1.2484726      -1.0000000       8.0000000
     0.016045249      0.47050572      -1.0000000      -1.0000000      -1.0000000
      -1.0000000      -1.0000000      -1.0000000      -1.0000000      -1.0000000
      -1.0000000
       0.0000000       78.000000       1.3023784       367.00000       129811.00
       2.3081591       1.0425593      0.39732730      0.43750000      0.34694624
      -20.354418      -100.66963       9.0598307       126.03722       6.9064770
       10.739553
       1.0000000       78.000000       1.3023784      -1.0000000       11.000000
     0.052403343      0.41919186      -1.0000000      -1.0000000      -1.0000000
      -1.0000000      -1.0000000      -1.0000000      -1.0000000      -1.0000000
      -1.0000000
       0.0000000       77.000000       1.3575766       360.00000       123673.00
       2.9651899       2.6064425      0.40569448      0.46875006      0.39780748
      -12.737354      -135.03687      -47.843449       167.42993       14.577033
       200.48848
       0.0000000       76.000000       1.4140983       356.00000       118348.00
       2.3434680      0.90734440      0.40719002      0.50000000      0.37988591
       29.590809      -96.810600      -85.445686       120.08276       7.7982030
       21.023701
       1.0000000       76.000000       1.4140983      -1.0000000       6.0000000
   0.00042360810     0.022781409      -1.0000000      -1.0000000      -1.0000000
      -1.0000000      -1.0000000      -1.0000000      -1.0000000      -1.0000000
      -1.0000000
       0.0000000       75.000000       1.4719748       350.00000       112556.00
       2.2066691      0.67321116      0.39333409      0.51515150      0.36262542
       26.103783      -81.971512      -81.546715       114.64723       6.7781949
       17.106972
       0.0000000       74.000000       1.5312390       331.00000       106438.00
       2.6719358       1.4679178      0.42522922      0.60526311      0.47689483
       54.923965      -119.73857      -107.75847       176.55600       13.461523
       207.24451
       0.0000000       73.000000       1.6042346       323.00000       100231.00
       2.3367550       1.1347538      0.48612347      0.60606062      0.51234627
       58.340435      -185.72842      -114.87325       137.33034       9.7233171
       167.76788
       0.0000000       72.000000       1.6666696       309.00000       93326.000
       2.1924717       1.3620785      0.45912546      0.57575762      0.45513555
       42.423519      -195.27136      -101.13818       135.38748       9.6903448
       30.112719
       1.0000000       72.000000       1.6666696      -1.0000000       8.0000000
     0.045375831      0.35232327      -1.0000000      -1.0000000      -1.0000000
      -1.0000000      -1.0000000      -1.0000000      -1.0000000      -1.0000000
      -1.0000000
       0.0000000       71.000000       1.7435706       327.00000       90447.000
       2.0418277       2.8430729      0.49590206      0.69444442      0.56247413
      -44.035885      -282.14838      -85.618279       124.99094       12.532056
       179.12488
       0.0000000       70.000000       1.8226893       307.00000       82812.000
       1.7706325       2.1187525      0.47808641      0.63333333      0.47822520
      -77.223541      -149.90002      -143.01715       115.44286       11.585963
       176.81763
       1.0000000       70.000000       1.8226893      -1.0000000       2.0000000
   0.00034038496     0.012953906      -1.0000000      -1.0000000      -1.0000000
      -1.0000000      -1.0000000      -1.0000000      -1.0000000      -1.0000000
      -1.0000000
       0.0000000       69.000000       1.9040896       353.00000       84922.000
       1.7019480       1.9728013      0.49690658      0.72727275      0.54394567
      -46.896477      -137.05598      -159.68367       112.16514       11.103897
       163.25555
       1.0000000       69.000000       1.9040896      -1.0000000       6.0000000
    0.0036341455     0.082032840      -1.0000000      -1.0000000      -1.0000000
      -1.0000000      -1.0000000      -1.0000000      -1.0000000      -1.0000000
      -1.0000000
       0.0000000       68.000000       2.0020282      -1.0000000       76405.000
       1.5507231       1.3988931      -1.0000000      -1.0000000      -1.0000000
      -1.0000000      -1.0000000      -1.0000000       111.99599       9.7625027
       155.19563
       1.0000000       68.000000       2.0020282      -1.0000000       6.0000000
     0.016585069      0.14529736      -1.0000000      -1.0000000      -1.0000000
      -1.0000000      -1.0000000      -1.0000000      -1.0000000      -1.0000000
      -1.0000000
       0.0000000       67.000000       2.1032696      -1.0000000       70136.000
       1.4666588       1.7900645      -1.0000000      -1.0000000      -1.0000000
      -1.0000000      -1.0000000      -1.0000000       113.27662       9.6719055
       156.47086
       1.0000000       67.000000       2.1032696      -1.0000000       4.0000000
     0.020447077      0.14841596      -1.0000000      -1.0000000      -1.0000000
      -1.0000000      -1.0000000      -1.0000000      -1.0000000      -1.0000000
      -1.0000000
       0.0000000       66.000000       2.2079256      -1.0000000       64329.000
       1.2930491       1.7305223      -1.0000000      -1.0000000      -1.0000000
      -1.0000000      -1.0000000      -1.0000000       110.72354       8.4266653
       140.03343
       1.0000000       66.000000       2.2079256      -1.0000000       3.0000000
     0.010019762      0.10044815      -1.0000000      -1.0000000      -1.0000000
      -1.0000000      -1.0000000      -1.0000000      -1.0000000      -1.0000000
      -1.0000000
       0.0000000       65.000000       2.3161108      -1.0000000       87577.000
       1.1233033       1.2469612      -1.0000000      -1.0000000      -1.0000000
      -1.0000000      -1.0000000      -1.0000000       106.12284       6.9673171
       126.05277
       0.0000000       64.000000       2.4442258      -1.0000000       94287.000
       1.0166334      0.91320580      -1.0000000      -1.0000000      -1.0000000
      -1.0000000      -1.0000000      -1.0000000       102.61811       6.0483918
       129.98930
       1.0000000       64.000000       2.4442258      -1.0000000       1.0000000
   0.00025239607    0.0088879932      -1.0000000      -1.0000000      -1.0000000
      -1.0000000      -1.0000000      -1.0000000      -1.0000000      -1.0000000
      -1.0000000
       0.0000000       63.000000       2.5772903      -1.0000000       83750.000
      0.96036249      0.79366046      -1.0000000      -1.0000000      -1.0000000
      -1.0000000      -1.0000000      -1.0000000       107.06071       5.7140832
       128.03839
       1.0000000       63.000000       2.5772903      -1.0000000       1.0000000
   0.00023371953     0.017719451      -1.0000000      -1.0000000      -1.0000000
      -1.0000000      -1.0000000      -1.0000000      -1.0000000      -1.0000000
      -1.0000000
       0.0000000       62.000000       2.7331426      -1.0000000       98328.000
      0.85802251       1.2664022      -1.0000000      -1.0000000      -1.0000000
      -1.0000000      -1.0000000      -1.0000000       114.57497       6.0443039
       114.11795
       1.0000000       62.000000       2.7331426      -1.0000000       1.0000000
       0.0000000       0.0000000      -1.0000000      -1.0000000      -1.0000000
      -1.0000000      -1.0000000      -1.0000000      -1.0000000      -1.0000000
      -1.0000000
       0.0000000       61.000000       2.8957851      -1.0000000       84272.000
      0.74965805       1.2256637      -1.0000000      -1.0000000      -1.0000000
      -1.0000000      -1.0000000      -1.0000000       118.88045       5.6696100
       108.46058
       1.0000000       61.000000       2.8957851      -1.0000000       2.0000000
       0.0000000       0.0000000      -1.0000000      -1.0000000      -1.0000000
      -1.0000000      -1.0000000      -1.0000000      -1.0000000      -1.0000000
      -1.0000000
       0.0000000       60.000000       3.0081310      -1.0000000       76977.000
      0.62640774       1.1465002      -1.0000000      -1.0000000      -1.0000000
      -1.0000000      -1.0000000      -1.0000000       116.54708       5.0280523
       111.94399
       1.0000000       60.000000       3.0081310      -1.0000000       2.0000000
   7.0565315e-05       0.0000000      -1.0000000      -1.0000000      -1.0000000
      -1.0000000      -1.0000000      -1.0000000      -1.0000000      -1.0000000
      -1.0000000
       0.0000000       59.000000       3.0848227      -1.0000000       74518.000
      0.55760640      0.76777542      -1.0000000      -1.0000000      -1.0000000
      -1.0000000      -1.0000000      -1.0000000       114.71273       4.0255351
       112.54446
       1.0000000       59.000000       3.0848227      -1.0000000       3.0000000
       0.0000000       0.0000000      -1.0000000      -1.0000000      -1.0000000
      -1.0000000      -1.0000000      -1.0000000      -1.0000000      -1.0000000
      -1.0000000
       0.0000000       58.000000       3.2830331      -1.0000000       65504.000
      0.48213896      0.69563961      -1.0000000      -1.0000000      -1.0000000
      -1.0000000      -1.0000000      -1.0000000       111.57157       3.8850663
       127.70413
       1.0000000       58.000000       3.2830331      -1.0000000       1.0000000
   0.00082407391    0.0076049725      -1.0000000      -1.0000000      -1.0000000
      -1.0000000      -1.0000000      -1.0000000      -1.0000000      -1.0000000
      -1.0000000
       0.0000000       57.000000       3.4908614      -1.0000000       58577.000
      0.42776603      0.79450351      -1.0000000      -1.0000000      -1.0000000
      -1.0000000      -1.0000000      -1.0000000       113.64709       4.0276089
       118.47746
       1.0000000       57.000000       3.4908614      -1.0000000       2.0000000
       0.0000000       0.0000000      -1.0000000      -1.0000000      -1.0000000
      -1.0000000      -1.0000000      -1.0000000      -1.0000000      -1.0000000
      -1.0000000
