       0.0000000       135.00000       0.0000000       191.00000       282197.00
       21.904177      0.36426732      0.46353877      0.67567563      0.58603841
       227.81195       25.959129      -174.67760       185.72932       64.100357
       215.16121
       0.0000000       134.00000    0.0095216669       188.00000       279073.00
       21.147900      0.38010705      0.45629901      0.63636363      0.52917820
       216.10210       36.622757      -168.61095       185.99651       61.974541
       215.25842
       1.0000000       134.00000    0.0095216669      -1.0000000       1.0000000
       3.4207828       1.3596350      -1.0000000      -1.0000000      -1.0000000
      -1.0000000      -1.0000000      -1.0000000      -1.0000000      -1.0000000
      -1.0000000
       0.0000000       133.00000     0.023974428       187.00000       275367.00
       22.596672      0.39909172      0.47487828      0.64999998      0.64035344
       245.68190       75.857307      -179.32085       187.36021       63.304317
       215.46249
       0.0000000       132.00000     0.033724371       185.00000       273709.00
       20.498001      0.34115505      0.47354352      0.65714288      0.58563876
       215.36864       89.085541      -157.21841       186.46346       57.486900
       215.92404
       1.0000000       132.00000     0.033724371      -1.0000000       1.0000000
      0.26201713     0.021327656      -1.0000000      -1.0000000      -1.0000000
      -1.0000000      -1.0000000      -1.0000000      -1.0000000      -1.0000000
      -1.0000000
       0.0000000       131.00000     0.048523631       187.00000       270265.00
       20.414862      0.30345973      0.47575992      0.65714288      0.58864045
       215.95815       114.71959      -140.60123       187.54959       57.193096
       214.55002
       1.0000000       131.00000     0.048523631      -1.0000000       4.0000000
     0.014727903     0.064471095      -1.0000000      -1.0000000      -1.0000000
      -1.0000000      -1.0000000      -1.0000000      -1.0000000      -1.0000000
      -1.0000000
       0.0000000       130.00000     0.058507323       186.00000       268291.00
       20.428059      0.28586674      0.48241180      0.66666663      0.60028756
       227.76160       130.89362      -132.38426       188.97954       58.681572
       215.88290
       0.0000000       129.00000     0.073661387       186.00000       264974.00
       20.430363      0.55493927      0.47098830      0.67647058      0.60754466
       235.49614       154.82907      -111.12039       187.91867       56.962410
       220.59129
       1.0000000       129.00000     0.073661387      -1.0000000       2.0000000
   0.00030812866       0.0000000      -1.0000000      -1.0000000      -1.0000000
      -1.0000000      -1.0000000      -1.0000000      -1.0000000      -1.0000000
      -1.0000000
       0.0000000       128.00000     0.083884433       180.00000       262055.00
       20.056084      0.54788423      0.45084521      0.72222221      0.59818828
       209.89122       141.44113      -94.493561       185.62459       53.370693
       224.65350
       1.0000000       128.00000     0.083884433      -1.0000000       1.0000000
       0.0000000       0.0000000      -1.0000000      -1.0000000      -1.0000000
      -1.0000000      -1.0000000      -1.0000000      -1.0000000      -1.0000000
      -1.0000000
       0.0000000       127.00000     0.099401802       178.00000       258404.00
       19.819010      0.54262280      0.45976570      0.67647058      0.58559030
       217.01692       143.03659      -90.125969       181.21594       51.729660
       234.51634
       0.0000000       126.00000      0.10986994       177.00000       256327.00
       19.756838      0.54431188      0.46276459      0.68571424      0.59108341
       219.71445       150.72649      -86.923050       180.00150       51.132088
       239.21080
       0.0000000       125.00000      0.12575933       177.00000       253768.00
       19.710293      0.51598698      0.46904284      0.68571424      0.59103280
       228.33054       157.53755      -74.088539       179.09660       50.699474
       245.78725
       1.0000000       125.00000      0.12575933      -1.0000000       1.0000000
   0.00055381149     0.017793095      -1.0000000      -1.0000000      -1.0000000
      -1.0000000      -1.0000000      -1.0000000      -1.0000000      -1.0000000
      -1.0000000
       0.0000000       124.00000      0.14187621       177.00000       250490.00
       19.752007      0.55718082      0.47333625      0.68571424      0.59795862
       235.22789       166.08305      -69.811897       178.90352       50.705647
       249.07494
       0.0000000       123.00000      0.15274876       187.00000       252329.00
       19.774748      0.53981787      0.47914597      0.67647058      0.60253549
       239.72174       172.50188      -61.901890       179.51132       50.573071
       247.61638
       1.0000000       123.00000      0.15274876      -1.0000000       1.0000000
   0.00079603045    0.0064346096      -1.0000000      -1.0000000      -1.0000000
      -1.0000000      -1.0000000      -1.0000000      -1.0000000      -1.0000000
      -1.0000000
       0.0000000       122.00000      0.16925204       185.00000       248930.00
       19.873816      0.56815219      0.48136729      0.67647058      0.60731816
       243.44159       179.55951      -53.485867       179.98663       50.899384
       253.06857
       0.0000000       121.00000      0.18038526       186.00000       246029.00
       19.863491      0.57900661      0.48385841      0.67647058      0.60461640
       247.39851       182.28735      -48.664101       180.41264       50.752605
       253.33272
       0.0000000       120.00000      0.19728418       184.00000       241549.00
       19.793575      0.55227262      0.48610708      0.67647058      0.60859358
       252.15245       190.18021      -42.892891       181.06969       50.120174
       256.49893
       1.0000000       120.00000      0.19728418      -1.0000000       2.0000000
   0.00040242556     0.010066625      -1.0000000      -1.0000000      -1.0000000
      -1.0000000      -1.0000000      -1.0000000      -1.0000000      -1.0000000
      -1.0000000
       0.0000000       119.00000      0.21442504       184.00000       238627.00
       19.949928      0.56582582      0.49180931      0.66666669      0.61690009
       259.35666       199.66328      -30.324850       181.77576       50.496552
       257.54117
       1.0000000       119.00000      0.21442504      -1.0000000       1.0000000
       0.0000000       0.0000000      -1.0000000      -1.0000000      -1.0000000
      -1.0000000      -1.0000000      -1.0000000      -1.0000000      -1.0000000
      -1.0000000
       0.0000000       118.00000      0.22598839       181.00000       236117.00
       19.917797      0.57307291      0.49510849      0.66666669      0.61290824
       264.96320       202.91046      -25.320438       182.30876       50.277416
       257.50974
       1.0000000       118.00000      0.22598839      -1.0000000       1.0000000
   0.00048663293       0.0000000      -1.0000000      -1.0000000      -1.0000000
      -1.0000000      -1.0000000      -1.0000000      -1.0000000      -1.0000000
      -1.0000000
       0.0000000       117.00000      0.24354018       181.00000       231564.00
       20.019758      0.58591735      0.50105655      0.66666669      0.61983556
       273.51059       208.82133      -15.858512       183.40306       50.674309
       255.90236
       1.0000000       117.00000      0.24354018      -1.0000000       1.0000000
       0.0000000       0.0000000      -1.0000000      -1.0000000      -1.0000000
      -1.0000000      -1.0000000      -1.0000000      -1.0000000      -1.0000000
      -1.0000000
       0.0000000       116.00000      0.26134327       171.00000       224350.00
       20.014702      0.57425255      0.50930524      0.65625000      0.61944646
       282.25720       212.97519      -2.7042286       184.38979       50.292831
       255.80098
       0.0000000       115.00000      0.27335334       170.00000       222882.00
       20.063089      0.55983347      0.50770098      0.66666669      0.62547606
       287.23465       215.50426       4.2352009       185.26352       50.237743
       254.96750
       1.0000000       115.00000      0.27335334      -1.0000000       1.0000000
       0.0000000       0.0000000      -1.0000000      -1.0000000      -1.0000000
      -1.0000000      -1.0000000      -1.0000000      -1.0000000      -1.0000000
      -1.0000000
       0.0000000       114.00000      0.29158324       176.00000       220735.00
       20.073908      0.55506516      0.51253152      0.65625000      0.63230985
       297.84155       217.10426       28.054033       186.38907       49.908543
       251.56697
       1.0000000       114.00000      0.29158324      -1.0000000       1.0000000
       0.0000000       0.0000000      -1.0000000      -1.0000000      -1.0000000
      -1.0000000      -1.0000000      -1.0000000      -1.0000000      -1.0000000
      -1.0000000
       0.0000000       113.00000      0.31007412       184.00000       219581.00
       20.105827      0.55381602      0.52201653      0.65625000      0.62816405
       308.99536       215.50745       37.383598       187.97502       50.039150
       248.74475
       1.0000000       113.00000      0.31007412      -1.0000000       1.0000000
   0.00022881423    0.0051546837      -1.0000000      -1.0000000      -1.0000000
      -1.0000000      -1.0000000      -1.0000000      -1.0000000      -1.0000000
      -1.0000000
       0.0000000       112.00000      0.32882974       192.00000       215512.00
       20.220207      0.53296751      0.52452821      0.69696975      0.64356792
       318.48279       219.38583       52.542137       189.37469       50.380550
       248.07178
       1.0000000       112.00000      0.32882974      -1.0000000       1.0000000
   0.00033446349       0.0000000      -1.0000000      -1.0000000      -1.0000000
      -1.0000000      -1.0000000      -1.0000000      -1.0000000      -1.0000000
      -1.0000000
       0.0000000       111.00000      0.34785384       190.00000       212676.00
       20.236746      0.51187271      0.52720135      0.69696975      0.64579117
       321.14313       220.06235       70.224693       191.57529       50.349487
       248.48073
       1.0000000       111.00000      0.34785384      -1.0000000       1.0000000
    0.0022951555       0.0000000      -1.0000000      -1.0000000      -1.0000000
      -1.0000000      -1.0000000      -1.0000000      -1.0000000      -1.0000000
      -1.0000000
       0.0000000       110.00000      0.36068764       188.00000       210395.00
       20.386061      0.54145557      0.53035134      0.71428573      0.66352290
       326.08859       223.23592       82.239944       193.27795       51.206543
       247.75841
       1.0000000       110.00000      0.36068764      -1.0000000       1.0000000
   0.00042214445     0.055712517      -1.0000000      -1.0000000      -1.0000000
      -1.0000000      -1.0000000      -1.0000000      -1.0000000      -1.0000000
      -1.0000000
       0.0000000       109.00000      0.38016787       186.00000       206570.00
       20.446062      0.51254940      0.53080297      0.69696975      0.65950859
       334.49820       221.23074       101.70151       196.12186       51.105965
       249.26170
       1.0000000       109.00000      0.38016787      -1.0000000       1.0000000
   0.00051726092    0.0054494627      -1.0000000      -1.0000000      -1.0000000
      -1.0000000      -1.0000000      -1.0000000      -1.0000000      -1.0000000
      -1.0000000
       0.0000000       108.00000      0.39992696       187.00000       204074.00
       20.462339      0.50872135      0.53057438      0.69696975      0.66601336
       344.69022       210.77631       114.40219       198.46292       50.721104
       250.90584
       1.0000000       108.00000      0.39992696      -1.0000000       1.0000000
       0.0000000       0.0000000      -1.0000000      -1.0000000      -1.0000000
      -1.0000000      -1.0000000      -1.0000000      -1.0000000      -1.0000000
      -1.0000000
       0.0000000       107.00000      0.41996893       183.00000       198642.00
       20.476910      0.50083685      0.53972310      0.69696975      0.66625303
       356.26843       210.98260       131.11765       196.86003       50.759514
       235.54416
       1.0000000       107.00000      0.41996893      -1.0000000       3.0000000
    0.0010817689       0.0000000      -1.0000000      -1.0000000      -1.0000000
      -1.0000000      -1.0000000      -1.0000000      -1.0000000      -1.0000000
      -1.0000000
       0.0000000       106.00000      0.44029784       178.00000       195186.00
       20.566378      0.52816558      0.54572058      0.70588237      0.67648304
       369.36719       201.01711       148.53851       197.91068       51.069603
       233.41791
       1.0000000       106.00000      0.44029784      -1.0000000       2.0000000
       0.0000000       0.0000000      -1.0000000      -1.0000000      -1.0000000
      -1.0000000      -1.0000000      -1.0000000      -1.0000000      -1.0000000
      -1.0000000
       0.0000000       105.00000      0.46091780       176.00000       189924.00
       20.626209      0.75099337      0.55146104      0.69696975      0.68054849
       385.64822       191.28326       168.89357       199.03412       51.182335
       232.98659
       1.0000000       105.00000      0.46091780      -1.0000000       3.0000000
    0.0026674715     0.071847998      -1.0000000      -1.0000000      -1.0000000
      -1.0000000      -1.0000000      -1.0000000      -1.0000000      -1.0000000
      -1.0000000
       0.0000000       104.00000      0.48183295       176.00000       186597.00
       20.527197      0.78780955      0.55506033      0.75000000      0.68405449
       389.89426       183.19977       183.99910       195.91942       50.208630
       234.79770
       1.0000000       104.00000      0.48183295      -1.0000000       1.0000000
    0.0013773624       0.0000000      -1.0000000      -1.0000000      -1.0000000
      -1.0000000      -1.0000000      -1.0000000      -1.0000000      -1.0000000
      -1.0000000
       0.0000000       103.00000      0.50304753       175.00000       182135.00
       20.592350      0.77407217      0.56066060      0.69696975      0.68121803
       393.16156       176.83575       200.75751       193.09000       49.665531
       244.56636
       0.0000000       102.00000      0.52456582       173.00000       179008.00
       20.579504      0.80905354      0.55335951      0.70588237      0.68768668
       392.18091       172.51286       217.22919       191.57256       49.682999
       249.95737
       1.0000000       102.00000      0.52456582      -1.0000000       1.0000000
       0.0000000       0.0000000      -1.0000000      -1.0000000      -1.0000000
      -1.0000000      -1.0000000      -1.0000000      -1.0000000      -1.0000000
      -1.0000000
       0.0000000       101.00000      0.54639220       171.00000       175645.00
       20.702499       1.5708817      0.55389959      0.75675678      0.70001793
       392.74585       169.64763       237.08295       192.02232       50.624992
       249.71049
       1.0000000       101.00000      0.54639220      -1.0000000       3.0000000
    0.0012102326     0.022717183      -1.0000000      -1.0000000      -1.0000000
      -1.0000000      -1.0000000      -1.0000000      -1.0000000      -1.0000000
      -1.0000000
       0.0000000       100.00000      0.57598084       170.00000       169368.00
       20.640478       2.0549819      0.56234562      0.75675678      0.71025383
       405.08356       165.94136       270.22488       194.27806       50.354290
       248.08084
       0.0000000       99.000000      0.59854329       169.00000       164417.00
       20.601387       2.4025373      0.58717191      0.70588237      0.70975024
       412.84756       169.76332       303.09970       195.79695       50.607819
       242.95569
       1.0000000       99.000000      0.59854329      -1.0000000       3.0000000
       0.0000000       0.0000000      -1.0000000      -1.0000000      -1.0000000
      -1.0000000      -1.0000000      -1.0000000      -1.0000000      -1.0000000
      -1.0000000
       0.0000000       98.000000      0.62142873       163.00000       158764.00
       20.636953       2.8671179      0.59558260      0.75000000      0.72724849
       413.48721       167.24754       337.27631       197.06075       50.996086
       241.23927
       0.0000000       97.000000      0.64464182       162.00000       156693.00
       20.382074       3.8352349      0.58514518      0.71875000      0.70273131
       395.42664       157.05460       361.05490       198.30431       52.045280
       246.54935
       1.0000000       97.000000      0.64464182      -1.0000000       3.0000000
      0.17513813      0.56548843      -1.0000000      -1.0000000      -1.0000000
      -1.0000000      -1.0000000      -1.0000000      -1.0000000      -1.0000000
      -1.0000000
       0.0000000       96.000000      0.67611039       157.00000       150790.00
       19.739542       6.4629545      0.60671103      0.68571424      0.67396724
       366.08340       95.257431       396.22955       200.25485       53.303032
       240.93108
       1.0000000       96.000000      0.67611039      -1.0000000       2.0000000
    0.0074398322     0.030775955      -1.0000000      -1.0000000      -1.0000000
      -1.0000000      -1.0000000      -1.0000000      -1.0000000      -1.0000000
      -1.0000000
       0.0000000       95.000000      0.70010638       156.00000       147670.00
       19.043406       6.0608010      0.59534758      0.65625000      0.66478693
       382.74747       39.177349       359.14072       201.84816       52.253254
       240.70851
       1.0000000       95.000000      0.70010638      -1.0000000       8.0000000
     0.078586670      0.89782658      -1.0000000      -1.0000000      -1.0000000
      -1.0000000      -1.0000000      -1.0000000      -1.0000000      -1.0000000
      -1.0000000
       0.0000000       94.000000      0.73263615       156.00000       143851.00
       18.270407       5.8054662      0.58169305      0.67647058      0.66648561
       460.52655       40.719345       241.03746       202.42334       50.482174
       235.43579
       1.0000000       94.000000      0.73263615      -1.0000000       5.0000000
      0.18727858       1.3890665      -1.0000000      -1.0000000      -1.0000000
      -1.0000000      -1.0000000      -1.0000000      -1.0000000      -1.0000000
      -1.0000000
       0.0000000       93.000000      0.75744140       175.00000       145913.00
       17.408434       5.0222049      0.58758652      0.67647058      0.66387790
       481.69849       115.19858       174.86818       202.07907       47.128361
       233.99260
       1.0000000       93.000000      0.75744140      -1.0000000       7.0000000
     0.044466990      0.37468926      -1.0000000      -1.0000000      -1.0000000
      -1.0000000      -1.0000000      -1.0000000      -1.0000000      -1.0000000
      -1.0000000
       0.0000000       92.000000      0.79106826       170.00000       140759.00
       16.594330       4.8394675      0.57310379      0.72222221      0.69792861
       466.20886       211.09395       122.43890       200.88275       45.727573
       231.61494
       1.0000000       92.000000      0.79106826      -1.0000000       7.0000000
     0.038824327      0.39666819      -1.0000000      -1.0000000      -1.0000000
      -1.0000000      -1.0000000      -1.0000000      -1.0000000      -1.0000000
      -1.0000000
       0.0000000       91.000000      0.81671000       172.00000       138396.00
       16.479626       3.8418996      0.56742805      0.72222221      0.69357735
       457.61203       257.00284       114.26861       202.18451       43.966797
       231.98415
       1.0000000       91.000000      0.81671000      -1.0000000       3.0000000
   0.00063279524     0.023132071      -1.0000000      -1.0000000      -1.0000000
      -1.0000000      -1.0000000      -1.0000000      -1.0000000      -1.0000000
      -1.0000000
       0.0000000       90.000000      0.85147089       172.00000       134898.00
       16.124954       3.6737006      0.57732314      0.69444442      0.67814434
       468.89182       272.42993       107.40814       203.74928       44.602215
       230.89534
       1.0000000       90.000000      0.85147089      -1.0000000       4.0000000
    0.0047714459     0.013535807      -1.0000000      -1.0000000      -1.0000000
      -1.0000000      -1.0000000      -1.0000000      -1.0000000      -1.0000000
      -1.0000000
       0.0000000       89.000000      0.88689691       209.00000       142839.00
       15.734121       3.9948094      0.56771570      0.77499998      0.68777943
       526.58081       245.52486       119.68478       204.84497       45.260223
       229.99619
       1.0000000       89.000000      0.88689691      -1.0000000       4.0000000
       0.0000000       0.0000000      -1.0000000      -1.0000000      -1.0000000
      -1.0000000      -1.0000000      -1.0000000      -1.0000000      -1.0000000
      -1.0000000
       0.0000000       88.000000      0.92300081       210.00000       138366.00
       15.410082       4.0546594      0.57866645      0.66666663      0.64885980
       550.03741       211.22754       101.93760       204.09526       46.966290
       226.70380
       1.0000000       88.000000      0.92300081      -1.0000000       5.0000000
     0.012615166     0.055837583      -1.0000000      -1.0000000      -1.0000000
      -1.0000000      -1.0000000      -1.0000000      -1.0000000      -1.0000000
      -1.0000000
       0.0000000       87.000000      0.95053136       217.00000       137300.00
       15.067316       4.0219727      0.55328548      0.65517241      0.61782300
       519.97467       203.22942       86.311813       204.20100       46.408577
       222.15726
       1.0000000       87.000000      0.95053136      -1.0000000       5.0000000
      0.10981714      0.41065045      -1.0000000      -1.0000000      -1.0000000
      -1.0000000      -1.0000000      -1.0000000      -1.0000000      -1.0000000
      -1.0000000
       0.0000000       86.000000      0.98785281       208.00000       131163.00
       14.860204       5.4610076      0.52863932      0.70588237      0.63589966
       508.60648       163.55382       84.411316       205.71159       50.266499
       204.36330
       1.0000000       86.000000      0.98785281      -1.0000000       6.0000000
     0.095730596      0.24502868      -1.0000000      -1.0000000      -1.0000000
      -1.0000000      -1.0000000      -1.0000000      -1.0000000      -1.0000000
      -1.0000000
       0.0000000       85.000000      0.99729425       209.00000       130796.00
       14.905461       4.9628925      0.54557425      0.71428573      0.61712575
       531.58441       173.01653       88.532402       206.96956       50.988419
       202.45053
       1.0000000       85.000000      0.99729425      -1.0000000       3.0000000
       0.0000000       0.0000000      -1.0000000      -1.0000000      -1.0000000
      -1.0000000      -1.0000000      -1.0000000      -1.0000000      -1.0000000
      -1.0000000
       0.0000000       84.000000       1.0355104       199.00000       123380.00
       14.384940       4.7303967      0.51665646      0.62068963      0.61234421
       459.51184       200.59695       118.52412       206.52235       55.933212
       220.39517
       1.0000000       84.000000       1.0355104      -1.0000000       9.0000000
   0.00077010761    0.0044241110      -1.0000000      -1.0000000      -1.0000000
      -1.0000000      -1.0000000      -1.0000000      -1.0000000      -1.0000000
      -1.0000000
       0.0000000       83.000000       1.0744579       206.00000       120549.00
       13.166598       5.7773199      0.54689211      0.69696975      0.63825059
       433.21478       223.94615       210.80690       196.63812       48.425510
       235.17851
       1.0000000       83.000000       1.0744579      -1.0000000       8.0000000
       2.5454188       3.2639601      -1.0000000      -1.0000000      -1.0000000
      -1.0000000      -1.0000000      -1.0000000      -1.0000000      -1.0000000
      -1.0000000
       0.0000000       82.000000       1.1141505       191.00000       112678.00
       12.377649       3.8116550      0.53865451      0.67857140      0.63158435
       372.69583       204.88211       260.86530       187.42090       41.073776
       240.69583
       1.0000000       82.000000       1.1141505      -1.0000000       6.0000000
     0.022882102      0.19858121      -1.0000000      -1.0000000      -1.0000000
      -1.0000000      -1.0000000      -1.0000000      -1.0000000      -1.0000000
      -1.0000000
       0.0000000       81.000000       1.1546028       197.00000       111200.00
       11.985550       3.5612936      0.52281320      0.67647058      0.61338973
       337.08301       179.42738       264.37668       186.80188       38.982456
       217.81654
       1.0000000       81.000000       1.1546028      -1.0000000       7.0000000
      0.14332064     0.063909138      -1.0000000      -1.0000000      -1.0000000
      -1.0000000      -1.0000000      -1.0000000      -1.0000000      -1.0000000
      -1.0000000
       0.0000000       80.000000       1.2062581       200.00000       105761.00
       11.777484       2.9397664      0.51198703      0.78048778      0.61895144
       310.32736       213.56723       275.87415       198.47200       38.598461
       191.74174
       1.0000000       80.000000       1.2062581      -1.0000000       10.000000
     0.094897320      0.65592251      -1.0000000      -1.0000000      -1.0000000
      -1.0000000      -1.0000000      -1.0000000      -1.0000000      -1.0000000
      -1.0000000
       0.0000000       79.000000       1.2484726       205.00000       104868.00
       11.211243       2.7004309      0.56192428      0.76315790      0.65264642
       311.76532       223.08412       319.99695       218.29390       40.008183
       159.68579
       1.0000000       79.000000       1.2484726      -1.0000000       7.0000000
    0.0097463036     0.066991509      -1.0000000      -1.0000000      -1.0000000
      -1.0000000      -1.0000000      -1.0000000      -1.0000000      -1.0000000
      -1.0000000
       0.0000000       78.000000       1.3023784       193.00000       98456.000
       11.577826       6.6056504      0.55483150      0.69696975      0.70450115
       348.52197       269.68088       426.33298       235.48096       46.769127
       134.14249
       1.0000000       78.000000       1.3023784      -1.0000000       7.0000000
     0.031877299      0.13827729      -1.0000000      -1.0000000      -1.0000000
      -1.0000000      -1.0000000      -1.0000000      -1.0000000      -1.0000000
      -1.0000000
       0.0000000       77.000000       1.3575766       207.00000       96907.000
       10.298330       2.3532939      0.54377264      0.78378379      0.72485554
       344.83960       237.82492       327.77094       198.68019       32.279892
       163.66754
       1.0000000       77.000000       1.3575766      -1.0000000       11.000000
     0.044620663      0.48600118      -1.0000000      -1.0000000      -1.0000000
      -1.0000000      -1.0000000      -1.0000000      -1.0000000      -1.0000000
      -1.0000000
       0.0000000       76.000000       1.4140983       196.00000       91367.000
       10.006035       2.4529159      0.55290759      0.77777779      0.73530936
       378.08060       262.92932       277.63733       184.84073       30.642801
       171.10400
       1.0000000       76.000000       1.4140983      -1.0000000       13.000000
     0.055561137      0.53603537      -1.0000000      -1.0000000      -1.0000000
      -1.0000000      -1.0000000      -1.0000000      -1.0000000      -1.0000000
      -1.0000000
       0.0000000       75.000000       1.4719748       295.00000       104238.00
       9.6856451       2.7508471      0.57311213      0.72727275      0.69881082
       398.53497       278.50851       241.75612       178.19208       28.757805
       172.21127
       1.0000000       75.000000       1.4719748      -1.0000000       6.0000000
      0.11798421      0.78803045      -1.0000000      -1.0000000      -1.0000000
      -1.0000000      -1.0000000      -1.0000000      -1.0000000      -1.0000000
      -1.0000000
       0.0000000       74.000000       1.5312390       292.00000       100603.00
       9.5892506       3.1919243      0.55148321      0.82051283      0.75887764
       425.84750       293.32486       176.01480       172.84648       29.006651
       178.20009
       1.0000000       74.000000       1.5312390      -1.0000000       1.0000000
    0.0062125791     0.036539320      -1.0000000      -1.0000000      -1.0000000
      -1.0000000      -1.0000000      -1.0000000      -1.0000000      -1.0000000
      -1.0000000
       0.0000000       73.000000       1.6042346       281.00000       93866.000
       9.2732229       3.6049938      0.59717941      0.77142859      0.75186616
       468.40134       328.11893       96.441124       172.05249       27.417782
       175.15096
       1.0000000       73.000000       1.6042346      -1.0000000       6.0000000
    0.0052927263     0.017341199      -1.0000000      -1.0000000      -1.0000000
      -1.0000000      -1.0000000      -1.0000000      -1.0000000      -1.0000000
      -1.0000000
       0.0000000       72.000000       1.6666696       281.00000       89265.000
       9.0508451       3.4530435      0.60971582      0.77777779      0.76151621
       475.40134       359.97018       36.484108       176.12177       26.822380
       166.39769
       1.0000000       72.000000       1.6666696      -1.0000000       8.0000000
    0.0090690213      0.14482253      -1.0000000      -1.0000000      -1.0000000
      -1.0000000      -1.0000000      -1.0000000      -1.0000000      -1.0000000
      -1.0000000
       0.0000000       71.000000       1.7435706       414.00000       100486.00
       8.6324139       2.9869242      0.61663139      0.70967740      0.71094388
       428.95895       398.05399      -18.412455       186.18022       25.465521
       152.34215
       1.0000000       71.000000       1.7435706      -1.0000000       6.0000000
    0.0018772922     0.075026389      -1.0000000      -1.0000000      -1.0000000
      -1.0000000      -1.0000000      -1.0000000      -1.0000000      -1.0000000
      -1.0000000
       0.0000000       70.000000       1.8226893       395.00000       93277.000
       8.2912531       3.4420145      0.61079276      0.75000000      0.72826433
       435.50891       370.84164      -27.163582       196.87228       25.251020
       142.54735
       1.0000000       70.000000       1.8226893      -1.0000000       1.0000000
   0.00017239754       0.0000000      -1.0000000      -1.0000000      -1.0000000
      -1.0000000      -1.0000000      -1.0000000      -1.0000000      -1.0000000
      -1.0000000
       0.0000000       69.000000       1.9040896       383.00000       88131.000
       7.6284499       3.6905668      0.60900706      0.62962961      0.69200206
       414.57074       374.41891      -12.694050       203.62865       24.425619
       133.65767
       1.0000000       69.000000       1.9040896      -1.0000000       4.0000000
     0.041006806     0.049067523      -1.0000000      -1.0000000      -1.0000000
      -1.0000000      -1.0000000      -1.0000000      -1.0000000      -1.0000000
      -1.0000000
       0.0000000       68.000000       2.0020282       313.00000       74143.000
       7.6206889       3.3405375      0.56269556      0.77777779      0.73252290
       427.66614       349.16724      -62.943871       200.58527       26.723295
       136.14854
       1.0000000       68.000000       2.0020282      -1.0000000       7.0000000
     0.071350252      0.41190712      -1.0000000      -1.0000000      -1.0000000
      -1.0000000      -1.0000000      -1.0000000      -1.0000000      -1.0000000
      -1.0000000
       0.0000000       67.000000       2.1032696       306.00000       67973.000
       6.5803123       4.7850008      0.58770972      0.75000000      0.70539278
       392.66989       320.49594      -105.53736       184.83296       25.363928
       146.71875
       1.0000000       67.000000       2.1032696      -1.0000000       8.0000000
      0.28474719      0.75188950      -1.0000000      -1.0000000      -1.0000000
      -1.0000000      -1.0000000      -1.0000000      -1.0000000      -1.0000000
      -1.0000000
       0.0000000       66.000000       2.2079256       297.00000       62097.000
       5.8610873       4.3688822      0.58079743      0.79999995      0.70457631
       267.10861       379.02219      -187.08769       178.61397       21.799051
       150.64297
       1.0000000       66.000000       2.2079256      -1.0000000       3.0000000
    0.0011323215     0.055645879      -1.0000000      -1.0000000      -1.0000000
      -1.0000000      -1.0000000      -1.0000000      -1.0000000      -1.0000000
      -1.0000000
       0.0000000       65.000000       2.3161108       292.00000       56484.000
       5.1870751       3.1882701      0.58185112      0.81578946      0.72073901
      -10.141866       427.23764      -150.79013       180.55780       17.895327
       148.25621
       1.0000000       65.000000       2.3161108      -1.0000000       6.0000000
     0.021115104      0.11062901      -1.0000000      -1.0000000      -1.0000000
      -1.0000000      -1.0000000      -1.0000000      -1.0000000      -1.0000000
      -1.0000000
       0.0000000       64.000000       2.4442258       302.00000       52302.000
       4.5826774       3.4564714      0.54469311      0.82926828      0.71141934
      -105.01868       373.96872      -111.56935       185.43840       16.987066
       148.18829
       1.0000000       64.000000       2.4442258      -1.0000000       7.0000000
     0.020701620      0.46146443      -1.0000000      -1.0000000      -1.0000000
      -1.0000000      -1.0000000      -1.0000000      -1.0000000      -1.0000000
      -1.0000000
       0.0000000       63.000000       2.5772903       272.00000       45482.000
       3.9751089       2.9201329      0.57995427      0.81578946      0.71179247
      -128.88283       386.56006      -95.725716       195.08574       15.311216
       144.50366
       1.0000000       63.000000       2.5772903      -1.0000000       4.0000000
     0.015797122      0.19125837      -1.0000000      -1.0000000      -1.0000000
      -1.0000000      -1.0000000      -1.0000000      -1.0000000      -1.0000000
      -1.0000000
       0.0000000       62.000000       2.7331426       261.00000       40128.000
       3.1726511       3.5943019      0.54489821      0.65625000      0.59468621
      -175.17325       293.41473      -33.840702       195.67819       13.230508
       140.05095
       1.0000000       62.000000       2.7331426      -1.0000000       8.0000000
      0.10407473      0.36138081      -1.0000000      -1.0000000      -1.0000000
      -1.0000000      -1.0000000      -1.0000000      -1.0000000      -1.0000000
      -1.0000000
       0.0000000       61.000000       2.8957851       241.00000       35087.000
       2.0378544       4.2050500      0.39400768      0.67567563      0.41195586
      -137.25386       116.68169      -105.56358       196.92172       15.031492
       128.26071
       1.0000000       61.000000       2.8957851      -1.0000000       10.000000
     0.058286901      0.50835949      -1.0000000      -1.0000000      -1.0000000
      -1.0000000      -1.0000000      -1.0000000      -1.0000000      -1.0000000
      -1.0000000
       0.0000000       60.000000       3.0081310       233.00000       31654.000
       1.7026078       3.2551191      0.45405906      0.38888890      0.51267338
      -287.96448      -14.646395      -200.84586       195.65619       13.717178
       128.79066
       1.0000000       60.000000       3.0081310      -1.0000000       6.0000000
    0.0017473578       0.0000000      -1.0000000      -1.0000000      -1.0000000
      -1.0000000      -1.0000000      -1.0000000      -1.0000000      -1.0000000
      -1.0000000
       0.0000000       59.000000       3.0848227       264.00000       32894.000
       1.1584477       2.3572350      0.47217646      0.66666663      0.59240383
      -223.12697      -83.136002      -102.61625       175.32439       9.9214163
       139.97865
       1.0000000       59.000000       3.0848227      -1.0000000       9.0000000
      0.32369344      0.68914847      -1.0000000      -1.0000000      -1.0000000
      -1.0000000      -1.0000000      -1.0000000      -1.0000000      -1.0000000
      -1.0000000
       0.0000000       58.000000       3.2830331      -1.0000000       29498.000
      0.94218653       1.3672483      -1.0000000      -1.0000000      -1.0000000
      -1.0000000      -1.0000000      -1.0000000       157.17807       7.8386927
       145.38629
       1.0000000       58.000000       3.2830331      -1.0000000       16.000000
    0.0014900837    0.0017031466      -1.0000000      -1.0000000      -1.0000000
      -1.0000000      -1.0000000      -1.0000000      -1.0000000      -1.0000000
      -1.0000000
       0.0000000       57.000000       3.4908614      -1.0000000       23006.000
      0.69321090       1.6502042      -1.0000000      -1.0000000      -1.0000000
      -1.0000000      -1.0000000      -1.0000000       147.73334       6.2668929
       141.20332
       1.0000000       57.000000       3.4908614      -1.0000000       7.0000000
    0.0096065485      0.12110378      -1.0000000      -1.0000000      -1.0000000
      -1.0000000      -1.0000000      -1.0000000      -1.0000000      -1.0000000
      -1.0000000
