       0.0000000       135.00000       0.0000000       165.00000       272040.00
       2.2226727       3.1456823      0.53772807      0.67647058      0.71259636
      -32.301601      -308.93448       8.3384171       80.865135       15.633766
       42.444050
       0.0000000       134.00000    0.0095216669       168.00000       271112.00
       2.1451488       3.1078329      0.52635461      0.67500001      0.68586361
      -47.890076      -301.77097       4.0537558       81.913475       14.594013
       43.324608
       1.0000000       134.00000    0.0095216669      -1.0000000       1.0000000
       0.0000000       0.0000000      -1.0000000      -1.0000000      -1.0000000
      -1.0000000      -1.0000000      -1.0000000      -1.0000000      -1.0000000
      -1.0000000
       0.0000000       133.00000     0.023974428      -1.0000000       266933.00
     0.021123726     0.021181691      -1.0000000      -1.0000000      -1.0000000
      -1.0000000      -1.0000000      -1.0000000       25.697781      0.14580299
       2.5842850
       2.0000000       133.00000     0.023974428       99.146217       133.00000
       2.0943375       3.6695988      0.50314885      0.75000000      0.73771429
      -72.884171      -294.33475      -18.423368      -82.329803      -310.26938
      -9.9406338
       0.0000000       132.00000     0.033724371       2863.0000       457116.00
       2.0924864       3.3652928      0.51837158      0.75000000      0.72251946
      -53.365009      -282.50516      -33.702900       79.718941       14.859558
       45.870331
       0.0000000       131.00000     0.048523631       3089.0000       458487.00
       2.1163146       2.8903337      0.49112049      0.70270270      0.67738712
      -42.875603      -286.82367      -42.193005       79.888817       15.067267
       45.505829
       0.0000000       130.00000     0.058507323       3077.0000       455518.00
       2.1184986       2.9659636      0.48617101      0.73809522      0.66896158
      -44.159756      -292.41263      -26.457605       81.654633       15.690566
       44.643833
       1.0000000       130.00000     0.058507323      -1.0000000       2.0000000
    0.0055934412     0.076343631      -1.0000000      -1.0000000      -1.0000000
      -1.0000000      -1.0000000      -1.0000000      -1.0000000      -1.0000000
      -1.0000000
       0.0000000       129.00000     0.073661387      -1.0000000       453337.00
     0.013755322     0.016963616      -1.0000000      -1.0000000      -1.0000000
      -1.0000000      -1.0000000      -1.0000000       23.099184      0.10290266
       2.3822186
       1.0000000       129.00000     0.073661387      -1.0000000       1.0000000
     0.074702866      0.23654279      -1.0000000      -1.0000000      -1.0000000
      -1.0000000      -1.0000000      -1.0000000      -1.0000000      -1.0000000
      -1.0000000
       0.0000000       127.00000     0.099401802      -1.0000000       449132.00
     0.027186505     0.022042723      -1.0000000      -1.0000000      -1.0000000
      -1.0000000      -1.0000000      -1.0000000       27.787758      0.18717162
       2.9681447
       0.0000000       126.00000      0.10986994       3113.0000       446900.00
       1.9882814       3.4004114      0.53326255      0.64705884      0.74742430
      -64.181778      -320.98099      -10.562294       81.490593       15.612144
       45.236637
       0.0000000       125.00000      0.12575933       3134.0000       444863.00
       2.0351963       3.1509149      0.52643132      0.72500002      0.76184577
      -51.659866      -325.25821      -12.956447       83.836967       15.655687
       45.080429
       0.0000000       124.00000      0.14187621       3212.0000       443522.00
       1.9015335       3.8572145      0.52113539      0.62857145      0.68717617
      -41.446083      -318.26819      -10.061052       84.571251       15.077070
       46.285526
       1.0000000       124.00000      0.14187621      -1.0000000       2.0000000
    0.0063285935     0.020055530      -1.0000000      -1.0000000      -1.0000000
      -1.0000000      -1.0000000      -1.0000000      -1.0000000      -1.0000000
      -1.0000000
       0.0000000       123.00000      0.15274876       3225.0000       441946.00
       1.9007847       4.2347951      0.42531297      0.78846151      0.70327485
      -44.658436      -292.33762      -14.755300       83.347374       16.473013
       47.033463
       0.0000000       122.00000      0.16925204       3255.0000       439541.00
       1.8408788       3.3359945      0.50083470      0.70731705      0.74129802
      -80.633720      -284.83847      -14.904942       82.526123       14.205394
       48.139652
       0.0000000       121.00000      0.18038526       3263.0000       436949.00
       1.8159398       3.2695951      0.49340111      0.69230771      0.70278144
      -82.229202      -301.00043      -25.724621       81.690300       14.718410
       49.266453
       1.0000000       121.00000      0.18038526      -1.0000000       2.0000000
    0.0014934926     0.039096754      -1.0000000      -1.0000000      -1.0000000
      -1.0000000      -1.0000000      -1.0000000      -1.0000000      -1.0000000
      -1.0000000
       0.0000000       120.00000      0.19728418       3243.0000       433274.00
       1.8106505       2.9410028      0.52371812      0.77272725      0.73823655
      -86.755592      -325.91129      -49.367317       82.147324       14.700170
       49.511005
       1.0000000       120.00000      0.19728418      -1.0000000       2.0000000
       0.0000000       0.0000000      -1.0000000      -1.0000000      -1.0000000
      -1.0000000      -1.0000000      -1.0000000      -1.0000000      -1.0000000
      -1.0000000
       0.0000000       119.00000      0.21442504       3268.0000       431206.00
       1.7722913       2.8303363      0.53396028      0.71052635      0.71324635
      -88.218201      -323.17090      -77.615807       85.240334       13.805253
       48.190063
       1.0000000       119.00000      0.21442504      -1.0000000       2.0000000
    0.0033483781     0.074099496      -1.0000000      -1.0000000      -1.0000000
      -1.0000000      -1.0000000      -1.0000000      -1.0000000      -1.0000000
      -1.0000000
       0.0000000       118.00000      0.22598839       3300.0000       430114.00
       1.7293360       3.2365563      0.52327514      0.65714288      0.75509244
      -65.320099      -325.05661      -77.475510       86.226120       14.115910
       48.224865
       0.0000000       117.00000      0.24354018       3308.0000       426415.00
       1.6997073       3.6590693      0.47873610      0.77777779      0.69951636
      -10.828131      -335.24072      -73.491859       85.628532       15.572206
       47.498146
       1.0000000       117.00000      0.24354018      -1.0000000       1.0000000
   0.00032045538     0.011113131      -1.0000000      -1.0000000      -1.0000000
      -1.0000000      -1.0000000      -1.0000000      -1.0000000      -1.0000000
      -1.0000000
       0.0000000       116.00000      0.26134327       3316.0000       423320.00
       1.6794060       3.3308547      0.52602535      0.74358976      0.72822589
      -6.2806640      -352.72183      -51.921410       86.794357       14.621841
       46.956264
       1.0000000       116.00000      0.26134327      -1.0000000       1.0000000
       0.0000000       0.0000000      -1.0000000      -1.0000000      -1.0000000
      -1.0000000      -1.0000000      -1.0000000      -1.0000000      -1.0000000
      -1.0000000
       0.0000000       115.00000      0.27335334       3318.0000       420775.00
       1.6416515       3.3747978      0.51485085      0.77777779      0.72529465
      -18.126337      -349.74124      -39.142773       86.278770       14.445158
       47.500710
       0.0000000       114.00000      0.29158324      -1.0000000       417682.00
       1.5686996       3.2035329      -1.0000000      -1.0000000      -1.0000000
      -1.0000000      -1.0000000      -1.0000000       84.133781       13.703681
       48.890766
       0.0000000       113.00000      0.31007412      -1.0000000       414561.00
       1.5526574       3.3348846      -1.0000000      -1.0000000      -1.0000000
      -1.0000000      -1.0000000      -1.0000000       82.891434       14.122107
       49.745506
       0.0000000       112.00000      0.32882974      -1.0000000       410831.00
       1.4953678       3.1290386      -1.0000000      -1.0000000      -1.0000000
      -1.0000000      -1.0000000      -1.0000000       82.063774       13.066110
       50.405525
       1.0000000       112.00000      0.32882974      -1.0000000       1.0000000
       0.0000000       0.0000000      -1.0000000      -1.0000000      -1.0000000
      -1.0000000      -1.0000000      -1.0000000      -1.0000000      -1.0000000
      -1.0000000
       0.0000000       111.00000      0.34785384      -1.0000000       408998.00
       1.4742894       3.4025426      -1.0000000      -1.0000000      -1.0000000
      -1.0000000      -1.0000000      -1.0000000       80.824936       13.761936
       51.156059
       0.0000000       110.00000      0.36068764      -1.0000000       406648.00
       1.4465665       3.1430941      -1.0000000      -1.0000000      -1.0000000
      -1.0000000      -1.0000000      -1.0000000       81.070541       13.380198
       51.375294
       0.0000000       109.00000      0.38016787      -1.0000000       402950.00
       1.4090714       3.2873957      -1.0000000      -1.0000000      -1.0000000
      -1.0000000      -1.0000000      -1.0000000       81.411888       13.660482
       53.146065
       0.0000000       108.00000      0.39992696      -1.0000000       401002.00
       1.3640779       2.8129513      -1.0000000      -1.0000000      -1.0000000
      -1.0000000      -1.0000000      -1.0000000       79.991859       12.833543
       53.907127
       1.0000000       108.00000      0.39992696      -1.0000000       3.0000000
    0.0093758717     0.053793591      -1.0000000      -1.0000000      -1.0000000
      -1.0000000      -1.0000000      -1.0000000      -1.0000000      -1.0000000
      -1.0000000
       0.0000000       107.00000      0.41996893      -1.0000000       397309.00
       1.3832135       2.6483819      -1.0000000      -1.0000000      -1.0000000
      -1.0000000      -1.0000000      -1.0000000       80.907646       13.506649
       53.029797
       1.0000000       107.00000      0.41996893      -1.0000000       1.0000000
     0.010082195     0.050108161      -1.0000000      -1.0000000      -1.0000000
      -1.0000000      -1.0000000      -1.0000000      -1.0000000      -1.0000000
      -1.0000000
       0.0000000       106.00000      0.44029784      -1.0000000       394834.00
       1.3411305       2.7640307      -1.0000000      -1.0000000      -1.0000000
      -1.0000000      -1.0000000      -1.0000000       83.926926       12.276313
       52.677937
       0.0000000       105.00000      0.46091780      -1.0000000       391695.00
       1.2830153       3.2764759      -1.0000000      -1.0000000      -1.0000000
      -1.0000000      -1.0000000      -1.0000000       82.010017       12.392293
       55.140583
       1.0000000       105.00000      0.46091780      -1.0000000       3.0000000
    0.0085928644     0.087923781      -1.0000000      -1.0000000      -1.0000000
      -1.0000000      -1.0000000      -1.0000000      -1.0000000      -1.0000000
      -1.0000000
       0.0000000       104.00000      0.48183295      -1.0000000       387659.00
       1.2549965       2.7643793      -1.0000000      -1.0000000      -1.0000000
      -1.0000000      -1.0000000      -1.0000000       79.373840       12.141679
       58.336842
       0.0000000       103.00000      0.50304753      -1.0000000       384148.00
       1.2326190       2.4944255      -1.0000000      -1.0000000      -1.0000000
      -1.0000000      -1.0000000      -1.0000000       79.681786       12.140565
       57.924976
       1.0000000       103.00000      0.50304753      -1.0000000       1.0000000
    0.0011987104     0.036049347      -1.0000000      -1.0000000      -1.0000000
      -1.0000000      -1.0000000      -1.0000000      -1.0000000      -1.0000000
      -1.0000000
       0.0000000       102.00000      0.52456582      -1.0000000       381298.00
       1.2119532       2.3713923      -1.0000000      -1.0000000      -1.0000000
      -1.0000000      -1.0000000      -1.0000000       82.023552       12.011270
       57.281845
       1.0000000       102.00000      0.52456582      -1.0000000       1.0000000
   0.00036999283     0.035463270      -1.0000000      -1.0000000      -1.0000000
      -1.0000000      -1.0000000      -1.0000000      -1.0000000      -1.0000000
      -1.0000000
       0.0000000       101.00000      0.54639220      -1.0000000       378528.00
       1.2043338       2.7325499      -1.0000000      -1.0000000      -1.0000000
      -1.0000000      -1.0000000      -1.0000000       84.846649       12.015974
       56.203144
       0.0000000       100.00000      0.57598084      -1.0000000       373656.00
       1.1118897       3.5155933      -1.0000000      -1.0000000      -1.0000000
      -1.0000000      -1.0000000      -1.0000000       83.998825       12.229978
       59.138672
       0.0000000       99.000000      0.59854329      -1.0000000       368561.00
       1.0757558       3.1961663      -1.0000000      -1.0000000      -1.0000000
      -1.0000000      -1.0000000      -1.0000000       82.138741       12.555801
       60.919025
       1.0000000       99.000000      0.59854329      -1.0000000       2.0000000
    0.0010900378     0.082858531      -1.0000000      -1.0000000      -1.0000000
      -1.0000000      -1.0000000      -1.0000000      -1.0000000      -1.0000000
      -1.0000000
       0.0000000       98.000000      0.62142873      -1.0000000       365446.00
       1.0496012       2.8706815      -1.0000000      -1.0000000      -1.0000000
      -1.0000000      -1.0000000      -1.0000000       83.292938       12.279316
       61.072193
       0.0000000       97.000000      0.64464182      -1.0000000       361845.00
       1.0370305       2.9311786      -1.0000000      -1.0000000      -1.0000000
      -1.0000000      -1.0000000      -1.0000000       85.697922       11.794909
       62.519432
       0.0000000       96.000000      0.67611039      -1.0000000       358807.00
      0.93336004       2.6915088      -1.0000000      -1.0000000      -1.0000000
      -1.0000000      -1.0000000      -1.0000000       84.080086       10.681878
       66.414124
       1.0000000       96.000000      0.67611039      -1.0000000       2.0000000
   0.00082621074     0.065059333      -1.0000000      -1.0000000      -1.0000000
      -1.0000000      -1.0000000      -1.0000000      -1.0000000      -1.0000000
      -1.0000000
       0.0000000       95.000000      0.70010638      -1.0000000       355890.00
      0.94097972       2.3283794      -1.0000000      -1.0000000      -1.0000000
      -1.0000000      -1.0000000      -1.0000000       82.622177       11.479339
       67.915535
       1.0000000       95.000000      0.70010638      -1.0000000       2.0000000
   0.00048419699     0.012718234      -1.0000000      -1.0000000      -1.0000000
      -1.0000000      -1.0000000      -1.0000000      -1.0000000      -1.0000000
      -1.0000000
       0.0000000       94.000000      0.73263615      -1.0000000       353065.00
      0.90936464       2.0356176      -1.0000000      -1.0000000      -1.0000000
      -1.0000000      -1.0000000      -1.0000000       85.376816       10.343311
       67.507942
       0.0000000       93.000000      0.75744140      -1.0000000       349703.00
      0.90108752       2.7218325      -1.0000000      -1.0000000      -1.0000000
      -1.0000000      -1.0000000      -1.0000000       86.805275       11.729564
       67.747345
       0.0000000       92.000000      0.79106826      -1.0000000       345449.00
      0.81774169       2.4317641      -1.0000000      -1.0000000      -1.0000000
      -1.0000000      -1.0000000      -1.0000000       87.044388       9.9896193
       66.968781
       0.0000000       91.000000      0.81671000      -1.0000000       342417.00
      0.80991620       2.8194253      -1.0000000      -1.0000000      -1.0000000
      -1.0000000      -1.0000000      -1.0000000       86.068878       11.276923
       67.810287
       1.0000000       91.000000      0.81671000      -1.0000000       1.0000000
   0.00025554886     0.012737101      -1.0000000      -1.0000000      -1.0000000
      -1.0000000      -1.0000000      -1.0000000      -1.0000000      -1.0000000
      -1.0000000
       0.0000000       90.000000      0.85147089      -1.0000000       339666.00
      0.74115533       2.1952436      -1.0000000      -1.0000000      -1.0000000
      -1.0000000      -1.0000000      -1.0000000       84.964851       9.9677277
       68.737427
       0.0000000       89.000000      0.88689691      -1.0000000       336043.00
      0.71580923       2.2257891      -1.0000000      -1.0000000      -1.0000000
      -1.0000000      -1.0000000      -1.0000000       84.074585       10.661201
       67.087997
       1.0000000       89.000000      0.88689691      -1.0000000       1.0000000
    0.0043582446     0.063262850      -1.0000000      -1.0000000      -1.0000000
      -1.0000000      -1.0000000      -1.0000000      -1.0000000      -1.0000000
      -1.0000000
       0.0000000       88.000000      0.92300081      -1.0000000       331684.00
      0.70925677       2.3566575      -1.0000000      -1.0000000      -1.0000000
      -1.0000000      -1.0000000      -1.0000000       85.060234       10.319569
       64.299164
       0.0000000       87.000000      0.95053136      -1.0000000       329095.00
      0.67964774       2.7122717      -1.0000000      -1.0000000      -1.0000000
      -1.0000000      -1.0000000      -1.0000000       84.935364       10.901093
       64.413544
       1.0000000       87.000000      0.95053136      -1.0000000       1.0000000
    0.0021686768     0.051565316      -1.0000000      -1.0000000      -1.0000000
      -1.0000000      -1.0000000      -1.0000000      -1.0000000      -1.0000000
      -1.0000000
       0.0000000       86.000000      0.98785281      -1.0000000       324798.00
      0.62257761       2.4516141      -1.0000000      -1.0000000      -1.0000000
      -1.0000000      -1.0000000      -1.0000000       82.839996       10.466878
       63.700756
       1.0000000       86.000000      0.98785281      -1.0000000       2.0000000
    0.0024594149     0.046780760      -1.0000000      -1.0000000      -1.0000000
      -1.0000000      -1.0000000      -1.0000000      -1.0000000      -1.0000000
      -1.0000000
       0.0000000       85.000000      0.99729425      -1.0000000       323772.00
      0.61846602       2.4230034      -1.0000000      -1.0000000      -1.0000000
      -1.0000000      -1.0000000      -1.0000000       82.791611       10.530602
       63.812542
       1.0000000       85.000000      0.99729425      -1.0000000       1.0000000
    0.0060589677     0.071112245      -1.0000000      -1.0000000      -1.0000000
      -1.0000000      -1.0000000      -1.0000000      -1.0000000      -1.0000000
      -1.0000000
       0.0000000       84.000000       1.0355104      -1.0000000       320378.00
      0.59937125       2.2368588      -1.0000000      -1.0000000      -1.0000000
      -1.0000000      -1.0000000      -1.0000000       83.331482       9.8731928
       64.222816
       1.0000000       84.000000       1.0355104      -1.0000000       1.0000000
   0.00027401658     0.020399040      -1.0000000      -1.0000000      -1.0000000
      -1.0000000      -1.0000000      -1.0000000      -1.0000000      -1.0000000
      -1.0000000
       0.0000000       83.000000       1.0744579      -1.0000000       328611.00
      0.56448591       2.2273748      -1.0000000      -1.0000000      -1.0000000
      -1.0000000      -1.0000000      -1.0000000       82.430084       9.5169392
       64.162209
       1.0000000       83.000000       1.0744579      -1.0000000       1.0000000
   0.00035106987     0.050619897      -1.0000000      -1.0000000      -1.0000000
      -1.0000000      -1.0000000      -1.0000000      -1.0000000      -1.0000000
      -1.0000000
       0.0000000       82.000000       1.1141505      -1.0000000       333105.00
      0.53679091       1.9669590      -1.0000000      -1.0000000      -1.0000000
      -1.0000000      -1.0000000      -1.0000000       80.533524       9.2069092
       64.428238
       0.0000000       81.000000       1.1546028      -1.0000000       328603.00
      0.52998048       1.9920610      -1.0000000      -1.0000000      -1.0000000
      -1.0000000      -1.0000000      -1.0000000       81.200310       9.5345802
       63.782963
       1.0000000       81.000000       1.1546028      -1.0000000       1.0000000
       0.0000000       0.0000000      -1.0000000      -1.0000000      -1.0000000
      -1.0000000      -1.0000000      -1.0000000      -1.0000000      -1.0000000
      -1.0000000
       0.0000000       80.000000       1.2062581      -1.0000000       323133.00
      0.49269775       2.0408044      -1.0000000      -1.0000000      -1.0000000
      -1.0000000      -1.0000000      -1.0000000       84.582115       8.7181072
       61.090740
       0.0000000       79.000000       1.2484726      -1.0000000       318192.00
      0.44422558       2.3243535      -1.0000000      -1.0000000      -1.0000000
      -1.0000000      -1.0000000      -1.0000000       83.276436       8.5536213
       62.067585
       0.0000000       78.000000       1.3023784      -1.0000000       312877.00
      0.39911494       1.7820572      -1.0000000      -1.0000000      -1.0000000
      -1.0000000      -1.0000000      -1.0000000       81.241600       7.9374056
       62.949951
       0.0000000       77.000000       1.3575766      -1.0000000       307262.00
      0.38454995       1.6652894      -1.0000000      -1.0000000      -1.0000000
      -1.0000000      -1.0000000      -1.0000000       81.693367       7.7346768
       66.256859
       0.0000000       76.000000       1.4140983      -1.0000000       302249.00
      0.36764842       1.6530169      -1.0000000      -1.0000000      -1.0000000
      -1.0000000      -1.0000000      -1.0000000       82.043358       7.7718878
       66.980896
       1.0000000       76.000000       1.4140983      -1.0000000       1.0000000
    0.0010525995     0.024197679      -1.0000000      -1.0000000      -1.0000000
      -1.0000000      -1.0000000      -1.0000000      -1.0000000      -1.0000000
      -1.0000000
       0.0000000       75.000000       1.4719748      -1.0000000       295509.00
      0.33814058       1.2984046      -1.0000000      -1.0000000      -1.0000000
      -1.0000000      -1.0000000      -1.0000000       80.801743       6.8761015
       70.496216
       1.0000000       75.000000       1.4719748      -1.0000000       1.0000000
   0.00069252594     0.053679962      -1.0000000      -1.0000000      -1.0000000
      -1.0000000      -1.0000000      -1.0000000      -1.0000000      -1.0000000
      -1.0000000
       0.0000000       74.000000       1.5312390      -1.0000000       286881.00
      0.31146309       1.2304451      -1.0000000      -1.0000000      -1.0000000
      -1.0000000      -1.0000000      -1.0000000       82.496857       6.5917039
       69.342995
       0.0000000       73.000000       1.6042346      -1.0000000       277468.00
      0.28599054       1.4316888      -1.0000000      -1.0000000      -1.0000000
      -1.0000000      -1.0000000      -1.0000000       84.323090       6.5608048
       67.559067
       1.0000000       73.000000       1.6042346      -1.0000000       2.0000000
     0.014757929     0.072388373      -1.0000000      -1.0000000      -1.0000000
      -1.0000000      -1.0000000      -1.0000000      -1.0000000      -1.0000000
      -1.0000000
       0.0000000       72.000000       1.6666696      -1.0000000       268776.00
      0.24718443       1.1854500      -1.0000000      -1.0000000      -1.0000000
      -1.0000000      -1.0000000      -1.0000000       84.020210       5.4415636
       69.870438
       0.0000000       71.000000       1.7435706      -1.0000000       264834.00
      0.22224393       1.0285081      -1.0000000      -1.0000000      -1.0000000
      -1.0000000      -1.0000000      -1.0000000       80.411362       5.0830722
       74.406670
       1.0000000       71.000000       1.7435706      -1.0000000       1.0000000
   0.00035121862     0.022027038      -1.0000000      -1.0000000      -1.0000000
      -1.0000000      -1.0000000      -1.0000000      -1.0000000      -1.0000000
      -1.0000000
       0.0000000       70.000000       1.8226893      -1.0000000       253818.00
      0.20305531       1.0291322      -1.0000000      -1.0000000      -1.0000000
      -1.0000000      -1.0000000      -1.0000000       79.931534       5.0682654
       77.765327
       1.0000000       70.000000       1.8226893      -1.0000000       1.0000000
   0.00048545023     0.016960682      -1.0000000      -1.0000000      -1.0000000
      -1.0000000      -1.0000000      -1.0000000      -1.0000000      -1.0000000
      -1.0000000
       0.0000000       69.000000       1.9040896      -1.0000000       245870.00
      0.18816936       1.1575845      -1.0000000      -1.0000000      -1.0000000
      -1.0000000      -1.0000000      -1.0000000       80.896797       4.8505330
       78.536842
       0.0000000       68.000000       2.0020282      -1.0000000       235926.00
      0.15252796      0.78828102      -1.0000000      -1.0000000      -1.0000000
      -1.0000000      -1.0000000      -1.0000000       80.211624       3.8562648
       76.937614
       0.0000000       67.000000       2.1032696      -1.0000000       225633.00
      0.13822699      0.72013968      -1.0000000      -1.0000000      -1.0000000
      -1.0000000      -1.0000000      -1.0000000       81.090706       3.8452177
       80.069481
       0.0000000       66.000000       2.2079256      -1.0000000       213682.00
      0.11842579      0.62749326      -1.0000000      -1.0000000      -1.0000000
      -1.0000000      -1.0000000      -1.0000000       79.407860       3.3319550
       84.244499
       0.0000000       65.000000       2.3161108      -1.0000000       212856.00
      0.10610542      0.48203093      -1.0000000      -1.0000000      -1.0000000
      -1.0000000      -1.0000000      -1.0000000       77.675179       3.0094619
       77.995087
       0.0000000       64.000000       2.4442258      -1.0000000       199969.00
     0.091877259      0.55214638      -1.0000000      -1.0000000      -1.0000000
      -1.0000000      -1.0000000      -1.0000000       78.041992       2.8668208
       71.466988
       1.0000000       64.000000       2.4442258      -1.0000000       1.0000000
   0.00062868185       0.0000000      -1.0000000      -1.0000000      -1.0000000
      -1.0000000      -1.0000000      -1.0000000      -1.0000000      -1.0000000
      -1.0000000
       0.0000000       63.000000       2.5772903      -1.0000000       186462.00
     0.075860180      0.50381327      -1.0000000      -1.0000000      -1.0000000
      -1.0000000      -1.0000000      -1.0000000       76.283226       2.5770123
       72.390846
       0.0000000       62.000000       2.7331426      -1.0000000       175783.00
     0.063571617      0.40889674      -1.0000000      -1.0000000      -1.0000000
      -1.0000000      -1.0000000      -1.0000000       73.947006       2.1817214
       75.304993
       1.0000000       62.000000       2.7331426      -1.0000000       1.0000000
    0.0038134095     0.023444647      -1.0000000      -1.0000000      -1.0000000
      -1.0000000      -1.0000000      -1.0000000      -1.0000000      -1.0000000
      -1.0000000
       0.0000000       61.000000       2.8957851      -1.0000000       181137.00
     0.055776190      0.36545014      -1.0000000      -1.0000000      -1.0000000
      -1.0000000      -1.0000000      -1.0000000       75.441711       1.9006370
       73.548698
       1.0000000       61.000000       2.8957851      -1.0000000       1.0000000
       0.0000000       0.0000000      -1.0000000      -1.0000000      -1.0000000
      -1.0000000      -1.0000000      -1.0000000      -1.0000000      -1.0000000
      -1.0000000
       0.0000000       60.000000       3.0081310      -1.0000000       174829.00
     0.042506233      0.22702663      -1.0000000      -1.0000000      -1.0000000
      -1.0000000      -1.0000000      -1.0000000       74.365562       1.2761070
       72.870247
       1.0000000       60.000000       3.0081310      -1.0000000       1.0000000
   0.00033618364     0.015406409      -1.0000000      -1.0000000      -1.0000000
      -1.0000000      -1.0000000      -1.0000000      -1.0000000      -1.0000000
      -1.0000000
       0.0000000       59.000000       3.0848227      -1.0000000       174829.00
     0.044200070      0.22511460      -1.0000000      -1.0000000      -1.0000000
      -1.0000000      -1.0000000      -1.0000000       72.872658       1.5589644
       72.468414
       0.0000000       58.000000       3.2830331      -1.0000000       164464.00
     0.035573356      0.14672598      -1.0000000      -1.0000000      -1.0000000
      -1.0000000      -1.0000000      -1.0000000       72.877869       1.1650751
       73.772865
       0.0000000       57.000000       3.4908614      -1.0000000       151262.00
     0.027594250      0.25091603      -1.0000000      -1.0000000      -1.0000000
      -1.0000000      -1.0000000      -1.0000000       71.272751       1.1297686
       57.798038
