       0.0000000       135.00000       0.0000000       3.0000000       41098.000
       8.8605099      0.32327577      0.58162439      0.56250006      0.64767903
       144.49329       181.09047      -15.080591       128.53352       21.818457
       40.852806
       0.0000000       134.00000    0.0095216669       3.0000000       40593.000
       9.0167351      0.26933706      0.58067912      0.63636363      0.67263144
       146.24532       181.80745      -22.037971       130.86490       21.958317
       39.944298
       1.0000000       134.00000    0.0095216669      -1.0000000       1.0000000
       0.0000000       0.0000000      -1.0000000      -1.0000000      -1.0000000
      -1.0000000      -1.0000000      -1.0000000      -1.0000000      -1.0000000
      -1.0000000
       0.0000000       133.00000     0.023974428       3.0000000       39843.000
       8.9262123      0.66566765      0.58065510      0.60000002      0.65623206
       148.45480       184.87579      -34.065071       135.06114       22.391850
       39.218075
       0.0000000       132.00000     0.033724371       3.0000000       39649.000
       9.0119944      0.72097814      0.58174407      0.62500000      0.66302186
       151.25575       190.28812      -42.294621       138.96588       22.594259
       37.051723
       0.0000000       131.00000     0.048523631       3.0000000       36658.000
       8.9078217      0.69152540      0.57966483      0.60000002      0.66376638
       147.19000       187.89192      -58.707657       142.48553       22.134897
       34.131897
       0.0000000       130.00000     0.058507323       3.0000000       36270.000
       8.8965054      0.69040567      0.57815045      0.61290324      0.65945035
       142.32088       188.25725      -67.226906       143.81134       22.064161
       32.550957
       0.0000000       129.00000     0.073661387       3.0000000       35936.000
       8.8409557      0.70614684      0.57853025      0.61290324      0.65772498
       137.43637       189.48647      -77.130684       145.73303       21.769386
       28.511312
       0.0000000       128.00000     0.083884433       3.0000000       35777.000
       8.8359785      0.73397142      0.57739627      0.61290324      0.66616511
       133.37410       191.40781      -84.326241       146.90419       21.737707
       26.837400
       0.0000000       127.00000     0.099401802       3.0000000       35554.000
       8.7559299      0.71435457      0.57280856      0.61290324      0.66515893
       124.13840       193.85164      -94.408340       149.07245       21.413134
       22.878002
       0.0000000       126.00000      0.10986994       3.0000000       35486.000
       8.7275333      0.66348046      0.56589514      0.62500000      0.67145801
       117.36851       195.90440      -100.12215       149.83052       21.335678
       22.774303
       1.0000000       126.00000      0.10986994      -1.0000000       1.0000000
    0.0014443973     0.036290094      -1.0000000      -1.0000000      -1.0000000
      -1.0000000      -1.0000000      -1.0000000      -1.0000000      -1.0000000
      -1.0000000
       0.0000000       125.00000      0.12575933       19.000000       113006.00
       8.7317781      0.58275437      0.56794584      0.62500000      0.66413236
       105.91643       204.74861      -101.87978       147.15382       21.407475
       30.481352
       0.0000000       124.00000      0.14187621       19.000000       112157.00
       8.7667570      0.60002154      0.57168853      0.61290324      0.67250532
       103.85738       207.76581      -105.85753       142.38632       21.683836
       39.921635
       0.0000000       123.00000      0.15274876       19.000000       110432.00
       8.7735319      0.62565017      0.56961519      0.61290324      0.66445959
       97.984581       212.52005      -108.91232       140.22754       21.634754
       46.132568
       0.0000000       122.00000      0.16925204       19.000000       109553.00
       8.7869053      0.60611284      0.56465536      0.61290324      0.65971148
       92.201805       220.44630      -103.44711       137.68095       21.501352
       53.822632
       0.0000000       121.00000      0.18038526       19.000000       107880.00
       8.8133411      0.62343806      0.56495160      0.61290324      0.66096002
       91.459915       221.82759      -102.29235       135.72955       21.702839
       61.604202
       0.0000000       120.00000      0.19728418       19.000000       105634.00
       8.8303690      0.59677160      0.56568253      0.61290324      0.67032510
       89.824997       229.08139      -99.872398       133.04361       21.592287
       72.147072
       0.0000000       119.00000      0.21442504       20.000000       104399.00
       8.8181019      0.66445869      0.56652576      0.61290324      0.66913211
       84.205719       238.55278      -94.179893       134.87137       21.561153
       71.117676
       0.0000000       118.00000      0.22598839       21.000000       106367.00
       8.8348475      0.70389676      0.56572098      0.60000002      0.66071659
       82.941933       242.35396      -89.664238       134.83592       21.743771
       78.631172
       0.0000000       117.00000      0.24354018       20.000000       102674.00
       8.8966122      0.77342045      0.56679112      0.60000002      0.66437989
       79.622551       248.86697      -84.250664       136.03969       21.970758
       81.354034
       0.0000000       116.00000      0.26134327       20.000000       99703.000
       8.8631983      0.79271424      0.56574792      0.66666669      0.66456747
       87.880486       253.83525      -76.502869       137.47992       21.884478
       78.803650
       0.0000000       115.00000      0.27335334       19.000000       96637.000
       8.8842287      0.82475048      0.56271631      0.61290324      0.66619456
       92.160095       256.62585      -73.263420       136.76958       21.961174
       85.953247
       1.0000000       115.00000      0.27335334      -1.0000000       1.0000000
   0.00039248983     0.024663717      -1.0000000      -1.0000000      -1.0000000
      -1.0000000      -1.0000000      -1.0000000      -1.0000000      -1.0000000
      -1.0000000
       0.0000000       114.00000      0.29158324       46.000000       140859.00
       8.9179068      0.89344043      0.56319445      0.60000002      0.67060030
       99.408272       256.16479      -70.135155       137.92870       21.987024
       85.723778
       0.0000000       113.00000      0.31007412       43.000000       133494.00
       8.9003239       1.0175756      0.56004697      0.61290324      0.66064197
       103.78470       255.62926      -74.647095       137.95273       22.272505
       89.646744
       0.0000000       112.00000      0.32882974       41.000000       125499.00
       8.8454370       1.1132934      0.55762208      0.62500000      0.66503078
       104.12289       254.91058      -81.451393       138.34656       22.233011
       92.585091
       0.0000000       111.00000      0.34785384       42.000000       124617.00
       8.8475180       1.0256420      0.55351496      0.61290324      0.65835154
       104.75159       256.51334      -84.750214       138.09869       22.137962
       95.913712
       1.0000000       111.00000      0.34785384      -1.0000000       1.0000000
    0.0020958357       0.0000000      -1.0000000      -1.0000000      -1.0000000
      -1.0000000      -1.0000000      -1.0000000      -1.0000000      -1.0000000
      -1.0000000
       0.0000000       110.00000      0.36068764       42.000000       124151.00
       8.8428288      0.81780756      0.55261761      0.61290324      0.66943341
       105.63620       260.84277      -88.166771       137.52916       21.847687
       93.713226
       1.0000000       110.00000      0.36068764      -1.0000000       1.0000000
    0.0026413430     0.023501096      -1.0000000      -1.0000000      -1.0000000
      -1.0000000      -1.0000000      -1.0000000      -1.0000000      -1.0000000
      -1.0000000
       0.0000000       109.00000      0.38016787       41.000000       119632.00
       8.8511343      0.85895747      0.55265695      0.65625000      0.66798419
       98.643005       264.66418      -88.725830       134.42741       21.737909
       103.27194
       0.0000000       108.00000      0.39992696       43.000000       117430.00
       8.7990704      0.79459310      0.56245989      0.61290324      0.66655231
       94.642311       268.73090      -97.241173       133.65939       21.502340
       105.01960
       1.0000000       108.00000      0.39992696      -1.0000000       1.0000000
    0.0012883608     0.025315978      -1.0000000      -1.0000000      -1.0000000
      -1.0000000      -1.0000000      -1.0000000      -1.0000000      -1.0000000
      -1.0000000
       0.0000000       107.00000      0.41996893       817.00000       298340.00
       8.8418856      0.77442801      0.57143790      0.61290324      0.67066300
       92.480637       277.89975      -97.931908       133.05551       21.481703
       110.00060
       1.0000000       107.00000      0.41996893      -1.0000000       2.0000000
   0.00077611650     0.050668632      -1.0000000      -1.0000000      -1.0000000
      -1.0000000      -1.0000000      -1.0000000      -1.0000000      -1.0000000
      -1.0000000
       0.0000000       106.00000      0.44029784       794.00000       293670.00
       8.9255476       1.0289403      0.57135105      0.61290324      0.67098987
       92.582314       286.17596      -91.751366       133.84296       21.902508
       108.17785
       0.0000000       105.00000      0.46091780       759.00000       286417.00
       8.7967253      0.91105694      0.57675397      0.60606062      0.66566747
       89.241386       292.69870      -88.559685       135.51509       21.949488
       107.69756
       1.0000000       105.00000      0.46091780      -1.0000000       2.0000000
    0.0012640058     0.047164471      -1.0000000      -1.0000000      -1.0000000
      -1.0000000      -1.0000000      -1.0000000      -1.0000000      -1.0000000
      -1.0000000
       0.0000000       104.00000      0.48183295       750.00000       281572.00
       8.9067373       2.4936643      0.57701868      0.62500000      0.67190927
       86.876938       302.34442      -76.747208       136.63770       23.363401
       108.18486
       0.0000000       103.00000      0.50304753       740.00000       275936.00
       8.6812553       2.4467435      0.55631030      0.58064520      0.65650016
       102.70775       280.02344      -91.870384       135.57407       22.772102
       110.68069
       0.0000000       102.00000      0.52456582       749.00000       273881.00
       8.5933752       2.4176149      0.53479582      0.61290324      0.64571303
       63.074787       274.01215      -112.35976       135.06308       22.825930
       113.93982
       1.0000000       102.00000      0.52456582      -1.0000000       1.0000000
   0.00042280549     0.013888910      -1.0000000      -1.0000000      -1.0000000
      -1.0000000      -1.0000000      -1.0000000      -1.0000000      -1.0000000
      -1.0000000
       0.0000000       101.00000      0.54639220       751.00000       270706.00
       8.5418329       2.4973192      0.53099501      0.60000002      0.64374185
       35.249695       279.74774      -95.367729       134.88339       22.813179
       117.70934
       1.0000000       101.00000      0.54639220      -1.0000000       1.0000000
   0.00035220021     0.024101123      -1.0000000      -1.0000000      -1.0000000
      -1.0000000      -1.0000000      -1.0000000      -1.0000000      -1.0000000
      -1.0000000
       0.0000000       100.00000      0.57598084       752.00000       266810.00
       8.3528862       2.0239024      0.54959929      0.62857145      0.65886331
       18.569277       305.82132      -79.266846       133.79137       21.689114
       121.73061
       1.0000000       100.00000      0.57598084      -1.0000000       2.0000000
    0.0021048477     0.049680885      -1.0000000      -1.0000000      -1.0000000
      -1.0000000      -1.0000000      -1.0000000      -1.0000000      -1.0000000
      -1.0000000
       0.0000000       99.000000      0.59854329       765.00000       263096.00
       8.2909727       1.7597131      0.52458566      0.67567563      0.66359520
       34.525631       296.84210      -59.003532       133.91360       21.364128
       120.74657
       1.0000000       99.000000      0.59854329      -1.0000000       3.0000000
    0.0011665355     0.031717185      -1.0000000      -1.0000000      -1.0000000
      -1.0000000      -1.0000000      -1.0000000      -1.0000000      -1.0000000
      -1.0000000
       0.0000000       98.000000      0.62142873       768.00000       259533.00
       8.2352524       1.7195243      0.51349187      0.67647058      0.66123271
       53.359692       287.54056      -68.564789       136.36404       21.274933
       118.36549
       0.0000000       97.000000      0.64464182       812.00000       260487.00
       8.2503014       1.8544832      0.52221525      0.68571424      0.66183126
       68.650375       298.91061      -69.863548       139.73978       21.427307
       115.23476
       1.0000000       97.000000      0.64464182      -1.0000000       1.0000000
   0.00091656123     0.032422058      -1.0000000      -1.0000000      -1.0000000
      -1.0000000      -1.0000000      -1.0000000      -1.0000000      -1.0000000
      -1.0000000
       0.0000000       96.000000      0.67611039       792.00000       255180.00
       8.0919409       2.7078130      0.51413220      0.63636363      0.64899230
       38.522259       287.38791      -114.71731       144.67995       22.057465
       110.80861
       1.0000000       96.000000      0.67611039      -1.0000000       4.0000000
     0.010710064      0.15862516      -1.0000000      -1.0000000      -1.0000000
      -1.0000000      -1.0000000      -1.0000000      -1.0000000      -1.0000000
      -1.0000000
       0.0000000       95.000000      0.70010638       783.00000       250676.00
       7.9308438       2.0167763      0.53377014      0.63636363      0.64348632
       8.2121105       308.73242      -97.733505       147.92084       21.332975
       108.04426
       1.0000000       95.000000      0.70010638      -1.0000000       2.0000000
   0.00091111305     0.030503185      -1.0000000      -1.0000000      -1.0000000
      -1.0000000      -1.0000000      -1.0000000      -1.0000000      -1.0000000
      -1.0000000
       0.0000000       94.000000      0.73263615       766.00000       244607.00
       7.7799945       3.0584683      0.55256730      0.66666663      0.66275728
      0.21839237       325.65884      -95.796310       147.12128       21.700661
       110.88629
       1.0000000       94.000000      0.73263615      -1.0000000       4.0000000
     0.019004895      0.25600678      -1.0000000      -1.0000000      -1.0000000
      -1.0000000      -1.0000000      -1.0000000      -1.0000000      -1.0000000
      -1.0000000
       0.0000000       93.000000      0.75744140       784.00000       241644.00
       7.6369529       3.5080612      0.58490622      0.67567563      0.66049731
      -39.259144       349.21289      -105.84789       146.28407       22.010845
       112.56666
       1.0000000       93.000000      0.75744140      -1.0000000       1.0000000
       0.0000000       0.0000000      -1.0000000      -1.0000000      -1.0000000
      -1.0000000      -1.0000000      -1.0000000      -1.0000000      -1.0000000
      -1.0000000
       0.0000000       92.000000      0.79106826       774.00000       235223.00
       7.3115482       3.2081811      0.60145843      0.62857145      0.66772860
      -56.932846       367.32071      -61.488609       143.71890       21.344769
       115.24692
       1.0000000       92.000000      0.79106826      -1.0000000       1.0000000
    0.0026200875    0.0069584069      -1.0000000      -1.0000000      -1.0000000
      -1.0000000      -1.0000000      -1.0000000      -1.0000000      -1.0000000
      -1.0000000
       0.0000000       91.000000      0.81671000       791.00000       233550.00
       7.0692668       3.3055818      0.60662222      0.62500000      0.67535365
       26.499865       366.56714      -45.847229       144.05417       21.005039
       115.98964
       1.0000000       91.000000      0.81671000      -1.0000000       2.0000000
       0.0000000       0.0000000      -1.0000000      -1.0000000      -1.0000000
      -1.0000000      -1.0000000      -1.0000000      -1.0000000      -1.0000000
      -1.0000000
       0.0000000       90.000000      0.85147089       792.00000       228912.00
       6.7739377       2.5509775      0.60415745      0.67647058      0.69285172
       93.462067       349.47531      -84.614044       139.28932       19.059425
       119.21460
       1.0000000       90.000000      0.85147089      -1.0000000       2.0000000
    0.0059960326      0.10234310      -1.0000000      -1.0000000      -1.0000000
      -1.0000000      -1.0000000      -1.0000000      -1.0000000      -1.0000000
      -1.0000000
       0.0000000       89.000000      0.88689691       799.00000       226032.00
       6.5269852       2.8901887      0.59985107      0.68421054      0.69531322
       92.960999       332.93210      -129.43922       139.54178       18.960535
       120.60916
       1.0000000       89.000000      0.88689691      -1.0000000       2.0000000
     0.016811024     0.098979659      -1.0000000      -1.0000000      -1.0000000
      -1.0000000      -1.0000000      -1.0000000      -1.0000000      -1.0000000
      -1.0000000
       0.0000000       88.000000      0.92300081       801.00000       220878.00
       6.3488746       2.7798855      0.61517936      0.65789473      0.67033958
       47.080158       331.08957      -167.13141       140.78271       18.816061
       117.60032
       1.0000000       88.000000      0.92300081      -1.0000000       3.0000000
    0.0063423034      0.22404872      -1.0000000      -1.0000000      -1.0000000
      -1.0000000      -1.0000000      -1.0000000      -1.0000000      -1.0000000
      -1.0000000
       0.0000000       87.000000      0.95053136       804.00000       217804.00
       6.1638689       2.2161565      0.61122525      0.63636363      0.67167485
       10.252781       324.04492      -187.73625       140.21730       17.420942
       118.52373
       1.0000000       87.000000      0.95053136      -1.0000000       2.0000000
    0.0056130661     0.083540107      -1.0000000      -1.0000000      -1.0000000
      -1.0000000      -1.0000000      -1.0000000      -1.0000000      -1.0000000
      -1.0000000
       0.0000000       86.000000      0.98785281       803.00000       213049.00
       5.9928470       2.2026887      0.60156667      0.65714288      0.68179709
      -30.947878       300.41162      -210.42633       140.26154       16.875677
       119.52585
       1.0000000       86.000000      0.98785281      -1.0000000       2.0000000
     0.023583883      0.22775447      -1.0000000      -1.0000000      -1.0000000
      -1.0000000      -1.0000000      -1.0000000      -1.0000000      -1.0000000
      -1.0000000
       0.0000000       85.000000      0.99729425       826.00000       213364.00
       6.0335526       2.3414435      0.57834297      0.70731705      0.66146070
      -46.957832       295.32565      -206.23819       140.48413       17.281199
       119.02382
       1.0000000       85.000000      0.99729425      -1.0000000       1.0000000
   0.00065967988     0.021356693      -1.0000000      -1.0000000      -1.0000000
      -1.0000000      -1.0000000      -1.0000000      -1.0000000      -1.0000000
      -1.0000000
       0.0000000       84.000000       1.0355104       828.00000       208743.00
       5.8296642       1.9745694      0.62767613      0.66666663      0.67045152
      -37.598442       306.34442      -233.50691       139.63365       16.131048
       113.68705
       1.0000000       84.000000       1.0355104      -1.0000000       1.0000000
       0.0000000       0.0000000      -1.0000000      -1.0000000      -1.0000000
      -1.0000000      -1.0000000      -1.0000000      -1.0000000      -1.0000000
      -1.0000000
       0.0000000       83.000000       1.0744579       813.00000       202247.00
       5.7741213       2.1914842      0.60433871      0.76190472      0.68528724
      -52.043739       290.28467      -256.95670       139.83777       16.476463
       111.25270
       1.0000000       83.000000       1.0744579      -1.0000000       2.0000000
    0.0084733735      0.13752547      -1.0000000      -1.0000000      -1.0000000
      -1.0000000      -1.0000000      -1.0000000      -1.0000000      -1.0000000
      -1.0000000
       0.0000000       82.000000       1.1141505       783.00000       194042.00
       5.5883088       3.1242642      0.58895600      0.72727275      0.62922788
      -56.773621       289.74570      -243.20763       143.63953       17.378040
       107.63487
       1.0000000       82.000000       1.1141505      -1.0000000       1.0000000
     0.035629921     0.027397659      -1.0000000      -1.0000000      -1.0000000
      -1.0000000      -1.0000000      -1.0000000      -1.0000000      -1.0000000
      -1.0000000
       0.0000000       81.000000       1.1546028       757.00000       188034.00
       5.2021141       4.0777841      0.58397305      0.66666663      0.64620692
      -135.51921       257.86487      -229.62891       142.52997       17.188713
       109.86404
       0.0000000       80.000000       1.2062581       758.00000       181010.00
       4.5708051       2.8826771      0.56967872      0.63157892      0.63345718
      -231.07556       205.25905      -147.04791       135.75740       15.054075
       117.84231
       1.0000000       80.000000       1.2062581      -1.0000000       4.0000000
      0.11787577      0.27570707      -1.0000000      -1.0000000      -1.0000000
      -1.0000000      -1.0000000      -1.0000000      -1.0000000      -1.0000000
      -1.0000000
       0.0000000       79.000000       1.2484726       752.00000       176590.00
       4.3098168       2.4235783      0.57211858      0.60000002      0.63940841
      -209.05496       159.02078      -219.01492       133.02603       13.749557
       122.29468
       1.0000000       79.000000       1.2484726      -1.0000000       1.0000000
    0.0050283698     0.050821666      -1.0000000      -1.0000000      -1.0000000
      -1.0000000      -1.0000000      -1.0000000      -1.0000000      -1.0000000
      -1.0000000
       0.0000000       78.000000       1.3023784       918.00000       183162.00
       4.0514894       2.7999420      0.52497220      0.52941173      0.61501122
      -194.05138       162.78854      -220.96690       137.18304       14.227563
       120.24580
       0.0000000       77.000000       1.3575766       921.00000       177189.00
       3.5014555       4.1273370      0.52520019      0.45454544      0.49376270
      -158.25928       50.800465      -238.02101       140.31071       15.098261
       124.27730
       1.0000000       77.000000       1.3575766      -1.0000000       1.0000000
    0.0036177775     0.020187775      -1.0000000      -1.0000000      -1.0000000
      -1.0000000      -1.0000000      -1.0000000      -1.0000000      -1.0000000
      -1.0000000
       0.0000000       76.000000       1.4140983       923.00000       171371.00
       3.1418848       3.1824756      0.49513403      0.42424244      0.43327102
      -213.99785       69.370331      -129.99576       138.62836       14.596322
       128.34299
       1.0000000       76.000000       1.4140983      -1.0000000       4.0000000
    0.0018945323     0.081856415      -1.0000000      -1.0000000      -1.0000000
      -1.0000000      -1.0000000      -1.0000000      -1.0000000      -1.0000000
      -1.0000000
       0.0000000       75.000000       1.4719748       901.00000       163558.00
       2.8385530       3.6276078      0.47425082      0.32352942      0.44974613
      -246.55768       83.092857       7.5337057       138.14546       15.094787
       135.93781
       0.0000000       74.000000       1.5312390       934.00000       161402.00
       2.5208948       3.3225665      0.44920781      0.42424244      0.36417377
      -191.93486       102.66395       95.351608       140.06787       14.469383
       133.58847
       1.0000000       74.000000       1.5312390      -1.0000000       4.0000000
    0.0012453303   0.00013087131      -1.0000000      -1.0000000      -1.0000000
      -1.0000000      -1.0000000      -1.0000000      -1.0000000      -1.0000000
      -1.0000000
       0.0000000       73.000000       1.6042346       922.00000       153288.00
       2.3888352       4.7750144      0.37236109      0.55882359      0.51814997
      -180.63023       29.745190       10.161386       150.29782       19.023874
       122.40033
       1.0000000       73.000000       1.6042346      -1.0000000       4.0000000
      0.36891271      0.55582987      -1.0000000      -1.0000000      -1.0000000
      -1.0000000      -1.0000000      -1.0000000      -1.0000000      -1.0000000
      -1.0000000
       0.0000000       72.000000       1.6666696       956.00000       149944.00
       1.7074858       7.4477019      0.38365054      0.44736844      0.23057257
      -101.77423      -43.494831      -7.3681250       150.87080       33.091202
       111.66972
       2.0000000       72.000000       1.6666696      0.31766608       70.000000
      0.44027632       1.3251671      -1.0000000      -1.0000000      -1.0000000
      -1.0000000      -1.0000000      -1.0000000      -1.0000000      -1.0000000
      -1.0000000
       1.0000000       72.000000       1.6666696      -1.0000000       2.0000000
     0.016221472     0.093147792      -1.0000000      -1.0000000      -1.0000000
      -1.0000000      -1.0000000      -1.0000000      -1.0000000      -1.0000000
      -1.0000000
       0.0000000       71.000000       1.7435706       940.00000       141856.00
       1.3859721       5.3480811      0.31618926      0.24000001      0.30751196
       57.951794       10.833717      -195.80865       154.06299       25.401604
       120.70037
       1.0000000       71.000000       1.7435706      -1.0000000       3.0000000
     0.039248465      0.32929048      -1.0000000      -1.0000000      -1.0000000
      -1.0000000      -1.0000000      -1.0000000      -1.0000000      -1.0000000
      -1.0000000
       0.0000000       70.000000       1.8226893      -1.0000000       135910.00
      0.67089170       1.4568986      -1.0000000      -1.0000000      -1.0000000
      -1.0000000      -1.0000000      -1.0000000       126.26625       6.7207990
       160.35483
       1.0000000       70.000000       1.8226893      -1.0000000       7.0000000
      0.23394380      0.70688032      -1.0000000      -1.0000000      -1.0000000
      -1.0000000      -1.0000000      -1.0000000      -1.0000000      -1.0000000
      -1.0000000
       0.0000000       69.000000       1.9040896      -1.0000000       128429.00
      0.57165277       1.8298719      -1.0000000      -1.0000000      -1.0000000
      -1.0000000      -1.0000000      -1.0000000       119.72144       8.1697817
       162.39017
       1.0000000       69.000000       1.9040896      -1.0000000       2.0000000
    0.0024616229     0.058408458      -1.0000000      -1.0000000      -1.0000000
      -1.0000000      -1.0000000      -1.0000000      -1.0000000      -1.0000000
      -1.0000000
       0.0000000       68.000000       2.0020282      -1.0000000       115609.00
      0.43150952       1.2222296      -1.0000000      -1.0000000      -1.0000000
      -1.0000000      -1.0000000      -1.0000000       106.07602       5.5291414
       64.930634
       1.0000000       68.000000       2.0020282      -1.0000000       2.0000000
   0.00019854333       0.0000000      -1.0000000      -1.0000000      -1.0000000
      -1.0000000      -1.0000000      -1.0000000      -1.0000000      -1.0000000
      -1.0000000
       0.0000000       67.000000       2.1032696      -1.0000000       109590.00
      0.37986949      0.86607462      -1.0000000      -1.0000000      -1.0000000
      -1.0000000      -1.0000000      -1.0000000       95.212975       4.5275826
       73.508224
       0.0000000       66.000000       2.2079256      -1.0000000       101467.00
      0.30956411      0.67495686      -1.0000000      -1.0000000      -1.0000000
      -1.0000000      -1.0000000      -1.0000000       88.360916       3.4681535
       81.412956
       0.0000000       65.000000       2.3161108      -1.0000000       94868.000
      0.28075582      0.99291426      -1.0000000      -1.0000000      -1.0000000
      -1.0000000      -1.0000000      -1.0000000       87.415794       4.5293403
       75.195595
       1.0000000       65.000000       2.3161108      -1.0000000       1.0000000
       0.0000000       0.0000000      -1.0000000      -1.0000000      -1.0000000
      -1.0000000      -1.0000000      -1.0000000      -1.0000000      -1.0000000
      -1.0000000
       0.0000000       64.000000       2.4442258      -1.0000000       88976.000
      0.24414913      0.84504908      -1.0000000      -1.0000000      -1.0000000
      -1.0000000      -1.0000000      -1.0000000       83.019791       4.0868096
       117.91742
       1.0000000       64.000000       2.4442258      -1.0000000       2.0000000
       0.0000000       0.0000000      -1.0000000      -1.0000000      -1.0000000
      -1.0000000      -1.0000000      -1.0000000      -1.0000000      -1.0000000
      -1.0000000
       0.0000000       63.000000       2.5772903      -1.0000000       106082.00
      0.19147578      0.63592237      -1.0000000      -1.0000000      -1.0000000
      -1.0000000      -1.0000000      -1.0000000       83.169884       2.8210843
       93.697151
       1.0000000       63.000000       2.5772903      -1.0000000       1.0000000
     0.011722171      0.10919095      -1.0000000      -1.0000000      -1.0000000
      -1.0000000      -1.0000000      -1.0000000      -1.0000000      -1.0000000
      -1.0000000
       0.0000000       62.000000       2.7331426      -1.0000000       123839.00
      0.16859059      0.68950003      -1.0000000      -1.0000000      -1.0000000
      -1.0000000      -1.0000000      -1.0000000       91.275513       3.3189406
       79.539757
       1.0000000       62.000000       2.7331426      -1.0000000       2.0000000
       0.0000000       0.0000000      -1.0000000      -1.0000000      -1.0000000
      -1.0000000      -1.0000000      -1.0000000      -1.0000000      -1.0000000
      -1.0000000
       0.0000000       61.000000       2.8957851      -1.0000000       138407.00
      0.11514580      0.77546382      -1.0000000      -1.0000000      -1.0000000
      -1.0000000      -1.0000000      -1.0000000       89.475723       3.3483281
       84.510803
       1.0000000       61.000000       2.8957851      -1.0000000       1.0000000
       0.0000000       0.0000000      -1.0000000      -1.0000000      -1.0000000
      -1.0000000      -1.0000000      -1.0000000      -1.0000000      -1.0000000
      -1.0000000
       0.0000000       60.000000       3.0081310      -1.0000000       128371.00
     0.095196165      0.56990480      -1.0000000      -1.0000000      -1.0000000
      -1.0000000      -1.0000000      -1.0000000       82.887878       2.9913023
       96.450409
       1.0000000       60.000000       3.0081310      -1.0000000       2.0000000
    0.0015358385     0.014692938      -1.0000000      -1.0000000      -1.0000000
      -1.0000000      -1.0000000      -1.0000000      -1.0000000      -1.0000000
      -1.0000000
       0.0000000       59.000000       3.0848227      -1.0000000       122923.00
     0.089300372      0.47545829      -1.0000000      -1.0000000      -1.0000000
      -1.0000000      -1.0000000      -1.0000000       82.076157       2.9698703
       99.621391
       1.0000000       59.000000       3.0848227      -1.0000000       2.0000000
       0.0000000       0.0000000      -1.0000000      -1.0000000      -1.0000000
      -1.0000000      -1.0000000      -1.0000000      -1.0000000      -1.0000000
      -1.0000000
       0.0000000       58.000000       3.2830331      -1.0000000       111411.00
     0.077470690      0.54687256      -1.0000000      -1.0000000      -1.0000000
      -1.0000000      -1.0000000      -1.0000000       84.839073       3.2949951
       87.297523
       1.0000000       58.000000       3.2830331      -1.0000000       2.0000000
   0.00069200413       0.0000000      -1.0000000      -1.0000000      -1.0000000
      -1.0000000      -1.0000000      -1.0000000      -1.0000000      -1.0000000
      -1.0000000
       0.0000000       57.000000       3.4908614      -1.0000000       101446.00
     0.058991127      0.72966778      -1.0000000      -1.0000000      -1.0000000
      -1.0000000      -1.0000000      -1.0000000       95.312141       4.1432009
       67.365219
       1.0000000       57.000000       3.4908614      -1.0000000       3.0000000
    0.0013105839   0.00023927752      -1.0000000      -1.0000000      -1.0000000
      -1.0000000      -1.0000000      -1.0000000      -1.0000000      -1.0000000
      -1.0000000
