       0.0000000       135.00000       0.0000000       582.00000       358516.00
       8.0312090      0.52408069      0.36509088      0.62162161      0.16018669
       42.561401      -12.357536       21.744257       128.80630       24.573278
       137.40523
       0.0000000       134.00000    0.0095216669      -1.0000000       354996.00
       8.0410175      0.48956457      -1.0000000      -1.0000000      -1.0000000
      -1.0000000      -1.0000000      -1.0000000       129.67607       24.464405
       137.41722
       1.0000000       134.00000    0.0095216669      -1.0000000       1.0000000
      0.43777084      0.32927224      -1.0000000      -1.0000000      -1.0000000
      -1.0000000      -1.0000000      -1.0000000      -1.0000000      -1.0000000
      -1.0000000
       0.0000000       132.00000     0.033724371       573.00000       350490.00
       8.0417566      0.59537381      0.35843837      0.61111116      0.16691415
       38.935284      -9.5830507       20.732517       129.87302       24.561882
       138.14842
       1.0000000       132.00000     0.033724371      -1.0000000       1.0000000
      0.11302269      0.30205449      -1.0000000      -1.0000000      -1.0000000
      -1.0000000      -1.0000000      -1.0000000      -1.0000000      -1.0000000
      -1.0000000
       0.0000000       131.00000     0.048523631       595.00000       348688.00
       8.0503101      0.59568596      0.37525439      0.62162161      0.13299441
       31.095695      -11.882218       17.249813       130.49976       24.531057
       137.57835
       1.0000000       131.00000     0.048523631      -1.0000000       1.0000000
       0.0000000       0.0000000      -1.0000000      -1.0000000      -1.0000000
      -1.0000000      -1.0000000      -1.0000000      -1.0000000      -1.0000000
      -1.0000000
       0.0000000       130.00000     0.058507323       605.00000       347513.00
       8.0112247      0.58480537      0.37017810      0.62162161      0.13447137
       27.714602      -11.519835       13.368529       131.15990       24.222183
       137.42236
       0.0000000       129.00000     0.073661387       607.00000       345155.00
       8.0521698      0.60846269      0.37556583      0.64864868      0.12745437
       24.986538      -5.2816281       7.7056794       132.59448       24.470942
       136.97728
       1.0000000       129.00000     0.073661387      -1.0000000       1.0000000
       0.0000000       0.0000000      -1.0000000      -1.0000000      -1.0000000
      -1.0000000      -1.0000000      -1.0000000      -1.0000000      -1.0000000
      -1.0000000
       0.0000000       128.00000     0.083884433       601.00000       342482.00
       8.0320349      0.64150208      0.38761845      0.65789473      0.10982569
       21.490324      -2.2300887       6.5157647       133.41313       24.347128
       136.47037
       1.0000000       128.00000     0.083884433      -1.0000000       1.0000000
    0.0080637233     0.021205282      -1.0000000      -1.0000000      -1.0000000
      -1.0000000      -1.0000000      -1.0000000      -1.0000000      -1.0000000
      -1.0000000
       0.0000000       127.00000     0.099401802       602.00000       340166.00
       8.0415630      0.65067446      0.37968764      0.64864868      0.11231346
       15.407529      -5.1443019       6.8773737       134.39449       24.533445
       136.10243
       1.0000000       127.00000     0.099401802      -1.0000000       1.0000000
    0.0080637233     0.021205282      -1.0000000      -1.0000000      -1.0000000
      -1.0000000      -1.0000000      -1.0000000      -1.0000000      -1.0000000
      -1.0000000
       0.0000000       126.00000      0.10986994       606.00000       338323.00
       8.0210543      0.65381044      0.36284286      0.62162161     0.096021757
       16.360128       6.9323468       5.3752637       135.86598       24.603514
       136.84796
       0.0000000       125.00000      0.12575933       603.00000       335608.00
       8.2710524       1.2338438      0.37173864      0.63157892      0.14570972
       15.710856       7.1892486       10.528390       138.17946       26.487467
       138.36752
       1.0000000       125.00000      0.12575933      -1.0000000       1.0000000
       0.0000000       0.0000000      -1.0000000      -1.0000000      -1.0000000
      -1.0000000      -1.0000000      -1.0000000      -1.0000000      -1.0000000
      -1.0000000
       0.0000000       124.00000      0.14187621       605.00000       332165.00
       7.9943509      0.86436397      0.38757366      0.62162161     0.095502079
       10.803187      -5.1278453       5.0971141       135.86433       24.140087
       140.55119
       1.0000000       124.00000      0.14187621      -1.0000000       1.0000000
   0.00020467372     0.033862010      -1.0000000      -1.0000000      -1.0000000
      -1.0000000      -1.0000000      -1.0000000      -1.0000000      -1.0000000
      -1.0000000
       0.0000000       123.00000      0.15274876       569.00000       326282.00
       7.9974809      0.85077655      0.33155724      0.62162161      0.10249868
       6.9697647      -10.433518      0.82709605       136.20590       24.031748
       141.63602
       0.0000000       122.00000      0.16925204       572.00000       323361.00
       7.9615006      0.88389140      0.25333399      0.62162161     0.082994513
      0.22360018      -7.7929516       1.2485496       137.36342       23.864559
       142.46220
       0.0000000       121.00000      0.18038526       578.00000       320672.00
       7.9698524      0.92030454      0.39443949      0.63157892     0.074838258
      -2.6589193     -0.98849845     -0.53340268       137.99374       23.670633
       142.73506
       1.0000000       121.00000      0.18038526      -1.0000000       1.0000000
       0.0000000       0.0000000      -1.0000000      -1.0000000      -1.0000000
      -1.0000000      -1.0000000      -1.0000000      -1.0000000      -1.0000000
      -1.0000000
       0.0000000       120.00000      0.19728418       618.00000       322057.00
       7.9591713       1.0367050      0.28452608      0.61111116     0.093297243
      -3.7076786       14.026216      -1.1186106       136.77403       23.704826
       144.74474
       1.0000000       120.00000      0.19728418      -1.0000000       1.0000000
   0.00032945472       0.0000000      -1.0000000      -1.0000000      -1.0000000
      -1.0000000      -1.0000000      -1.0000000      -1.0000000      -1.0000000
      -1.0000000
       0.0000000       119.00000      0.21442504       579.00000       314667.00
       7.9599490      0.94748467      0.34127381      0.66666663     0.053453546
      -9.4402838       23.463371      -7.2451138       137.57626       23.672573
       145.20958
       0.0000000       118.00000      0.22598839       587.00000       313654.00
       7.9759874      0.93675953      0.33912987      0.61111116     0.089369766
      -10.622165       24.510178      -8.4352674       138.60258       23.810610
       144.12445
       0.0000000       117.00000      0.24354018       598.00000       310520.00
       7.9304924      0.98687571      0.45022538      0.66666663     0.054152556
      -18.656519       4.0303125      -23.507467       140.43654       23.585180
       141.61929
       0.0000000       116.00000      0.26134327       598.00000       306996.00
       7.9470119      0.95139164      0.40831402      0.63157892      0.10548756
      -31.883327      -17.595125      -24.537580       142.58810       23.560978
       137.32523
       0.0000000       115.00000      0.27335334       590.00000       303639.00
       7.9088955       1.0652052      0.37690353      0.63157892     0.098296724
      -38.927933      -35.730511      -12.369845       143.88017       23.518244
       135.59036
       0.0000000       114.00000      0.29158324       586.00000       299677.00
       7.9236383       1.2587634      0.38173905      0.65789473     0.069992721
      -39.432518      -37.580112      -6.6393709       145.82451       23.800854
       134.16579
       0.0000000       113.00000      0.31007412       579.00000       295478.00
       7.8091106       1.3152132      0.45450377      0.66666663     0.065803677
      -51.363724       17.052221       11.428185       147.60201       23.495794
       134.21249
       0.0000000       112.00000      0.32882974       608.00000       293387.00
       7.8176422       1.4790032      0.45664671      0.62162161      0.17075938
      -59.727177       46.484600      -12.454117       150.48451       23.995468
       129.45810
       1.0000000       112.00000      0.32882974      -1.0000000       1.0000000
       0.0000000       0.0000000      -1.0000000      -1.0000000      -1.0000000
      -1.0000000      -1.0000000      -1.0000000      -1.0000000      -1.0000000
      -1.0000000
       0.0000000       111.00000      0.34785384       605.00000       290289.00
       7.8814235       1.3107787      0.44953293      0.67500001      0.13394828
      -32.545338       64.604713      -53.525520       152.37869       24.722628
       131.47577
       1.0000000       111.00000      0.34785384      -1.0000000       2.0000000
    0.0058113742     0.051323865      -1.0000000      -1.0000000      -1.0000000
      -1.0000000      -1.0000000      -1.0000000      -1.0000000      -1.0000000
      -1.0000000
       0.0000000       110.00000      0.36068764       604.00000       288213.00
       7.8113637       1.2043492      0.47012389      0.65789473      0.10820123
      -29.403019       54.804375      -66.840187       145.80113       23.356035
       136.03261
       1.0000000       110.00000      0.36068764      -1.0000000       2.0000000
       0.0000000       0.0000000      -1.0000000      -1.0000000      -1.0000000
      -1.0000000      -1.0000000      -1.0000000      -1.0000000      -1.0000000
      -1.0000000
       0.0000000       109.00000      0.38016787       605.00000       284494.00
       7.7617974      0.99422336      0.48915824      0.63157892      0.11631083
      -19.232189       10.154649      -82.230759       141.80762       22.726200
       140.78632
       1.0000000       109.00000      0.38016787      -1.0000000       2.0000000
       0.0000000       0.0000000      -1.0000000      -1.0000000      -1.0000000
      -1.0000000      -1.0000000      -1.0000000      -1.0000000      -1.0000000
      -1.0000000
       0.0000000       108.00000      0.39992696       603.00000       282027.00
       7.7355256       1.0868014      0.50194651      0.67567563      0.12749137
      -17.508446      -23.624311      -86.835716       141.73378       22.820648
       139.81493
       1.0000000       108.00000      0.39992696      -1.0000000       1.0000000
       0.0000000       0.0000000      -1.0000000      -1.0000000      -1.0000000
      -1.0000000      -1.0000000      -1.0000000      -1.0000000      -1.0000000
      -1.0000000
       0.0000000       107.00000      0.41996893       600.00000       277860.00
       7.7911482       1.0700641      0.50932634      0.69047618      0.18099105
      -37.971653      -51.641010      -68.537308       142.40341       22.985929
       137.15598
       0.0000000       106.00000      0.44029784       650.00000       280479.00
       7.8323722       1.1893598      0.53830248      0.64705884      0.12704326
      -64.410637      -67.110664      -54.833126       142.26570       23.684328
       134.59467
       0.0000000       105.00000      0.46091780       652.00000       276402.00
       7.6194696       2.3853049      0.53959030      0.64705884      0.16740936
      -113.75779      -41.787655      -37.472710       142.06287       23.598824
       135.04865
       1.0000000       105.00000      0.46091780      -1.0000000       3.0000000
   0.00015926790     0.013439035      -1.0000000      -1.0000000      -1.0000000
      -1.0000000      -1.0000000      -1.0000000      -1.0000000      -1.0000000
      -1.0000000
       0.0000000       104.00000      0.48183295       658.00000       272877.00
       7.5087180       2.6815145      0.54434538      0.65714288      0.21025375
      -127.79877      -7.4693871      -56.508633       141.84067       23.504824
       134.69432
       0.0000000       103.00000      0.50304753       662.00000       268429.00
       7.4375420       2.5941248      0.55329287      0.68571424      0.21518117
      -118.23004       37.735985      -93.632210       141.75291       23.761387
       133.40987
       0.0000000       102.00000      0.52456582       666.00000       265934.00
       7.3541656       2.3145764      0.55768234      0.63636363      0.24176985
      -119.37630       47.798546      -129.78545       143.10074       23.352715
       129.47215
       1.0000000       102.00000      0.52456582      -1.0000000       1.0000000
    0.0013779581     0.028234994      -1.0000000      -1.0000000      -1.0000000
      -1.0000000      -1.0000000      -1.0000000      -1.0000000      -1.0000000
      -1.0000000
       0.0000000       101.00000      0.54639220       672.00000       262836.00
       7.2405052       2.1374989      0.56898779      0.71428573      0.26875669
      -111.63026       32.833496      -169.65910       145.14223       23.239798
       125.63952
       0.0000000       100.00000      0.57598084       761.00000       267651.00
       7.1237650       2.6222613      0.56236023      0.67647058      0.36859196
      -159.94110      -50.501236      -171.23996       149.04688       23.785631
       120.21997
       0.0000000       99.000000      0.59854329       788.00000       264941.00
       6.9540963       2.7848980      0.56168926      0.65625000      0.42714319
      -238.01259      -62.516327      -125.91384       150.66422       23.499262
       114.61814
       0.0000000       98.000000      0.62142873       803.00000       262520.00
       6.8414068       2.4061673      0.57020289      0.66666669      0.46232426
      -289.64957      -47.874340      -82.289742       149.37151       23.343513
       115.74533
       0.0000000       97.000000      0.64464182       796.00000       259137.00
       6.8674784       1.9278396      0.57311797      0.65625000      0.47309530
      -311.39215      -14.791390      -79.269562       145.71428       23.452911
       121.99680
       0.0000000       96.000000      0.67611039       861.00000       260921.00
       6.6952138       1.7641767      0.57537377      0.66666663      0.49618557
      -323.22595       27.500555      -83.542381       142.85112       22.216209
       123.31395
       1.0000000       96.000000      0.67611039      -1.0000000       1.0000000
    0.0010191691       0.0000000      -1.0000000      -1.0000000      -1.0000000
      -1.0000000      -1.0000000      -1.0000000      -1.0000000      -1.0000000
      -1.0000000
       0.0000000       95.000000      0.70010638       862.00000       257184.00
       6.6461825       1.8275040      0.57652175      0.66666663      0.53058153
      -319.01987       71.518730      -112.61322       141.43532       22.002346
       127.39192
       0.0000000       94.000000      0.73263615       877.00000       254116.00
       6.5551991       2.0801289      0.56400895      0.69230771      0.51537246
      -290.08658       137.41302      -115.95007       142.51868       21.721640
       127.99744
       0.0000000       93.000000      0.75744140       884.00000       250071.00
       6.4338312       2.1577346      0.58975494      0.61290324      0.55104929
      -281.26465       184.79057      -132.60864       143.78235       21.436655
       125.53989
       1.0000000       93.000000      0.75744140      -1.0000000       1.0000000
       0.0000000       0.0000000      -1.0000000      -1.0000000      -1.0000000
      -1.0000000      -1.0000000      -1.0000000      -1.0000000      -1.0000000
      -1.0000000
       0.0000000       92.000000      0.79106826       880.00000       244332.00
       6.3510537       2.1286063      0.58655041      0.62500000      0.52804261
      -262.55588       213.76831      -141.93097       145.73633       21.282074
       122.23385
       0.0000000       91.000000      0.81671000       924.00000       244369.00
       6.3236318       1.8962412      0.57302493      0.67647058      0.54342562
      -258.93323       238.26468      -147.02397       147.70886       21.413033
       121.50597
       1.0000000       91.000000      0.81671000      -1.0000000       1.0000000
     0.015757794      0.12457723      -1.0000000      -1.0000000      -1.0000000
      -1.0000000      -1.0000000      -1.0000000      -1.0000000      -1.0000000
      -1.0000000
       0.0000000       90.000000      0.85147089       980.00000       243639.00
       6.2936621       2.0462301      0.57752115      0.64705884      0.53611958
      -228.13940       255.94247      -139.84474       151.23341       22.370922
       119.86227
       0.0000000       89.000000      0.88689691       965.00000       239025.00
       6.2247834       1.8925285      0.57785022      0.68571424      0.52771968
      -231.08533       265.61594      -132.70856       149.29150       21.567009
       121.26855
       1.0000000       89.000000      0.88689691      -1.0000000       2.0000000
    0.0018166902     0.050760519      -1.0000000      -1.0000000      -1.0000000
      -1.0000000      -1.0000000      -1.0000000      -1.0000000      -1.0000000
      -1.0000000
       0.0000000       88.000000      0.92300081       941.00000       231990.00
       6.1622243       1.8374424      0.57985562      0.69444442      0.54180390
      -216.58464       299.00528      -120.34595       149.71133       20.683964
       122.32352
       1.0000000       88.000000      0.92300081      -1.0000000       1.0000000
    0.0018166902     0.050760519      -1.0000000      -1.0000000      -1.0000000
      -1.0000000      -1.0000000      -1.0000000      -1.0000000      -1.0000000
      -1.0000000
       0.0000000       87.000000      0.95053136       936.00000       228447.00
       6.1336303       2.0799627      0.57346988      0.70588237      0.53546435
      -184.88438       307.27182      -112.12737       149.04938       21.493843
       123.95689
       0.0000000       86.000000      0.98785281       900.00000       220708.00
       6.0588799       2.6077881      0.57354361      0.68571424      0.47676280
      -153.59518       335.61563      -130.13623       150.01956       21.868494
       120.90710
       1.0000000       86.000000      0.98785281      -1.0000000       1.0000000
    0.0018166902     0.050760519      -1.0000000      -1.0000000      -1.0000000
      -1.0000000      -1.0000000      -1.0000000      -1.0000000      -1.0000000
      -1.0000000
       0.0000000       85.000000      0.99729425       881.00000       217832.00
       6.0394378       2.8616772      0.57352972      0.67647058      0.50231087
      -145.25656       333.58896      -142.05495       150.57660       21.988945
       119.37582
       1.0000000       85.000000      0.99729425      -1.0000000       1.0000000
    0.0018722565     0.070079438      -1.0000000      -1.0000000      -1.0000000
      -1.0000000      -1.0000000      -1.0000000      -1.0000000      -1.0000000
      -1.0000000
       0.0000000       84.000000       1.0355104       866.00000       211827.00
       5.8448215       3.4781249      0.56991822      0.72972977      0.51952195
      -141.84749       297.62476      -191.75072       150.22350       22.291691
       120.02435
       1.0000000       84.000000       1.0355104      -1.0000000       1.0000000
    0.0018722565     0.070079438      -1.0000000      -1.0000000      -1.0000000
      -1.0000000      -1.0000000      -1.0000000      -1.0000000      -1.0000000
      -1.0000000
       0.0000000       83.000000       1.0744579       884.00000       207886.00
       5.5309162       3.5402725      0.53617471      0.71052635      0.45276645
      -163.78674       224.88441      -174.36903       148.84813       21.839428
       121.78846
       1.0000000       83.000000       1.0744579      -1.0000000       3.0000000
       0.0000000       0.0000000      -1.0000000      -1.0000000      -1.0000000
      -1.0000000      -1.0000000      -1.0000000      -1.0000000      -1.0000000
      -1.0000000
       0.0000000       82.000000       1.1141505       882.00000       201937.00
       5.2911487       3.9108469      0.50143784      0.66666669      0.39907843
      -163.78842       192.85350      -144.30147       149.72702       22.144262
       122.73446
       1.0000000       82.000000       1.1141505      -1.0000000       2.0000000
   0.00031149236     0.025216874      -1.0000000      -1.0000000      -1.0000000
      -1.0000000      -1.0000000      -1.0000000      -1.0000000      -1.0000000
      -1.0000000
       0.0000000       81.000000       1.1546028       888.00000       198491.00
       4.8757730       4.1998391      0.46703017      0.64705884      0.26116052
      -144.03552       124.63152      -104.31891       151.13272       22.212534
       120.36743
       1.0000000       81.000000       1.1546028      -1.0000000       3.0000000
     0.012588845     0.083763321      -1.0000000      -1.0000000      -1.0000000
      -1.0000000      -1.0000000      -1.0000000      -1.0000000      -1.0000000
      -1.0000000
       0.0000000       80.000000       1.2062581       945.00000       195337.00
       4.3105993       3.4834604      0.38333523      0.63888896      0.24723911
      -57.792427       56.785316      -110.96021       149.90668       18.591633
       127.35042
       1.0000000       80.000000       1.2062581      -1.0000000       1.0000000
      0.11347433      0.12280919      -1.0000000      -1.0000000      -1.0000000
      -1.0000000      -1.0000000      -1.0000000      -1.0000000      -1.0000000
      -1.0000000
       0.0000000       79.000000       1.2484726       912.00000       188782.00
       3.8586357       3.5121999      0.35573989      0.48387092      0.18953250
      -18.279648       25.383303      -67.140495       145.95439       22.124075
       138.25714
       2.0000000       79.000000       1.2484726      0.52013570       73.000000
      0.84623533       1.1089373      -1.0000000      -1.0000000      -1.0000000
      -1.0000000      -1.0000000      -1.0000000      -1.0000000      -1.0000000
      -1.0000000
       1.0000000       79.000000       1.2484726      -1.0000000       1.0000000
     0.046217687     0.081543192      -1.0000000      -1.0000000      -1.0000000
      -1.0000000      -1.0000000      -1.0000000      -1.0000000      -1.0000000
      -1.0000000
       0.0000000       78.000000       1.3023784       863.00000       178990.00
       3.4532211       2.2190163      0.38109308      0.50000000      0.23089595
      -95.378174       90.255753       94.244125       142.09634       17.726732
       148.90001
       0.0000000       77.000000       1.3575766       849.00000       171892.00
       3.1443462       2.4932296      0.42057329      0.31034482      0.39659554
      -100.37916       97.177986       180.40489       140.98959       15.171543
       152.74425
       1.0000000       77.000000       1.3575766      -1.0000000       1.0000000
   9.9451296e-05    0.0048124301      -1.0000000      -1.0000000      -1.0000000
      -1.0000000      -1.0000000      -1.0000000      -1.0000000      -1.0000000
      -1.0000000
       0.0000000       76.000000       1.4140983       850.00000       166216.00
       2.7711723       3.0056648      0.49714300      0.62857145      0.53111601
      -33.073044       39.129681       337.97476       148.47406       15.589754
       143.89590
       1.0000000       76.000000       1.4140983      -1.0000000       3.0000000
   0.00074669854       0.0000000      -1.0000000      -1.0000000      -1.0000000
      -1.0000000      -1.0000000      -1.0000000      -1.0000000      -1.0000000
      -1.0000000
       0.0000000       75.000000       1.4719748       871.00000       161548.00
       2.5785794       3.4035723      0.49429399      0.70270270      0.53844219
      -79.565079      -40.217972       391.78372       162.79732       17.576818
       122.92904
       1.0000000       75.000000       1.4719748      -1.0000000       4.0000000
       0.0000000       0.0000000      -1.0000000      -1.0000000      -1.0000000
      -1.0000000      -1.0000000      -1.0000000      -1.0000000      -1.0000000
      -1.0000000
       0.0000000       74.000000       1.5312390       868.00000       157008.00
       2.6687796       5.7440014      0.48224711      0.79545456      0.44652009
      -98.472847      -233.45276       477.90155       172.81367       29.609735
       107.37741
       1.0000000       74.000000       1.5312390      -1.0000000       3.0000000
     0.013125614      0.10946561      -1.0000000      -1.0000000      -1.0000000
      -1.0000000      -1.0000000      -1.0000000      -1.0000000      -1.0000000
      -1.0000000
       0.0000000       73.000000       1.6042346       846.00000       148160.00
       1.8891474       3.8227794      0.46517631      0.68750000      0.53466618
      -125.40331      -192.92647       402.36566       145.71159       19.083246
       136.56517
       1.0000000       73.000000       1.6042346      -1.0000000       6.0000000
     0.068767390      0.20182347      -1.0000000      -1.0000000      -1.0000000
      -1.0000000      -1.0000000      -1.0000000      -1.0000000      -1.0000000
      -1.0000000
       0.0000000       72.000000       1.6666696       853.00000       143478.00
       1.6269511       3.7924945      0.43318677      0.71428573      0.51300234
      -96.131004      -172.86639       322.90817       138.48978       18.592672
       130.03868
       1.0000000       72.000000       1.6666696      -1.0000000       2.0000000
   0.00070338038     0.038866132      -1.0000000      -1.0000000      -1.0000000
      -1.0000000      -1.0000000      -1.0000000      -1.0000000      -1.0000000
      -1.0000000
       0.0000000       71.000000       1.7435706       863.00000       137287.00
       1.4540927       4.0940251      0.34766626      0.66666663      0.42396763
       3.6533864      -109.91095       185.78386       135.20335       17.875454
       126.01482
       1.0000000       71.000000       1.7435706      -1.0000000       2.0000000
   0.00087740159     0.013613209      -1.0000000      -1.0000000      -1.0000000
      -1.0000000      -1.0000000      -1.0000000      -1.0000000      -1.0000000
      -1.0000000
       0.0000000       70.000000       1.8226893      -1.0000000       131838.00
       1.3990176       3.3309636      -1.0000000      -1.0000000      -1.0000000
      -1.0000000      -1.0000000      -1.0000000       130.73579       19.689516
       126.53874
       1.0000000       70.000000       1.8226893      -1.0000000       3.0000000
     0.024572023      0.30640927      -1.0000000      -1.0000000      -1.0000000
      -1.0000000      -1.0000000      -1.0000000      -1.0000000      -1.0000000
      -1.0000000
       0.0000000       69.000000       1.9040896      -1.0000000       124066.00
       1.1653124       2.8327940      -1.0000000      -1.0000000      -1.0000000
      -1.0000000      -1.0000000      -1.0000000       133.12697       13.501988
       107.48004
       1.0000000       69.000000       1.9040896      -1.0000000       6.0000000
     0.022215924      0.35647788      -1.0000000      -1.0000000      -1.0000000
      -1.0000000      -1.0000000      -1.0000000      -1.0000000      -1.0000000
      -1.0000000
       0.0000000       68.000000       2.0020282      -1.0000000       114732.00
      0.92401832       4.5512872      -1.0000000      -1.0000000      -1.0000000
      -1.0000000      -1.0000000      -1.0000000       139.54355       18.367220
       89.824883
       1.0000000       68.000000       2.0020282      -1.0000000       4.0000000
     0.050690364      0.58141154      -1.0000000      -1.0000000      -1.0000000
      -1.0000000      -1.0000000      -1.0000000      -1.0000000      -1.0000000
      -1.0000000
       0.0000000       67.000000       2.1032696      -1.0000000       107097.00
      0.67310554       2.0594535      -1.0000000      -1.0000000      -1.0000000
      -1.0000000      -1.0000000      -1.0000000       121.76940       10.664684
       120.47147
       1.0000000       67.000000       2.1032696      -1.0000000       5.0000000
      0.16291605       1.7392101      -1.0000000      -1.0000000      -1.0000000
      -1.0000000      -1.0000000      -1.0000000      -1.0000000      -1.0000000
      -1.0000000
       0.0000000       66.000000       2.2079256      -1.0000000       97428.000
      0.58944398       1.3004981      -1.0000000      -1.0000000      -1.0000000
      -1.0000000      -1.0000000      -1.0000000       105.42096       8.6265059
       138.20580
       1.0000000       66.000000       2.2079256      -1.0000000       4.0000000
    0.0058840138     0.083887769      -1.0000000      -1.0000000      -1.0000000
      -1.0000000      -1.0000000      -1.0000000      -1.0000000      -1.0000000
      -1.0000000
       0.0000000       65.000000       2.3161108      -1.0000000       112961.00
      0.56556612       1.4963088      -1.0000000      -1.0000000      -1.0000000
      -1.0000000      -1.0000000      -1.0000000       97.977333       8.4671316
       111.68825
       1.0000000       65.000000       2.3161108      -1.0000000       3.0000000
   0.00064819927       0.0000000      -1.0000000      -1.0000000      -1.0000000
      -1.0000000      -1.0000000      -1.0000000      -1.0000000      -1.0000000
      -1.0000000
       0.0000000       64.000000       2.4442258      -1.0000000       84660.000
      0.45769873       1.4645139      -1.0000000      -1.0000000      -1.0000000
      -1.0000000      -1.0000000      -1.0000000       98.122551       7.7425060
       102.11607
       1.0000000       64.000000       2.4442258      -1.0000000       1.0000000
       0.0000000       0.0000000      -1.0000000      -1.0000000      -1.0000000
      -1.0000000      -1.0000000      -1.0000000      -1.0000000      -1.0000000
      -1.0000000
       0.0000000       63.000000       2.5772903      -1.0000000       74679.000
      0.40029138       1.4493873      -1.0000000      -1.0000000      -1.0000000
      -1.0000000      -1.0000000      -1.0000000       100.09114       7.5014300
       94.135414
       1.0000000       63.000000       2.5772903      -1.0000000       1.0000000
       0.0000000       0.0000000      -1.0000000      -1.0000000      -1.0000000
      -1.0000000      -1.0000000      -1.0000000      -1.0000000      -1.0000000
      -1.0000000
       0.0000000       62.000000       2.7331426      -1.0000000       128801.00
      0.27379709       1.4579227      -1.0000000      -1.0000000      -1.0000000
      -1.0000000      -1.0000000      -1.0000000       111.04115       7.2913895
       74.807327
       2.0000000       62.000000       2.7331426       1.0340650       59.000000
     0.076584578      0.14338921      -1.0000000      -1.0000000      -1.0000000
      -1.0000000      -1.0000000      -1.0000000      -1.0000000      -1.0000000
      -1.0000000
       1.0000000       62.000000       2.7331426      -1.0000000       1.0000000
   0.00029327758    0.0097130546      -1.0000000      -1.0000000      -1.0000000
      -1.0000000      -1.0000000      -1.0000000      -1.0000000      -1.0000000
      -1.0000000
       0.0000000       61.000000       2.8957851      -1.0000000       116592.00
      0.19772013       1.3327221      -1.0000000      -1.0000000      -1.0000000
      -1.0000000      -1.0000000      -1.0000000       103.83047       5.8028798
       83.516037
       0.0000000       60.000000       3.0081310      -1.0000000       108124.00
      0.17460424       1.4952658      -1.0000000      -1.0000000      -1.0000000
      -1.0000000      -1.0000000      -1.0000000       94.453224       7.3958888
       91.877861
       1.0000000       60.000000       3.0081310      -1.0000000       2.0000000
       0.0000000       0.0000000      -1.0000000      -1.0000000      -1.0000000
      -1.0000000      -1.0000000      -1.0000000      -1.0000000      -1.0000000
      -1.0000000
       0.0000000       59.000000       3.0848227      -1.0000000       102995.00
      0.15439433       1.0368346      -1.0000000      -1.0000000      -1.0000000
      -1.0000000      -1.0000000      -1.0000000       93.989235       5.6196084
       94.846237
       1.0000000       59.000000       3.0848227      -1.0000000       1.0000000
       0.0000000       0.0000000      -1.0000000      -1.0000000      -1.0000000
      -1.0000000      -1.0000000      -1.0000000      -1.0000000      -1.0000000
      -1.0000000
       0.0000000       58.000000       3.2830331      -1.0000000       91862.000
     0.074061669      0.51944089      -1.0000000      -1.0000000      -1.0000000
      -1.0000000      -1.0000000      -1.0000000       80.216682       2.7409942
       127.54935
       2.0000000       58.000000       3.2830331      0.40528789       58.000000
     0.030016297      0.18110535      -1.0000000      -1.0000000      -1.0000000
      -1.0000000      -1.0000000      -1.0000000      -1.0000000      -1.0000000
      -1.0000000
       0.0000000       57.000000       3.4908614      -1.0000000       78180.000
     0.059494406      0.40848714      -1.0000000      -1.0000000      -1.0000000
      -1.0000000      -1.0000000      -1.0000000       70.659599       2.0267763
       119.77687
       2.0000000       57.000000       3.4908614      0.40528789       57.000000
     0.030016297      0.18110535      -1.0000000      -1.0000000      -1.0000000
      -1.0000000      -1.0000000      -1.0000000      -1.0000000      -1.0000000
      -1.0000000
       1.0000000       57.000000       3.4908614      -1.0000000       1.0000000
       0.0000000       0.0000000      -1.0000000      -1.0000000      -1.0000000
      -1.0000000      -1.0000000      -1.0000000      -1.0000000      -1.0000000
      -1.0000000
