       0.0000000       135.00000       0.0000000       2395.0000       452015.00
       1.7653624       1.1561716      0.34789348      0.29411763      0.16423324
       13.695788     -0.52573699       34.289688       80.591034       9.0682144
       78.064384
       0.0000000       134.00000    0.0095216669       2407.0000       450098.00
       1.7193877       1.0211680      0.34798908      0.28125006      0.13988648
       12.497428       3.6061838       35.756489       81.027969       8.4958143
       79.912170
       0.0000000       133.00000     0.023974428       2401.0000       446260.00
       1.7471796       1.1434062      0.36528981      0.16666669      0.18093245
       15.900863       15.222942       41.429203       81.469887       8.8606443
       80.824158
       0.0000000       132.00000     0.033724371       2397.0000       445186.00
       1.6670408       1.5391560      0.35515645      0.10344827      0.21270524
       6.8193178       18.203415       43.953651       81.474640       8.9269905
       81.211327
       0.0000000       131.00000     0.048523631       2404.0000       441668.00
       1.6702585       1.0160949      0.36418402      0.17241371      0.15903175
     -0.59115529       25.027353       48.240879       79.999420       8.7252808
       81.753952
       0.0000000       130.00000     0.058507323       2385.0000       438435.00
       1.6821952      0.93000841      0.37729871      0.20689654      0.16820702
      -7.3531246       27.534338       49.086685       79.983650       8.8396397
       82.064636
       0.0000000       129.00000     0.073661387       2360.0000       434726.00
       1.6512343       1.0851969      0.41018891      0.30000001      0.21749523
      -16.544167       39.808453       61.714504       81.103996       8.8743095
       83.201538
       0.0000000       128.00000     0.083884433       2331.0000       431389.00
       1.6091486       1.3643371      0.42347232      0.22580642      0.30418947
      -22.876329       49.903145       65.970917       81.759918       8.9453897
       83.526062
       0.0000000       127.00000     0.099401802       2296.0000       428311.00
       1.6349853       1.0540376      0.44075420      0.21428567      0.30263650
      -32.939522       70.370277       70.139046       81.289314       8.8443794
       82.800232
       0.0000000       126.00000      0.10986994       2285.0000       426126.00
       1.5799342       1.0821183      0.42214078      0.39393944      0.29367039
      -32.578289       81.863495       65.501808       81.380013       9.3465633
       83.558769
       1.0000000       126.00000      0.10986994      -1.0000000       1.0000000
      0.23064885      0.28565040      -1.0000000      -1.0000000      -1.0000000
      -1.0000000      -1.0000000      -1.0000000      -1.0000000      -1.0000000
      -1.0000000
       0.0000000       125.00000      0.12575933       2252.0000       422925.00
       1.5733329       1.4059126      0.43341824      0.29032254      0.36398140
      -42.122734       95.768486       69.662979       83.574997       10.019344
       86.725960
       0.0000000       124.00000      0.14187621       2227.0000       418856.00
       1.7008712       1.3797436      0.45597166      0.29032254      0.38665000
      -41.621746       114.69274       79.188698       86.020576       10.275974
       86.833214
       0.0000000       123.00000      0.15274876       2183.0000       415873.00
       1.4561554       1.0487328      0.47460106      0.29032254      0.47594100
      -34.605793       114.01942       64.879349       81.662720       8.2659588
       89.842407
       0.0000000       122.00000      0.16925204      -1.0000000       411640.00
       1.4791106      0.92554760      -1.0000000      -1.0000000      -1.0000000
      -1.0000000      -1.0000000      -1.0000000       82.092529       8.2139511
       92.673790
       0.0000000       121.00000      0.18038526       2366.0000       415614.00
       1.4293895       1.5422646      0.49527884      0.15151519      0.46874216
      -47.782803       116.66271       61.159824       83.307892       8.3049669
       90.312653
       0.0000000       120.00000      0.19728418      -1.0000000       412897.00
       1.4153129       1.4360842      -1.0000000      -1.0000000      -1.0000000
      -1.0000000      -1.0000000      -1.0000000       83.524376       8.3093319
       89.115753
       0.0000000       119.00000      0.21442504      -1.0000000       410830.00
       1.3863103       1.2989817      -1.0000000      -1.0000000      -1.0000000
      -1.0000000      -1.0000000      -1.0000000       84.732758       8.1864252
       86.017227
       0.0000000       118.00000      0.22598839      -1.0000000       409203.00
       1.3646554       1.3912973      -1.0000000      -1.0000000      -1.0000000
      -1.0000000      -1.0000000      -1.0000000       85.947479       8.3178310
       83.152443
       1.0000000       118.00000      0.22598839      -1.0000000       1.0000000
    0.0036930158       0.0000000      -1.0000000      -1.0000000      -1.0000000
      -1.0000000      -1.0000000      -1.0000000      -1.0000000      -1.0000000
      -1.0000000
       0.0000000       117.00000      0.24354018      -1.0000000       406385.00
       1.3590174       1.4576577      -1.0000000      -1.0000000      -1.0000000
      -1.0000000      -1.0000000      -1.0000000       88.008812       8.7286396
       78.229279
       0.0000000       116.00000      0.26134327      -1.0000000       404673.00
       1.3128103       1.3657535      -1.0000000      -1.0000000      -1.0000000
      -1.0000000      -1.0000000      -1.0000000       91.577271       8.8109751
       73.744469
       0.0000000       115.00000      0.27335334      -1.0000000       402381.00
       1.3210222       1.5160497      -1.0000000      -1.0000000      -1.0000000
      -1.0000000      -1.0000000      -1.0000000       95.082863       9.3082972
       71.953148
       0.0000000       114.00000      0.29158324      -1.0000000       399114.00
       1.2635181       2.2295642      -1.0000000      -1.0000000      -1.0000000
      -1.0000000      -1.0000000      -1.0000000       98.255890       10.144034
       66.132484
       0.0000000       113.00000      0.31007412      -1.0000000       395691.00
       1.2166945       1.5341120      -1.0000000      -1.0000000      -1.0000000
      -1.0000000      -1.0000000      -1.0000000       94.354073       9.2464418
       70.926254
       0.0000000       112.00000      0.32882974      -1.0000000       391703.00
       1.1891088       1.5266927      -1.0000000      -1.0000000      -1.0000000
      -1.0000000      -1.0000000      -1.0000000       87.107933       8.9101992
       79.257233
       0.0000000       111.00000      0.34785384      -1.0000000       389872.00
       1.1650102       1.5289437      -1.0000000      -1.0000000      -1.0000000
      -1.0000000      -1.0000000      -1.0000000       84.056046       9.1044159
       79.932480
       0.0000000       110.00000      0.36068764      -1.0000000       388074.00
       1.1553153       1.3887420      -1.0000000      -1.0000000      -1.0000000
      -1.0000000      -1.0000000      -1.0000000       83.336823       8.5731192
       81.046715
       0.0000000       109.00000      0.38016787      -1.0000000       385587.00
       1.1187315       1.5902804      -1.0000000      -1.0000000      -1.0000000
      -1.0000000      -1.0000000      -1.0000000       81.811363       8.6410017
       82.728828
       1.0000000       109.00000      0.38016787      -1.0000000       1.0000000
       0.0000000       0.0000000      -1.0000000      -1.0000000      -1.0000000
      -1.0000000      -1.0000000      -1.0000000      -1.0000000      -1.0000000
      -1.0000000
       0.0000000       108.00000      0.39992696      -1.0000000       383625.00
       1.1013379       1.3253387      -1.0000000      -1.0000000      -1.0000000
      -1.0000000      -1.0000000      -1.0000000       79.149513       8.2052288
       82.473274
       0.0000000       107.00000      0.41996893      -1.0000000       380363.00
       1.0726874      0.96762967      -1.0000000      -1.0000000      -1.0000000
      -1.0000000      -1.0000000      -1.0000000       77.514076       7.7092714
       81.811699
       1.0000000       107.00000      0.41996893      -1.0000000       1.0000000
       0.0000000       0.0000000      -1.0000000      -1.0000000      -1.0000000
      -1.0000000      -1.0000000      -1.0000000      -1.0000000      -1.0000000
      -1.0000000
       0.0000000       106.00000      0.44029784      -1.0000000       376792.00
       1.0776852      0.84425044      -1.0000000      -1.0000000      -1.0000000
      -1.0000000      -1.0000000      -1.0000000       77.426109       7.7505894
       83.006027
       0.0000000       105.00000      0.46091780      -1.0000000       374140.00
       1.0719845       1.0495116      -1.0000000      -1.0000000      -1.0000000
      -1.0000000      -1.0000000      -1.0000000       79.008018       7.8111167
       79.106941
       0.0000000       104.00000      0.48183295      -1.0000000       370874.00
       1.0314937       1.3663490      -1.0000000      -1.0000000      -1.0000000
      -1.0000000      -1.0000000      -1.0000000       80.468567       7.9684715
       77.163109
       0.0000000       103.00000      0.50304753      -1.0000000       367414.00
       1.0191294       1.6403463      -1.0000000      -1.0000000      -1.0000000
      -1.0000000      -1.0000000      -1.0000000       81.627342       8.1086082
       76.839027
       0.0000000       102.00000      0.52456582      -1.0000000       364868.00
      0.95151681       1.6461523      -1.0000000      -1.0000000      -1.0000000
      -1.0000000      -1.0000000      -1.0000000       80.462593       7.8664336
       74.873520
       1.0000000       102.00000      0.52456582      -1.0000000       1.0000000
       0.0000000       0.0000000      -1.0000000      -1.0000000      -1.0000000
      -1.0000000      -1.0000000      -1.0000000      -1.0000000      -1.0000000
      -1.0000000
       0.0000000       101.00000      0.54639220      -1.0000000       362914.00
      0.95459723       1.2539136      -1.0000000      -1.0000000      -1.0000000
      -1.0000000      -1.0000000      -1.0000000       78.795502       8.0835075
       72.971466
       0.0000000       100.00000      0.57598084      -1.0000000       378981.00
      0.94114733       1.5658361      -1.0000000      -1.0000000      -1.0000000
      -1.0000000      -1.0000000      -1.0000000       82.063934       7.9492240
       71.499855
       0.0000000       99.000000      0.59854329      -1.0000000       375307.00
      0.87378389       1.3896792      -1.0000000      -1.0000000      -1.0000000
      -1.0000000      -1.0000000      -1.0000000       80.571587       7.5409942
       71.487122
       0.0000000       98.000000      0.62142873      -1.0000000       372318.00
      0.88229007       1.1749859      -1.0000000      -1.0000000      -1.0000000
      -1.0000000      -1.0000000      -1.0000000       80.075058       7.5452347
       71.142197
       0.0000000       97.000000      0.64464182      -1.0000000       370503.00
      0.85510778       1.2181714      -1.0000000      -1.0000000      -1.0000000
      -1.0000000      -1.0000000      -1.0000000       81.188263       7.2362022
       71.457275
       0.0000000       96.000000      0.67611039      -1.0000000       367785.00
      0.82564306       1.3477017      -1.0000000      -1.0000000      -1.0000000
      -1.0000000      -1.0000000      -1.0000000       81.867065       7.3882480
       70.430145
       0.0000000       95.000000      0.70010638      -1.0000000       345324.00
      0.80331737       1.1885651      -1.0000000      -1.0000000      -1.0000000
      -1.0000000      -1.0000000      -1.0000000       80.985550       7.1798563
       73.290634
       0.0000000       94.000000      0.73263615      -1.0000000       374380.00
      0.78172153       1.0179415      -1.0000000      -1.0000000      -1.0000000
      -1.0000000      -1.0000000      -1.0000000       81.681923       7.0064249
       71.628746
       0.0000000       93.000000      0.75744140      -1.0000000       371274.00
      0.76040101       1.1417891      -1.0000000      -1.0000000      -1.0000000
      -1.0000000      -1.0000000      -1.0000000       82.624062       6.8290071
       71.906876
       1.0000000       93.000000      0.75744140      -1.0000000       1.0000000
   0.00021082062     0.012947016      -1.0000000      -1.0000000      -1.0000000
      -1.0000000      -1.0000000      -1.0000000      -1.0000000      -1.0000000
      -1.0000000
       0.0000000       92.000000      0.79106826      -1.0000000       366120.00
      0.73401904       1.4137722      -1.0000000      -1.0000000      -1.0000000
      -1.0000000      -1.0000000      -1.0000000       82.702385       7.0420427
       74.318680
       0.0000000       91.000000      0.81671000      -1.0000000       363327.00
      0.70734107       1.3174357      -1.0000000      -1.0000000      -1.0000000
      -1.0000000      -1.0000000      -1.0000000       82.756180       6.8156924
       76.065628
       0.0000000       90.000000      0.85147089      -1.0000000       359170.00
      0.65944982       1.1609651      -1.0000000      -1.0000000      -1.0000000
      -1.0000000      -1.0000000      -1.0000000       82.242050       6.2324338
       77.230797
       0.0000000       89.000000      0.88689691      -1.0000000       360368.00
      0.65764803       1.0736870      -1.0000000      -1.0000000      -1.0000000
      -1.0000000      -1.0000000      -1.0000000       82.776855       6.3337398
       75.839500
       1.0000000       89.000000      0.88689691      -1.0000000       1.0000000
   0.00038723514       0.0000000      -1.0000000      -1.0000000      -1.0000000
      -1.0000000      -1.0000000      -1.0000000      -1.0000000      -1.0000000
      -1.0000000
       0.0000000       88.000000      0.92300081      -1.0000000       355490.00
      0.62678832      0.99903268      -1.0000000      -1.0000000      -1.0000000
      -1.0000000      -1.0000000      -1.0000000       83.844940       6.0052714
       75.089333
       1.0000000       88.000000      0.92300081      -1.0000000       2.0000000
    0.0010349729     0.019926494      -1.0000000      -1.0000000      -1.0000000
      -1.0000000      -1.0000000      -1.0000000      -1.0000000      -1.0000000
      -1.0000000
       0.0000000       87.000000      0.95053136      -1.0000000       352392.00
      0.60925555       1.0096322      -1.0000000      -1.0000000      -1.0000000
      -1.0000000      -1.0000000      -1.0000000       84.386368       5.9739132
       75.621780
       1.0000000       87.000000      0.95053136      -1.0000000       3.0000000
    0.0044537500     0.061941313      -1.0000000      -1.0000000      -1.0000000
      -1.0000000      -1.0000000      -1.0000000      -1.0000000      -1.0000000
      -1.0000000
       0.0000000       86.000000      0.98785281      -1.0000000       348045.00
      0.56274027       1.0951653      -1.0000000      -1.0000000      -1.0000000
      -1.0000000      -1.0000000      -1.0000000       84.338562       5.4524136
       78.899696
       0.0000000       85.000000      0.99729425      -1.0000000       346821.00
      0.56196713       1.1433420      -1.0000000      -1.0000000      -1.0000000
      -1.0000000      -1.0000000      -1.0000000       84.240707       5.6526275
       80.970818
       0.0000000       84.000000       1.0355104      -1.0000000       343103.00
      0.52201527       1.0449858      -1.0000000      -1.0000000      -1.0000000
      -1.0000000      -1.0000000      -1.0000000       82.931152       5.2143264
       84.106438
       0.0000000       83.000000       1.0744579      -1.0000000       337317.00
      0.50435704      0.94135058      -1.0000000      -1.0000000      -1.0000000
      -1.0000000      -1.0000000      -1.0000000       80.338654       5.2220345
       86.131943
       0.0000000       82.000000       1.1141505      -1.0000000       334021.00
      0.50163954      0.81724709      -1.0000000      -1.0000000      -1.0000000
      -1.0000000      -1.0000000      -1.0000000       80.286972       5.1603432
       88.346901
       0.0000000       81.000000       1.1546028      -1.0000000       329418.00
      0.48623264      0.88052636      -1.0000000      -1.0000000      -1.0000000
      -1.0000000      -1.0000000      -1.0000000       80.628609       5.2420292
       89.278679
       0.0000000       80.000000       1.2062581      -1.0000000       322943.00
      0.46644008      0.68203658      -1.0000000      -1.0000000      -1.0000000
      -1.0000000      -1.0000000      -1.0000000       82.839851       4.5571723
       88.488068
       0.0000000       79.000000       1.2484726      -1.0000000       317826.00
      0.45158544      0.72971100      -1.0000000      -1.0000000      -1.0000000
      -1.0000000      -1.0000000      -1.0000000       83.519882       4.8135700
       84.367569
       1.0000000       79.000000       1.2484726      -1.0000000       1.0000000
     0.034671567      0.18095960      -1.0000000      -1.0000000      -1.0000000
      -1.0000000      -1.0000000      -1.0000000      -1.0000000      -1.0000000
      -1.0000000
       0.0000000       78.000000       1.3023784      -1.0000000       312628.00
      0.41119036      0.63576764      -1.0000000      -1.0000000      -1.0000000
      -1.0000000      -1.0000000      -1.0000000       88.113701       4.3003278
       73.658623
       0.0000000       77.000000       1.3575766      -1.0000000       303765.00
      0.38895345      0.93106580      -1.0000000      -1.0000000      -1.0000000
      -1.0000000      -1.0000000      -1.0000000       93.353477       4.4330621
       67.566566
       0.0000000       76.000000       1.4140983      -1.0000000       297942.00
      0.34981734      0.89448106      -1.0000000      -1.0000000      -1.0000000
      -1.0000000      -1.0000000      -1.0000000       90.622566       4.6516142
       70.497337
       0.0000000       75.000000       1.4719748      -1.0000000       292577.00
      0.32373333      0.71074033      -1.0000000      -1.0000000      -1.0000000
      -1.0000000      -1.0000000      -1.0000000       82.911293       3.9802241
       80.305710
       1.0000000       75.000000       1.4719748      -1.0000000       1.0000000
   0.00018003766       0.0000000      -1.0000000      -1.0000000      -1.0000000
      -1.0000000      -1.0000000      -1.0000000      -1.0000000      -1.0000000
      -1.0000000
       0.0000000       74.000000       1.5312390      -1.0000000       286380.00
      0.30952558      0.71208245      -1.0000000      -1.0000000      -1.0000000
      -1.0000000      -1.0000000      -1.0000000       79.683205       3.8809276
       78.420380
       0.0000000       73.000000       1.6042346      -1.0000000       280241.00
      0.27963901      0.59772235      -1.0000000      -1.0000000      -1.0000000
      -1.0000000      -1.0000000      -1.0000000       76.415672       3.4924259
       76.162025
       0.0000000       72.000000       1.6666696      -1.0000000       272290.00
      0.27761191      0.53839380      -1.0000000      -1.0000000      -1.0000000
      -1.0000000      -1.0000000      -1.0000000       76.460472       3.5826235
       75.586960
       0.0000000       71.000000       1.7435706      -1.0000000       265451.00
      0.25401890      0.66062051      -1.0000000      -1.0000000      -1.0000000
      -1.0000000      -1.0000000      -1.0000000       78.352348       3.3092384
       73.705360
       0.0000000       70.000000       1.8226893      -1.0000000       256059.00
      0.23886074      0.52007341      -1.0000000      -1.0000000      -1.0000000
      -1.0000000      -1.0000000      -1.0000000       79.509796       3.0739813
       71.389488
       0.0000000       69.000000       1.9040896      -1.0000000       247605.00
      0.22714445      0.64676845      -1.0000000      -1.0000000      -1.0000000
      -1.0000000      -1.0000000      -1.0000000       81.363022       3.2083414
       69.288513
       0.0000000       68.000000       2.0020282      -1.0000000       253367.00
      0.19720021      0.49941713      -1.0000000      -1.0000000      -1.0000000
      -1.0000000      -1.0000000      -1.0000000       78.639519       2.9395955
       71.974983
       0.0000000       67.000000       2.1032696      -1.0000000       246853.00
      0.18322226      0.49344018      -1.0000000      -1.0000000      -1.0000000
      -1.0000000      -1.0000000      -1.0000000       78.424217       2.9158762
       68.857971
       0.0000000       66.000000       2.2079256      -1.0000000       233784.00
      0.17170259      0.47759089      -1.0000000      -1.0000000      -1.0000000
      -1.0000000      -1.0000000      -1.0000000       78.563805       2.8878732
       70.600632
       0.0000000       65.000000       2.3161108      -1.0000000       225223.00
      0.14967057      0.47200865      -1.0000000      -1.0000000      -1.0000000
      -1.0000000      -1.0000000      -1.0000000       78.165756       2.4894867
       74.058395
       0.0000000       64.000000       2.4442258      -1.0000000       212494.00
      0.12625071      0.53821820      -1.0000000      -1.0000000      -1.0000000
      -1.0000000      -1.0000000      -1.0000000       78.667770       2.7451761
       77.684044
       0.0000000       63.000000       2.5772903      -1.0000000       198642.00
      0.11036132      0.44236192      -1.0000000      -1.0000000      -1.0000000
      -1.0000000      -1.0000000      -1.0000000       77.239975       2.5118945
       80.275230
       1.0000000       63.000000       2.5772903      -1.0000000       1.0000000
   0.00034472413   0.00060045568      -1.0000000      -1.0000000      -1.0000000
      -1.0000000      -1.0000000      -1.0000000      -1.0000000      -1.0000000
      -1.0000000
       0.0000000       62.000000       2.7331426      -1.0000000       185171.00
     0.095824704      0.44590154      -1.0000000      -1.0000000      -1.0000000
      -1.0000000      -1.0000000      -1.0000000       79.800659       2.6511555
       74.213768
       0.0000000       61.000000       2.8957851      -1.0000000       173832.00
     0.074455693      0.53596491      -1.0000000      -1.0000000      -1.0000000
      -1.0000000      -1.0000000      -1.0000000       81.879906       2.7730544
       71.821800
       1.0000000       61.000000       2.8957851      -1.0000000       1.0000000
       0.0000000       0.0000000      -1.0000000      -1.0000000      -1.0000000
      -1.0000000      -1.0000000      -1.0000000      -1.0000000      -1.0000000
      -1.0000000
