       0.0000000       135.00000       0.0000000       2691.0000       459816.00
       1.5103483       1.0837946      0.44604725      0.48387092      0.37360379
       25.505213      -27.759975       73.950562       80.810486       8.0781860
       83.381180
       0.0000000       134.00000    0.0095216669      -1.0000000       457779.00
       1.4790550       1.1335738      -1.0000000      -1.0000000      -1.0000000
      -1.0000000      -1.0000000      -1.0000000       80.483536       7.5693488
       87.731537
       0.0000000       133.00000     0.023974428      -1.0000000       449953.00
       1.4577202       1.2680674      -1.0000000      -1.0000000      -1.0000000
      -1.0000000      -1.0000000      -1.0000000       79.534760       7.7382441
       92.292496
       0.0000000       132.00000     0.033724371      -1.0000000       452865.00
       1.4394839       1.0209960      -1.0000000      -1.0000000      -1.0000000
      -1.0000000      -1.0000000      -1.0000000       79.302567       7.4660478
       92.651451
       0.0000000       131.00000     0.048523631      -1.0000000       449029.00
       1.4150802       1.1012156      -1.0000000      -1.0000000      -1.0000000
      -1.0000000      -1.0000000      -1.0000000       79.947868       7.4091334
       93.631950
       0.0000000       130.00000     0.058507323      -1.0000000       442715.00
       1.4134604       1.0565104      -1.0000000      -1.0000000      -1.0000000
      -1.0000000      -1.0000000      -1.0000000       80.075439       7.5387912
       93.053406
       0.0000000       129.00000     0.073661387      -1.0000000       439390.00
       1.3905082       1.1176807      -1.0000000      -1.0000000      -1.0000000
      -1.0000000      -1.0000000      -1.0000000       81.309715       7.3985214
       93.386528
       0.0000000       128.00000     0.083884433      -1.0000000       440776.00
       1.3842432       1.1258677      -1.0000000      -1.0000000      -1.0000000
      -1.0000000      -1.0000000      -1.0000000       81.794693       7.5732951
       90.688377
       0.0000000       127.00000     0.099401802      -1.0000000       438655.00
       1.3505039       1.1869277      -1.0000000      -1.0000000      -1.0000000
      -1.0000000      -1.0000000      -1.0000000       82.779449       7.4277635
       89.527466
       0.0000000       126.00000      0.10986994      -1.0000000       437447.00
       1.3509988       1.0899937      -1.0000000      -1.0000000      -1.0000000
      -1.0000000      -1.0000000      -1.0000000       83.446671       7.3275671
       86.650475
       0.0000000       125.00000      0.12575933      -1.0000000       435075.00
       1.3125540      0.95890886      -1.0000000      -1.0000000      -1.0000000
      -1.0000000      -1.0000000      -1.0000000       84.378143       7.1793299
       85.294731
       0.0000000       124.00000      0.14187621      -1.0000000       432547.00
       1.3146367      0.94171935      -1.0000000      -1.0000000      -1.0000000
      -1.0000000      -1.0000000      -1.0000000       85.843895       7.0696559
       83.455940
       0.0000000       123.00000      0.15274876      -1.0000000       431357.00
       1.2757077       1.0335652      -1.0000000      -1.0000000      -1.0000000
      -1.0000000      -1.0000000      -1.0000000       86.557541       6.9609933
       80.579803
       0.0000000       122.00000      0.16925204      -1.0000000       428871.00
       1.2729049      0.98300064      -1.0000000      -1.0000000      -1.0000000
      -1.0000000      -1.0000000      -1.0000000       87.647354       7.0466576
       79.601517
       0.0000000       121.00000      0.18038526      -1.0000000       426665.00
       1.2443008      0.97922879      -1.0000000      -1.0000000      -1.0000000
      -1.0000000      -1.0000000      -1.0000000       88.283745       7.0199170
       79.149742
       0.0000000       120.00000      0.19728418      -1.0000000       424054.00
       1.2481967      0.89316899      -1.0000000      -1.0000000      -1.0000000
      -1.0000000      -1.0000000      -1.0000000       87.619141       7.1575737
       79.550644
       0.0000000       119.00000      0.21442504      -1.0000000       421484.00
       1.2510049       1.1262723      -1.0000000      -1.0000000      -1.0000000
      -1.0000000      -1.0000000      -1.0000000       85.783386       7.3327365
       79.509583
       0.0000000       118.00000      0.22598839      -1.0000000       419997.00
       1.2141988       1.1871295      -1.0000000      -1.0000000      -1.0000000
      -1.0000000      -1.0000000      -1.0000000       84.790077       7.2271471
       79.115562
       0.0000000       117.00000      0.24354018      -1.0000000       417224.00
       1.1844243      0.91839999      -1.0000000      -1.0000000      -1.0000000
      -1.0000000      -1.0000000      -1.0000000       81.997490       6.6843948
       77.127663
       0.0000000       116.00000      0.26134327      -1.0000000       414076.00
       1.1793948      0.81489235      -1.0000000      -1.0000000      -1.0000000
      -1.0000000      -1.0000000      -1.0000000       80.980553       6.7349315
       75.421455
       1.0000000       116.00000      0.26134327      -1.0000000       1.0000000
   0.00034179050     0.022601042      -1.0000000      -1.0000000      -1.0000000
      -1.0000000      -1.0000000      -1.0000000      -1.0000000      -1.0000000
      -1.0000000
       0.0000000       115.00000      0.27335334      -1.0000000       412027.00
       1.1703987      0.87915665      -1.0000000      -1.0000000      -1.0000000
      -1.0000000      -1.0000000      -1.0000000       81.211372       6.8064823
       74.327377
       0.0000000       114.00000      0.29158324      -1.0000000       410768.00
       1.1352336       1.0551554      -1.0000000      -1.0000000      -1.0000000
      -1.0000000      -1.0000000      -1.0000000       81.665649       6.6116333
       70.236237
       0.0000000       113.00000      0.31007412      -1.0000000       408769.00
       1.1194357      0.95563465      -1.0000000      -1.0000000      -1.0000000
      -1.0000000      -1.0000000      -1.0000000       80.506630       6.6535072
       68.359573
       0.0000000       112.00000      0.32882974      -1.0000000       404615.00
       1.0906520      0.87537271      -1.0000000      -1.0000000      -1.0000000
      -1.0000000      -1.0000000      -1.0000000       79.768539       6.3803778
       67.085571
       0.0000000       111.00000      0.34785384      -1.0000000       402046.00
       1.0928448      0.91644216      -1.0000000      -1.0000000      -1.0000000
      -1.0000000      -1.0000000      -1.0000000       78.738258       6.5645514
       67.940285
       0.0000000       110.00000      0.36068764      -1.0000000       400334.00
       1.0606430       1.0094311      -1.0000000      -1.0000000      -1.0000000
      -1.0000000      -1.0000000      -1.0000000       78.508553       6.3184614
       69.034752
       0.0000000       109.00000      0.38016787      -1.0000000       397001.00
       1.0644338      0.93120360      -1.0000000      -1.0000000      -1.0000000
      -1.0000000      -1.0000000      -1.0000000       76.940086       6.4932785
       67.915672
       0.0000000       108.00000      0.39992696      -1.0000000       395906.00
       1.0347928      0.92774165      -1.0000000      -1.0000000      -1.0000000
      -1.0000000      -1.0000000      -1.0000000       77.284882       6.4163361
       64.908867
       0.0000000       107.00000      0.41996893      -1.0000000       391847.00
       1.0235548      0.89181173      -1.0000000      -1.0000000      -1.0000000
      -1.0000000      -1.0000000      -1.0000000       78.048210       6.3165607
       63.148548
       0.0000000       106.00000      0.44029784      -1.0000000       388573.00
       1.0097803      0.87914634      -1.0000000      -1.0000000      -1.0000000
      -1.0000000      -1.0000000      -1.0000000       79.263275       6.4460621
       61.635159
       0.0000000       105.00000      0.46091780      -1.0000000       418437.00
      0.98810869      0.91714495      -1.0000000      -1.0000000      -1.0000000
      -1.0000000      -1.0000000      -1.0000000       80.090477       6.1429715
       58.935951
       0.0000000       104.00000      0.48183295      -1.0000000       415434.00
      0.96461028      0.86836249      -1.0000000      -1.0000000      -1.0000000
      -1.0000000      -1.0000000      -1.0000000       79.473190       6.1602273
       59.409916
       1.0000000       104.00000      0.48183295      -1.0000000       1.0000000
   0.00034179050     0.022601042      -1.0000000      -1.0000000      -1.0000000
      -1.0000000      -1.0000000      -1.0000000      -1.0000000      -1.0000000
      -1.0000000
       0.0000000       103.00000      0.50304753      -1.0000000       411836.00
      0.95973599      0.85541570      -1.0000000      -1.0000000      -1.0000000
      -1.0000000      -1.0000000      -1.0000000       80.540199       6.2307081
       59.743996
       0.0000000       102.00000      0.52456582      -1.0000000       409942.00
      0.94051403       1.0216689      -1.0000000      -1.0000000      -1.0000000
      -1.0000000      -1.0000000      -1.0000000       81.822990       6.3971353
       58.986023
       0.0000000       101.00000      0.54639220      -1.0000000       408372.00
      0.91609865      0.96868157      -1.0000000      -1.0000000      -1.0000000
      -1.0000000      -1.0000000      -1.0000000       81.824844       6.2909174
       57.898582
       0.0000000       100.00000      0.57598084      -1.0000000       404373.00
      0.89827865      0.81547040      -1.0000000      -1.0000000      -1.0000000
      -1.0000000      -1.0000000      -1.0000000       81.883484       6.1417980
       58.166656
       0.0000000       99.000000      0.59854329      -1.0000000       400583.00
      0.88623226      0.83451843      -1.0000000      -1.0000000      -1.0000000
      -1.0000000      -1.0000000      -1.0000000       81.432274       6.0836492
       59.957481
       0.0000000       98.000000      0.62142873      -1.0000000       397569.00
      0.85870415      0.98949587      -1.0000000      -1.0000000      -1.0000000
      -1.0000000      -1.0000000      -1.0000000       81.477249       6.0006533
       61.146194
       0.0000000       97.000000      0.64464182      -1.0000000       391259.00
      0.85415906      0.89865482      -1.0000000      -1.0000000      -1.0000000
      -1.0000000      -1.0000000      -1.0000000       80.215584       6.1664104
       61.197670
       0.0000000       96.000000      0.67611039      -1.0000000       391079.00
      0.84263265      0.94571906      -1.0000000      -1.0000000      -1.0000000
      -1.0000000      -1.0000000      -1.0000000       81.728607       6.1230326
       60.126202
       0.0000000       95.000000      0.70010638      -1.0000000       387267.00
      0.82599998       1.0036125      -1.0000000      -1.0000000      -1.0000000
      -1.0000000      -1.0000000      -1.0000000       82.288368       6.1974764
       59.808567
       0.0000000       94.000000      0.73263615      -1.0000000       385039.00
      0.79733914      0.96037966      -1.0000000      -1.0000000      -1.0000000
      -1.0000000      -1.0000000      -1.0000000       81.182640       6.0792356
       60.946747
       1.0000000       94.000000      0.73263615      -1.0000000       1.0000000
       0.0000000       0.0000000      -1.0000000      -1.0000000      -1.0000000
      -1.0000000      -1.0000000      -1.0000000      -1.0000000      -1.0000000
      -1.0000000
       0.0000000       93.000000      0.75744140      -1.0000000       382313.00
      0.78046316      0.94475794      -1.0000000      -1.0000000      -1.0000000
      -1.0000000      -1.0000000      -1.0000000       80.291710       6.0348363
       63.853600
       0.0000000       92.000000      0.79106826      -1.0000000       380164.00
      0.76079327       1.0030844      -1.0000000      -1.0000000      -1.0000000
      -1.0000000      -1.0000000      -1.0000000       79.665886       5.9732881
       66.935677
       0.0000000       91.000000      0.81671000      -1.0000000       377313.00
      0.73424852      0.91598004      -1.0000000      -1.0000000      -1.0000000
      -1.0000000      -1.0000000      -1.0000000       79.542023       5.9185081
       67.353081
       0.0000000       90.000000      0.85147089      -1.0000000       373417.00
      0.72120517      0.78248072      -1.0000000      -1.0000000      -1.0000000
      -1.0000000      -1.0000000      -1.0000000       81.498032       5.7362671
       65.715172
       1.0000000       90.000000      0.85147089      -1.0000000       2.0000000
       0.0000000       0.0000000      -1.0000000      -1.0000000      -1.0000000
      -1.0000000      -1.0000000      -1.0000000      -1.0000000      -1.0000000
      -1.0000000
       0.0000000       89.000000      0.88689691      -1.0000000       370843.00
      0.69384682      0.92093247      -1.0000000      -1.0000000      -1.0000000
      -1.0000000      -1.0000000      -1.0000000       84.356621       5.9632058
       61.335026
       1.0000000       89.000000      0.88689691      -1.0000000       2.0000000
    0.0011479879     0.046869315      -1.0000000      -1.0000000      -1.0000000
      -1.0000000      -1.0000000      -1.0000000      -1.0000000      -1.0000000
      -1.0000000
       0.0000000       88.000000      0.92300081      -1.0000000       366558.00
      0.68780917      0.97378820      -1.0000000      -1.0000000      -1.0000000
      -1.0000000      -1.0000000      -1.0000000       88.033104       5.9592676
       58.896706
       1.0000000       88.000000      0.92300081      -1.0000000       1.0000000
   0.00057399395     0.023434658      -1.0000000      -1.0000000      -1.0000000
      -1.0000000      -1.0000000      -1.0000000      -1.0000000      -1.0000000
      -1.0000000
       0.0000000       87.000000      0.95053136      -1.0000000       364902.00
      0.64978349       1.2619746      -1.0000000      -1.0000000      -1.0000000
      -1.0000000      -1.0000000      -1.0000000       86.525032       6.1868634
       60.556202
       0.0000000       86.000000      0.98785281      -1.0000000       359337.00
      0.62305385       1.0424229      -1.0000000      -1.0000000      -1.0000000
      -1.0000000      -1.0000000      -1.0000000       81.844589       5.9242773
       65.575371
       0.0000000       85.000000      0.99729425      -1.0000000       358582.00
      0.61665601      0.97575277      -1.0000000      -1.0000000      -1.0000000
      -1.0000000      -1.0000000      -1.0000000       80.979919       5.8693705
       66.782303
       0.0000000       84.000000       1.0355104      -1.0000000       354867.00
      0.60052681      0.96140563      -1.0000000      -1.0000000      -1.0000000
      -1.0000000      -1.0000000      -1.0000000       79.191803       5.6597767
       70.967636
       1.0000000       84.000000       1.0355104      -1.0000000       1.0000000
   0.00082021876     0.027319666      -1.0000000      -1.0000000      -1.0000000
      -1.0000000      -1.0000000      -1.0000000      -1.0000000      -1.0000000
      -1.0000000
       0.0000000       83.000000       1.0744579      -1.0000000       343884.00
      0.59183633      0.93061864      -1.0000000      -1.0000000      -1.0000000
      -1.0000000      -1.0000000      -1.0000000       79.706154       5.5939879
       72.669167
       0.0000000       82.000000       1.1141505      -1.0000000       339912.00
      0.56211668      0.97078204      -1.0000000      -1.0000000      -1.0000000
      -1.0000000      -1.0000000      -1.0000000       80.593910       5.6175828
       71.448822
       0.0000000       81.000000       1.1546028      -1.0000000       340700.00
      0.54795218      0.88004625      -1.0000000      -1.0000000      -1.0000000
      -1.0000000      -1.0000000      -1.0000000       82.314751       5.4419131
       68.447769
       1.0000000       81.000000       1.1546028      -1.0000000       1.0000000
       0.0000000       0.0000000      -1.0000000      -1.0000000      -1.0000000
      -1.0000000      -1.0000000      -1.0000000      -1.0000000      -1.0000000
      -1.0000000
       0.0000000       80.000000       1.2062581      -1.0000000       334190.00
      0.52350444       1.0401746      -1.0000000      -1.0000000      -1.0000000
      -1.0000000      -1.0000000      -1.0000000       84.156540       5.5487776
       68.401512
       0.0000000       79.000000       1.2484726      -1.0000000       329160.00
      0.50458062      0.94387662      -1.0000000      -1.0000000      -1.0000000
      -1.0000000      -1.0000000      -1.0000000       84.326370       5.6558805
       71.964371
       1.0000000       79.000000       1.2484726      -1.0000000       1.0000000
   0.00016634639       0.0000000      -1.0000000      -1.0000000      -1.0000000
      -1.0000000      -1.0000000      -1.0000000      -1.0000000      -1.0000000
      -1.0000000
       0.0000000       78.000000       1.3023784      -1.0000000       322578.00
      0.47092432      0.76891041      -1.0000000      -1.0000000      -1.0000000
      -1.0000000      -1.0000000      -1.0000000       83.740021       5.2637563
       73.871231
       0.0000000       77.000000       1.3575766      -1.0000000       314319.00
      0.45915851      0.68300021      -1.0000000      -1.0000000      -1.0000000
      -1.0000000      -1.0000000      -1.0000000       84.966866       5.1447778
       74.439590
       0.0000000       76.000000       1.4140983      -1.0000000       300005.00
      0.45382813      0.59778380      -1.0000000      -1.0000000      -1.0000000
      -1.0000000      -1.0000000      -1.0000000       88.185440       5.3892736
       70.906342
       0.0000000       75.000000       1.4719748      -1.0000000       289071.00
      0.42570031       1.2953748      -1.0000000      -1.0000000      -1.0000000
      -1.0000000      -1.0000000      -1.0000000       88.654793       5.6560326
       72.880867
       0.0000000       74.000000       1.5312390      -1.0000000       280893.00
      0.39318484       1.1354917      -1.0000000      -1.0000000      -1.0000000
      -1.0000000      -1.0000000      -1.0000000       85.138390       5.8450012
       79.674614
       1.0000000       74.000000       1.5312390      -1.0000000       1.0000000
       0.0000000       0.0000000      -1.0000000      -1.0000000      -1.0000000
      -1.0000000      -1.0000000      -1.0000000      -1.0000000      -1.0000000
      -1.0000000
       0.0000000       73.000000       1.6042346      -1.0000000       270708.00
      0.35403267      0.92635763      -1.0000000      -1.0000000      -1.0000000
      -1.0000000      -1.0000000      -1.0000000       85.395538       5.0906515
       85.362366
       0.0000000       72.000000       1.6666696      -1.0000000       262061.00
      0.34010303      0.77465773      -1.0000000      -1.0000000      -1.0000000
      -1.0000000      -1.0000000      -1.0000000       84.585487       4.7433805
       91.618896
       1.0000000       72.000000       1.6666696      -1.0000000       1.0000000
       0.0000000       0.0000000      -1.0000000      -1.0000000      -1.0000000
      -1.0000000      -1.0000000      -1.0000000      -1.0000000      -1.0000000
      -1.0000000
       0.0000000       71.000000       1.7435706      -1.0000000       253102.00
      0.31702691      0.92096782      -1.0000000      -1.0000000      -1.0000000
      -1.0000000      -1.0000000      -1.0000000       86.886032       4.7275457
       96.902504
       0.0000000       70.000000       1.8226893      -1.0000000       246033.00
      0.26953343      0.61683202      -1.0000000      -1.0000000      -1.0000000
      -1.0000000      -1.0000000      -1.0000000       89.685081       3.9494245
       87.753418
       1.0000000       70.000000       1.8226893      -1.0000000       2.0000000
     0.013046457     0.063301496      -1.0000000      -1.0000000      -1.0000000
      -1.0000000      -1.0000000      -1.0000000      -1.0000000      -1.0000000
      -1.0000000
       0.0000000       69.000000       1.9040896      -1.0000000       241648.00
      0.22776496      0.72978783      -1.0000000      -1.0000000      -1.0000000
      -1.0000000      -1.0000000      -1.0000000       97.121483       5.3495641
       79.024727
       2.0000000       69.000000       1.9040896      0.26551965       67.000000
     0.039730351      0.18741074      -1.0000000      -1.0000000      -1.0000000
      -1.0000000      -1.0000000      -1.0000000      -1.0000000      -1.0000000
      -1.0000000
       1.0000000       69.000000       1.9040896      -1.0000000       1.0000000
     0.013046457     0.063301496      -1.0000000      -1.0000000      -1.0000000
      -1.0000000      -1.0000000      -1.0000000      -1.0000000      -1.0000000
      -1.0000000
       0.0000000       68.000000       2.0020282      -1.0000000       226876.00
      0.26352057       1.4939015      -1.0000000      -1.0000000      -1.0000000
      -1.0000000      -1.0000000      -1.0000000       106.67248       7.6938243
       66.816116
       1.0000000       68.000000       2.0020282      -1.0000000       2.0000000
    0.0073300747    0.0058121309      -1.0000000      -1.0000000      -1.0000000
      -1.0000000      -1.0000000      -1.0000000      -1.0000000      -1.0000000
      -1.0000000
       0.0000000       67.000000       2.1032696      -1.0000000       215170.00
      0.14963244      0.52481478      -1.0000000      -1.0000000      -1.0000000
      -1.0000000      -1.0000000      -1.0000000       86.528091       2.2323468
       95.358978
       1.0000000       67.000000       2.1032696      -1.0000000       1.0000000
   0.00018938890       0.0000000      -1.0000000      -1.0000000      -1.0000000
      -1.0000000      -1.0000000      -1.0000000      -1.0000000      -1.0000000
      -1.0000000
       0.0000000       66.000000       2.2079256      -1.0000000       204964.00
      0.12208913      0.43964425      -1.0000000      -1.0000000      -1.0000000
      -1.0000000      -1.0000000      -1.0000000       76.954117       1.9805582
       78.755898
       1.0000000       66.000000       2.2079256      -1.0000000       1.0000000
       0.0000000       0.0000000      -1.0000000      -1.0000000      -1.0000000
      -1.0000000      -1.0000000      -1.0000000      -1.0000000      -1.0000000
      -1.0000000
       0.0000000       65.000000       2.3161108      -1.0000000       194948.00
      0.10737714      0.37313321      -1.0000000      -1.0000000      -1.0000000
      -1.0000000      -1.0000000      -1.0000000       77.898544       1.9894890
       71.948792
       1.0000000       65.000000       2.3161108      -1.0000000       3.0000000
       0.0000000       0.0000000      -1.0000000      -1.0000000      -1.0000000
      -1.0000000      -1.0000000      -1.0000000      -1.0000000      -1.0000000
      -1.0000000
       0.0000000       64.000000       2.4442258      -1.0000000       223789.00
     0.088357314      0.34452584      -1.0000000      -1.0000000      -1.0000000
      -1.0000000      -1.0000000      -1.0000000       76.232666       1.7451551
       73.975693
       1.0000000       64.000000       2.4442258      -1.0000000       1.0000000
   0.00050469645    0.0017567363      -1.0000000      -1.0000000      -1.0000000
      -1.0000000      -1.0000000      -1.0000000      -1.0000000      -1.0000000
      -1.0000000
       0.0000000       63.000000       2.5772903      -1.0000000       209450.00
     0.079273455      0.40232027      -1.0000000      -1.0000000      -1.0000000
      -1.0000000      -1.0000000      -1.0000000       74.693604       2.0036409
       72.993958
       0.0000000       62.000000       2.7331426      -1.0000000       199389.00
     0.067558840      0.24540889      -1.0000000      -1.0000000      -1.0000000
      -1.0000000      -1.0000000      -1.0000000       72.324966       1.5112315
       70.336693
       0.0000000       61.000000       2.8957851      -1.0000000       188032.00
     0.054820061      0.30202737      -1.0000000      -1.0000000      -1.0000000
      -1.0000000      -1.0000000      -1.0000000       73.987610       1.4336141
       63.445538
       1.0000000       61.000000       2.8957851      -1.0000000       2.0000000
       0.0000000       0.0000000      -1.0000000      -1.0000000      -1.0000000
      -1.0000000      -1.0000000      -1.0000000      -1.0000000      -1.0000000
      -1.0000000
