       0.0000000       135.00000       0.0000000       79.000000       223486.00
       15.142192       2.0625355      0.58974576      0.72727275      0.75540972
       433.48944       76.284363       205.00346       145.27946       47.485359
       99.489151
       0.0000000       134.00000    0.0095216669       151.00000       264150.00
       15.107306       2.0000594      0.59300268      0.73529410      0.76015544
       429.57159       83.220955       214.33786       144.04144       47.273354
       103.92413
       1.0000000       134.00000    0.0095216669      -1.0000000       1.0000000
       0.0000000       0.0000000      -1.0000000      -1.0000000      -1.0000000
      -1.0000000      -1.0000000      -1.0000000      -1.0000000      -1.0000000
      -1.0000000
       0.0000000       133.00000     0.023974428       541.00000       347811.00
       15.051775       2.0268517      0.58988047      0.72727275      0.75214314
       420.18317       88.836800       238.52809       143.32344       47.106777
       107.54446
       0.0000000       132.00000     0.033724371       593.00000       352872.00
       15.017419       2.1117976      0.59034491      0.73529410      0.76192153
       416.39087       82.998344       254.94884       144.14998       47.178013
       106.19110
       0.0000000       131.00000     0.048523631       542.00000       342386.00
       15.004335       2.3816066      0.58794045      0.74285710      0.75839293
       411.13461       75.327873       274.15836       144.86801       47.397011
       106.48420
       1.0000000       131.00000     0.048523631      -1.0000000       3.0000000
     0.016344236     0.087973796      -1.0000000      -1.0000000      -1.0000000
      -1.0000000      -1.0000000      -1.0000000      -1.0000000      -1.0000000
      -1.0000000
       0.0000000       130.00000     0.058507323       598.00000       346791.00
       14.978557       2.7211556      0.58676952      0.73529410      0.75724405
       412.03186       58.244057       282.76437       145.30312       47.848461
       106.24895
       1.0000000       130.00000     0.058507323      -1.0000000       1.0000000
   0.00040820101       0.0000000      -1.0000000      -1.0000000      -1.0000000
      -1.0000000      -1.0000000      -1.0000000      -1.0000000      -1.0000000
      -1.0000000
       0.0000000       129.00000     0.073661387       605.00000       345034.00
       14.829593       3.0239475      0.58765209      0.74285710      0.75911081
       429.38962       49.829563       261.24353       145.59814       47.477406
       106.52074
       1.0000000       129.00000     0.073661387      -1.0000000       1.0000000
     0.015085824     0.071288176      -1.0000000      -1.0000000      -1.0000000
      -1.0000000      -1.0000000      -1.0000000      -1.0000000      -1.0000000
      -1.0000000
       0.0000000       128.00000     0.083884433       595.00000       341950.00
       14.835649       2.9633424      0.58384866      0.70967740      0.74087530
       432.75098       57.043896       258.27026       145.39526       47.924461
       107.06074
       1.0000000       128.00000     0.083884433      -1.0000000       1.0000000
       0.0000000       0.0000000      -1.0000000      -1.0000000      -1.0000000
      -1.0000000      -1.0000000      -1.0000000      -1.0000000      -1.0000000
      -1.0000000
       0.0000000       127.00000     0.099401802       604.00000       340401.00
       14.763993       2.7100499      0.58578706      0.72727275      0.75480026
       438.15366       66.940002       256.81729       145.24789       47.409084
       107.87955
       1.0000000       127.00000     0.099401802      -1.0000000       1.0000000
   0.00028890613       0.0000000      -1.0000000      -1.0000000      -1.0000000
      -1.0000000      -1.0000000      -1.0000000      -1.0000000      -1.0000000
      -1.0000000
       0.0000000       126.00000      0.10986994       624.00000       340512.00
       14.690976       2.5911367      0.58446044      0.73529410      0.75290406
       440.41934       76.898529       253.17065       145.16350       46.842606
       108.17304
       0.0000000       125.00000      0.12575933       625.00000       338079.00
       14.667598       2.6302006      0.58302397      0.72727275      0.74096322
       441.25729       93.782898       257.93295       145.02927       46.875111
       109.17645
       1.0000000       125.00000      0.12575933      -1.0000000       1.0000000
   0.00033145043     0.016128665      -1.0000000      -1.0000000      -1.0000000
      -1.0000000      -1.0000000      -1.0000000      -1.0000000      -1.0000000
      -1.0000000
       0.0000000       124.00000      0.14187621       633.00000       335283.00
       14.583884       2.7743988      0.58174974      0.72727275      0.74642628
       435.88791       116.79851       269.57986       145.02904       46.807716
       110.47363
       0.0000000       123.00000      0.15274876       633.00000       333452.00
       14.625385       2.6321316      0.58004528      0.71875000      0.75029522
       430.61465       121.10881       277.26904       144.87579       46.856556
       111.25828
       0.0000000       122.00000      0.16925204       633.00000       330244.00
       14.566912       2.6738701      0.58012098      0.72727275      0.75534946
       420.24622       131.51506       297.12140       144.77740       46.638729
       111.88496
       1.0000000       122.00000      0.16925204      -1.0000000       1.0000000
       0.0000000       0.0000000      -1.0000000      -1.0000000      -1.0000000
      -1.0000000      -1.0000000      -1.0000000      -1.0000000      -1.0000000
      -1.0000000
       0.0000000       121.00000      0.18038526       643.00000       327978.00
       14.477940       2.1653955      0.58294547      0.73529410      0.75918067
       412.01581       142.54446       307.87943       144.55779       45.712475
       112.61996
       0.0000000       120.00000      0.19728418       641.00000       324645.00
       14.514872       1.9123046      0.58292168      0.73529410      0.74768001
       407.83527       146.49295       322.32666       145.44006       45.511959
       112.72151
       0.0000000       119.00000      0.21442504       644.00000       321937.00
       14.509778       1.7303239      0.58504707      0.73529410      0.75524086
       406.91071       139.89700       339.74564       145.72285       45.448860
       112.54439
       0.0000000       118.00000      0.22598839       639.00000       319300.00
       14.492051       1.5497730      0.58104086      0.74285710      0.75579816
       410.03030       139.18745       339.73639       145.62527       45.217377
       112.36052
       1.0000000       118.00000      0.22598839      -1.0000000       2.0000000
    0.0018571099     0.059536606      -1.0000000      -1.0000000      -1.0000000
      -1.0000000      -1.0000000      -1.0000000      -1.0000000      -1.0000000
      -1.0000000
       0.0000000       117.00000      0.24354018       643.00000       315331.00
       14.569621       1.5196245      0.57469505      0.74285710      0.74491519
       407.97003       149.00545       341.31140       146.44357       44.849575
       111.55391
       0.0000000       116.00000      0.26134327       631.00000       310519.00
       14.327742       1.5128137      0.58136135      0.68750000      0.73142028
       413.25250       154.34540       350.36670       147.88568       44.659130
       110.14011
       1.0000000       116.00000      0.26134327      -1.0000000       3.0000000
     0.065614837      0.28299195      -1.0000000      -1.0000000      -1.0000000
      -1.0000000      -1.0000000      -1.0000000      -1.0000000      -1.0000000
      -1.0000000
       0.0000000       115.00000      0.27335334       607.00000       305835.00
       14.614072       1.7266617      0.57937664      0.71875000      0.74797434
       414.59641       162.38039       349.61829       149.47905       46.069283
       109.20643
       1.0000000       115.00000      0.27335334      -1.0000000       1.0000000
       0.0000000       0.0000000      -1.0000000      -1.0000000      -1.0000000
      -1.0000000      -1.0000000      -1.0000000      -1.0000000      -1.0000000
      -1.0000000
       0.0000000       114.00000      0.29158324       603.00000       301716.00
       14.424273       3.6309924      0.57000911      0.77142859      0.76622254
       394.27115       178.77103       360.01453       150.26323       47.432442
       110.37015
       1.0000000       114.00000      0.29158324      -1.0000000       2.0000000
      0.18176985      0.43393075      -1.0000000      -1.0000000      -1.0000000
      -1.0000000      -1.0000000      -1.0000000      -1.0000000      -1.0000000
      -1.0000000
       0.0000000       113.00000      0.31007412       604.00000       298401.00
       14.327374       3.9159663      0.57153350      0.71875000      0.74235457
       384.05258       184.27939       378.57257       150.23331       47.111824
       110.60213
       1.0000000       113.00000      0.31007412      -1.0000000       2.0000000
     0.086650880      0.28069617      -1.0000000      -1.0000000      -1.0000000
      -1.0000000      -1.0000000      -1.0000000      -1.0000000      -1.0000000
      -1.0000000
       0.0000000       112.00000      0.32882974       637.00000       296464.00
       14.288093       3.8551719      0.57130170      0.72727275      0.74102461
       368.74838       167.45572       399.50018       149.98450       47.459393
       110.46712
       1.0000000       112.00000      0.32882974      -1.0000000       2.0000000
     0.045321903      0.27185504      -1.0000000      -1.0000000      -1.0000000
      -1.0000000      -1.0000000      -1.0000000      -1.0000000      -1.0000000
      -1.0000000
       0.0000000       111.00000      0.34785384       636.00000       293464.00
       14.112881       3.8010075      0.57433301      0.72727275      0.75202805
       379.20483       127.01251       408.50885       150.24174       46.727009
       111.60476
       1.0000000       111.00000      0.34785384      -1.0000000       2.0000000
     0.053587923      0.24884434      -1.0000000      -1.0000000      -1.0000000
      -1.0000000      -1.0000000      -1.0000000      -1.0000000      -1.0000000
      -1.0000000
       0.0000000       110.00000      0.36068764       635.00000       291503.00
       13.972605       3.4853573      0.57553738      0.74285710      0.74179858
       396.56281       118.68552       400.80875       150.01302       46.230255
       112.68726
       1.0000000       110.00000      0.36068764      -1.0000000       3.0000000
      0.10102412      0.38545064      -1.0000000      -1.0000000      -1.0000000
      -1.0000000      -1.0000000      -1.0000000      -1.0000000      -1.0000000
      -1.0000000
       0.0000000       109.00000      0.38016787       632.00000       287465.00
       13.841170       3.9745455      0.57746315      0.75675678      0.76635408
       411.30704       119.51821       394.51407       150.30875       45.723587
       112.79698
       1.0000000       109.00000      0.38016787      -1.0000000       2.0000000
     0.094834337      0.30527510      -1.0000000      -1.0000000      -1.0000000
      -1.0000000      -1.0000000      -1.0000000      -1.0000000      -1.0000000
      -1.0000000
       0.0000000       108.00000      0.39992696       632.00000       285321.00
       13.601719       4.0270972      0.57908434      0.73529410      0.74143535
       422.10892       139.61229       382.25391       150.11568       45.637424
       114.32864
       1.0000000       108.00000      0.39992696      -1.0000000       4.0000000
      0.16186876      0.42852481      -1.0000000      -1.0000000      -1.0000000
      -1.0000000      -1.0000000      -1.0000000      -1.0000000      -1.0000000
      -1.0000000
       0.0000000       107.00000      0.41996893       626.00000       280618.00
       13.442420       3.7268763      0.57777530      0.74285710      0.75554228
       425.19690       150.49699       382.61484       150.94641       45.046345
       115.34271
       1.0000000       107.00000      0.41996893      -1.0000000       3.0000000
     0.076857983      0.40935177      -1.0000000      -1.0000000      -1.0000000
      -1.0000000      -1.0000000      -1.0000000      -1.0000000      -1.0000000
      -1.0000000
       0.0000000       106.00000      0.44029784       617.00000       277195.00
       13.399153       4.6362314      0.57729661      0.68750000      0.74600798
       428.28403       132.94620       392.29733       151.27258       46.196667
       117.52014
       1.0000000       106.00000      0.44029784      -1.0000000       2.0000000
      0.10394119      0.46726194      -1.0000000      -1.0000000      -1.0000000
      -1.0000000      -1.0000000      -1.0000000      -1.0000000      -1.0000000
      -1.0000000
       0.0000000       105.00000      0.46091780       616.00000       273008.00
       13.074372       5.4754610      0.57421029      0.70588237      0.75843376
       418.47086       123.88989       388.76465       149.93956       45.529884
       119.86205
       1.0000000       105.00000      0.46091780      -1.0000000       2.0000000
     0.073769834      0.33506752      -1.0000000      -1.0000000      -1.0000000
      -1.0000000      -1.0000000      -1.0000000      -1.0000000      -1.0000000
      -1.0000000
       0.0000000       104.00000      0.48183295       613.00000       268671.00
       12.800340       5.5594997      0.57655215      0.69696975      0.73480195
       399.08670       102.90406       407.38358       148.94888       44.721733
       123.87878
       1.0000000       104.00000      0.48183295      -1.0000000       5.0000000
     0.038319311      0.25964600      -1.0000000      -1.0000000      -1.0000000
      -1.0000000      -1.0000000      -1.0000000      -1.0000000      -1.0000000
      -1.0000000
       0.0000000       103.00000      0.50304753       609.00000       263337.00
       12.530588       5.2514691      0.57984364      0.69696975      0.73450303
       395.02588       86.958702       411.94952       149.42259       43.788853
       126.17041
       1.0000000       103.00000      0.50304753      -1.0000000       2.0000000
     0.048039024      0.28742157      -1.0000000      -1.0000000      -1.0000000
      -1.0000000      -1.0000000      -1.0000000      -1.0000000      -1.0000000
      -1.0000000
       0.0000000       102.00000      0.52456582       599.00000       259476.00
       12.349915       5.2863355      0.58251876      0.68571424      0.71425992
       382.00626       72.470299       430.68005       150.22429       43.155136
       128.00027
       1.0000000       102.00000      0.52456582      -1.0000000       4.0000000
     0.057957685      0.19513785      -1.0000000      -1.0000000      -1.0000000
      -1.0000000      -1.0000000      -1.0000000      -1.0000000      -1.0000000
      -1.0000000
       0.0000000       101.00000      0.54639220       594.00000       255263.00
       12.247987       4.6490498      0.58411461      0.64516127      0.71657324
       387.66232       12.153394       444.09869       151.17116       42.212318
       129.17299
       1.0000000       101.00000      0.54639220      -1.0000000       2.0000000
     0.016673336      0.17269396      -1.0000000      -1.0000000      -1.0000000
      -1.0000000      -1.0000000      -1.0000000      -1.0000000      -1.0000000
      -1.0000000
       0.0000000       100.00000      0.57598084       590.00000       250639.00
       12.123250       4.1331549      0.58016568      0.71428573      0.73260617
       423.70605      -53.354931       400.33252       151.61885       41.592918
       129.61522
       1.0000000       100.00000      0.57598084      -1.0000000       3.0000000
    0.0010675911     0.030732384      -1.0000000      -1.0000000      -1.0000000
      -1.0000000      -1.0000000      -1.0000000      -1.0000000      -1.0000000
      -1.0000000
       0.0000000       99.000000      0.59854329       574.00000       243493.00
       11.753385       3.7575138      0.57759219      0.69696975      0.74716574
       455.06393      -63.418987       366.81918       153.65482       39.046860
       129.18561
       0.0000000       98.000000      0.62142873       563.00000       238330.00
       12.105195       3.4974473      0.57020348      0.71052635      0.74071729
       481.48828      -71.059738       332.78769       156.66124       41.615459
       128.76762
       1.0000000       98.000000      0.62142873      -1.0000000       1.0000000
     0.010401471     0.031130392      -1.0000000      -1.0000000      -1.0000000
      -1.0000000      -1.0000000      -1.0000000      -1.0000000      -1.0000000
      -1.0000000
       0.0000000       97.000000      0.64464182       549.00000       234099.00
       11.751342       6.1821432      0.57101291      0.69696975      0.73916119
       513.46747      -8.3112383       318.04926       159.46463       42.549599
       128.72627
       1.0000000       97.000000      0.64464182      -1.0000000       3.0000000
     0.015420646      0.12797375      -1.0000000      -1.0000000      -1.0000000
      -1.0000000      -1.0000000      -1.0000000      -1.0000000      -1.0000000
      -1.0000000
       0.0000000       96.000000      0.67611039       548.00000       230286.00
       11.276847       6.9655666      0.56066340      0.65714288      0.68394417
       432.15759       80.830040       380.32605       162.51866       42.352383
       130.65887
       1.0000000       96.000000      0.67611039      -1.0000000       4.0000000
     0.088055718      0.68918709      -1.0000000      -1.0000000      -1.0000000
      -1.0000000      -1.0000000      -1.0000000      -1.0000000      -1.0000000
      -1.0000000
       0.0000000       95.000000      0.70010638       551.00000       226958.00
       10.731775       6.6253686      0.55762440      0.67647058      0.68063128
       400.34424      -10.617860       398.94907       161.16344       40.379826
       132.48830
       1.0000000       95.000000      0.70010638      -1.0000000       4.0000000
      0.45054063      0.62549772      -1.0000000      -1.0000000      -1.0000000
      -1.0000000      -1.0000000      -1.0000000      -1.0000000      -1.0000000
      -1.0000000
       0.0000000       94.000000      0.73263615       553.00000       222354.00
       10.354677       6.8758650      0.55796844      0.63636363      0.68834579
       396.87378      -67.782593       390.05841       162.75534       40.936981
       137.41936
       1.0000000       94.000000      0.73263615      -1.0000000       3.0000000
     0.069656654      0.53644592      -1.0000000      -1.0000000      -1.0000000
      -1.0000000      -1.0000000      -1.0000000      -1.0000000      -1.0000000
      -1.0000000
       0.0000000       93.000000      0.75744140       557.00000       218143.00
       10.182746       7.0850363      0.55323476      0.73809522      0.68496960
       442.35519      -111.60910       361.83929       164.99246       41.616020
       141.66983
       1.0000000       93.000000      0.75744140      -1.0000000       5.0000000
     0.012353194      0.13690864      -1.0000000      -1.0000000      -1.0000000
      -1.0000000      -1.0000000      -1.0000000      -1.0000000      -1.0000000
      -1.0000000
       0.0000000       92.000000      0.79106826       542.00000       211465.00
       9.0892420       6.8234563      0.56366056      0.59375006      0.66706049
       380.06909      -140.10535       395.77661       162.53035       37.438007
       148.89075
       1.0000000       92.000000      0.79106826      -1.0000000       5.0000000
      0.30414279      0.64222682      -1.0000000      -1.0000000      -1.0000000
      -1.0000000      -1.0000000      -1.0000000      -1.0000000      -1.0000000
      -1.0000000
       0.0000000       91.000000      0.81671000       547.00000       208790.00
       8.9221010       7.3977351      0.53242612      0.71052635      0.68121439
       364.89987      -186.90775       345.68701       163.94757       38.927856
       153.01128
       1.0000000       91.000000      0.81671000      -1.0000000       4.0000000
     0.062796399      0.43853551      -1.0000000      -1.0000000      -1.0000000
      -1.0000000      -1.0000000      -1.0000000      -1.0000000      -1.0000000
      -1.0000000
       0.0000000       90.000000      0.85147089       550.00000       204476.00
       8.3085337       6.6275558      0.52472740      0.71052635      0.64827073
       374.01987      -233.03757       265.39932       165.56917       35.111488
       145.58148
       1.0000000       90.000000      0.85147089      -1.0000000       1.0000000
      0.10613911      0.77837020      -1.0000000      -1.0000000      -1.0000000
      -1.0000000      -1.0000000      -1.0000000      -1.0000000      -1.0000000
      -1.0000000
       0.0000000       89.000000      0.88689691       548.00000       200785.00
       7.7044530       4.5746431      0.43979183      0.72916669      0.61274695
       263.25644      -238.13371       232.16350       167.93872       33.159386
       137.17906
       1.0000000       89.000000      0.88689691      -1.0000000       6.0000000
      0.42931877      0.60396277      -1.0000000      -1.0000000      -1.0000000
      -1.0000000      -1.0000000      -1.0000000      -1.0000000      -1.0000000
      -1.0000000
       0.0000000       88.000000      0.92300081       562.00000       197658.00
       7.8111978       6.7954206      0.42111510      0.77999997      0.57447821
       213.88408      -282.07629       281.68875       181.52608       38.329399
       119.28120
       1.0000000       88.000000      0.92300081      -1.0000000       4.0000000
    0.0067895464      0.10043705      -1.0000000      -1.0000000      -1.0000000
      -1.0000000      -1.0000000      -1.0000000      -1.0000000      -1.0000000
      -1.0000000
       0.0000000       87.000000      0.95053136       596.00000       198079.00
       7.1382494       5.8220530      0.57739311      0.55172414      0.64610893
       232.06319      -443.80283       317.52493       183.60345       33.622467
       120.79332
       1.0000000       87.000000      0.95053136      -1.0000000       3.0000000
    0.0023340551     0.071765358      -1.0000000      -1.0000000      -1.0000000
      -1.0000000      -1.0000000      -1.0000000      -1.0000000      -1.0000000
      -1.0000000
       0.0000000       86.000000      0.98785281       600.00000       193869.00
       6.6755991       4.5171289      0.56238329      0.68571424      0.70159185
       217.59712      -465.59796       206.81363       164.60364       29.326723
       135.25090
       1.0000000       86.000000      0.98785281      -1.0000000       5.0000000
     0.030435642      0.37312302      -1.0000000      -1.0000000      -1.0000000
      -1.0000000      -1.0000000      -1.0000000      -1.0000000      -1.0000000
      -1.0000000
       0.0000000       85.000000      0.99729425       585.00000       190878.00
       6.6288576       4.2148623      0.58828193      0.71428573      0.71767861
       241.87831      -470.50137       201.72118       164.43184       29.158083
       137.02084
       1.0000000       85.000000      0.99729425      -1.0000000       1.0000000
   0.00033618335     0.011933577      -1.0000000      -1.0000000      -1.0000000
      -1.0000000      -1.0000000      -1.0000000      -1.0000000      -1.0000000
      -1.0000000
       0.0000000       84.000000       1.0355104       596.00000       187515.00
       6.4324040       3.6575859      0.56826997      0.67647058      0.72466820
       215.13022      -457.93561       260.26944       159.12808       27.509409
       138.90820
       1.0000000       84.000000       1.0355104      -1.0000000       3.0000000
    0.0091669814      0.19240588      -1.0000000      -1.0000000      -1.0000000
      -1.0000000      -1.0000000      -1.0000000      -1.0000000      -1.0000000
      -1.0000000
       0.0000000       83.000000       1.0744579       579.00000       180471.00
       6.2400055       4.8961520      0.55373085      0.77499998      0.71714294
       166.55008      -517.77826       99.703758       156.36124       28.557840
       143.47113
       1.0000000       83.000000       1.0744579      -1.0000000       1.0000000
     0.055756405      0.16633034      -1.0000000      -1.0000000      -1.0000000
      -1.0000000      -1.0000000      -1.0000000      -1.0000000      -1.0000000
      -1.0000000
       0.0000000       82.000000       1.1141505       602.00000       177197.00
       5.8955083       5.0169787      0.55914956      0.78048778      0.72909659
       285.29730      -461.33258       83.593956       155.13785       28.337868
       134.04454
       1.0000000       82.000000       1.1141505      -1.0000000       4.0000000
    0.0058360990      0.15545738      -1.0000000      -1.0000000      -1.0000000
      -1.0000000      -1.0000000      -1.0000000      -1.0000000      -1.0000000
      -1.0000000
       0.0000000       81.000000       1.1546028       605.00000       173759.00
       5.6779518       4.1653776      0.53806192      0.72500002      0.63188791
       271.74756      -401.66541       199.85948       156.46548       27.598097
       122.34406
       1.0000000       81.000000       1.1546028      -1.0000000       7.0000000
     0.021819559      0.13046855      -1.0000000      -1.0000000      -1.0000000
      -1.0000000      -1.0000000      -1.0000000      -1.0000000      -1.0000000
      -1.0000000
       0.0000000       80.000000       1.2062581       611.00000       167013.00
       5.3493905       4.2695317      0.53730536      0.77499998      0.67362517
       220.15976      -450.57993       185.99751       157.76463       27.721869
       112.37245
       1.0000000       80.000000       1.2062581      -1.0000000       6.0000000
     0.087854073      0.33252464      -1.0000000      -1.0000000      -1.0000000
      -1.0000000      -1.0000000      -1.0000000      -1.0000000      -1.0000000
      -1.0000000
       0.0000000       79.000000       1.2484726       684.00000       170416.00
       5.0090747       5.0465307      0.55584764      0.63636363      0.61787409
       194.98257      -453.20581       82.756851       153.33104       26.989902
       113.66380
       1.0000000       79.000000       1.2484726      -1.0000000       3.0000000
     0.064550677      0.29060034      -1.0000000      -1.0000000      -1.0000000
      -1.0000000      -1.0000000      -1.0000000      -1.0000000      -1.0000000
      -1.0000000
       0.0000000       78.000000       1.3023784       881.00000       180378.00
       4.5924039       5.4262500      0.55384493      0.61290324      0.57701713
       351.88892      -296.87338       38.200500       146.85884       26.636003
       109.29223
       1.0000000       78.000000       1.3023784      -1.0000000       4.0000000
     0.026697905      0.21275724      -1.0000000      -1.0000000      -1.0000000
      -1.0000000      -1.0000000      -1.0000000      -1.0000000      -1.0000000
      -1.0000000
       0.0000000       77.000000       1.3575766       891.00000       175072.00
       4.3246388       5.6743369      0.53257883      0.59375006      0.52105081
       315.11053      -250.53857       72.995178       143.31300       25.806507
       108.29242
       1.0000000       77.000000       1.3575766      -1.0000000       4.0000000
     0.010164242      0.17383623      -1.0000000      -1.0000000      -1.0000000
      -1.0000000      -1.0000000      -1.0000000      -1.0000000      -1.0000000
      -1.0000000
       0.0000000       76.000000       1.4140983       886.00000       168909.00
       4.0013022       4.5599236      0.50848258      0.60606062      0.48957515
       270.55197      -219.20300       137.02046       142.59273       24.003593
       105.94872
       1.0000000       76.000000       1.4140983      -1.0000000       2.0000000
    0.0028234355     0.037950460      -1.0000000      -1.0000000      -1.0000000
      -1.0000000      -1.0000000      -1.0000000      -1.0000000      -1.0000000
      -1.0000000
       0.0000000       75.000000       1.4719748       873.00000       161673.00
       3.7134550       5.0480013      0.50037163      0.65714288      0.54952848
       247.88477      -237.15572       136.34361       142.18484       23.605019
       110.50095
       1.0000000       75.000000       1.4719748      -1.0000000       3.0000000
     0.017022100      0.22031442      -1.0000000      -1.0000000      -1.0000000
      -1.0000000      -1.0000000      -1.0000000      -1.0000000      -1.0000000
      -1.0000000
       0.0000000       74.000000       1.5312390       902.00000       159333.00
       3.3498454       4.5420666      0.48125291      0.61290324      0.44335768
       189.09851      -161.68718       193.60292       138.17494       22.052078
       110.53072
       1.0000000       74.000000       1.5312390      -1.0000000       3.0000000
    0.0011817372     0.017952671      -1.0000000      -1.0000000      -1.0000000
      -1.0000000      -1.0000000      -1.0000000      -1.0000000      -1.0000000
      -1.0000000
       0.0000000       73.000000       1.6042346       1045.0000       160612.00
       3.0843203       3.3988721      0.46593288      0.51515150      0.40828797
       103.82890      -123.35812       210.19865       137.55473       20.285116
       114.81301
       1.0000000       73.000000       1.6042346      -1.0000000       1.0000000
    0.0067453207     0.076510496      -1.0000000      -1.0000000      -1.0000000
      -1.0000000      -1.0000000      -1.0000000      -1.0000000      -1.0000000
      -1.0000000
       0.0000000       72.000000       1.6666696       1064.0000       156238.00
       2.8405604       3.8092813      0.41572437      0.55882359      0.33167428
       59.543514      -140.90567       144.32069       137.32211       19.493536
       117.09327
       0.0000000       71.000000       1.7435706       1043.0000       147722.00
       2.5364168       3.5144823      0.38860860      0.47222227      0.27026606
       57.036602      -88.169113       112.61359       138.72198       18.577663
       121.50336
       1.0000000       71.000000       1.7435706      -1.0000000       3.0000000
     0.024239358     0.086627893      -1.0000000      -1.0000000      -1.0000000
      -1.0000000      -1.0000000      -1.0000000      -1.0000000      -1.0000000
      -1.0000000
       0.0000000       70.000000       1.8226893       1034.0000       140839.00
       2.2803965       3.6251326      0.40509319      0.14814812      0.22760232
      -73.259331      -126.76488       42.867626       137.82205       17.460232
       123.63425
       1.0000000       70.000000       1.8226893      -1.0000000       1.0000000
       0.0000000       0.0000000      -1.0000000      -1.0000000      -1.0000000
      -1.0000000      -1.0000000      -1.0000000      -1.0000000      -1.0000000
      -1.0000000
       0.0000000       69.000000       1.9040896       981.00000       132129.00
       2.0406628       3.0827289      0.38026568      0.29032254      0.20040411
      -55.896492      -94.355484       4.0273452       137.96841       17.794672
       127.94765
       2.0000000       69.000000       1.9040896      0.59991860       64.000000
      0.25073716      0.58202010      -1.0000000      -1.0000000      -1.0000000
      -1.0000000      -1.0000000      -1.0000000      -1.0000000      -1.0000000
      -1.0000000
       1.0000000       69.000000       1.9040896      -1.0000000       1.0000000
    0.0039208569     0.057835255      -1.0000000      -1.0000000      -1.0000000
      -1.0000000      -1.0000000      -1.0000000      -1.0000000      -1.0000000
      -1.0000000
       0.0000000       68.000000       2.0020282       876.00000       117801.00
       1.9032170       2.8948693      0.40215111      0.42424244      0.25404245
      -53.409885      -81.704926      -62.803440       141.98271       16.964275
       134.80499
       1.0000000       68.000000       2.0020282      -1.0000000       2.0000000
    0.0052283113     0.079765394      -1.0000000      -1.0000000      -1.0000000
      -1.0000000      -1.0000000      -1.0000000      -1.0000000      -1.0000000
      -1.0000000
       0.0000000       67.000000       2.1032696       859.00000       109872.00
       1.4633809       3.0567849      0.30485234      0.20689654      0.22261886
      -15.923412     -0.50308204      -4.0534668       146.16978       12.700450
       129.30865
       1.0000000       67.000000       2.1032696      -1.0000000       5.0000000
     0.026505524      0.18538308      -1.0000000      -1.0000000      -1.0000000
      -1.0000000      -1.0000000      -1.0000000      -1.0000000      -1.0000000
      -1.0000000
       0.0000000       66.000000       2.2079256       849.00000       102200.00
       1.1867648       3.1304660      0.29670843      0.56097555      0.32937995
      -122.14276       49.716698      -90.759422       158.59251       15.792571
       118.45511
       1.0000000       66.000000       2.2079256      -1.0000000       4.0000000
      0.10419713      0.32170490      -1.0000000      -1.0000000      -1.0000000
      -1.0000000      -1.0000000      -1.0000000      -1.0000000      -1.0000000
      -1.0000000
       0.0000000       65.000000       2.3161108      -1.0000000       96602.000
      0.71000564       4.0608244      -1.0000000      -1.0000000      -1.0000000
      -1.0000000      -1.0000000      -1.0000000       160.24857       21.168945
       113.60300
       2.0000000       65.000000       2.3161108      0.80364096       64.000000
      0.33588332      0.35456479      -1.0000000      -1.0000000      -1.0000000
      -1.0000000      -1.0000000      -1.0000000      -1.0000000      -1.0000000
      -1.0000000
       1.0000000       65.000000       2.3161108      -1.0000000       4.0000000
   0.00097604886       0.0000000      -1.0000000      -1.0000000      -1.0000000
      -1.0000000      -1.0000000      -1.0000000      -1.0000000      -1.0000000
      -1.0000000
       0.0000000       64.000000       2.4442258      -1.0000000       88010.000
      0.41795197       1.5583651      -1.0000000      -1.0000000      -1.0000000
      -1.0000000      -1.0000000      -1.0000000       139.00919       7.5110312
       141.71625
       1.0000000       64.000000       2.4442258      -1.0000000       2.0000000
    0.0013420050     0.031649966      -1.0000000      -1.0000000      -1.0000000
      -1.0000000      -1.0000000      -1.0000000      -1.0000000      -1.0000000
      -1.0000000
       0.0000000       63.000000       2.5772903      -1.0000000       79601.000
      0.27833146      0.62746382      -1.0000000      -1.0000000      -1.0000000
      -1.0000000      -1.0000000      -1.0000000       89.568634       2.3031623
       19.154825
       1.0000000       63.000000       2.5772903      -1.0000000       8.0000000
   0.00097911901    0.0027848613      -1.0000000      -1.0000000      -1.0000000
      -1.0000000      -1.0000000      -1.0000000      -1.0000000      -1.0000000
      -1.0000000
       0.0000000       62.000000       2.7331426      -1.0000000       70896.000
      0.25929961      0.68098390      -1.0000000      -1.0000000      -1.0000000
      -1.0000000      -1.0000000      -1.0000000       88.919022       2.9813688
       49.789509
       0.0000000       61.000000       2.8957851      -1.0000000       61325.000
      0.19881468      0.55528790      -1.0000000      -1.0000000      -1.0000000
      -1.0000000      -1.0000000      -1.0000000       89.669968       2.0129011
       141.75099
       0.0000000       60.000000       3.0081310      -1.0000000       55719.000
      0.17516293      0.37994587      -1.0000000      -1.0000000      -1.0000000
      -1.0000000      -1.0000000      -1.0000000       88.670799       1.6547682
       142.91953
       1.0000000       60.000000       3.0081310      -1.0000000       4.0000000
    0.0075029272     0.076233014      -1.0000000      -1.0000000      -1.0000000
      -1.0000000      -1.0000000      -1.0000000      -1.0000000      -1.0000000
      -1.0000000
       0.0000000       59.000000       3.0848227      -1.0000000       53123.000
      0.15528287      0.28316659      -1.0000000      -1.0000000      -1.0000000
      -1.0000000      -1.0000000      -1.0000000       87.744873       1.3858536
       122.86380
       0.0000000       58.000000       3.2830331      -1.0000000       46909.000
      0.13944641      0.45098618      -1.0000000      -1.0000000      -1.0000000
      -1.0000000      -1.0000000      -1.0000000       92.027550       1.6829913
       101.90146
       1.0000000       58.000000       3.2830331      -1.0000000       1.0000000
       0.0000000       0.0000000      -1.0000000      -1.0000000      -1.0000000
      -1.0000000      -1.0000000      -1.0000000      -1.0000000      -1.0000000
      -1.0000000
       0.0000000       57.000000       3.4908614      -1.0000000       53776.000
     0.093023598      0.45899603      -1.0000000      -1.0000000      -1.0000000
      -1.0000000      -1.0000000      -1.0000000       96.392136       1.5035872
       58.527252
       1.0000000       57.000000       3.4908614      -1.0000000       4.0000000
       0.0000000       0.0000000      -1.0000000      -1.0000000      -1.0000000
      -1.0000000      -1.0000000      -1.0000000      -1.0000000      -1.0000000
      -1.0000000
