       0.0000000       135.00000       0.0000000       369.00000       326458.00
       8.7322350      0.72515714      0.40527964      0.52380949      0.30733588
       22.881418       76.908134       82.199600       151.36888       39.447273
       170.06798
       0.0000000       134.00000    0.0095216669       375.00000       325311.00
       8.3032808      0.70373845      0.41361469      0.25000006      0.22153080
       42.984165       75.901535       80.925278       150.62920       39.423836
       170.41127
       1.0000000       134.00000    0.0095216669      -1.0000000       2.0000000
   0.00075206358       0.0000000      -1.0000000      -1.0000000      -1.0000000
      -1.0000000      -1.0000000      -1.0000000      -1.0000000      -1.0000000
      -1.0000000
       0.0000000       133.00000     0.023974428       375.00000       322083.00
       8.3860550      0.76858461      0.40616444      0.32352942      0.22718151
       52.664196       76.816505       76.764397       151.06883       38.467766
       170.70656
       1.0000000       133.00000     0.023974428      -1.0000000       1.0000000
    0.0038005491     0.043164041      -1.0000000      -1.0000000      -1.0000000
      -1.0000000      -1.0000000      -1.0000000      -1.0000000      -1.0000000
      -1.0000000
       0.0000000       132.00000     0.033724371       373.00000       320530.00
       8.3162460      0.77853614      0.41645801      0.34285718      0.21571982
       63.933918       72.714272       79.232651       151.72234       38.097160
       172.09065
       0.0000000       131.00000     0.048523631       369.00000       315628.00
       8.3931751      0.75792581      0.41543779      0.40540540      0.22395635
       81.792580       63.564976       68.032181       152.71585       38.986408
       174.39842
       1.0000000       131.00000     0.048523631      -1.0000000       1.0000000
   0.00026897434     0.015663844      -1.0000000      -1.0000000      -1.0000000
      -1.0000000      -1.0000000      -1.0000000      -1.0000000      -1.0000000
      -1.0000000
       0.0000000       130.00000     0.058507323       367.00000       313396.00
       8.6316366       1.4815823      0.41942623      0.40540540      0.26218447
       112.05016       36.013107       54.166599       152.93594       40.498955
       175.15810
       1.0000000       130.00000     0.058507323      -1.0000000       1.0000000
       0.0000000       0.0000000      -1.0000000      -1.0000000      -1.0000000
      -1.0000000      -1.0000000      -1.0000000      -1.0000000      -1.0000000
      -1.0000000
       0.0000000       129.00000     0.073661387       371.00000       311384.00
       8.1835918       1.6564933      0.41628224      0.38888890      0.24056217
       122.90163       28.005121       45.742779       151.70720       36.867054
       179.22282
       0.0000000       128.00000     0.083884433       364.00000       308757.00
       8.2312994       1.7306676      0.41050306      0.39393944      0.22221100
       127.74456       19.330008       44.855999       152.41856       37.754700
       184.20087
       0.0000000       127.00000     0.099401802       368.00000       306300.00
       8.6546984       1.7195508      0.40027013      0.39473683      0.25511143
       134.31911      -8.8814869       36.756561       153.24178       42.417377
       189.06999
       1.0000000       127.00000     0.099401802      -1.0000000       1.0000000
       0.0000000       0.0000000      -1.0000000      -1.0000000      -1.0000000
      -1.0000000      -1.0000000      -1.0000000      -1.0000000      -1.0000000
      -1.0000000
       0.0000000       126.00000      0.10986994       366.00000       303666.00
       8.1755562       1.7262378      0.40637285      0.43243247      0.24528807
       141.06935      -17.567646       31.347624       149.45837       37.162037
       193.28690
       0.0000000       125.00000      0.12575933       362.00000       301146.00
       8.1974564       1.6819286      0.41282102      0.42105263      0.27482334
       145.90372      -44.148247       13.790903       146.86647       37.054367
       198.90421
       1.0000000       125.00000      0.12575933      -1.0000000       1.0000000
    0.0075345132      0.10658450      -1.0000000      -1.0000000      -1.0000000
      -1.0000000      -1.0000000      -1.0000000      -1.0000000      -1.0000000
      -1.0000000
       0.0000000       124.00000      0.14187621       357.00000       296507.00
       8.1190262       1.7209846      0.40248170      0.36111116      0.30161408
       140.73112      -71.177261       2.2994814       146.84610       37.400158
       206.10825
       0.0000000       123.00000      0.15274876       353.00000       294109.00
       8.1749954       1.7737749      0.39277118      0.42105263      0.32875669
       126.67253      -93.585968      -3.7980926       147.04802       38.401844
       209.91948
       0.0000000       122.00000      0.16925204       354.00000       291510.00
       8.1725740       1.8500984      0.40853029      0.47222227      0.31519717
       110.43114      -117.11348      -9.7291393       145.28700       36.442738
       213.07394
       1.0000000       122.00000      0.16925204      -1.0000000       1.0000000
       0.0000000       0.0000000      -1.0000000      -1.0000000      -1.0000000
      -1.0000000      -1.0000000      -1.0000000      -1.0000000      -1.0000000
      -1.0000000
       0.0000000       121.00000      0.18038526       357.00000       288726.00
       8.1121130       1.9636383      0.42664984      0.38888890      0.32580799
       110.41492      -137.14941      -17.553259       142.97289       36.408634
       216.10776
       1.0000000       121.00000      0.18038526      -1.0000000       2.0000000
   0.00012499548       0.0000000      -1.0000000      -1.0000000      -1.0000000
      -1.0000000      -1.0000000      -1.0000000      -1.0000000      -1.0000000
      -1.0000000
       0.0000000       120.00000      0.19728418       354.00000       284910.00
       7.8885617       1.9705949      0.36761236      0.40000004      0.30274776
       83.376183      -128.64397      -4.5266547       142.94536       35.302559
       218.61967
       1.0000000       120.00000      0.19728418      -1.0000000       1.0000000
   0.00054853410     0.018483205      -1.0000000      -1.0000000      -1.0000000
      -1.0000000      -1.0000000      -1.0000000      -1.0000000      -1.0000000
      -1.0000000
       0.0000000       119.00000      0.21442504       351.00000       281132.00
       7.8237882       1.6008399      0.40912151      0.58974349      0.29321054
       69.911484      -166.77542       4.0204902       144.97746       30.120739
       219.25237
       0.0000000       118.00000      0.22598839       345.00000       278216.00
       7.2289171       1.6572261      0.47777948      0.40540540      0.42052612
       76.913162      -198.71951       11.800893       145.49419       38.749516
       219.47581
       2.0000000       118.00000      0.22598839      0.46746278       107.00000
       2.5369449      0.99204314      0.39801803      0.38709676      0.24223883
       40.773376      -47.102314       42.118023      -13981.166       12161.954
       18836.703
       0.0000000       117.00000      0.24354018       349.00000       274506.00
       7.2662067       1.4624885      0.47905436      0.31250006      0.43105179
       74.658875      -226.62720       35.021660       148.98224       37.736397
       215.80246
       1.0000000       117.00000      0.24354018      -1.0000000       1.0000000
   0.00042417590       0.0000000      -1.0000000      -1.0000000      -1.0000000
      -1.0000000      -1.0000000      -1.0000000      -1.0000000      -1.0000000
      -1.0000000
       0.0000000       116.00000      0.26134327       347.00000       270522.00
       6.3893676       1.0203577      0.49173024      0.44117647      0.45694777
       61.757187      -185.10381       95.842514       148.11147       30.439537
       210.64169
       1.0000000       116.00000      0.26134327      -1.0000000       2.0000000
       0.0000000       0.0000000      -1.0000000      -1.0000000      -1.0000000
      -1.0000000      -1.0000000      -1.0000000      -1.0000000      -1.0000000
      -1.0000000
       0.0000000       115.00000      0.27335334       335.00000       266263.00
       6.1655316      0.89098948      0.48552370      0.48571426      0.44877291
       51.881428      -166.13234       107.95477       149.42767       27.673195
       210.27582
       1.0000000       115.00000      0.27335334      -1.0000000       1.0000000
       0.0000000       0.0000000      -1.0000000      -1.0000000      -1.0000000
      -1.0000000      -1.0000000      -1.0000000      -1.0000000      -1.0000000
      -1.0000000
       0.0000000       114.00000      0.29158324       340.00000       263567.00
       6.2029285       1.2172579      0.48965141      0.52941173      0.41526189
       32.290871      -163.07500       135.72815       152.46448       27.491835
       207.68140
       0.0000000       113.00000      0.31007412       352.00000       262535.00
       6.0047131       2.8722544      0.49721718      0.51428568      0.47261682
       1.8941313      -177.30759       133.43149       156.34445       29.470863
       202.92345
       1.0000000       113.00000      0.31007412      -1.0000000       3.0000000
    0.0020890445     0.073039735      -1.0000000      -1.0000000      -1.0000000
      -1.0000000      -1.0000000      -1.0000000      -1.0000000      -1.0000000
      -1.0000000
       0.0000000       112.00000      0.32882974       362.00000       258223.00
       6.2118702       2.5913186      0.49319053      0.51428568      0.47694269
      -16.773848      -193.43802       129.73959       163.12999       32.027256
       202.79581
       1.0000000       112.00000      0.32882974      -1.0000000       1.0000000
   0.00024441877     0.018405644      -1.0000000      -1.0000000      -1.0000000
      -1.0000000      -1.0000000      -1.0000000      -1.0000000      -1.0000000
      -1.0000000
       0.0000000       111.00000      0.34785384       359.00000       254582.00
       7.5598063       2.9239290      0.47197872      0.53125000      0.45486432
      -73.372231      -210.67450       199.49046       167.28490       42.219975
       198.60995
       1.0000000       111.00000      0.34785384      -1.0000000       2.0000000
     0.010935403     0.058889903      -1.0000000      -1.0000000      -1.0000000
      -1.0000000      -1.0000000      -1.0000000      -1.0000000      -1.0000000
      -1.0000000
       0.0000000       110.00000      0.36068764       357.00000       252531.00
       5.7766695       3.1658542      0.46179369      0.50000000      0.40854630
      -53.874836      -148.93993       163.69006       163.18187       28.549002
       196.56914
       1.0000000       110.00000      0.36068764      -1.0000000       3.0000000
     0.014582795      0.13632557      -1.0000000      -1.0000000      -1.0000000
      -1.0000000      -1.0000000      -1.0000000      -1.0000000      -1.0000000
      -1.0000000
       0.0000000       109.00000      0.38016787       344.00000       246495.00
       5.6508055       2.8732796      0.46779826      0.51612902      0.41689125
      -66.241638      -135.78888       175.72803       162.38544       27.566807
       195.67996
       1.0000000       109.00000      0.38016787      -1.0000000       1.0000000
       0.0000000       0.0000000      -1.0000000      -1.0000000      -1.0000000
      -1.0000000      -1.0000000      -1.0000000      -1.0000000      -1.0000000
      -1.0000000
       0.0000000       108.00000      0.39992696       375.00000       249808.00
       5.4975691       2.4531205      0.45435846      0.51612902      0.40241447
      -79.162270      -125.46693       147.80547       161.90654       26.323837
       197.44734
       1.0000000       108.00000      0.39992696      -1.0000000       2.0000000
    0.0040311163     0.088650439      -1.0000000      -1.0000000      -1.0000000
      -1.0000000      -1.0000000      -1.0000000      -1.0000000      -1.0000000
      -1.0000000
       0.0000000       107.00000      0.41996893       372.00000       245192.00
       5.4270520       2.4395647      0.44777256      0.50000000      0.36653671
      -70.769440      -116.89375       142.17636       160.00450       26.308525
       201.85072
       1.0000000       107.00000      0.41996893      -1.0000000       1.0000000
   0.00076939777     0.017205967      -1.0000000      -1.0000000      -1.0000000
      -1.0000000      -1.0000000      -1.0000000      -1.0000000      -1.0000000
      -1.0000000
       0.0000000       106.00000      0.44029784       363.00000       241374.00
       5.3756208       2.4135947      0.45705414      0.54285711      0.36664447
      -86.256088      -142.34178       126.34666       161.24861       25.832006
       206.94295
       0.0000000       105.00000      0.46091780       350.00000       234288.00
       5.2867804       2.9276047      0.46044388      0.50000000      0.42437279
      -84.179932      -165.04546       105.33139       162.14214       27.068905
       204.54922
       0.0000000       104.00000      0.48183295       345.00000       229849.00
       5.1599851       4.0690756      0.46234998      0.53333330      0.37752366
      -27.999084      -197.79828       111.60583       164.19313       28.851467
       201.01309
       0.0000000       103.00000      0.50304753       346.00000       225224.00
       5.1545544       3.9756458      0.44965434      0.59459460      0.32044289
       10.202826      -192.34937       166.05496       167.18808       31.711334
       192.26593
       1.0000000       103.00000      0.50304753      -1.0000000       2.0000000
    0.0045158795     0.079825690      -1.0000000      -1.0000000      -1.0000000
      -1.0000000      -1.0000000      -1.0000000      -1.0000000      -1.0000000
      -1.0000000
       0.0000000       102.00000      0.52456582       349.00000       223309.00
       4.8862290       5.1467996      0.42717740      0.51612902      0.37674561
       45.319740      -168.36487       165.37747       170.15422       32.483639
       179.17676
       0.0000000       101.00000      0.54639220       352.00000       220377.00
       4.6209698       4.9031701      0.41644874      0.51515150      0.29373211
       8.1889944      -130.59146       169.37836       169.23283       34.484158
       176.89932
       1.0000000       101.00000      0.54639220      -1.0000000       1.0000000
      0.31965828      0.78726721      -1.0000000      -1.0000000      -1.0000000
      -1.0000000      -1.0000000      -1.0000000      -1.0000000      -1.0000000
      -1.0000000
       0.0000000       100.00000      0.57598084       363.00000       217737.00
       4.5147181       5.3019705      0.43951911      0.51428568      0.31602201
      -24.695976      -134.96674       166.91583       164.12135       37.937256
       194.35449
       1.0000000       100.00000      0.57598084      -1.0000000       2.0000000
    0.0023468863       0.0000000      -1.0000000      -1.0000000      -1.0000000
      -1.0000000      -1.0000000      -1.0000000      -1.0000000      -1.0000000
      -1.0000000
       0.0000000       99.000000      0.59854329       364.00000       212744.00
       4.3364687       5.7237868      0.45551962      0.46666664      0.37518004
       12.853600      -183.39703       198.94342       161.69839       35.996189
       208.65753
       1.0000000       99.000000      0.59854329      -1.0000000       2.0000000
       0.0000000       0.0000000      -1.0000000      -1.0000000      -1.0000000
      -1.0000000      -1.0000000      -1.0000000      -1.0000000      -1.0000000
      -1.0000000
       0.0000000       98.000000      0.62142873       363.00000       208860.00
       3.9333234       3.9354258      0.44352853      0.50000000      0.39279765
      -6.6639924      -143.05383       159.21132       148.43996       29.451794
       206.00168
       1.0000000       98.000000      0.62142873      -1.0000000       2.0000000
     0.018219864       0.0000000      -1.0000000      -1.0000000      -1.0000000
      -1.0000000      -1.0000000      -1.0000000      -1.0000000      -1.0000000
      -1.0000000
       0.0000000       97.000000      0.64464182       364.00000       207166.00
       3.8427439       3.6151633      0.45279256      0.46428573      0.37247589
      -1.0780144      -155.26122       150.20297       142.70802       28.411478
       213.54071
       1.0000000       97.000000      0.64464182      -1.0000000       5.0000000
   0.00058400730     0.054606877      -1.0000000      -1.0000000      -1.0000000
      -1.0000000      -1.0000000      -1.0000000      -1.0000000      -1.0000000
      -1.0000000
       0.0000000       96.000000      0.67611039       352.00000       201181.00
       3.7646923       4.0090446      0.43287501      0.53125000      0.34852719
       9.8266010      -146.22580       135.01042       139.74586       28.878187
       219.28296
       1.0000000       96.000000      0.67611039      -1.0000000       4.0000000
      0.39466552      0.30440918      -1.0000000      -1.0000000      -1.0000000
      -1.0000000      -1.0000000      -1.0000000      -1.0000000      -1.0000000
      -1.0000000
       0.0000000       95.000000      0.70010638       340.00000       195259.00
       3.6455634       3.6515543      0.40786409      0.52777779      0.33527654
       21.455557      -124.97868       110.74133       139.35834       27.335606
       218.92407
       1.0000000       95.000000      0.70010638      -1.0000000       2.0000000
   0.00072602066     0.020883422      -1.0000000      -1.0000000      -1.0000000
      -1.0000000      -1.0000000      -1.0000000      -1.0000000      -1.0000000
      -1.0000000
       0.0000000       94.000000      0.73263615       345.00000       191447.00
       3.5739727       3.1137407      0.38920033      0.51515150      0.30401507
       30.451605      -104.74821       117.93085       138.72647       28.596878
       223.18890
       1.0000000       94.000000      0.73263615      -1.0000000       4.0000000
   0.00057443767     0.054088160      -1.0000000      -1.0000000      -1.0000000
      -1.0000000      -1.0000000      -1.0000000      -1.0000000      -1.0000000
      -1.0000000
       0.0000000       93.000000      0.75744140       342.00000       186320.00
       3.6350296       2.3606060      0.40078047      0.59459460      0.19279918
       35.687958      -81.497574       117.39354       139.38980       26.423037
       220.08969
       1.0000000       93.000000      0.75744140      -1.0000000       1.0000000
    0.0043613524      0.11412434      -1.0000000      -1.0000000      -1.0000000
      -1.0000000      -1.0000000      -1.0000000      -1.0000000      -1.0000000
      -1.0000000
       0.0000000       92.000000      0.79106826       345.00000       182280.00
       3.2966895       2.3749547      0.42248294      0.53125000      0.31196654
       40.383022      -75.146057       125.94638       140.09473       25.516611
       208.09535
       0.0000000       91.000000      0.81671000       410.00000       189774.00
       3.2586167       3.0036654      0.41289639      0.48387092      0.25847682
       29.158667      -45.840450       115.96023       144.13843       27.127874
       197.37227
       1.0000000       91.000000      0.81671000      -1.0000000       3.0000000
    0.0045084087     0.054805100      -1.0000000      -1.0000000      -1.0000000
      -1.0000000      -1.0000000      -1.0000000      -1.0000000      -1.0000000
      -1.0000000
       0.0000000       90.000000      0.85147089       406.00000       184611.00
       3.4403849       4.4335089      0.41778246      0.60000002      0.42594084
       61.172379      -89.316994       210.21085       150.57961       29.533550
       195.13202
       1.0000000       90.000000      0.85147089      -1.0000000       4.0000000
    0.0043516182     0.070347609      -1.0000000      -1.0000000      -1.0000000
      -1.0000000      -1.0000000      -1.0000000      -1.0000000      -1.0000000
      -1.0000000
       0.0000000       89.000000      0.88689691       392.00000       179212.00
       2.5856497       3.4744167      0.37740847      0.24137926      0.17172274
      -7.3024592       1.8697891       19.081682       148.89754       24.914619
       189.94838
       2.0000000       89.000000      0.88689691      0.26114914       85.000000
      0.55430263       1.0237715      -1.0000000      -1.0000000      -1.0000000
      -1.0000000      -1.0000000      -1.0000000      -1.0000000      -1.0000000
      -1.0000000
       1.0000000       89.000000      0.88689691      -1.0000000       3.0000000
   0.00084942224     0.044048131      -1.0000000      -1.0000000      -1.0000000
      -1.0000000      -1.0000000      -1.0000000      -1.0000000      -1.0000000
      -1.0000000
       0.0000000       88.000000      0.92300081       404.00000       176250.00
       2.5253580       2.6308131      0.29665932      0.35294116      0.18893990
      -10.677603       29.121983     -0.19683488       150.83315       21.521807
       182.55273
       0.0000000       87.000000      0.95053136       400.00000       172477.00
       2.3036866       2.2876365      0.30042052      0.35294116      0.15307198
      -2.3627250       12.246134       6.1609259       152.04771       18.975969
       175.98167
       1.0000000       87.000000      0.95053136      -1.0000000       1.0000000
   0.00027314658       0.0000000      -1.0000000      -1.0000000      -1.0000000
      -1.0000000      -1.0000000      -1.0000000      -1.0000000      -1.0000000
      -1.0000000
       0.0000000       86.000000      0.98785281       608.00000       194772.00
       2.1632752       1.4387730      0.31861526      0.32258064      0.16315623
      -28.315683       20.282146      -33.216740       157.45692       15.588558
       166.11659
       1.0000000       86.000000      0.98785281      -1.0000000       2.0000000
    0.0035804640     0.048066605      -1.0000000      -1.0000000      -1.0000000
      -1.0000000      -1.0000000      -1.0000000      -1.0000000      -1.0000000
      -1.0000000
       0.0000000       85.000000      0.99729425       616.00000       194310.00
       2.1225519       1.4542385      0.34818691      0.20689654      0.17738998
      -20.192455       29.071167      -43.640434       158.52045       15.039039
       163.51221
       1.0000000       85.000000      0.99729425      -1.0000000       1.0000000
   0.00072486949       0.0000000      -1.0000000      -1.0000000      -1.0000000
      -1.0000000      -1.0000000      -1.0000000      -1.0000000      -1.0000000
      -1.0000000
       0.0000000       84.000000       1.0355104       623.00000       190371.00
       2.1052947       2.3329301      0.39344308      0.52777779      0.23172574
       6.4259462       46.184467      -52.835655       164.98450       19.429785
       143.45950
       1.0000000       84.000000       1.0355104      -1.0000000       2.0000000
    0.0013846952     0.017056383      -1.0000000      -1.0000000      -1.0000000
      -1.0000000      -1.0000000      -1.0000000      -1.0000000      -1.0000000
      -1.0000000
       0.0000000       83.000000       1.0744579       669.00000       189404.00
       2.3948066       3.5101585      0.35377872      0.59523809      0.43156978
       4.1085944       46.132408      -69.469360       170.69136       23.519165
       129.81549
       1.0000000       83.000000       1.0744579      -1.0000000       2.0000000
   0.00025079722     0.021903105      -1.0000000      -1.0000000      -1.0000000
      -1.0000000      -1.0000000      -1.0000000      -1.0000000      -1.0000000
      -1.0000000
       0.0000000       82.000000       1.1141505       685.00000       185376.00
       1.7346982       1.7385298      0.37110126      0.50000000      0.22423886
       23.150175       53.829777      -24.861149       144.97610       11.990099
       154.11185
       1.0000000       82.000000       1.1141505      -1.0000000       1.0000000
   0.00043875360    0.0072595901      -1.0000000      -1.0000000      -1.0000000
      -1.0000000      -1.0000000      -1.0000000      -1.0000000      -1.0000000
      -1.0000000
       0.0000000       81.000000       1.1546028       691.00000       182003.00
       1.7163935       1.3791958      0.35418606      0.56756753      0.28699252
       40.898739       67.555824      -37.093479       126.06618       11.936070
       160.77936
       1.0000000       81.000000       1.1546028      -1.0000000       2.0000000
    0.0017171611     0.043691513      -1.0000000      -1.0000000      -1.0000000
      -1.0000000      -1.0000000      -1.0000000      -1.0000000      -1.0000000
      -1.0000000
       0.0000000       80.000000       1.2062581       697.00000       175431.00
       1.6748588       1.8875425      0.38059995      0.72093022      0.42022488
       73.747398       115.01088      -7.9045882       115.07870       13.950925
       147.07301
       1.0000000       80.000000       1.2062581      -1.0000000       3.0000000
       0.0000000       0.0000000      -1.0000000      -1.0000000      -1.0000000
      -1.0000000      -1.0000000      -1.0000000      -1.0000000      -1.0000000
      -1.0000000
       0.0000000       79.000000       1.2484726       682.00000       170224.00
       1.5846518       2.0160775      0.38539863      0.62162161      0.37479448
       101.36532       128.46143      -17.453781       117.76252       11.509181
       141.84665
       1.0000000       79.000000       1.2484726      -1.0000000       2.0000000
       0.0000000       0.0000000      -1.0000000      -1.0000000      -1.0000000
      -1.0000000      -1.0000000      -1.0000000      -1.0000000      -1.0000000
      -1.0000000
       0.0000000       78.000000       1.3023784      -1.0000000       165724.00
       1.3797790       1.9293499      -1.0000000      -1.0000000      -1.0000000
      -1.0000000      -1.0000000      -1.0000000       112.28309       11.081305
       124.51440
       1.0000000       78.000000       1.3023784      -1.0000000       4.0000000
      0.15251063      0.28406686      -1.0000000      -1.0000000      -1.0000000
      -1.0000000      -1.0000000      -1.0000000      -1.0000000      -1.0000000
      -1.0000000
       0.0000000       77.000000       1.3575766      -1.0000000       175916.00
       1.2395816       1.9276919      -1.0000000      -1.0000000      -1.0000000
      -1.0000000      -1.0000000      -1.0000000       116.52666       10.798515
       104.02095
       0.0000000       76.000000       1.4140983      -1.0000000       174717.00
       1.2477127       1.4610561      -1.0000000      -1.0000000      -1.0000000
      -1.0000000      -1.0000000      -1.0000000       125.97307       11.395253
       89.476303
       0.0000000       75.000000       1.4719748      -1.0000000       221777.00
       1.1766554       1.7488929      -1.0000000      -1.0000000      -1.0000000
      -1.0000000      -1.0000000      -1.0000000       125.00267       11.005798
       89.333870
       0.0000000       74.000000       1.5312390      -1.0000000       215855.00
       1.0808924       1.2003231      -1.0000000      -1.0000000      -1.0000000
      -1.0000000      -1.0000000      -1.0000000       113.18478       8.6661310
       101.70625
       1.0000000       74.000000       1.5312390      -1.0000000       3.0000000
     0.013455844      0.14707178      -1.0000000      -1.0000000      -1.0000000
      -1.0000000      -1.0000000      -1.0000000      -1.0000000      -1.0000000
      -1.0000000
       0.0000000       73.000000       1.6042346      -1.0000000       205078.00
       1.0214661      0.93451023      -1.0000000      -1.0000000      -1.0000000
      -1.0000000      -1.0000000      -1.0000000       109.35295       7.9068689
       101.47083
       1.0000000       73.000000       1.6042346      -1.0000000       3.0000000
    0.0020222166     0.063798472      -1.0000000      -1.0000000      -1.0000000
      -1.0000000      -1.0000000      -1.0000000      -1.0000000      -1.0000000
      -1.0000000
       0.0000000       72.000000       1.6666696      -1.0000000       196613.00
       1.0183146      0.63947648      -1.0000000      -1.0000000      -1.0000000
      -1.0000000      -1.0000000      -1.0000000       108.80989       7.7840390
       99.680901
       1.0000000       72.000000       1.6666696      -1.0000000       2.0000000
    0.0015453733      0.11854914      -1.0000000      -1.0000000      -1.0000000
      -1.0000000      -1.0000000      -1.0000000      -1.0000000      -1.0000000
      -1.0000000
       0.0000000       71.000000       1.7435706      -1.0000000       186555.00
      0.97548038       1.4992568      -1.0000000      -1.0000000      -1.0000000
      -1.0000000      -1.0000000      -1.0000000       109.39781       8.2634020
       106.33294
       1.0000000       71.000000       1.7435706      -1.0000000       3.0000000
    0.0044735973     0.043324027      -1.0000000      -1.0000000      -1.0000000
      -1.0000000      -1.0000000      -1.0000000      -1.0000000      -1.0000000
      -1.0000000
       0.0000000       70.000000       1.8226893      -1.0000000       190282.00
      0.81791407       1.2310669      -1.0000000      -1.0000000      -1.0000000
      -1.0000000      -1.0000000      -1.0000000       105.61575       6.1923680
       109.07696
       1.0000000       70.000000       1.8226893      -1.0000000       4.0000000
   0.00050978252     0.013322317      -1.0000000      -1.0000000      -1.0000000
      -1.0000000      -1.0000000      -1.0000000      -1.0000000      -1.0000000
      -1.0000000
       0.0000000       69.000000       1.9040896      -1.0000000       182164.00
      0.73156136       1.3293189      -1.0000000      -1.0000000      -1.0000000
      -1.0000000      -1.0000000      -1.0000000       108.43128       6.4754176
       106.89791
       1.0000000       69.000000       1.9040896      -1.0000000       2.0000000
    0.0012214272     0.046849214      -1.0000000      -1.0000000      -1.0000000
      -1.0000000      -1.0000000      -1.0000000      -1.0000000      -1.0000000
      -1.0000000
       0.0000000       68.000000       2.0020282      -1.0000000       174271.00
      0.65738505       1.4846091      -1.0000000      -1.0000000      -1.0000000
      -1.0000000      -1.0000000      -1.0000000       115.42015       6.9014907
       99.964836
       1.0000000       68.000000       2.0020282      -1.0000000       2.0000000
    0.0017164449     0.051061381      -1.0000000      -1.0000000      -1.0000000
      -1.0000000      -1.0000000      -1.0000000      -1.0000000      -1.0000000
      -1.0000000
       0.0000000       67.000000       2.1032696      -1.0000000       163872.00
      0.56577307       1.5148870      -1.0000000      -1.0000000      -1.0000000
      -1.0000000      -1.0000000      -1.0000000       118.39735       7.0172644
       95.314819
       1.0000000       67.000000       2.1032696      -1.0000000       1.0000000
   0.00041927659       0.0000000      -1.0000000      -1.0000000      -1.0000000
      -1.0000000      -1.0000000      -1.0000000      -1.0000000      -1.0000000
      -1.0000000
       0.0000000       66.000000       2.2079256      -1.0000000       153013.00
      0.52276772       1.1576710      -1.0000000      -1.0000000      -1.0000000
      -1.0000000      -1.0000000      -1.0000000       112.65084       6.4867105
       112.26211
       1.0000000       66.000000       2.2079256      -1.0000000       1.0000000
   0.00055149134     0.022481345      -1.0000000      -1.0000000      -1.0000000
      -1.0000000      -1.0000000      -1.0000000      -1.0000000      -1.0000000
      -1.0000000
       0.0000000       65.000000       2.3161108      -1.0000000       142150.00
      0.45990118       1.0876880      -1.0000000      -1.0000000      -1.0000000
      -1.0000000      -1.0000000      -1.0000000       109.05033       5.8553162
       109.58981
       1.0000000       65.000000       2.3161108      -1.0000000       1.0000000
   0.00023291560       0.0000000      -1.0000000      -1.0000000      -1.0000000
      -1.0000000      -1.0000000      -1.0000000      -1.0000000      -1.0000000
      -1.0000000
       0.0000000       64.000000       2.4442258      -1.0000000       131693.00
      0.40107793      0.52100748      -1.0000000      -1.0000000      -1.0000000
      -1.0000000      -1.0000000      -1.0000000       110.82390       4.4720154
       98.792854
       1.0000000       64.000000       2.4442258      -1.0000000       1.0000000
   0.00023291560       0.0000000      -1.0000000      -1.0000000      -1.0000000
      -1.0000000      -1.0000000      -1.0000000      -1.0000000      -1.0000000
      -1.0000000
       0.0000000       63.000000       2.5772903      -1.0000000       130297.00
      0.36041808      0.93513405      -1.0000000      -1.0000000      -1.0000000
      -1.0000000      -1.0000000      -1.0000000       111.94896       4.8403907
       92.195145
       1.0000000       63.000000       2.5772903      -1.0000000       1.0000000
   0.00061209605       0.0000000      -1.0000000      -1.0000000      -1.0000000
      -1.0000000      -1.0000000      -1.0000000      -1.0000000      -1.0000000
      -1.0000000
       0.0000000       62.000000       2.7331426      -1.0000000       120335.00
      0.28391421      0.94448531      -1.0000000      -1.0000000      -1.0000000
      -1.0000000      -1.0000000      -1.0000000       106.26293       4.5789828
       96.499420
       1.0000000       62.000000       2.7331426      -1.0000000       1.0000000
     0.015595940      0.23019484      -1.0000000      -1.0000000      -1.0000000
      -1.0000000      -1.0000000      -1.0000000      -1.0000000      -1.0000000
      -1.0000000
       0.0000000       61.000000       2.8957851      -1.0000000       113949.00
      0.21985219      0.72725928      -1.0000000      -1.0000000      -1.0000000
      -1.0000000      -1.0000000      -1.0000000       98.393692       3.2880750
       95.318047
       1.0000000       61.000000       2.8957851      -1.0000000       1.0000000
   0.00057855935       0.0000000      -1.0000000      -1.0000000      -1.0000000
      -1.0000000      -1.0000000      -1.0000000      -1.0000000      -1.0000000
      -1.0000000
       0.0000000       60.000000       3.0081310      -1.0000000       107825.00
      0.18272085      0.89137417      -1.0000000      -1.0000000      -1.0000000
      -1.0000000      -1.0000000      -1.0000000       99.416199       3.1551013
       84.294182
       1.0000000       60.000000       3.0081310      -1.0000000       1.0000000
       0.0000000       0.0000000      -1.0000000      -1.0000000      -1.0000000
      -1.0000000      -1.0000000      -1.0000000      -1.0000000      -1.0000000
      -1.0000000
       0.0000000       59.000000       3.0848227      -1.0000000       106235.00
      0.16467065      0.95356196      -1.0000000      -1.0000000      -1.0000000
      -1.0000000      -1.0000000      -1.0000000       101.57977       3.9795439
       77.744049
       1.0000000       59.000000       3.0848227      -1.0000000       3.0000000
    0.0020193422   0.00074661669      -1.0000000      -1.0000000      -1.0000000
      -1.0000000      -1.0000000      -1.0000000      -1.0000000      -1.0000000
      -1.0000000
       0.0000000       58.000000       3.2830331      -1.0000000       106658.00
      0.10993125      0.33892992      -1.0000000      -1.0000000      -1.0000000
      -1.0000000      -1.0000000      -1.0000000       95.042114       1.8684183
       87.863503
       1.0000000       58.000000       3.2830331      -1.0000000       4.0000000
     0.016060808      0.12149180      -1.0000000      -1.0000000      -1.0000000
      -1.0000000      -1.0000000      -1.0000000      -1.0000000      -1.0000000
      -1.0000000
       0.0000000       57.000000       3.4908614      -1.0000000       95219.000
     0.087219127      0.33762068      -1.0000000      -1.0000000      -1.0000000
      -1.0000000      -1.0000000      -1.0000000       86.080116       1.6169665
       90.269379
