       0.0000000       135.00000       0.0000000       4.0000000       51835.000
       1.6825461      0.25089881      0.40150002      0.19999999      0.12458605
      -5.8052378       8.9088106       13.107637       81.497902       5.1251764
       22.449827
       0.0000000       134.00000    0.0095216669       4.0000000       51106.000
       1.6948857      0.24343534      0.40729311      0.23333335      0.13065152
      -6.2350483       8.0839968       12.922216       82.274384       5.1770096
       22.011749
       0.0000000       133.00000     0.023974428       4.0000000       50284.000
       1.6735864      0.22155805      0.40219393      0.19999999      0.12148459
      -5.9752822       8.0609589       12.992365       83.956909       5.0943499
       21.840319
       0.0000000       132.00000     0.033724371       4.0000000       49921.000
       1.6939844      0.28023285      0.40605968      0.19999999      0.12363707
      -5.7866230       9.1393394       12.836242       86.586685       5.2347951
       23.010401
       0.0000000       131.00000     0.048523631       179.00000       267274.00
       1.6721383      0.27177900      0.40912786      0.19999999      0.12220986
      -6.6879520       11.290504       10.148720       89.768654       5.1593809
       22.527889
       0.0000000       130.00000     0.058507323       180.00000       266120.00
       1.6806817      0.27092060      0.40998107      0.28125006      0.11803193
      -6.2724195       11.852420       8.2582655       93.080109       5.2584901
       20.787546
       0.0000000       129.00000     0.073661387       184.00000       264149.00
       1.6685063      0.24726777      0.40873009      0.22580642      0.10411751
      -8.4874601       12.499066       6.9384303       95.018585       5.2151260
       16.371164
       0.0000000       128.00000     0.083884433       181.00000       262384.00
       1.6708496      0.27662647      0.41138422      0.25806451      0.10382569
      -7.9021702       12.450775       7.6738172       95.394966       5.1309609
       12.663389
       0.0000000       127.00000     0.099401802       179.00000       258742.00
       1.6422001      0.24627526      0.40844074      0.19999999      0.11594202
      -8.5488291       10.924664       8.4446716       95.719810       4.9491601
       10.622484
       0.0000000       126.00000      0.10986994       175.00000       255453.00
       1.6448767      0.25965467      0.40617293      0.25806451      0.12486912
      -9.4045563       10.887355       8.1350269       97.256622       5.0422411
       12.039247
       0.0000000       125.00000      0.12575933       171.00000       251295.00
       1.6689492      0.26236829      0.40787742      0.25806451      0.11368354
      -9.5310221       10.518219       8.0195436       98.453125       5.4009418
       21.910814
       0.0000000       124.00000      0.14187621       170.00000       247638.00
       1.6736749      0.31740609      0.40366143      0.19999999      0.11448979
      -10.045921       9.3967533       8.6760836       97.792603       5.5439830
       29.169256
       0.0000000       123.00000      0.15274876       171.00000       246354.00
       1.6807572      0.28650934      0.40112269      0.17241371      0.11161864
      -9.7977152       7.9705977       10.079964       96.643692       5.5389509
       33.781696
       0.0000000       122.00000      0.16925204       173.00000       244310.00
       1.6759770      0.29763004      0.39850429      0.19999999      0.11671622
      -9.2555933       5.5802703       11.639209       94.410912       5.4964290
       43.865276
       0.0000000       121.00000      0.18038526       175.00000       241990.00
       1.6743350      0.33177784      0.39960510      0.23333335      0.12090265
      -8.8693295       4.2404804       12.353168       95.114647       5.5809050
       42.541119
       0.0000000       120.00000      0.19728418       173.00000       237356.00
       1.6701565      0.29051176      0.39502832      0.23333335      0.10541122
      -7.1063128       2.4127064       12.996403       93.798286       5.5855503
       50.020317
       0.0000000       119.00000      0.21442504       172.00000       234366.00
       1.6749009      0.35419253      0.39749101      0.20689654     0.099534430
      -4.2177691       2.5736628       14.806766       93.541237       5.5938463
       49.809921
       0.0000000       118.00000      0.22598839       166.00000       230289.00
       1.6658655      0.31292331      0.39226365      0.23333335      0.12223854
      -2.4552796       4.1415830       14.980436       93.476280       5.5710745
       49.138672
       0.0000000       117.00000      0.24354018       158.00000       222656.00
       1.6611282      0.30563986      0.40438461      0.20689654     0.096407503
      -1.0054402       7.3061647       12.932347       92.352196       5.5095682
       45.219997
       0.0000000       116.00000      0.26134327       158.00000       219130.00
       1.6456745      0.37074035      0.39871356      0.26666665     0.097892024
      -4.3962893       10.677276       9.7866182       96.347778       5.5290933
       43.883575
       0.0000000       115.00000      0.27335334       160.00000       218953.00
       1.6556294      0.35468933      0.39834240      0.20689654      0.11258578
      -5.1112471       10.900317       9.0445499       95.407585       5.6106558
       48.028790
       0.0000000       114.00000      0.29158324       159.00000       213856.00
       1.6484410      0.35183683      0.40165961      0.26666665      0.10651481
      -4.3513298       10.499881       7.9859037       92.728447       5.5310812
       55.915634
       0.0000000       113.00000      0.31007412       159.00000       210367.00
       1.6353123      0.34890899      0.40590522      0.20689654     0.089857534
      -3.4657564       8.1715174       8.1940985       91.530029       5.5544181
       61.171032
       0.0000000       112.00000      0.32882974       163.00000       204600.00
       1.6265728      0.35834324      0.40426528      0.23333335     0.097665198
      -3.4580526       6.7391376       7.0376797       90.170975       5.5425425
       65.322212
       0.0000000       111.00000      0.34785384       163.00000       202687.00
       1.6268617      0.31156793      0.40388703      0.17241371     0.085217863
      -2.2702937       8.1761007       5.3628664       90.047791       5.5016713
       70.250717
       0.0000000       110.00000      0.36068764       162.00000       200718.00
       1.6155423      0.38167349      0.38116166      0.23333335     0.097815856
      -1.8614227       9.4473915       3.0634713       89.915314       5.5040483
       72.513664
       0.0000000       109.00000      0.38016787       162.00000       197573.00
       1.6118848      0.35628000      0.36088884      0.19999999     0.092979677
      -2.5998094       11.595591      -1.3930830       91.046776       5.5018353
       71.137962
       1.0000000       109.00000      0.38016787      -1.0000000       1.0000000
    0.0014549505     0.096941389      -1.0000000      -1.0000000      -1.0000000
      -1.0000000      -1.0000000      -1.0000000      -1.0000000      -1.0000000
      -1.0000000
       0.0000000       108.00000      0.39992696       162.00000       194311.00
       1.6026685      0.34391600      0.34860989      0.20689654     0.091308683
      -3.4419360       9.1169348      -4.4333959       92.158577       5.4883265
       70.872993
       0.0000000       107.00000      0.41996893       161.00000       190270.00
       1.5885161      0.35520574      0.36401343      0.20689654      0.10149573
      -7.0042977      0.10044341     -0.54238904       92.742210       5.5511384
       69.776390
       0.0000000       106.00000      0.44029784       163.00000       189367.00
       1.5803721      0.37287781      0.32655269      0.18750012     0.097141899
      -2.2552297      -2.1955290       1.0371658       93.943703       5.6746321
       71.094002
       0.0000000       105.00000      0.46091780       163.00000       184905.00
       1.5741478      0.48265904      0.33073273      0.17241371     0.098134100
      -1.1431023       1.0455505      -4.2523427       93.940605       5.8044529
       72.965782
       0.0000000       104.00000      0.48183295       161.00000       181305.00
       1.5658135      0.42169419      0.34353852      0.25806451     0.095836818
      -1.8665075       1.1952685      -7.6229153       95.501434       5.7795973
       67.778252
       0.0000000       103.00000      0.50304753       166.00000       179202.00
       1.5644624      0.45086825      0.35603529      0.17241371      0.10648378
      -2.0002131       2.7844903      -12.068768       97.198975       5.7873182
       66.173683
       0.0000000       102.00000      0.52456582       166.00000       176611.00
       1.5415123      0.45310706      0.34529179      0.10714287      0.10505798
      -2.9279165       7.2266479      -16.555887       98.508934       5.7045650
       63.706142
       0.0000000       101.00000      0.54639220       168.00000       174664.00
       1.5307125      0.42875370      0.34979117      0.10714287      0.10907159
      -3.1157238       10.081162      -20.133957       98.883301       5.6712599
       65.339340
       0.0000000       100.00000      0.57598084       171.00000       169676.00
       1.5265962      0.46242258      0.36996153      0.15625012      0.13080730
    -0.038620342       14.135041      -23.594852       100.69263       5.7840543
       63.137115
       0.0000000       99.000000      0.59854329       247.00000       187570.00
       1.5109396      0.41430208      0.37556726      0.15625012      0.16456485
       1.9578689       21.957161      -25.191362       100.62312       5.5930805
       64.831497
       0.0000000       98.000000      0.62142873       251.00000       185026.00
       1.5044006      0.38317135      0.37529162      0.12903231      0.17095731
       3.9829066       30.730774      -23.876474       101.60830       5.5353270
       59.460213
       0.0000000       97.000000      0.64464182       251.00000       183392.00
       1.4958683      0.35789964      0.37400681     0.096774161      0.23236233
       9.9203730       38.904667      -21.885597       102.02367       5.5290284
       55.681469
       0.0000000       96.000000      0.67611039       253.00000       179817.00
       1.4943786      0.34130958      0.37619480      0.18750012      0.18394837
       9.8903570       42.729477      -20.820562       101.38583       5.5728765
       57.455925
       0.0000000       95.000000      0.70010638       252.00000       176480.00
       1.4890637      0.32714683      0.38861856      0.15625012      0.24178551
       4.0811133       46.552734      -25.087975       99.598503       5.5477176
       62.505436
       0.0000000       94.000000      0.73263615       242.00000       169535.00
       1.4828688      0.26856479      0.39166990      0.21875006      0.23220521
      0.79794109       43.709545      -35.041725       99.226418       5.5580277
       64.123718
       0.0000000       93.000000      0.75744140       244.00000       165416.00
       1.4689952      0.36174047      0.37553403      0.24242431      0.25841773
      -1.3848766       42.028008      -38.451920       98.813400       5.5307970
       67.380859
       1.0000000       93.000000      0.75744140      -1.0000000       1.0000000
       0.0000000       0.0000000      -1.0000000      -1.0000000      -1.0000000
      -1.0000000      -1.0000000      -1.0000000      -1.0000000      -1.0000000
      -1.0000000
       0.0000000       92.000000      0.79106826       241.00000       160715.00
       1.4681643      0.62374270      0.36102381      0.28571427      0.20389648
      -10.671630       20.589622      -47.125908       99.825874       5.8845515
       68.078423
       0.0000000       91.000000      0.81671000       240.00000       157351.00
       1.4423723      0.54284585      0.34897703      0.26470590      0.23619245
      -8.8804607       16.855490      -48.899326       101.07285       5.6675525
       69.097443
       0.0000000       90.000000      0.85147089       239.00000       153087.00
       1.4396112      0.52199215      0.32602277      0.31428570      0.15142979
      -8.9310226       20.278183      -41.000996       102.13552       5.8373737
       79.590973
       1.0000000       90.000000      0.85147089      -1.0000000       1.0000000
     0.068392836      0.17865491      -1.0000000      -1.0000000      -1.0000000
      -1.0000000      -1.0000000      -1.0000000      -1.0000000      -1.0000000
      -1.0000000
       0.0000000       89.000000      0.88689691       288.00000       160367.00
       1.4139287      0.45768556      0.34627676      0.32352942      0.15755631
       11.935726       20.834976      -33.864716       104.80108       5.6576595
       73.614288
       1.0000000       89.000000      0.88689691      -1.0000000       1.0000000
   0.00055434747       0.0000000      -1.0000000      -1.0000000      -1.0000000
      -1.0000000      -1.0000000      -1.0000000      -1.0000000      -1.0000000
      -1.0000000
       0.0000000       88.000000      0.92300081       289.00000       155581.00
       1.4033170      0.65043557      0.36865953      0.32258064      0.21020532
       22.243057       35.902012      -24.356075       107.17975       5.9698582
       78.071472
       0.0000000       87.000000      0.95053136       297.00000       154388.00
       1.3807654      0.71793717      0.35945314      0.35483867      0.22822696
       14.387118       49.231876      -11.219083       106.25089       6.1807222
       85.047623
       1.0000000       87.000000      0.95053136      -1.0000000       1.0000000
   0.00016557617       0.0000000      -1.0000000      -1.0000000      -1.0000000
      -1.0000000      -1.0000000      -1.0000000      -1.0000000      -1.0000000
      -1.0000000
       0.0000000       86.000000      0.98785281      -1.0000000       149981.00
       1.3492537      0.64501649      -1.0000000      -1.0000000      -1.0000000
      -1.0000000      -1.0000000      -1.0000000       108.03943       6.0949855
       88.162155
       1.0000000       86.000000      0.98785281      -1.0000000       1.0000000
   0.00093024725     0.023355916      -1.0000000      -1.0000000      -1.0000000
      -1.0000000      -1.0000000      -1.0000000      -1.0000000      -1.0000000
      -1.0000000
       0.0000000       85.000000      0.99729425      -1.0000000       148685.00
       1.3329482      0.58543009      -1.0000000      -1.0000000      -1.0000000
      -1.0000000      -1.0000000      -1.0000000       107.96989       6.0034227
       88.300835
       0.0000000       84.000000       1.0355104      -1.0000000       294828.00
       1.3229971      0.54133981      -1.0000000      -1.0000000      -1.0000000
      -1.0000000      -1.0000000      -1.0000000       107.82987       5.9468107
       101.46861
       1.0000000       84.000000       1.0355104      -1.0000000       2.0000000
     0.015401120     0.088785496      -1.0000000      -1.0000000      -1.0000000
      -1.0000000      -1.0000000      -1.0000000      -1.0000000      -1.0000000
      -1.0000000
       0.0000000       83.000000       1.0744579      -1.0000000       263235.00
       1.3181920      0.42602813      -1.0000000      -1.0000000      -1.0000000
      -1.0000000      -1.0000000      -1.0000000       108.86362       5.8804932
       101.23863
       1.0000000       83.000000       1.0744579      -1.0000000       1.0000000
    0.0026539450     0.046693910      -1.0000000      -1.0000000      -1.0000000
      -1.0000000      -1.0000000      -1.0000000      -1.0000000      -1.0000000
      -1.0000000
       0.0000000       82.000000       1.1141505      -1.0000000       278158.00
       1.3050982      0.56911916      -1.0000000      -1.0000000      -1.0000000
      -1.0000000      -1.0000000      -1.0000000       111.72111       5.9133639
       96.936012
       1.0000000       82.000000       1.1141505      -1.0000000       2.0000000
   0.00020028166       0.0000000      -1.0000000      -1.0000000      -1.0000000
      -1.0000000      -1.0000000      -1.0000000      -1.0000000      -1.0000000
      -1.0000000
       0.0000000       81.000000       1.1546028      -1.0000000       266250.00
       1.2491244       1.1200372      -1.0000000      -1.0000000      -1.0000000
      -1.0000000      -1.0000000      -1.0000000       114.03311       6.4651031
       99.209030
       1.0000000       81.000000       1.1546028      -1.0000000       1.0000000
   0.00029833120       0.0000000      -1.0000000      -1.0000000      -1.0000000
      -1.0000000      -1.0000000      -1.0000000      -1.0000000      -1.0000000
      -1.0000000
       0.0000000       80.000000       1.2062581      -1.0000000       255893.00
       1.1471369       1.2470409      -1.0000000      -1.0000000      -1.0000000
      -1.0000000      -1.0000000      -1.0000000       110.49362       6.6939883
       111.76907
       1.0000000       80.000000       1.2062581      -1.0000000       1.0000000
   0.00050149736    0.0066556996      -1.0000000      -1.0000000      -1.0000000
      -1.0000000      -1.0000000      -1.0000000      -1.0000000      -1.0000000
      -1.0000000
       0.0000000       79.000000       1.2484726      -1.0000000       251900.00
       1.0841712       1.0755038      -1.0000000      -1.0000000      -1.0000000
      -1.0000000      -1.0000000      -1.0000000       107.54786       6.4092197
       117.71519
       0.0000000       78.000000       1.3023784      -1.0000000       244688.00
       1.0633808      0.78927827      -1.0000000      -1.0000000      -1.0000000
      -1.0000000      -1.0000000      -1.0000000       104.53410       6.2542958
       122.32195
       0.0000000       77.000000       1.3575766      -1.0000000       238888.00
       1.0292015      0.69669908      -1.0000000      -1.0000000      -1.0000000
      -1.0000000      -1.0000000      -1.0000000       106.17172       6.1899261
       124.60463
       0.0000000       76.000000       1.4140983      -1.0000000       230587.00
       1.0032264      0.72610927      -1.0000000      -1.0000000      -1.0000000
      -1.0000000      -1.0000000      -1.0000000       107.83065       6.4080820
       124.79707
       0.0000000       75.000000       1.4719748      -1.0000000       225424.00
      0.96590513      0.75517094      -1.0000000      -1.0000000      -1.0000000
      -1.0000000      -1.0000000      -1.0000000       108.58870       6.3139009
       116.59532
       1.0000000       75.000000       1.4719748      -1.0000000       2.0000000
   0.00054621947       0.0000000      -1.0000000      -1.0000000      -1.0000000
      -1.0000000      -1.0000000      -1.0000000      -1.0000000      -1.0000000
      -1.0000000
       0.0000000       74.000000       1.5312390      -1.0000000       219424.00
      0.95245677      0.91553056      -1.0000000      -1.0000000      -1.0000000
      -1.0000000      -1.0000000      -1.0000000       116.88180       7.2259712
       108.31761
       0.0000000       73.000000       1.6042346      -1.0000000       206905.00
      0.86426735       1.2152603      -1.0000000      -1.0000000      -1.0000000
      -1.0000000      -1.0000000      -1.0000000       127.00906       7.1550989
       103.13550
       1.0000000       73.000000       1.6042346      -1.0000000       1.0000000
   0.00030584764    0.0056885560      -1.0000000      -1.0000000      -1.0000000
      -1.0000000      -1.0000000      -1.0000000      -1.0000000      -1.0000000
      -1.0000000
       0.0000000       72.000000       1.6666696      -1.0000000       201257.00
      0.80299121      0.87697440      -1.0000000      -1.0000000      -1.0000000
      -1.0000000      -1.0000000      -1.0000000       118.73442       6.4384356
       111.68987
       0.0000000       71.000000       1.7435706      -1.0000000       192910.00
      0.77850699      0.86396307      -1.0000000      -1.0000000      -1.0000000
      -1.0000000      -1.0000000      -1.0000000       120.76405       7.2761927
       107.10065
       1.0000000       71.000000       1.7435706      -1.0000000       1.0000000
       0.0000000       0.0000000      -1.0000000      -1.0000000      -1.0000000
      -1.0000000      -1.0000000      -1.0000000      -1.0000000      -1.0000000
      -1.0000000
       0.0000000       70.000000       1.8226893      -1.0000000       183032.00
      0.75792897       1.6069171      -1.0000000      -1.0000000      -1.0000000
      -1.0000000      -1.0000000      -1.0000000       119.92709       10.109590
       109.54833
       1.0000000       70.000000       1.8226893      -1.0000000       2.0000000
   0.00019712158     0.027014326      -1.0000000      -1.0000000      -1.0000000
      -1.0000000      -1.0000000      -1.0000000      -1.0000000      -1.0000000
      -1.0000000
       0.0000000       69.000000       1.9040896      -1.0000000       186582.00
      0.51167417       1.8698803      -1.0000000      -1.0000000      -1.0000000
      -1.0000000      -1.0000000      -1.0000000       113.43092       10.777966
       108.61465
       2.0000000       69.000000       1.9040896      0.68845510       66.000000
      0.19659878      0.55891985      -1.0000000      -1.0000000      -1.0000000
      -1.0000000      -1.0000000      -1.0000000      -1.0000000      -1.0000000
      -1.0000000
       1.0000000       69.000000       1.9040896      -1.0000000       2.0000000
    0.0011410591     0.036003722      -1.0000000      -1.0000000      -1.0000000
      -1.0000000      -1.0000000      -1.0000000      -1.0000000      -1.0000000
      -1.0000000
       0.0000000       68.000000       2.0020282      -1.0000000       181993.00
      0.45925310       1.6107173      -1.0000000      -1.0000000      -1.0000000
      -1.0000000      -1.0000000      -1.0000000       116.64899       12.804836
       101.37819
       1.0000000       68.000000       2.0020282      -1.0000000       1.0000000
    0.0031240163     0.061298933      -1.0000000      -1.0000000      -1.0000000
      -1.0000000      -1.0000000      -1.0000000      -1.0000000      -1.0000000
      -1.0000000
       0.0000000       67.000000       2.1032696      -1.0000000       171662.00
      0.38894045       1.3203962      -1.0000000      -1.0000000      -1.0000000
      -1.0000000      -1.0000000      -1.0000000       118.86690       8.5211983
       92.508308
       0.0000000       66.000000       2.2079256      -1.0000000       159618.00
      0.28556514      0.39350563      -1.0000000      -1.0000000      -1.0000000
      -1.0000000      -1.0000000      -1.0000000       100.21983       3.8528776
       116.63827
       1.0000000       66.000000       2.2079256      -1.0000000       1.0000000
    0.0015944474     0.047082260      -1.0000000      -1.0000000      -1.0000000
      -1.0000000      -1.0000000      -1.0000000      -1.0000000      -1.0000000
      -1.0000000
       0.0000000       65.000000       2.3161108      -1.0000000       148759.00
      0.27641875      0.51918703      -1.0000000      -1.0000000      -1.0000000
      -1.0000000      -1.0000000      -1.0000000       87.667854       3.3268375
       31.217396
       1.0000000       65.000000       2.3161108      -1.0000000       2.0000000
       0.0000000       0.0000000      -1.0000000      -1.0000000      -1.0000000
      -1.0000000      -1.0000000      -1.0000000      -1.0000000      -1.0000000
      -1.0000000
       0.0000000       64.000000       2.4442258      -1.0000000       143222.00
      0.24252243      0.67631054      -1.0000000      -1.0000000      -1.0000000
      -1.0000000      -1.0000000      -1.0000000       85.088150       3.6266551
       79.048958
       1.0000000       64.000000       2.4442258      -1.0000000       1.0000000
   0.00039110976       0.0000000      -1.0000000      -1.0000000      -1.0000000
      -1.0000000      -1.0000000      -1.0000000      -1.0000000      -1.0000000
      -1.0000000
       0.0000000       63.000000       2.5772903      -1.0000000       193114.00
      0.19928665      0.51868743      -1.0000000      -1.0000000      -1.0000000
      -1.0000000      -1.0000000      -1.0000000       84.159668       2.8746526
       64.202835
       1.0000000       63.000000       2.5772903      -1.0000000       2.0000000
    0.0032209333     0.049923278      -1.0000000      -1.0000000      -1.0000000
      -1.0000000      -1.0000000      -1.0000000      -1.0000000      -1.0000000
      -1.0000000
       0.0000000       62.000000       2.7331426      -1.0000000       187480.00
      0.17725982      0.39621380      -1.0000000      -1.0000000      -1.0000000
      -1.0000000      -1.0000000      -1.0000000       91.662712       2.5929687
       55.631916
       0.0000000       61.000000       2.8957851      -1.0000000       174355.00
      0.15659545      0.37908342      -1.0000000      -1.0000000      -1.0000000
      -1.0000000      -1.0000000      -1.0000000       84.928108       2.0428381
       58.886101
       0.0000000       60.000000       3.0081310      -1.0000000       163708.00
      0.14239588      0.37496263      -1.0000000      -1.0000000      -1.0000000
      -1.0000000      -1.0000000      -1.0000000       83.821274       2.1848187
       59.429142
       0.0000000       59.000000       3.0848227      -1.0000000       155808.00
      0.13430338      0.38089189      -1.0000000      -1.0000000      -1.0000000
      -1.0000000      -1.0000000      -1.0000000       83.407608       2.1262717
       59.698242
       0.0000000       58.000000       3.2830331      -1.0000000       145014.00
      0.10958696      0.30252421      -1.0000000      -1.0000000      -1.0000000
      -1.0000000      -1.0000000      -1.0000000       83.069420       1.9298300
       58.600433
       1.0000000       58.000000       3.2830331      -1.0000000       2.0000000
   0.00022542327       0.0000000      -1.0000000      -1.0000000      -1.0000000
      -1.0000000      -1.0000000      -1.0000000      -1.0000000      -1.0000000
      -1.0000000
       0.0000000       57.000000       3.4908614      -1.0000000       135021.00
     0.094658233      0.25116110      -1.0000000      -1.0000000      -1.0000000
      -1.0000000      -1.0000000      -1.0000000       81.893707       1.5816985
       63.225822
