       0.0000000       135.00000       0.0000000       0.0000000       42.000000
       2.2335422       2.0780444      0.48061654      0.48484850      0.53693140
       37.226170      -80.195023      -122.43137       85.235199       10.494583
       32.098305
       0.0000000       134.00000    0.0095216669       0.0000000       39.000000
       2.1804876       1.8721907      0.47302485      0.54285711      0.51562989
       31.386774      -81.528618      -127.11494       83.027626       10.179309
       34.401192
       0.0000000       133.00000     0.023974428       0.0000000       40.000000
       2.1804352       1.6825731      0.46461186      0.52941173      0.50070560
       40.413563      -67.786049      -126.24721       81.356644       10.344110
       36.025478
       0.0000000       132.00000     0.033724371       0.0000000       40.000000
       2.1727817       1.6906822      0.46596822      0.55555552      0.48498905
       44.091114      -59.320370      -125.37610       84.043968       10.176723
       34.502445
       0.0000000       131.00000     0.048523631       35.000000       157782.00
       2.0948527       2.2235067      0.46878761      0.51428568      0.49259746
       53.389767      -44.677155      -127.55339       82.064842       10.438101
       39.154594
       0.0000000       130.00000     0.058507323       3695.0000       467781.00
       2.1149321       1.9980692      0.45827889      0.52941173      0.50128251
       61.138821      -44.988689      -123.92970       80.756783       10.634184
       40.552746
       0.0000000       129.00000     0.073661387       3697.0000       465079.00
       2.0480802       2.1193018      0.46290264      0.52941173      0.49275461
       69.760857      -50.640053      -122.35756       81.987694       10.354761
       41.149143
       0.0000000       128.00000     0.083884433       3729.0000       463181.00
       2.0117977       2.0769780      0.45785406      0.50000000      0.48483983
       73.636574      -54.405125      -115.07616       80.671150       10.331267
       41.188618
       1.0000000       128.00000     0.083884433      -1.0000000       1.0000000
    0.0016630436     0.027891720      -1.0000000      -1.0000000      -1.0000000
      -1.0000000      -1.0000000      -1.0000000      -1.0000000      -1.0000000
      -1.0000000
       0.0000000       127.00000     0.099401802       3712.0000       460974.00
       1.9666221       1.9955964      0.44832265      0.50000000      0.49107778
       67.925629      -56.373013      -107.87842       80.637482       9.9473038
       42.455395
       0.0000000       126.00000      0.10986994       3738.0000       459301.00
       1.9419097       2.2451370      0.44456440      0.41935480      0.45838651
       70.921165      -55.025856      -106.05733       80.830757       10.252919
       42.554497
       0.0000000       125.00000      0.12575933       3751.0000       457067.00
       1.8644919       2.2799287      0.43828782      0.46875006      0.45368949
       75.888702      -51.734512      -102.03674       80.751015       9.8420401
       44.254097
       1.0000000       125.00000      0.12575933      -1.0000000       1.0000000
       0.0000000       0.0000000      -1.0000000      -1.0000000      -1.0000000
      -1.0000000      -1.0000000      -1.0000000      -1.0000000      -1.0000000
      -1.0000000
       0.0000000       124.00000      0.14187621       3769.0000       454382.00
       1.8856086       2.1059737      0.42799795      0.46875006      0.45000222
       72.463097      -45.688248      -98.970940       79.447624       10.255353
       45.085407
       1.0000000       124.00000      0.14187621      -1.0000000       1.0000000
       0.0000000       0.0000000      -1.0000000      -1.0000000      -1.0000000
      -1.0000000      -1.0000000      -1.0000000      -1.0000000      -1.0000000
      -1.0000000
       0.0000000       123.00000      0.15274876       3749.0000       452209.00
       1.8337352       1.8586572      0.42535847      0.45161289      0.44022831
       69.983696      -41.890182      -105.21578       79.193497       9.7501192
       46.260201
       0.0000000       122.00000      0.16925204       3753.0000       449450.00
       1.7821826       1.6318104      0.42308798      0.47058821      0.42880329
       55.354797      -25.037098      -116.65372       79.673767       9.6044893
       45.620064
       1.0000000       122.00000      0.16925204      -1.0000000       2.0000000
    0.0015968421      0.11761665      -1.0000000      -1.0000000      -1.0000000
      -1.0000000      -1.0000000      -1.0000000      -1.0000000      -1.0000000
      -1.0000000
       0.0000000       121.00000      0.18038526       3741.0000       446418.00
       1.7881857       1.6640316      0.42651489      0.46875006      0.41745010
       56.470688      -15.995335      -117.21369       81.627121       9.7266340
       43.656654
       0.0000000       120.00000      0.19728418       3727.0000       442778.00
       1.7182312       2.3471744      0.43069232      0.48484850      0.39610678
       66.029945      -6.2899523      -104.04306       85.426613       9.7887020
       43.086170
       0.0000000       119.00000      0.21442504       3752.0000       440620.00
       1.6650220       2.5100734      0.44512257      0.35483867      0.40513343
       90.048416       11.622049      -84.700172       81.585480       10.081257
       45.076050
       0.0000000       118.00000      0.22598839       3745.0000       438656.00
       1.6253301       2.1525795      0.42070892      0.50000000      0.43003923
       95.529137       16.846518      -81.905945       79.814583       9.7924128
       47.216263
       0.0000000       117.00000      0.24354018       3759.0000       435208.00
       1.6119686       2.0892892      0.41113624      0.57142854      0.43271318
       104.13295       16.170378      -73.931084       79.657257       9.7063675
       48.978943
       0.0000000       116.00000      0.26134327       3815.0000       433019.00
       1.5561223       1.7977707      0.41505942      0.54285711      0.39834020
       106.67618    -0.040857829      -65.470901       80.432762       8.9882469
       49.079800
       0.0000000       115.00000      0.27335334      -1.0000000       429699.00
       1.5143119       1.7512876      -1.0000000      -1.0000000      -1.0000000
      -1.0000000      -1.0000000      -1.0000000       80.648178       8.8755283
       49.354900
       1.0000000       115.00000      0.27335334      -1.0000000       1.0000000
   0.00055157387     0.031420134      -1.0000000      -1.0000000      -1.0000000
      -1.0000000      -1.0000000      -1.0000000      -1.0000000      -1.0000000
      -1.0000000
       0.0000000       114.00000      0.29158324      -1.0000000       426898.00
       1.5067836       1.7334778      -1.0000000      -1.0000000      -1.0000000
      -1.0000000      -1.0000000      -1.0000000       81.900925       9.2566404
       47.542961
       0.0000000       113.00000      0.31007412      -1.0000000       424688.00
       1.4843853       2.1745000      -1.0000000      -1.0000000      -1.0000000
      -1.0000000      -1.0000000      -1.0000000       85.308998       9.4278870
       46.498596
       0.0000000       112.00000      0.32882974      -1.0000000       421353.00
       1.4016438       2.2492256      -1.0000000      -1.0000000      -1.0000000
      -1.0000000      -1.0000000      -1.0000000       83.570908       9.4136086
       48.037460
       1.0000000       112.00000      0.32882974      -1.0000000       1.0000000
   0.00032486467     0.024373217      -1.0000000      -1.0000000      -1.0000000
      -1.0000000      -1.0000000      -1.0000000      -1.0000000      -1.0000000
      -1.0000000
       0.0000000       111.00000      0.34785384      -1.0000000       418712.00
       1.3700823       1.8418858      -1.0000000      -1.0000000      -1.0000000
      -1.0000000      -1.0000000      -1.0000000       82.301620       9.0849295
       50.384445
       0.0000000       110.00000      0.36068764      -1.0000000       417610.00
       1.3454843       1.9936385      -1.0000000      -1.0000000      -1.0000000
      -1.0000000      -1.0000000      -1.0000000       82.447136       9.3041449
       51.168659
       0.0000000       109.00000      0.38016787      -1.0000000       413256.00
       1.3280858       1.9043405      -1.0000000      -1.0000000      -1.0000000
      -1.0000000      -1.0000000      -1.0000000       81.190132       9.3389864
       53.100666
       0.0000000       108.00000      0.39992696      -1.0000000       412307.00
       1.2541152       1.8780677      -1.0000000      -1.0000000      -1.0000000
      -1.0000000      -1.0000000      -1.0000000       81.691170       8.9750805
       52.586967
       0.0000000       107.00000      0.41996893      -1.0000000       408612.00
       1.2605509       1.9743358      -1.0000000      -1.0000000      -1.0000000
      -1.0000000      -1.0000000      -1.0000000       82.677856       9.3232822
       51.684906
       0.0000000       106.00000      0.44029784      -1.0000000       406218.00
       1.1834608       2.1009891      -1.0000000      -1.0000000      -1.0000000
      -1.0000000      -1.0000000      -1.0000000       83.069336       8.8361301
       53.759640
       0.0000000       105.00000      0.46091780      -1.0000000       401334.00
       1.1385995       1.7190812      -1.0000000      -1.0000000      -1.0000000
      -1.0000000      -1.0000000      -1.0000000       80.243973       8.7043352
       55.579906
       1.0000000       105.00000      0.46091780      -1.0000000       3.0000000
   0.00067874620     0.092978396      -1.0000000      -1.0000000      -1.0000000
      -1.0000000      -1.0000000      -1.0000000      -1.0000000      -1.0000000
      -1.0000000
       0.0000000       104.00000      0.48183295      -1.0000000       395351.00
       1.1265826       1.5852154      -1.0000000      -1.0000000      -1.0000000
      -1.0000000      -1.0000000      -1.0000000       79.934036       8.6818256
       58.113003
       1.0000000       104.00000      0.48183295      -1.0000000       2.0000000
   0.00044169268     0.011924135      -1.0000000      -1.0000000      -1.0000000
      -1.0000000      -1.0000000      -1.0000000      -1.0000000      -1.0000000
      -1.0000000
       0.0000000       103.00000      0.50304753      -1.0000000       392665.00
       1.1225882       1.3280166      -1.0000000      -1.0000000      -1.0000000
      -1.0000000      -1.0000000      -1.0000000       80.586006       8.0692883
       58.099812
       0.0000000       102.00000      0.52456582      -1.0000000       390564.00
       1.0635867       1.7714508      -1.0000000      -1.0000000      -1.0000000
      -1.0000000      -1.0000000      -1.0000000       80.688972       8.4117575
       57.410995
       0.0000000       101.00000      0.54639220      -1.0000000       388183.00
       1.0396799       1.8910085      -1.0000000      -1.0000000      -1.0000000
      -1.0000000      -1.0000000      -1.0000000       81.622879       8.9238787
       57.489666
       0.0000000       100.00000      0.57598084      -1.0000000       385640.00
      0.96771801       2.1921651      -1.0000000      -1.0000000      -1.0000000
      -1.0000000      -1.0000000      -1.0000000       84.916466       8.5531034
       55.332726
       1.0000000       100.00000      0.57598084      -1.0000000       1.0000000
     0.017669681      0.18380231      -1.0000000      -1.0000000      -1.0000000
      -1.0000000      -1.0000000      -1.0000000      -1.0000000      -1.0000000
      -1.0000000
       0.0000000       99.000000      0.59854329      -1.0000000       383739.00
      0.90301883       2.2391231      -1.0000000      -1.0000000      -1.0000000
      -1.0000000      -1.0000000      -1.0000000       83.745560       8.9004736
       55.395096
       0.0000000       98.000000      0.62142873      -1.0000000       380007.00
      0.83604580       1.8294159      -1.0000000      -1.0000000      -1.0000000
      -1.0000000      -1.0000000      -1.0000000       82.838058       8.4206591
       56.629730
       0.0000000       97.000000      0.64464182      -1.0000000       379169.00
      0.84637994       1.8513306      -1.0000000      -1.0000000      -1.0000000
      -1.0000000      -1.0000000      -1.0000000       85.635178       9.0954638
       53.930157
       0.0000000       96.000000      0.67611039      -1.0000000       377198.00
      0.77183503       2.5775354      -1.0000000      -1.0000000      -1.0000000
      -1.0000000      -1.0000000      -1.0000000       91.343559       9.0870304
       51.209530
       1.0000000       96.000000      0.67611039      -1.0000000       1.0000000
       0.0000000       0.0000000      -1.0000000      -1.0000000      -1.0000000
      -1.0000000      -1.0000000      -1.0000000      -1.0000000      -1.0000000
      -1.0000000
       0.0000000       95.000000      0.70010638      -1.0000000       374878.00
      0.71473062       2.2913063      -1.0000000      -1.0000000      -1.0000000
      -1.0000000      -1.0000000      -1.0000000       87.172462       8.9647694
       55.496296
       0.0000000       94.000000      0.73263615      -1.0000000       371257.00
      0.67757517       1.7048613      -1.0000000      -1.0000000      -1.0000000
      -1.0000000      -1.0000000      -1.0000000       80.656754       8.2090254
       62.576542
       0.0000000       93.000000      0.75744140      -1.0000000       368601.00
      0.65900743       1.3449647      -1.0000000      -1.0000000      -1.0000000
      -1.0000000      -1.0000000      -1.0000000       80.380051       7.6683564
       61.904186
       1.0000000       93.000000      0.75744140      -1.0000000       1.0000000
       0.0000000       0.0000000      -1.0000000      -1.0000000      -1.0000000
      -1.0000000      -1.0000000      -1.0000000      -1.0000000      -1.0000000
      -1.0000000
       0.0000000       92.000000      0.79106826      -1.0000000       363915.00
      0.64317906       1.5044128      -1.0000000      -1.0000000      -1.0000000
      -1.0000000      -1.0000000      -1.0000000       83.084923       7.7618742
       61.263664
       0.0000000       91.000000      0.81671000      -1.0000000       361669.00
      0.61254460       1.8411045      -1.0000000      -1.0000000      -1.0000000
      -1.0000000      -1.0000000      -1.0000000       84.954979       8.1888027
       60.486698
       0.0000000       90.000000      0.85147089      -1.0000000       366017.00
      0.56756485       1.8689713      -1.0000000      -1.0000000      -1.0000000
      -1.0000000      -1.0000000      -1.0000000       85.227036       7.9656453
       58.910038
       0.0000000       89.000000      0.88689691      -1.0000000       364993.00
      0.51870424       1.7691169      -1.0000000      -1.0000000      -1.0000000
      -1.0000000      -1.0000000      -1.0000000       84.354187       7.5213284
       59.668255
       1.0000000       89.000000      0.88689691      -1.0000000       1.0000000
   0.00069011480     0.020666847      -1.0000000      -1.0000000      -1.0000000
      -1.0000000      -1.0000000      -1.0000000      -1.0000000      -1.0000000
      -1.0000000
       0.0000000       88.000000      0.92300081      -1.0000000       361401.00
      0.49797115       1.6625792      -1.0000000      -1.0000000      -1.0000000
      -1.0000000      -1.0000000      -1.0000000       84.119560       7.5318356
       61.017818
       0.0000000       87.000000      0.95053136      -1.0000000       359850.00
      0.47423488       1.3629737      -1.0000000      -1.0000000      -1.0000000
      -1.0000000      -1.0000000      -1.0000000       84.032539       7.0625725
       61.473820
       0.0000000       86.000000      0.98785281      -1.0000000       356272.00
      0.44535249       1.1916337      -1.0000000      -1.0000000      -1.0000000
      -1.0000000      -1.0000000      -1.0000000       82.172516       6.7496200
       63.754272
       0.0000000       85.000000      0.99729425      -1.0000000       354731.00
      0.43207529       1.1775227      -1.0000000      -1.0000000      -1.0000000
      -1.0000000      -1.0000000      -1.0000000       81.880577       6.4980259
       63.982399
       0.0000000       84.000000       1.0355104      -1.0000000       351421.00
      0.42056352       1.6102593      -1.0000000      -1.0000000      -1.0000000
      -1.0000000      -1.0000000      -1.0000000       81.699379       7.2881231
       63.372448
       0.0000000       83.000000       1.0744579      -1.0000000       346835.00
      0.38862664       1.7500144      -1.0000000      -1.0000000      -1.0000000
      -1.0000000      -1.0000000      -1.0000000       81.710060       7.1435513
       63.944157
       0.0000000       82.000000       1.1141505      -1.0000000       342158.00
      0.33291486       1.3541852      -1.0000000      -1.0000000      -1.0000000
      -1.0000000      -1.0000000      -1.0000000       80.922241       6.3613377
       66.642944
       0.0000000       81.000000       1.1546028      -1.0000000       336847.00
      0.33126941       1.2528571      -1.0000000      -1.0000000      -1.0000000
      -1.0000000      -1.0000000      -1.0000000       78.226357       6.5239034
       70.153816
       0.0000000       80.000000       1.2062581      -1.0000000       328176.00
      0.32388866       1.2469229      -1.0000000      -1.0000000      -1.0000000
      -1.0000000      -1.0000000      -1.0000000       76.869698       6.4053750
       75.938065
       0.0000000       79.000000       1.2484726      -1.0000000       322589.00
      0.28120881       1.2610629      -1.0000000      -1.0000000      -1.0000000
      -1.0000000      -1.0000000      -1.0000000       76.986122       5.5294867
       82.546234
       0.0000000       78.000000       1.3023784      -1.0000000       314822.00
      0.25387475       1.1399380      -1.0000000      -1.0000000      -1.0000000
      -1.0000000      -1.0000000      -1.0000000       76.186188       5.3096313
       88.975204
       0.0000000       77.000000       1.3575766      -1.0000000       308151.00
      0.24238297      0.81410867      -1.0000000      -1.0000000      -1.0000000
      -1.0000000      -1.0000000      -1.0000000       76.648430       4.6892347
       92.748146
       1.0000000       77.000000       1.3575766      -1.0000000       1.0000000
   0.00084792473       0.0000000      -1.0000000      -1.0000000      -1.0000000
      -1.0000000      -1.0000000      -1.0000000      -1.0000000      -1.0000000
      -1.0000000
       0.0000000       76.000000       1.4140983      -1.0000000       300110.00
      0.19124272      0.50472796      -1.0000000      -1.0000000      -1.0000000
      -1.0000000      -1.0000000      -1.0000000       79.267876       3.3567333
       91.179565
       2.0000000       76.000000       1.4140983      0.81348318       71.000000
     0.029979991      0.25810540      -1.0000000      -1.0000000      -1.0000000
      -1.0000000      -1.0000000      -1.0000000      -1.0000000      -1.0000000
      -1.0000000
       1.0000000       76.000000       1.4140983      -1.0000000       2.0000000
    0.0031067065     0.073267549      -1.0000000      -1.0000000      -1.0000000
      -1.0000000      -1.0000000      -1.0000000      -1.0000000      -1.0000000
      -1.0000000
       0.0000000       75.000000       1.4719748      -1.0000000       292985.00
      0.19751665      0.64829326      -1.0000000      -1.0000000      -1.0000000
      -1.0000000      -1.0000000      -1.0000000       86.047455       4.1559782
       83.592346
       0.0000000       74.000000       1.5312390      -1.0000000       284533.00
      0.17726856      0.94719344      -1.0000000      -1.0000000      -1.0000000
      -1.0000000      -1.0000000      -1.0000000       95.146652       4.7921677
       73.181412
       1.0000000       74.000000       1.5312390      -1.0000000       1.0000000
    0.0022092098     0.092379689      -1.0000000      -1.0000000      -1.0000000
      -1.0000000      -1.0000000      -1.0000000      -1.0000000      -1.0000000
      -1.0000000
       0.0000000       73.000000       1.6042346      -1.0000000       278712.00
      0.12024090      0.66722351      -1.0000000      -1.0000000      -1.0000000
      -1.0000000      -1.0000000      -1.0000000       91.922302       2.9683280
       76.967186
       0.0000000       72.000000       1.6666696      -1.0000000       272809.00
     0.032610547     0.069218077      -1.0000000      -1.0000000      -1.0000000
      -1.0000000      -1.0000000      -1.0000000       35.055550      0.34231764
       6.9858708
       2.0000000       72.000000       1.6666696       1.5153651       71.000000
     0.055847045      0.56630826      -1.0000000      -1.0000000      -1.0000000
      -1.0000000      -1.0000000      -1.0000000      -1.0000000      -1.0000000
      -1.0000000
       1.0000000       72.000000       1.6666696      -1.0000000       2.0000000
   0.00063703570     0.038671814      -1.0000000      -1.0000000      -1.0000000
      -1.0000000      -1.0000000      -1.0000000      -1.0000000      -1.0000000
      -1.0000000
       0.0000000       71.000000       1.7435706      -1.0000000       266302.00
     0.036853854      0.12844133      -1.0000000      -1.0000000      -1.0000000
      -1.0000000      -1.0000000      -1.0000000       42.519669      0.48594719
       7.5378547
       0.0000000       70.000000       1.8226893      -1.0000000       260487.00
     0.075682379      0.73607099      -1.0000000      -1.0000000      -1.0000000
      -1.0000000      -1.0000000      -1.0000000       85.366302       3.9637878
       72.205368
       0.0000000       69.000000       1.9040896      -1.0000000       256641.00
     0.032797094      0.21305630      -1.0000000      -1.0000000      -1.0000000
      -1.0000000      -1.0000000      -1.0000000       74.387817      0.89717782
       88.800629
       0.0000000       68.000000       2.0020282      -1.0000000       246467.00
     0.026509782      0.11525737      -1.0000000      -1.0000000      -1.0000000
      -1.0000000      -1.0000000      -1.0000000       50.860176      0.75363636
       26.336920
       0.0000000       67.000000       2.1032696      -1.0000000       274981.00
     0.022811569      0.14354712      -1.0000000      -1.0000000      -1.0000000
      -1.0000000      -1.0000000      -1.0000000       49.197647      0.73000485
       31.513247
       0.0000000       66.000000       2.2079256      -1.0000000       376533.00
     0.022003803      0.11277758      -1.0000000      -1.0000000      -1.0000000
      -1.0000000      -1.0000000      -1.0000000       46.648647      0.68339700
       45.975971
       0.0000000       65.000000       2.3161108      -1.0000000       371417.00
     0.019038916      0.10094769      -1.0000000      -1.0000000      -1.0000000
      -1.0000000      -1.0000000      -1.0000000       45.997456      0.64543003
       45.229637
       0.0000000       64.000000       2.4442258      -1.0000000       361035.00
     0.016848352      0.12916082      -1.0000000      -1.0000000      -1.0000000
      -1.0000000      -1.0000000      -1.0000000       46.813148      0.64702791
       45.681423
       0.0000000       63.000000       2.5772903      -1.0000000       350079.00
     0.013629282     0.095190682      -1.0000000      -1.0000000      -1.0000000
      -1.0000000      -1.0000000      -1.0000000       46.667999      0.59105051
       46.574657
       0.0000000       62.000000       2.7331426      -1.0000000       355000.00
     0.012683182      0.10322392      -1.0000000      -1.0000000      -1.0000000
      -1.0000000      -1.0000000      -1.0000000       48.358925      0.61567330
       44.266350
       0.0000000       61.000000       2.8957851      -1.0000000       332717.00
    0.0098255081      0.10347699      -1.0000000      -1.0000000      -1.0000000
      -1.0000000      -1.0000000      -1.0000000       48.707928      0.53290576
       45.711384
       0.0000000       60.000000       3.0081310      -1.0000000       321721.00
    0.0078593493     0.088646255      -1.0000000      -1.0000000      -1.0000000
      -1.0000000      -1.0000000      -1.0000000       48.650276      0.50671470
       46.227665
       0.0000000       59.000000       3.0848227      -1.0000000       315725.00
    0.0080893608     0.096989438      -1.0000000      -1.0000000      -1.0000000
      -1.0000000      -1.0000000      -1.0000000       49.411591      0.53846002
       46.558689
       0.0000000       58.000000       3.2830331      -1.0000000       293856.00
    0.0070820209     0.068762623      -1.0000000      -1.0000000      -1.0000000
      -1.0000000      -1.0000000      -1.0000000       51.449070      0.57435834
       46.440159
       0.0000000       57.000000       3.4908614      -1.0000000       275819.00
    0.0066770101     0.092038728      -1.0000000      -1.0000000      -1.0000000
      -1.0000000      -1.0000000      -1.0000000       52.779636      0.46195436
       45.733631
       1.0000000       57.000000       3.4908614      -1.0000000       1.0000000
       0.0000000       0.0000000      -1.0000000      -1.0000000      -1.0000000
      -1.0000000      -1.0000000      -1.0000000      -1.0000000      -1.0000000
      -1.0000000
