       0.0000000       135.00000       0.0000000       1938.0000       438072.00
       3.6255558       2.7955074      0.49198434      0.69696975      0.66934836
       230.66570      -94.340637      -29.630445       92.585007       19.078636
       61.237183
       0.0000000       134.00000    0.0095216669       1942.0000       435781.00
       3.5419340       2.8003502      0.50009191      0.70270270      0.69268674
       222.56715      -101.45267      -18.606365       93.715172       17.834362
       62.049904
       0.0000000       133.00000     0.023974428       1970.0000       433255.00
       3.5012145       3.5210347      0.49540523      0.68750000      0.66288412
       214.68994      -129.31136      -14.950597       94.168625       18.781746
       62.421692
       1.0000000       133.00000     0.023974428      -1.0000000       2.0000000
     0.022033606      0.16630454      -1.0000000      -1.0000000      -1.0000000
      -1.0000000      -1.0000000      -1.0000000      -1.0000000      -1.0000000
      -1.0000000
       0.0000000       132.00000     0.033724371       1962.0000       432079.00
       3.4433208       3.3455026      0.49079326      0.66666669      0.61859500
       209.36078      -131.16997      -25.668886       93.301125       18.572744
       63.728630
       1.0000000       132.00000     0.033724371      -1.0000000       2.0000000
   0.00026412724     0.017933313      -1.0000000      -1.0000000      -1.0000000
      -1.0000000      -1.0000000      -1.0000000      -1.0000000      -1.0000000
      -1.0000000
       0.0000000       131.00000     0.048523631       1967.0000       428271.00
       3.3859000       2.9969020      0.49746001      0.63333333      0.65981758
       216.18123      -119.35970      -30.249001       92.288200       17.862982
       65.802071
       1.0000000       131.00000     0.048523631      -1.0000000       1.0000000
       0.0000000       0.0000000      -1.0000000      -1.0000000      -1.0000000
      -1.0000000      -1.0000000      -1.0000000      -1.0000000      -1.0000000
      -1.0000000
       0.0000000       130.00000     0.058507323       1983.0000       426123.00
       3.3485703       2.6763332      0.49223080      0.70588237      0.64612406
       216.41010      -110.79269      -35.743603       91.850800       17.649126
       66.012352
       1.0000000       130.00000     0.058507323      -1.0000000       1.0000000
       0.0000000       0.0000000      -1.0000000      -1.0000000      -1.0000000
      -1.0000000      -1.0000000      -1.0000000      -1.0000000      -1.0000000
      -1.0000000
       0.0000000       129.00000     0.073661387       2032.0000       424937.00
       3.2928233       2.4724576      0.47475067      0.65625000      0.64371002
       211.96976      -109.97137      -38.941418       92.516876       17.200993
       66.201149
       1.0000000       129.00000     0.073661387      -1.0000000       2.0000000
    0.0051412079     0.029214606      -1.0000000      -1.0000000      -1.0000000
      -1.0000000      -1.0000000      -1.0000000      -1.0000000      -1.0000000
      -1.0000000
       0.0000000       128.00000     0.083884433       2026.0000       422428.00
       3.2716794       2.5929701      0.46521485      0.70270270      0.65672213
       202.41876      -108.93294      -41.797241       93.156914       17.230846
       66.266296
       1.0000000       128.00000     0.083884433      -1.0000000       1.0000000
    0.0051412079     0.029214606      -1.0000000      -1.0000000      -1.0000000
      -1.0000000      -1.0000000      -1.0000000      -1.0000000      -1.0000000
      -1.0000000
       0.0000000       127.00000     0.099401802       2041.0000       420703.00
       3.2432361       2.7563965      0.45188114      0.72972977      0.65181816
       196.64876      -116.80582      -45.080894       93.459251       17.417183
       66.370255
       1.0000000       127.00000     0.099401802      -1.0000000       1.0000000
    0.0051412079     0.029214606      -1.0000000      -1.0000000      -1.0000000
      -1.0000000      -1.0000000      -1.0000000      -1.0000000      -1.0000000
      -1.0000000
       0.0000000       126.00000      0.10986994       2063.0000       419418.00
       3.1627548       2.7379608      0.47757342      0.69230771      0.63327485
       200.59184      -113.06721      -45.328430       93.583351       16.945635
       66.571823
       0.0000000       125.00000      0.12575933       2066.0000       417280.00
       3.1139116       2.6104448      0.49409229      0.69444442      0.64838541
       218.18903      -115.76356      -50.738384       93.673851       17.021036
       66.594154
       1.0000000       125.00000      0.12575933      -1.0000000       3.0000000
     0.015233511     0.077730551      -1.0000000      -1.0000000      -1.0000000
      -1.0000000      -1.0000000      -1.0000000      -1.0000000      -1.0000000
      -1.0000000
       0.0000000       124.00000      0.14187621       2083.0000       414505.00
       3.1093471       2.7104611      0.50300759      0.64705884      0.62153822
       227.56531      -119.30010      -52.462685       94.637375       17.083921
       66.482559
       1.0000000       124.00000      0.14187621      -1.0000000       2.0000000
    0.0076167556     0.038865276      -1.0000000      -1.0000000      -1.0000000
      -1.0000000      -1.0000000      -1.0000000      -1.0000000      -1.0000000
      -1.0000000
       0.0000000       123.00000      0.15274876       2093.0000       413128.00
       3.0385506       2.5575650      0.49531403      0.67647058      0.64385372
       221.71051      -114.93939      -46.517067       94.455727       16.657316
       66.868935
       1.0000000       123.00000      0.15274876      -1.0000000       1.0000000
       0.0000000       0.0000000      -1.0000000      -1.0000000      -1.0000000
      -1.0000000      -1.0000000      -1.0000000      -1.0000000      -1.0000000
      -1.0000000
       0.0000000       122.00000      0.16925204       2084.0000       409843.00
       3.0286214       2.8672543      0.49705338      0.66666669      0.64946944
       221.40048      -122.48381      -30.950800       93.734344       16.816166
       67.153549
       1.0000000       122.00000      0.16925204      -1.0000000       1.0000000
    0.0034330871     0.014020447      -1.0000000      -1.0000000      -1.0000000
      -1.0000000      -1.0000000      -1.0000000      -1.0000000      -1.0000000
      -1.0000000
       0.0000000       121.00000      0.18038526       2099.0000       407460.00
       2.9759219       2.6116586      0.49487585      0.63636363      0.65206367
       214.75446      -127.91008      -31.771978       93.824448       16.422697
       67.559578
       1.0000000       121.00000      0.18038526      -1.0000000       1.0000000
    0.0061073001     0.074098296      -1.0000000      -1.0000000      -1.0000000
      -1.0000000      -1.0000000      -1.0000000      -1.0000000      -1.0000000
      -1.0000000
       0.0000000       120.00000      0.19728418       2119.0000       404844.00
       2.9548376       2.6022048      0.48447460      0.64705884      0.63076514
       208.09644      -125.64987      -51.046242       93.575127       16.555616
       67.519730
       1.0000000       120.00000      0.19728418      -1.0000000       2.0000000
    0.0073209178      0.12007733      -1.0000000      -1.0000000      -1.0000000
      -1.0000000      -1.0000000      -1.0000000      -1.0000000      -1.0000000
      -1.0000000
       0.0000000       119.00000      0.21442504       2122.0000       402207.00
       2.8728974       2.5966108      0.48570642      0.60606062      0.60054910
       212.09790      -103.72094      -62.736778       93.668678       16.250767
       67.561905
       1.0000000       119.00000      0.21442504      -1.0000000       2.0000000
       0.0000000       0.0000000      -1.0000000      -1.0000000      -1.0000000
      -1.0000000      -1.0000000      -1.0000000      -1.0000000      -1.0000000
      -1.0000000
       0.0000000       118.00000      0.22598839       2132.0000       400633.00
       2.8642671       2.5158725      0.48477083      0.61764705      0.59560704
       209.67046      -100.23082      -69.731079       93.664307       16.302935
       66.962692
       1.0000000       118.00000      0.22598839      -1.0000000       2.0000000
    0.0084534492      0.10448356      -1.0000000      -1.0000000      -1.0000000
      -1.0000000      -1.0000000      -1.0000000      -1.0000000      -1.0000000
      -1.0000000
       0.0000000       117.00000      0.24354018       2160.0000       397181.00
       2.7767634       2.6036854      0.49197066      0.63636363      0.61528099
       210.87900      -98.114021      -66.074364       94.790474       15.648788
       66.776283
       1.0000000       117.00000      0.24354018      -1.0000000       3.0000000
    0.0011813183      0.16629808      -1.0000000      -1.0000000      -1.0000000
      -1.0000000      -1.0000000      -1.0000000      -1.0000000      -1.0000000
      -1.0000000
       0.0000000       116.00000      0.26134327       2150.0000       393697.00
       2.7396295       2.8984110      0.47884795      0.61290324      0.55443567
       210.34515      -105.92843      -44.759613       93.575127       15.907006
       68.022102
       0.0000000       115.00000      0.27335334       2179.0000       392046.00
       2.7007580       2.8468049      0.47377312      0.59375006      0.58696485
       196.12608      -118.41705      -45.784626       93.480034       15.887923
       67.713951
       1.0000000       115.00000      0.27335334      -1.0000000       3.0000000
    0.0080906636      0.16660559      -1.0000000      -1.0000000      -1.0000000
      -1.0000000      -1.0000000      -1.0000000      -1.0000000      -1.0000000
      -1.0000000
       0.0000000       114.00000      0.29158324       2214.0000       389746.00
       2.6439338       2.9161258      0.47742021      0.58823532      0.54661310
       180.83318      -134.58977      -53.232178       95.137657       16.035696
       66.430962
       1.0000000       114.00000      0.29158324      -1.0000000       2.0000000
     0.026670424      0.21452673      -1.0000000      -1.0000000      -1.0000000
      -1.0000000      -1.0000000      -1.0000000      -1.0000000      -1.0000000
      -1.0000000
       0.0000000       113.00000      0.31007412       2209.0000       386732.00
       2.5687768       2.9495213      0.47374311      0.65714288      0.60129541
       187.93779      -117.72678      -83.329056       96.367630       15.343236
       67.101631
       0.0000000       112.00000      0.32882974       2264.0000       383590.00
       2.5106966       3.0170164      0.47104219      0.61111116      0.59016311
       194.21846      -99.570343      -82.400261       94.647911       15.473521
       68.361610
       0.0000000       111.00000      0.34785384       2267.0000       380855.00
       2.4416332       2.5707965      0.46082851      0.57142854      0.53156328
       188.67909      -76.585266      -79.228569       93.416031       14.403986
       70.611816
       1.0000000       111.00000      0.34785384      -1.0000000       4.0000000
    0.0060120943      0.11662880      -1.0000000      -1.0000000      -1.0000000
      -1.0000000      -1.0000000      -1.0000000      -1.0000000      -1.0000000
      -1.0000000
       0.0000000       110.00000      0.36068764       2267.0000       378951.00
       2.3721442       2.3935938      0.46927685      0.61111116      0.53839129
       196.72920      -65.824860      -63.785412       92.891876       13.851048
       70.930763
       0.0000000       109.00000      0.38016787       2317.0000       377341.00
       2.3641372       2.3675764      0.47043085      0.53125000      0.51785654
       207.69032      -58.975391      -25.220438       94.381554       14.530973
       68.549858
       1.0000000       109.00000      0.38016787      -1.0000000       2.0000000
     0.018896669     0.039349452      -1.0000000      -1.0000000      -1.0000000
      -1.0000000      -1.0000000      -1.0000000      -1.0000000      -1.0000000
      -1.0000000
       0.0000000       108.00000      0.39992696       2328.0000       375475.00
       2.3005586       2.4781513      0.46508649      0.58823532      0.51502085
       207.38339      -70.144737       5.4153557       97.662811       14.073820
       67.401428
       1.0000000       108.00000      0.39992696      -1.0000000       1.0000000
     0.018896669     0.039349452      -1.0000000      -1.0000000      -1.0000000
      -1.0000000      -1.0000000      -1.0000000      -1.0000000      -1.0000000
      -1.0000000
       0.0000000       107.00000      0.41996893       2349.0000       372148.00
       2.2157679       2.9664257      0.45658407      0.64102566      0.53947312
       182.06851      -118.22231       24.247667       97.319099       14.314473
       66.893448
       1.0000000       107.00000      0.41996893      -1.0000000       2.0000000
    0.0035465441     0.071212061      -1.0000000      -1.0000000      -1.0000000
      -1.0000000      -1.0000000      -1.0000000      -1.0000000      -1.0000000
      -1.0000000
       0.0000000       106.00000      0.44029784       2358.0000       369670.00
       2.1368232       3.0514028      0.49152234      0.61764705      0.58705252
       146.97891      -178.67607       3.6831408       97.077171       14.321758
       69.250359
       0.0000000       105.00000      0.46091780       2270.0000       362881.00
       2.0434780       2.9033029      0.49169731      0.65789473      0.51813626
       141.39743      -168.59050      -25.994146       96.107071       13.469069
       72.026932
       1.0000000       105.00000      0.46091780      -1.0000000       1.0000000
       0.0000000       0.0000000      -1.0000000      -1.0000000      -1.0000000
      -1.0000000      -1.0000000      -1.0000000      -1.0000000      -1.0000000
      -1.0000000
       0.0000000       104.00000      0.48183295       2419.0000       363415.00
       1.9614246       2.3550100      0.47171810      0.71794868      0.52635026
       149.09126      -146.80876      -39.040375       94.925270       12.661489
       72.476700
       1.0000000       104.00000      0.48183295      -1.0000000       1.0000000
       0.0000000       0.0000000      -1.0000000      -1.0000000      -1.0000000
      -1.0000000      -1.0000000      -1.0000000      -1.0000000      -1.0000000
      -1.0000000
       0.0000000       103.00000      0.50304753       2439.0000       359646.00
       1.9232609       2.1889703      0.46899724      0.66666663      0.49471363
       159.49425      -131.26439      -43.778954       94.843666       12.781068
       72.066612
       1.0000000       103.00000      0.50304753      -1.0000000       1.0000000
    0.0039030751     0.054472890      -1.0000000      -1.0000000      -1.0000000
      -1.0000000      -1.0000000      -1.0000000      -1.0000000      -1.0000000
      -1.0000000
       0.0000000       102.00000      0.52456582       2458.0000       357521.00
       1.9070586       2.2032073      0.46736109      0.68421054      0.53062677
       156.66997      -125.58205      -53.665756       97.038795       12.639443
       71.098953
       0.0000000       101.00000      0.54639220       2489.0000       355153.00
       1.8121768       2.3754439      0.46458599      0.58823532      0.45055103
       130.50685      -127.42209      -82.430466       98.091621       12.352933
       71.255577
       0.0000000       100.00000      0.57598084       2414.0000       348874.00
       1.7129871       2.6581032      0.45174187      0.64102566      0.47001642
       91.413452      -119.42589      -111.86392       96.438919       12.203225
       71.848022
       1.0000000       100.00000      0.57598084      -1.0000000       1.0000000
   0.00016576833     0.010250730      -1.0000000      -1.0000000      -1.0000000
      -1.0000000      -1.0000000      -1.0000000      -1.0000000      -1.0000000
      -1.0000000
       0.0000000       99.000000      0.59854329       2556.0000       348329.00
       1.6357092       2.3602209      0.48564368      0.63888896      0.47778481
       145.62994      -40.961311      -129.43205       94.988136       11.741639
       73.172676
       1.0000000       99.000000      0.59854329      -1.0000000       2.0000000
       0.0000000       0.0000000      -1.0000000      -1.0000000      -1.0000000
      -1.0000000      -1.0000000      -1.0000000      -1.0000000      -1.0000000
      -1.0000000
       0.0000000       98.000000      0.62142873       2621.0000       346907.00
       1.5803640       2.4822350      0.51283026      0.53125000      0.46702126
       180.59454      -18.708290      -101.55811       95.672249       11.659882
       73.781296
       0.0000000       97.000000      0.64464182      -1.0000000       339775.00
       1.5075207       2.3058889      -1.0000000      -1.0000000      -1.0000000
      -1.0000000      -1.0000000      -1.0000000       95.686615       11.323014
       76.108749
       1.0000000       97.000000      0.64464182      -1.0000000       2.0000000
   0.00053628738       0.0000000      -1.0000000      -1.0000000      -1.0000000
      -1.0000000      -1.0000000      -1.0000000      -1.0000000      -1.0000000
      -1.0000000
       0.0000000       96.000000      0.67611039      -1.0000000       340066.00
       1.4318376       2.2154851      -1.0000000      -1.0000000      -1.0000000
      -1.0000000      -1.0000000      -1.0000000       95.907959       11.276545
       76.737305
       1.0000000       96.000000      0.67611039      -1.0000000       1.0000000
   0.00058875512     0.040596064      -1.0000000      -1.0000000      -1.0000000
      -1.0000000      -1.0000000      -1.0000000      -1.0000000      -1.0000000
      -1.0000000
       0.0000000       95.000000      0.70010638      -1.0000000       337470.00
       1.3563980       2.4567358      -1.0000000      -1.0000000      -1.0000000
      -1.0000000      -1.0000000      -1.0000000       95.943672       11.091017
       78.846878
       1.0000000       95.000000      0.70010638      -1.0000000       2.0000000
     0.015306241     0.064540856      -1.0000000      -1.0000000      -1.0000000
      -1.0000000      -1.0000000      -1.0000000      -1.0000000      -1.0000000
      -1.0000000
       0.0000000       94.000000      0.73263615      -1.0000000       333973.00
       1.2240539       2.3868198      -1.0000000      -1.0000000      -1.0000000
      -1.0000000      -1.0000000      -1.0000000       93.712776       10.878111
       81.740173
       0.0000000       93.000000      0.75744140      -1.0000000       331290.00
       1.2029823       2.1288848      -1.0000000      -1.0000000      -1.0000000
      -1.0000000      -1.0000000      -1.0000000       94.968254       10.802643
       84.436241
       0.0000000       92.000000      0.79106826      -1.0000000       327219.00
       1.0999113       2.6429386      -1.0000000      -1.0000000      -1.0000000
      -1.0000000      -1.0000000      -1.0000000       97.544731       11.123443
       85.909065
       1.0000000       92.000000      0.79106826      -1.0000000       1.0000000
   0.00097837159       0.0000000      -1.0000000      -1.0000000      -1.0000000
      -1.0000000      -1.0000000      -1.0000000      -1.0000000      -1.0000000
      -1.0000000
       0.0000000       91.000000      0.81671000      -1.0000000       323810.00
       1.0047650       2.5768938      -1.0000000      -1.0000000      -1.0000000
      -1.0000000      -1.0000000      -1.0000000       95.569687       11.190842
       86.921837
       1.0000000       91.000000      0.81671000      -1.0000000       1.0000000
     0.053337634      0.32463497      -1.0000000      -1.0000000      -1.0000000
      -1.0000000      -1.0000000      -1.0000000      -1.0000000      -1.0000000
      -1.0000000
       0.0000000       90.000000      0.85147089      -1.0000000       319073.00
      0.96815467       1.9815722      -1.0000000      -1.0000000      -1.0000000
      -1.0000000      -1.0000000      -1.0000000       96.548279       10.518827
       92.287224
       0.0000000       89.000000      0.88689691      -1.0000000       314357.00
      0.90419424       2.3750274      -1.0000000      -1.0000000      -1.0000000
      -1.0000000      -1.0000000      -1.0000000       95.432808       10.916586
       98.500336
       0.0000000       88.000000      0.92300081      -1.0000000       309812.00
      0.86078453       2.0273237      -1.0000000      -1.0000000      -1.0000000
      -1.0000000      -1.0000000      -1.0000000       93.632645       10.475370
       99.194649
       0.0000000       87.000000      0.95053136      -1.0000000       306877.00
      0.81814218       1.7830497      -1.0000000      -1.0000000      -1.0000000
      -1.0000000      -1.0000000      -1.0000000       94.482994       10.061321
       97.250809
       1.0000000       87.000000      0.95053136      -1.0000000       2.0000000
    0.0059936722       0.0000000      -1.0000000      -1.0000000      -1.0000000
      -1.0000000      -1.0000000      -1.0000000      -1.0000000      -1.0000000
      -1.0000000
       0.0000000       86.000000      0.98785281      -1.0000000       301717.00
      0.77968407       1.6896507      -1.0000000      -1.0000000      -1.0000000
      -1.0000000      -1.0000000      -1.0000000       98.838943       10.221933
       91.208122
       1.0000000       86.000000      0.98785281      -1.0000000       1.0000000
       0.0000000       0.0000000      -1.0000000      -1.0000000      -1.0000000
      -1.0000000      -1.0000000      -1.0000000      -1.0000000      -1.0000000
      -1.0000000
       0.0000000       85.000000      0.99729425      -1.0000000       300177.00
      0.78906721       1.8150154      -1.0000000      -1.0000000      -1.0000000
      -1.0000000      -1.0000000      -1.0000000       100.67638       10.855195
       89.183014
       0.0000000       84.000000       1.0355104      -1.0000000       298529.00
      0.73440909       2.5679460      -1.0000000      -1.0000000      -1.0000000
      -1.0000000      -1.0000000      -1.0000000       107.55458       11.619852
       79.635002
       1.0000000       84.000000       1.0355104      -1.0000000       1.0000000
       0.0000000       0.0000000      -1.0000000      -1.0000000      -1.0000000
      -1.0000000      -1.0000000      -1.0000000      -1.0000000      -1.0000000
      -1.0000000
       0.0000000       83.000000       1.0744579      -1.0000000       292322.00
      0.61272967       1.7237273      -1.0000000      -1.0000000      -1.0000000
      -1.0000000      -1.0000000      -1.0000000       100.99117       9.4550552
       88.000015
       1.0000000       83.000000       1.0744579      -1.0000000       1.0000000
   0.00030058055     0.011401813      -1.0000000      -1.0000000      -1.0000000
      -1.0000000      -1.0000000      -1.0000000      -1.0000000      -1.0000000
      -1.0000000
       0.0000000       82.000000       1.1141505      -1.0000000       286082.00
      0.59546006       1.5362184      -1.0000000      -1.0000000      -1.0000000
      -1.0000000      -1.0000000      -1.0000000       94.140457       9.7594366
       97.759743
       1.0000000       82.000000       1.1141505      -1.0000000       5.0000000
     0.010582562      0.12674646      -1.0000000      -1.0000000      -1.0000000
      -1.0000000      -1.0000000      -1.0000000      -1.0000000      -1.0000000
      -1.0000000
       0.0000000       81.000000       1.1546028      -1.0000000       280412.00
      0.61831468       1.9810078      -1.0000000      -1.0000000      -1.0000000
      -1.0000000      -1.0000000      -1.0000000       94.464241       9.8162441
       102.23048
       1.0000000       81.000000       1.1546028      -1.0000000       2.0000000
       0.0000000       0.0000000      -1.0000000      -1.0000000      -1.0000000
      -1.0000000      -1.0000000      -1.0000000      -1.0000000      -1.0000000
      -1.0000000
       0.0000000       80.000000       1.2062581      -1.0000000       271858.00
      0.44293389       1.2252159      -1.0000000      -1.0000000      -1.0000000
      -1.0000000      -1.0000000      -1.0000000       90.174080       7.2472091
       107.68639
       1.0000000       80.000000       1.2062581      -1.0000000       2.0000000
     0.080427266      0.28861727      -1.0000000      -1.0000000      -1.0000000
      -1.0000000      -1.0000000      -1.0000000      -1.0000000      -1.0000000
      -1.0000000
       0.0000000       79.000000       1.2484726      -1.0000000       267343.00
      0.41952121       1.1619657      -1.0000000      -1.0000000      -1.0000000
      -1.0000000      -1.0000000      -1.0000000       90.386795       6.6983476
       108.46600
       1.0000000       79.000000       1.2484726      -1.0000000       2.0000000
   0.00077639008     0.041907832      -1.0000000      -1.0000000      -1.0000000
      -1.0000000      -1.0000000      -1.0000000      -1.0000000      -1.0000000
      -1.0000000
       0.0000000       78.000000       1.3023784      -1.0000000       261994.00
      0.39346227       1.3333668      -1.0000000      -1.0000000      -1.0000000
      -1.0000000      -1.0000000      -1.0000000       92.197220       7.2331929
       104.48112
       1.0000000       78.000000       1.3023784      -1.0000000       1.0000000
       0.0000000       0.0000000      -1.0000000      -1.0000000      -1.0000000
      -1.0000000      -1.0000000      -1.0000000      -1.0000000      -1.0000000
      -1.0000000
       0.0000000       77.000000       1.3575766      -1.0000000       274377.00
      0.36326393      0.93657428      -1.0000000      -1.0000000      -1.0000000
      -1.0000000      -1.0000000      -1.0000000       93.509949       6.2719889
       98.999542
       1.0000000       77.000000       1.3575766      -1.0000000       1.0000000
       0.0000000       0.0000000      -1.0000000      -1.0000000      -1.0000000
      -1.0000000      -1.0000000      -1.0000000      -1.0000000      -1.0000000
      -1.0000000
       0.0000000       76.000000       1.4140983      -1.0000000       268555.00
      0.34836647      0.76213318      -1.0000000      -1.0000000      -1.0000000
      -1.0000000      -1.0000000      -1.0000000       93.316017       6.3519449
       97.250397
       1.0000000       76.000000       1.4140983      -1.0000000       1.0000000
       0.0000000       0.0000000      -1.0000000      -1.0000000      -1.0000000
      -1.0000000      -1.0000000      -1.0000000      -1.0000000      -1.0000000
      -1.0000000
       0.0000000       75.000000       1.4719748      -1.0000000       261537.00
      0.32542962       1.0063250      -1.0000000      -1.0000000      -1.0000000
      -1.0000000      -1.0000000      -1.0000000       89.713631       5.9431686
       94.973068
       1.0000000       75.000000       1.4719748      -1.0000000       1.0000000
   0.00022383626     0.018433589      -1.0000000      -1.0000000      -1.0000000
      -1.0000000      -1.0000000      -1.0000000      -1.0000000      -1.0000000
      -1.0000000
       0.0000000       74.000000       1.5312390      -1.0000000       256266.00
      0.31172824       1.0715507      -1.0000000      -1.0000000      -1.0000000
      -1.0000000      -1.0000000      -1.0000000       82.168304       5.7479339
       85.079300
       0.0000000       73.000000       1.6042346      -1.0000000       252167.00
      0.28307009      0.99030560      -1.0000000      -1.0000000      -1.0000000
      -1.0000000      -1.0000000      -1.0000000       79.416092       5.4388728
       72.598923
       1.0000000       73.000000       1.6042346      -1.0000000       1.0000000
       0.0000000       0.0000000      -1.0000000      -1.0000000      -1.0000000
      -1.0000000      -1.0000000      -1.0000000      -1.0000000      -1.0000000
      -1.0000000
       0.0000000       72.000000       1.6666696      -1.0000000       247803.00
      0.26425534       1.2038894      -1.0000000      -1.0000000      -1.0000000
      -1.0000000      -1.0000000      -1.0000000       79.493027       5.3818727
       65.584457
       1.0000000       72.000000       1.6666696      -1.0000000       1.0000000
    0.0010933118     0.038254958      -1.0000000      -1.0000000      -1.0000000
      -1.0000000      -1.0000000      -1.0000000      -1.0000000      -1.0000000
      -1.0000000
       0.0000000       71.000000       1.7435706      -1.0000000       239576.00
      0.22876360      0.89111686      -1.0000000      -1.0000000      -1.0000000
      -1.0000000      -1.0000000      -1.0000000       76.041832       4.9853721
       70.819473
       1.0000000       71.000000       1.7435706      -1.0000000       1.0000000
       0.0000000       0.0000000      -1.0000000      -1.0000000      -1.0000000
      -1.0000000      -1.0000000      -1.0000000      -1.0000000      -1.0000000
      -1.0000000
       0.0000000       70.000000       1.8226893      -1.0000000       234223.00
      0.22640695      0.71774948      -1.0000000      -1.0000000      -1.0000000
      -1.0000000      -1.0000000      -1.0000000       73.979744       4.5096583
       67.411690
       0.0000000       69.000000       1.9040896      -1.0000000       283569.00
      0.21538539      0.71494538      -1.0000000      -1.0000000      -1.0000000
      -1.0000000      -1.0000000      -1.0000000       74.569939       4.8885036
       61.295288
       0.0000000       68.000000       2.0020282      -1.0000000       267242.00
      0.20630647      0.75765657      -1.0000000      -1.0000000      -1.0000000
      -1.0000000      -1.0000000      -1.0000000       77.450188       4.7712030
       59.566307
       0.0000000       67.000000       2.1032696      -1.0000000       266979.00
      0.18387304      0.89359927      -1.0000000      -1.0000000      -1.0000000
      -1.0000000      -1.0000000      -1.0000000       76.431465       4.5083227
       56.782513
       0.0000000       66.000000       2.2079256      -1.0000000       244529.00
      0.15914512      0.83802211      -1.0000000      -1.0000000      -1.0000000
      -1.0000000      -1.0000000      -1.0000000       75.978775       4.4248857
       62.419399
       0.0000000       65.000000       2.3161108      -1.0000000       241587.00
      0.14228906      0.83094269      -1.0000000      -1.0000000      -1.0000000
      -1.0000000      -1.0000000      -1.0000000       75.068794       4.3790312
       62.810589
       1.0000000       65.000000       2.3161108      -1.0000000       1.0000000
       0.0000000       0.0000000      -1.0000000      -1.0000000      -1.0000000
      -1.0000000      -1.0000000      -1.0000000      -1.0000000      -1.0000000
      -1.0000000
       0.0000000       64.000000       2.4442258      -1.0000000       223318.00
      0.12718086      0.63767296      -1.0000000      -1.0000000      -1.0000000
      -1.0000000      -1.0000000      -1.0000000       73.172127       4.1130357
       70.483910
       0.0000000       63.000000       2.5772903      -1.0000000       203582.00
      0.10991730      0.62096202      -1.0000000      -1.0000000      -1.0000000
      -1.0000000      -1.0000000      -1.0000000       74.050713       3.5348301
       78.831612
       0.0000000       62.000000       2.7331426      -1.0000000       186957.00
      0.10335787      0.73091245      -1.0000000      -1.0000000      -1.0000000
      -1.0000000      -1.0000000      -1.0000000       76.746201       3.7684855
       76.455963
       0.0000000       61.000000       2.8957851      -1.0000000       175717.00
     0.081836767      0.85476547      -1.0000000      -1.0000000      -1.0000000
      -1.0000000      -1.0000000      -1.0000000       85.340607       4.6292348
       61.618484
       1.0000000       61.000000       2.8957851      -1.0000000       1.0000000
       0.0000000       0.0000000      -1.0000000      -1.0000000      -1.0000000
      -1.0000000      -1.0000000      -1.0000000      -1.0000000      -1.0000000
      -1.0000000
