       0.0000000       135.00000       0.0000000       2413.0000       452490.00
       2.0308335       1.2815427      0.45596394      0.42857140      0.39465496
       25.503773      -82.265633      -7.9689288       80.325417       8.7728405
       80.185020
       0.0000000       134.00000    0.0095216669       2422.0000       450488.00
       2.0279758       1.1628935      0.45683160      0.39393944      0.37046197
       23.180445      -84.444252      -4.7684736       80.853172       8.7985077
       80.921616
       0.0000000       133.00000     0.023974428       2411.0000       446542.00
       1.9954914       1.2792023      0.46338370      0.44117647      0.45179731
       13.933892      -86.224823     -0.19259343       81.696938       8.6562471
       80.595871
       0.0000000       132.00000     0.033724371       2402.0000       445335.00
       1.9786617       1.3453996      0.46262467      0.37500006      0.40791160
       7.3369045      -86.713058      -1.6146665       82.173210       8.9041433
       79.831406
       1.0000000       132.00000     0.033724371      -1.0000000       1.0000000
      0.17668730      0.64613873      -1.0000000      -1.0000000      -1.0000000
      -1.0000000      -1.0000000      -1.0000000      -1.0000000      -1.0000000
      -1.0000000
       0.0000000       131.00000     0.048523631       2414.0000       441945.00
       1.9301256       1.2934861      0.45599386      0.41176474      0.43522564
     0.081312440      -87.143600      -9.5627775       83.532845       8.4586172
       80.478050
       0.0000000       130.00000     0.058507323       2400.0000       438868.00
       1.9051526       1.2632612      0.45131296      0.37500006      0.40201822
      -7.1912994      -84.739822      -10.636623       84.435783       8.5036230
       79.835876
       1.0000000       130.00000     0.058507323      -1.0000000       1.0000000
     0.025146639      0.23541856      -1.0000000      -1.0000000      -1.0000000
      -1.0000000      -1.0000000      -1.0000000      -1.0000000      -1.0000000
      -1.0000000
       0.0000000       129.00000     0.073661387       2402.0000       436009.00
       1.8653184       1.4269822      0.44579071      0.36363643      0.38868958
      -17.992941      -81.576218      -12.826726       87.185127       8.3676052
       78.110947
       0.0000000       128.00000     0.083884433       2413.0000       433957.00
       1.8628869       1.5008216      0.45558277      0.36363643      0.42760551
      -25.071093      -79.065102      -14.330381       87.473648       8.5504885
       76.130722
       0.0000000       127.00000     0.099401802       2428.0000       432322.00
       1.8179275       1.2117264      0.43925649      0.29032254      0.41912505
      -28.179640      -77.285454      -17.252899       88.869873       8.2652798
       73.848564
       0.0000000       126.00000      0.10986994       2487.0000       431918.00
       1.8155360       1.2710160      0.43155369      0.20689654      0.39481580
      -26.785976      -75.321869      -17.131014       90.632904       8.1906509
       71.502922
       0.0000000       125.00000      0.12575933       2440.0000       428252.00
       1.7828535       1.3093886      0.43905464      0.35483867      0.37399849
      -36.116756      -73.760109      -16.475422       92.870667       8.3760490
       69.360443
       1.0000000       125.00000      0.12575933      -1.0000000       1.0000000
   0.00084972993     0.046123210      -1.0000000      -1.0000000      -1.0000000
      -1.0000000      -1.0000000      -1.0000000      -1.0000000      -1.0000000
      -1.0000000
       0.0000000       124.00000      0.14187621       2549.0000       427997.00
       1.7687145       1.3689871      0.42310765      0.29032254      0.38100353
      -34.173939      -73.801468      -22.141525       96.797676       8.5229321
       68.690857
       1.0000000       124.00000      0.14187621      -1.0000000       1.0000000
       0.0000000       0.0000000      -1.0000000      -1.0000000      -1.0000000
      -1.0000000      -1.0000000      -1.0000000      -1.0000000      -1.0000000
      -1.0000000
       0.0000000       123.00000      0.15274876       2580.0000       427021.00
       1.7263507       1.3492769      0.43778431      0.33333337      0.39258558
      -35.052525      -72.018478      -26.650558       100.65609       8.3099194
       66.155098
       0.0000000       122.00000      0.16925204       2586.0000       424211.00
       1.6936934       1.1228594      0.44249901      0.35483867      0.43303823
      -35.655594      -78.876335      -35.000469       98.973969       8.0477114
       63.844311
       0.0000000       121.00000      0.18038526       2597.0000       421739.00
       1.6683159       1.1649636      0.43571100      0.37500006      0.44561502
      -31.206650      -73.340332      -30.119686       96.584442       7.9216466
       65.813499
       0.0000000       120.00000      0.19728418       2611.0000       418769.00
       1.6287469       1.3244528      0.44527873      0.32258064      0.42253730
      -30.360231      -77.892975      -35.325535       87.508484       7.7685056
       62.541725
       0.0000000       119.00000      0.21442504       2626.0000       416487.00
       1.5979787       1.0687433      0.43451604      0.41935480      0.42077368
      -26.242916      -71.075340      -28.776009       82.439003       7.4901681
       63.872864
       0.0000000       118.00000      0.22598839       2625.0000       414575.00
       1.5895108       1.1698526      0.44218636      0.39393944      0.40820217
      -24.197300      -75.413605      -32.156662       81.114250       7.4606862
       64.864540
       0.0000000       117.00000      0.24354018      -1.0000000       411709.00
       1.5633198       1.0499741      -1.0000000      -1.0000000      -1.0000000
      -1.0000000      -1.0000000      -1.0000000       80.548698       7.2895651
       63.349648
       0.0000000       116.00000      0.26134327      -1.0000000       408644.00
       1.5393050       1.0585585      -1.0000000      -1.0000000      -1.0000000
      -1.0000000      -1.0000000      -1.0000000       80.953995       7.1576481
       62.351242
       0.0000000       115.00000      0.27335334      -1.0000000       406150.00
       1.5197276       1.1577468      -1.0000000      -1.0000000      -1.0000000
      -1.0000000      -1.0000000      -1.0000000       81.102386       7.3380876
       62.923569
       0.0000000       114.00000      0.29158324      -1.0000000       403420.00
       1.4823385       1.1278049      -1.0000000      -1.0000000      -1.0000000
      -1.0000000      -1.0000000      -1.0000000       80.618263       7.0340219
       62.366501
       0.0000000       113.00000      0.31007412      -1.0000000       400763.00
       1.4695921       1.0368062      -1.0000000      -1.0000000      -1.0000000
      -1.0000000      -1.0000000      -1.0000000       79.989761       6.9960327
       62.590736
       0.0000000       112.00000      0.32882974      -1.0000000       397395.00
       1.4267100       1.0152318      -1.0000000      -1.0000000      -1.0000000
      -1.0000000      -1.0000000      -1.0000000       80.487648       6.8883629
       62.111855
       0.0000000       111.00000      0.34785384      -1.0000000       395201.00
       1.4088597       1.1989435      -1.0000000      -1.0000000      -1.0000000
      -1.0000000      -1.0000000      -1.0000000       81.814049       6.9483829
       63.202393
       0.0000000       110.00000      0.36068764      -1.0000000       394082.00
       1.3573080       1.2077889      -1.0000000      -1.0000000      -1.0000000
      -1.0000000      -1.0000000      -1.0000000       81.031960       6.6113267
       62.913273
       0.0000000       109.00000      0.38016787      -1.0000000       417026.00
       1.3519548      0.73950595      -1.0000000      -1.0000000      -1.0000000
      -1.0000000      -1.0000000      -1.0000000       79.645836       6.2529244
       60.353043
       0.0000000       108.00000      0.39992696      -1.0000000       415822.00
       1.3302090      0.77279031      -1.0000000      -1.0000000      -1.0000000
      -1.0000000      -1.0000000      -1.0000000       81.445023       6.1692696
       60.108601
       0.0000000       107.00000      0.41996893      -1.0000000       412609.00
       1.3037963       1.0088538      -1.0000000      -1.0000000      -1.0000000
      -1.0000000      -1.0000000      -1.0000000       83.752228       6.2755837
       60.352142
       0.0000000       106.00000      0.44029784      -1.0000000       410935.00
       1.2698832       1.2415645      -1.0000000      -1.0000000      -1.0000000
      -1.0000000      -1.0000000      -1.0000000       83.868591       6.4424400
       60.344013
       0.0000000       105.00000      0.46091780      -1.0000000       407541.00
       1.2404631      0.76681018      -1.0000000      -1.0000000      -1.0000000
      -1.0000000      -1.0000000      -1.0000000       82.306442       5.9933758
       59.793430
       0.0000000       104.00000      0.48183295      -1.0000000       405128.00
       1.2316036      0.74520826      -1.0000000      -1.0000000      -1.0000000
      -1.0000000      -1.0000000      -1.0000000       83.743866       5.9134378
       57.462811
       0.0000000       103.00000      0.50304753      -1.0000000       402058.00
       1.2047324      0.97716564      -1.0000000      -1.0000000      -1.0000000
      -1.0000000      -1.0000000      -1.0000000       86.647026       6.0546384
       56.757938
       0.0000000       102.00000      0.52456582      -1.0000000       400621.00
       1.1630138       1.0932311      -1.0000000      -1.0000000      -1.0000000
      -1.0000000      -1.0000000      -1.0000000       85.144859       6.0206356
       58.275391
       0.0000000       101.00000      0.54639220      -1.0000000       399820.00
       1.1480002      0.78108001      -1.0000000      -1.0000000      -1.0000000
      -1.0000000      -1.0000000      -1.0000000       83.538101       5.8456545
       58.329529
       0.0000000       100.00000      0.57598084      -1.0000000       395158.00
       1.1104953      0.93756890      -1.0000000      -1.0000000      -1.0000000
      -1.0000000      -1.0000000      -1.0000000       82.829666       5.6828136
       60.188290
       0.0000000       99.000000      0.59854329      -1.0000000       390181.00
       1.0647000      0.87093961      -1.0000000      -1.0000000      -1.0000000
      -1.0000000      -1.0000000      -1.0000000       80.379074       5.4852109
       61.964386
       0.0000000       98.000000      0.62142873      -1.0000000       388217.00
       1.0417374      0.94319612      -1.0000000      -1.0000000      -1.0000000
      -1.0000000      -1.0000000      -1.0000000       81.152695       5.4837737
       61.481903
       0.0000000       97.000000      0.64464182      -1.0000000       385383.00
       1.0335009      0.94582081      -1.0000000      -1.0000000      -1.0000000
      -1.0000000      -1.0000000      -1.0000000       80.536613       5.6203246
       62.923744
       0.0000000       96.000000      0.67611039      -1.0000000       384378.00
      0.99570847      0.73974377      -1.0000000      -1.0000000      -1.0000000
      -1.0000000      -1.0000000      -1.0000000       80.251717       5.1578846
       61.595474
       0.0000000       95.000000      0.70010638      -1.0000000       380354.00
      0.96831596      0.76815265      -1.0000000      -1.0000000      -1.0000000
      -1.0000000      -1.0000000      -1.0000000       81.083305       5.0348973
       62.657085
       0.0000000       94.000000      0.73263615      -1.0000000       377563.00
      0.95216823      0.93001002      -1.0000000      -1.0000000      -1.0000000
      -1.0000000      -1.0000000      -1.0000000       82.875473       5.0547118
       62.904987
       0.0000000       93.000000      0.75744140      -1.0000000       374053.00
      0.90677810      0.74378562      -1.0000000      -1.0000000      -1.0000000
      -1.0000000      -1.0000000      -1.0000000       81.606819       4.9026089
       63.325043
       0.0000000       92.000000      0.79106826      -1.0000000       369308.00
      0.88425666      0.68065423      -1.0000000      -1.0000000      -1.0000000
      -1.0000000      -1.0000000      -1.0000000       82.187889       4.6509914
       64.785362
       0.0000000       91.000000      0.81671000      -1.0000000       374606.00
      0.86824691      0.57571012      -1.0000000      -1.0000000      -1.0000000
      -1.0000000      -1.0000000      -1.0000000       81.697586       4.4830637
       65.720909
       0.0000000       90.000000      0.85147089      -1.0000000       369688.00
      0.86252189      0.43848529      -1.0000000      -1.0000000      -1.0000000
      -1.0000000      -1.0000000      -1.0000000       81.742081       4.4152584
       66.966042
       0.0000000       89.000000      0.88689691      -1.0000000       365569.00
      0.84565699      0.51666945      -1.0000000      -1.0000000      -1.0000000
      -1.0000000      -1.0000000      -1.0000000       82.744362       4.4696422
       66.048363
       1.0000000       89.000000      0.88689691      -1.0000000       1.0000000
   0.00031684010     0.011253208      -1.0000000      -1.0000000      -1.0000000
      -1.0000000      -1.0000000      -1.0000000      -1.0000000      -1.0000000
      -1.0000000
       0.0000000       88.000000      0.92300081      -1.0000000       356047.00
      0.82756621      0.73401368      -1.0000000      -1.0000000      -1.0000000
      -1.0000000      -1.0000000      -1.0000000       83.639595       4.5235677
       66.434006
       0.0000000       87.000000      0.95053136      -1.0000000       353340.00
      0.80470353      0.84110725      -1.0000000      -1.0000000      -1.0000000
      -1.0000000      -1.0000000      -1.0000000       83.098541       4.6841950
       65.129082
       0.0000000       86.000000      0.98785281      -1.0000000       348510.00
      0.79065526      0.77891707      -1.0000000      -1.0000000      -1.0000000
      -1.0000000      -1.0000000      -1.0000000       82.903030       4.7131491
       65.222603
       0.0000000       85.000000      0.99729425      -1.0000000       347776.00
      0.77882546      0.83086920      -1.0000000      -1.0000000      -1.0000000
      -1.0000000      -1.0000000      -1.0000000       83.598465       4.6737261
       64.990593
       0.0000000       84.000000       1.0355104      -1.0000000       344122.00
      0.74177945      0.87450993      -1.0000000      -1.0000000      -1.0000000
      -1.0000000      -1.0000000      -1.0000000       83.898186       4.9101210
       64.138123
       0.0000000       83.000000       1.0744579      -1.0000000       338251.00
      0.70628405       1.0834305      -1.0000000      -1.0000000      -1.0000000
      -1.0000000      -1.0000000      -1.0000000       84.782288       5.0634661
       63.818275
       0.0000000       82.000000       1.1141505      -1.0000000       335184.00
      0.67847800      0.95230222      -1.0000000      -1.0000000      -1.0000000
      -1.0000000      -1.0000000      -1.0000000       85.288200       4.9921765
       63.282936
       0.0000000       81.000000       1.1546028      -1.0000000       330641.00
      0.65651500       1.0283523      -1.0000000      -1.0000000      -1.0000000
      -1.0000000      -1.0000000      -1.0000000       85.287025       5.0017562
       62.986786
       0.0000000       80.000000       1.2062581      -1.0000000       323339.00
      0.62033939      0.99257696      -1.0000000      -1.0000000      -1.0000000
      -1.0000000      -1.0000000      -1.0000000       85.854790       4.8865323
       64.969559
       1.0000000       80.000000       1.2062581      -1.0000000       1.0000000
       0.0000000       0.0000000      -1.0000000      -1.0000000      -1.0000000
      -1.0000000      -1.0000000      -1.0000000      -1.0000000      -1.0000000
      -1.0000000
       0.0000000       79.000000       1.2484726      -1.0000000       317469.00
      0.58612829      0.87750405      -1.0000000      -1.0000000      -1.0000000
      -1.0000000      -1.0000000      -1.0000000       85.193047       4.6357551
       67.732002
       0.0000000       78.000000       1.3023784      -1.0000000       313058.00
      0.56858665      0.79763114      -1.0000000      -1.0000000      -1.0000000
      -1.0000000      -1.0000000      -1.0000000       84.732109       4.5095248
       68.281448
       1.0000000       78.000000       1.3023784      -1.0000000       1.0000000
       0.0000000       0.0000000      -1.0000000      -1.0000000      -1.0000000
      -1.0000000      -1.0000000      -1.0000000      -1.0000000      -1.0000000
      -1.0000000
       0.0000000       77.000000       1.3575766      -1.0000000       308563.00
      0.53780925      0.71994776      -1.0000000      -1.0000000      -1.0000000
      -1.0000000      -1.0000000      -1.0000000       86.546616       4.1887555
       67.183304
       0.0000000       76.000000       1.4140983      -1.0000000       301805.00
      0.50033557      0.86350822      -1.0000000      -1.0000000      -1.0000000
      -1.0000000      -1.0000000      -1.0000000       87.288033       4.1908731
       65.731735
       0.0000000       75.000000       1.4719748      -1.0000000       295392.00
      0.45918733      0.80177063      -1.0000000      -1.0000000      -1.0000000
      -1.0000000      -1.0000000      -1.0000000       84.035164       4.2664671
       69.658592
       1.0000000       75.000000       1.4719748      -1.0000000       2.0000000
   0.00024930944     0.059014387      -1.0000000      -1.0000000      -1.0000000
      -1.0000000      -1.0000000      -1.0000000      -1.0000000      -1.0000000
      -1.0000000
       0.0000000       74.000000       1.5312390      -1.0000000       284879.00
      0.41976008      0.72243512      -1.0000000      -1.0000000      -1.0000000
      -1.0000000      -1.0000000      -1.0000000       82.126640       3.9122152
       75.729668
       0.0000000       73.000000       1.6042346      -1.0000000       274894.00
      0.40120155      0.75098866      -1.0000000      -1.0000000      -1.0000000
      -1.0000000      -1.0000000      -1.0000000       80.247971       4.0367794
       82.683426
       1.0000000       73.000000       1.6042346      -1.0000000       1.0000000
       0.0000000       0.0000000      -1.0000000      -1.0000000      -1.0000000
      -1.0000000      -1.0000000      -1.0000000      -1.0000000      -1.0000000
      -1.0000000
       0.0000000       72.000000       1.6666696      -1.0000000       265490.00
      0.37106487      0.78547126      -1.0000000      -1.0000000      -1.0000000
      -1.0000000      -1.0000000      -1.0000000       81.213730       3.7881072
       86.499901
       1.0000000       72.000000       1.6666696      -1.0000000       1.0000000
       0.0000000       0.0000000      -1.0000000      -1.0000000      -1.0000000
      -1.0000000      -1.0000000      -1.0000000      -1.0000000      -1.0000000
      -1.0000000
       0.0000000       71.000000       1.7435706      -1.0000000       256623.00
      0.35359481      0.61502802      -1.0000000      -1.0000000      -1.0000000
      -1.0000000      -1.0000000      -1.0000000       81.871292       3.6878691
       86.727623
       0.0000000       70.000000       1.8226893      -1.0000000       251931.00
      0.32238954      0.57852614      -1.0000000      -1.0000000      -1.0000000
      -1.0000000      -1.0000000      -1.0000000       86.603386       3.3358228
       83.121719
       1.0000000       70.000000       1.8226893      -1.0000000       1.0000000
       0.0000000       0.0000000      -1.0000000      -1.0000000      -1.0000000
      -1.0000000      -1.0000000      -1.0000000      -1.0000000      -1.0000000
      -1.0000000
       0.0000000       69.000000       1.9040896      -1.0000000       239335.00
      0.30123052      0.92569298      -1.0000000      -1.0000000      -1.0000000
      -1.0000000      -1.0000000      -1.0000000       90.348114       3.6924582
       82.444405
       0.0000000       68.000000       2.0020282      -1.0000000       226286.00
      0.25073439      0.54030287      -1.0000000      -1.0000000      -1.0000000
      -1.0000000      -1.0000000      -1.0000000       88.721245       3.1112185
       84.187492
       0.0000000       67.000000       2.1032696      -1.0000000       219401.00
      0.22896011      0.63747382      -1.0000000      -1.0000000      -1.0000000
      -1.0000000      -1.0000000      -1.0000000       92.992317       3.0375335
       74.737122
       1.0000000       67.000000       2.1032696      -1.0000000       1.0000000
       0.0000000       0.0000000      -1.0000000      -1.0000000      -1.0000000
      -1.0000000      -1.0000000      -1.0000000      -1.0000000      -1.0000000
      -1.0000000
       0.0000000       66.000000       2.2079256      -1.0000000       209038.00
      0.18955028       1.2133603      -1.0000000      -1.0000000      -1.0000000
      -1.0000000      -1.0000000      -1.0000000       99.233475       4.7011585
       65.032852
       1.0000000       66.000000       2.2079256      -1.0000000       3.0000000
    0.0011971972     0.042463630      -1.0000000      -1.0000000      -1.0000000
      -1.0000000      -1.0000000      -1.0000000      -1.0000000      -1.0000000
      -1.0000000
       0.0000000       65.000000       2.3161108      -1.0000000       203390.00
      0.12240697      0.59752774      -1.0000000      -1.0000000      -1.0000000
      -1.0000000      -1.0000000      -1.0000000       89.697266       3.2321732
       76.300217
       1.0000000       65.000000       2.3161108      -1.0000000       4.0000000
     0.011788268      0.13406309      -1.0000000      -1.0000000      -1.0000000
      -1.0000000      -1.0000000      -1.0000000      -1.0000000      -1.0000000
      -1.0000000
       0.0000000       64.000000       2.4442258      -1.0000000       192457.00
      0.10446076      0.45953214      -1.0000000      -1.0000000      -1.0000000
      -1.0000000      -1.0000000      -1.0000000       75.337532       2.4123616
       86.209274
       0.0000000       63.000000       2.5772903      -1.0000000       186295.00
     0.092163220      0.30260390      -1.0000000      -1.0000000      -1.0000000
      -1.0000000      -1.0000000      -1.0000000       73.462967       1.9838569
       82.918892
       1.0000000       63.000000       2.5772903      -1.0000000       1.0000000
   0.00044826741       0.0000000      -1.0000000      -1.0000000      -1.0000000
      -1.0000000      -1.0000000      -1.0000000      -1.0000000      -1.0000000
      -1.0000000
       0.0000000       62.000000       2.7331426      -1.0000000       202908.00
     0.079126410      0.38727486      -1.0000000      -1.0000000      -1.0000000
      -1.0000000      -1.0000000      -1.0000000       75.908249       2.1174655
       68.081375
       1.0000000       62.000000       2.7331426      -1.0000000       1.0000000
    0.0013912445     0.011053495      -1.0000000      -1.0000000      -1.0000000
      -1.0000000      -1.0000000      -1.0000000      -1.0000000      -1.0000000
      -1.0000000
       0.0000000       61.000000       2.8957851      -1.0000000       187113.00
     0.066034719      0.37527305      -1.0000000      -1.0000000      -1.0000000
      -1.0000000      -1.0000000      -1.0000000       79.584969       1.9921473
       62.839634
