       0.0000000       135.00000       0.0000000       12.000000       104803.00
       10.646420      0.88375759      0.52234864      0.58620685      0.59069705
      -131.74742       170.80783       50.667049       146.48041       30.610027
       112.05614
       0.0000000       134.00000    0.0095216669       12.000000       103783.00
       10.689861      0.80416209      0.52237070      0.58620685      0.59015322
      -132.34962       170.10358       50.334511       144.74536       30.725939
       124.64587
       1.0000000       134.00000    0.0095216669      -1.0000000       1.0000000
     0.025356641      0.12921913      -1.0000000      -1.0000000      -1.0000000
      -1.0000000      -1.0000000      -1.0000000      -1.0000000      -1.0000000
      -1.0000000
       0.0000000       133.00000     0.023974428       12.000000       102503.00
       10.704762      0.91133446      0.51888984      0.57142854      0.58795923
      -127.34930       172.59169       54.212528       145.39236       30.867275
       123.97743
       1.0000000       133.00000     0.023974428      -1.0000000       1.0000000
       0.0000000       0.0000000      -1.0000000      -1.0000000      -1.0000000
      -1.0000000      -1.0000000      -1.0000000      -1.0000000      -1.0000000
      -1.0000000
       0.0000000       132.00000     0.033724371       12.000000       101592.00
       10.697175      0.90447366      0.52116323      0.55555546      0.58460104
      -124.63184       178.34422       47.159344       145.29817       30.793871
       124.66580
       1.0000000       132.00000     0.033724371      -1.0000000       1.0000000
       0.0000000       0.0000000      -1.0000000      -1.0000000      -1.0000000
      -1.0000000      -1.0000000      -1.0000000      -1.0000000      -1.0000000
      -1.0000000
       0.0000000       131.00000     0.048523631       12.000000       97742.000
       10.682449      0.84477866      0.52098441      0.55555546      0.58472216
      -124.88969       182.77979       40.115803       148.22272       30.512621
       111.81873
       1.0000000       131.00000     0.048523631      -1.0000000       1.0000000
    0.0078855800     0.092019647      -1.0000000      -1.0000000      -1.0000000
      -1.0000000      -1.0000000      -1.0000000      -1.0000000      -1.0000000
      -1.0000000
       0.0000000       130.00000     0.058507323       12.000000       97149.000
       10.610576      0.81950063      0.51916927      0.57142854      0.59116322
      -125.80865       185.78339       34.433823       150.81970       30.228088
       99.886276
       0.0000000       129.00000     0.073661387       12.000000       95246.000
       10.590038      0.78570092      0.51614344      0.61290324      0.59388542
      -133.14320       189.04205       26.425564       154.49332       29.757034
       77.673790
       1.0000000       129.00000     0.073661387      -1.0000000       2.0000000
     0.086648200      0.18145851      -1.0000000      -1.0000000      -1.0000000
      -1.0000000      -1.0000000      -1.0000000      -1.0000000      -1.0000000
      -1.0000000
       0.0000000       128.00000     0.083884433       12.000000       94874.000
       10.613887      0.78089148      0.52214271      0.57142854      0.57988995
      -138.58586       187.38406       24.340193       153.00006       29.993895
       89.821602
       0.0000000       127.00000     0.099401802       12.000000       93616.000
       10.611139      0.60617924      0.51927137      0.58620685      0.59479743
      -138.22079       189.19441       23.063492       152.38260       29.453646
       91.295631
       1.0000000       127.00000     0.099401802      -1.0000000       3.0000000
      0.72394846      0.33717361      -1.0000000      -1.0000000      -1.0000000
      -1.0000000      -1.0000000      -1.0000000      -1.0000000      -1.0000000
      -1.0000000
       0.0000000       126.00000      0.10986994       12.000000       93062.000
       10.621156      0.54651880      0.51966089      0.57142854      0.58938682
      -138.44106       187.27827       19.283520       151.96629       29.434540
       92.859840
       1.0000000       126.00000      0.10986994      -1.0000000       4.0000000
    0.0032299801     0.044218840      -1.0000000      -1.0000000      -1.0000000
      -1.0000000      -1.0000000      -1.0000000      -1.0000000      -1.0000000
      -1.0000000
       0.0000000       125.00000      0.12575933       12.000000       89111.000
       10.659417      0.54564613      0.51919520      0.57142854      0.57774562
      -142.31680       188.04945       16.065142       150.93150       29.519957
       100.12570
       1.0000000       125.00000      0.12575933      -1.0000000       2.0000000
    0.0080157872     0.061737781      -1.0000000      -1.0000000      -1.0000000
      -1.0000000      -1.0000000      -1.0000000      -1.0000000      -1.0000000
      -1.0000000
       0.0000000       124.00000      0.14187621       12.000000       88415.000
       10.600352      0.43394294      0.51485938      0.57142854      0.58377504
      -148.73393       191.27211       9.4977007       145.52156       29.150631
       120.34928
       0.0000000       123.00000      0.15274876       12.000000       86693.000
       10.637006      0.87067813      0.51549321      0.55555546      0.58036441
      -153.10962       189.24248       6.7063909       141.42850       29.574301
       140.80556
       1.0000000       123.00000      0.15274876      -1.0000000       4.0000000
    0.0011852657     0.041333854      -1.0000000      -1.0000000      -1.0000000
      -1.0000000      -1.0000000      -1.0000000      -1.0000000      -1.0000000
      -1.0000000
       0.0000000       122.00000      0.16925204       13.000000       89282.000
       11.038095      0.77979672      0.51264787      0.57142854      0.59183764
      -171.72775       186.77315       10.694687       138.28693       30.791723
       159.15457
       1.0000000       122.00000      0.16925204      -1.0000000       2.0000000
    0.0026550093      0.10357359      -1.0000000      -1.0000000      -1.0000000
      -1.0000000      -1.0000000      -1.0000000      -1.0000000      -1.0000000
      -1.0000000
       0.0000000       121.00000      0.18038526       13.000000       88424.000
       10.537041      0.61301965      0.51015538      0.60714281      0.58114982
      -168.12573       171.81184       23.756424       136.98907       28.171694
       159.64200
       1.0000000       121.00000      0.18038526      -1.0000000       3.0000000
    0.0063750541      0.25036214      -1.0000000      -1.0000000      -1.0000000
      -1.0000000      -1.0000000      -1.0000000      -1.0000000      -1.0000000
      -1.0000000
       0.0000000       120.00000      0.19728418       13.000000       86314.000
       10.250340      0.48905602      0.51534176      0.68571424      0.65044188
      -174.02368       201.46973       32.209831       138.71350       27.135992
       161.21808
       1.0000000       120.00000      0.19728418      -1.0000000       3.0000000
    0.0019313933     0.082878293      -1.0000000      -1.0000000      -1.0000000
      -1.0000000      -1.0000000      -1.0000000      -1.0000000      -1.0000000
      -1.0000000
       0.0000000       119.00000      0.21442504       13.000000       81896.000
       8.4301081       1.2893082      0.41277269      0.69767439      0.54872686
      -155.70110       158.08008      -44.312729       141.81627       29.767738
       150.39255
       2.0000000       119.00000      0.21442504      0.78417420       114.00000
       4.7607031       1.9223598      0.41242027      0.50000000      0.37759417
       116.25865       44.180092       37.773266      -5176.2451       6233.1274
       907.63232
       1.0000000       119.00000      0.21442504      -1.0000000       5.0000000
    0.0051950023      0.23552532      -1.0000000      -1.0000000      -1.0000000
      -1.0000000      -1.0000000      -1.0000000      -1.0000000      -1.0000000
      -1.0000000
       0.0000000       118.00000      0.22598839       14.000000       85211.000
       6.3581080      0.97927195      0.39158118      0.66666663      0.51692092
      -116.65045       83.912239      -57.359890       140.45428       19.955444
       153.43985
       1.0000000       118.00000      0.22598839      -1.0000000       2.0000000
    0.0017140754       0.0000000      -1.0000000      -1.0000000      -1.0000000
      -1.0000000      -1.0000000      -1.0000000      -1.0000000      -1.0000000
      -1.0000000
       0.0000000       117.00000      0.24354018       14.000000       84154.000
       6.5233822       1.1319026      0.44746763      0.61111116      0.56235367
      -168.78905       90.928467      -65.653328       143.51923       22.502144
       166.01285
       1.0000000       117.00000      0.24354018      -1.0000000       2.0000000
   0.00074104324     0.017545493      -1.0000000      -1.0000000      -1.0000000
      -1.0000000      -1.0000000      -1.0000000      -1.0000000      -1.0000000
      -1.0000000
       0.0000000       116.00000      0.26134327       404.00000       280574.00
       6.6125588       1.7975037      0.53465843      0.54838705      0.65994799
      -230.72375       82.666893      -58.064739       143.29427       22.026752
       179.99942
       1.0000000       116.00000      0.26134327      -1.0000000       2.0000000
    0.0046063160     0.073435472      -1.0000000      -1.0000000      -1.0000000
      -1.0000000      -1.0000000      -1.0000000      -1.0000000      -1.0000000
      -1.0000000
       0.0000000       115.00000      0.27335334       14.000000       80898.000
       6.3001804       1.1765087      0.55331784      0.58064520      0.67291206
      -213.13037       66.887764      -45.725098       141.87578       18.860626
       172.54710
       1.0000000       115.00000      0.27335334      -1.0000000       2.0000000
   0.00034257994    0.0080150440      -1.0000000      -1.0000000      -1.0000000
      -1.0000000      -1.0000000      -1.0000000      -1.0000000      -1.0000000
      -1.0000000
       0.0000000       114.00000      0.29158324       363.00000       267973.00
       6.0709763      0.95470625      0.55725855      0.62857145      0.66209364
      -215.57364       38.298542      -46.052452       137.77844       16.857571
       191.62491
       1.0000000       114.00000      0.29158324      -1.0000000       3.0000000
      0.12715522      0.65843411      -1.0000000      -1.0000000      -1.0000000
      -1.0000000      -1.0000000      -1.0000000      -1.0000000      -1.0000000
      -1.0000000
       0.0000000       113.00000      0.31007412       14.000000       75013.000
       6.0127873      0.88724577      0.56867939      0.53125000      0.65607083
      -221.47556       19.107258      -49.650070       141.81476       16.525827
       177.39264
       0.0000000       112.00000      0.32882974       348.00000       255379.00
       6.0479531      0.62795573      0.56481665      0.59375006      0.69356608
      -228.52452      0.75402021      -41.678505       144.09132       16.624706
       189.72313
       1.0000000       112.00000      0.32882974      -1.0000000       3.0000000
   0.00080839990     0.034458162      -1.0000000      -1.0000000      -1.0000000
      -1.0000000      -1.0000000      -1.0000000      -1.0000000      -1.0000000
      -1.0000000
       0.0000000       111.00000      0.34785384       15.000000       74122.000
       6.1009250      0.52467352      0.54217154      0.58823532      0.65501064
      -245.44070      0.85548240      -18.476076       153.17667       17.536255
       160.57559
       1.0000000       111.00000      0.34785384      -1.0000000       1.0000000
       0.0000000       0.0000000      -1.0000000      -1.0000000      -1.0000000
      -1.0000000      -1.0000000      -1.0000000      -1.0000000      -1.0000000
      -1.0000000
       0.0000000       110.00000      0.36068764       14.000000       70781.000
       6.1855574      0.47547099      0.54335612      0.57575762      0.66542059
      -260.17139       4.7565899      -10.415946       158.05409       18.389563
       152.06387
       1.0000000       110.00000      0.36068764      -1.0000000       4.0000000
    0.0071469353      0.15764452      -1.0000000      -1.0000000      -1.0000000
      -1.0000000      -1.0000000      -1.0000000      -1.0000000      -1.0000000
      -1.0000000
       0.0000000       109.00000      0.38016787      -1.0000000       114068.00
       6.1532521       1.1533070      -1.0000000      -1.0000000      -1.0000000
      -1.0000000      -1.0000000      -1.0000000       153.46805       18.327524
       158.13190
       1.0000000       109.00000      0.38016787      -1.0000000       1.0000000
    0.0016039389     0.040320080      -1.0000000      -1.0000000      -1.0000000
      -1.0000000      -1.0000000      -1.0000000      -1.0000000      -1.0000000
      -1.0000000
       0.0000000       108.00000      0.39992696       39.000000       111877.00
       5.9161844       1.1398813      0.57841247      0.62500000      0.67419636
      -255.62715      -13.595440       16.667761       143.97452       16.833746
       194.03973
       1.0000000       108.00000      0.39992696      -1.0000000       5.0000000
    0.0049989645      0.14436207      -1.0000000      -1.0000000      -1.0000000
      -1.0000000      -1.0000000      -1.0000000      -1.0000000      -1.0000000
      -1.0000000
       0.0000000       107.00000      0.41996893       37.000000       106923.00
       5.8182397       1.1866677      0.57922882      0.56250006      0.66002882
      -254.00861      -23.917543       15.327703       140.45444       16.392317
       192.18320
       1.0000000       107.00000      0.41996893      -1.0000000       6.0000000
    0.0041726586     0.087677161      -1.0000000      -1.0000000      -1.0000000
      -1.0000000      -1.0000000      -1.0000000      -1.0000000      -1.0000000
      -1.0000000
       0.0000000       106.00000      0.44029784       41.000000       110752.00
       5.7362700       1.1044333      0.57569164      0.56250006      0.66868931
      -253.16965      -33.269550       14.380139       138.05846       15.963138
       177.33807
       1.0000000       106.00000      0.44029784      -1.0000000       3.0000000
    0.0023608441     0.067304961      -1.0000000      -1.0000000      -1.0000000
      -1.0000000      -1.0000000      -1.0000000      -1.0000000      -1.0000000
      -1.0000000
       0.0000000       105.00000      0.46091780       57.000000       125573.00
       5.7294550       1.0245312      0.57195759      0.60606062      0.66458881
      -245.07291      -68.088791       19.645020       136.09821       16.126858
       172.58803
       1.0000000       105.00000      0.46091780      -1.0000000       4.0000000
     0.016925816      0.21981486      -1.0000000      -1.0000000      -1.0000000
      -1.0000000      -1.0000000      -1.0000000      -1.0000000      -1.0000000
      -1.0000000
       0.0000000       104.00000      0.48183295       57.000000       123544.00
       5.6976852      0.87771058      0.57915270      0.59375006      0.65229166
      -247.09161      -83.666626       31.691465       137.46475       15.820435
       172.04836
       1.0000000       104.00000      0.48183295      -1.0000000       5.0000000
    0.0016781245     0.035848912      -1.0000000      -1.0000000      -1.0000000
      -1.0000000      -1.0000000      -1.0000000      -1.0000000      -1.0000000
      -1.0000000
       0.0000000       103.00000      0.50304753       58.000000       120570.00
       5.5042467      0.76138693      0.57178855      0.53333330      0.64826369
      -244.98727      -88.984062       45.853996       134.58980       14.694515
       34.874130
       1.0000000       103.00000      0.50304753      -1.0000000       7.0000000
    0.0031503778     0.021613835      -1.0000000      -1.0000000      -1.0000000
      -1.0000000      -1.0000000      -1.0000000      -1.0000000      -1.0000000
      -1.0000000
       0.0000000       102.00000      0.52456582       48.000000       108289.00
       5.6386032       1.1144084      0.56724966      0.53333330      0.64436513
      -272.60632      -73.185669       39.828560       149.86679       16.373043
       181.60527
       0.0000000       101.00000      0.54639220       46.000000       103521.00
       5.6442800       1.3719431      0.55865300      0.53333330      0.65054548
      -283.87067      -93.560547       40.647846       158.77371       17.350754
       198.88588
       1.0000000       101.00000      0.54639220      -1.0000000       1.0000000
    0.0010557431       0.0000000      -1.0000000      -1.0000000      -1.0000000
      -1.0000000      -1.0000000      -1.0000000      -1.0000000      -1.0000000
      -1.0000000
       0.0000000       100.00000      0.57598084       46.000000       99274.000
       5.6514959       1.5755172      0.54408514      0.64705884      0.63648152
      -284.35126      -99.286453       39.598595       160.99387       18.361845
       218.27353
       1.0000000       100.00000      0.57598084      -1.0000000       4.0000000
   0.00035773503     0.011778374      -1.0000000      -1.0000000      -1.0000000
      -1.0000000      -1.0000000      -1.0000000      -1.0000000      -1.0000000
      -1.0000000
       0.0000000       99.000000      0.59854329       45.000000       93296.000
       5.3870554       1.5422077      0.55695987      0.60000002      0.66299123
      -260.98468      -120.93810       30.998077       150.85956       16.724314
       232.28677
       1.0000000       99.000000      0.59854329      -1.0000000       2.0000000
       0.0000000       0.0000000      -1.0000000      -1.0000000      -1.0000000
      -1.0000000      -1.0000000      -1.0000000      -1.0000000      -1.0000000
      -1.0000000
       0.0000000       98.000000      0.62142873       44.000000       88722.000
       5.2220116       1.5916783      0.54994869      0.57575762      0.62987101
      -252.60956      -116.40089       40.860600       141.06897       16.272974
       35.108879
       1.0000000       98.000000      0.62142873      -1.0000000       1.0000000
    0.0034565374     0.048942853      -1.0000000      -1.0000000      -1.0000000
      -1.0000000      -1.0000000      -1.0000000      -1.0000000      -1.0000000
      -1.0000000
       0.0000000       97.000000      0.64464182       45.000000       88698.000
       5.2905526       1.9847258      0.56084675      0.62500000      0.63495338
      -262.48257      -134.90221       32.414833       153.27138       17.810427
       249.50537
       0.0000000       96.000000      0.67611039       371.00000       204536.00
       5.1564970       2.0718923      0.55709857      0.61290324      0.63658965
      -285.78854      -121.68544       14.081388       155.80446       17.712128
       249.30783
       1.0000000       96.000000      0.67611039      -1.0000000       4.0000000
    0.0043402389     0.042794782      -1.0000000      -1.0000000      -1.0000000
      -1.0000000      -1.0000000      -1.0000000      -1.0000000      -1.0000000
      -1.0000000
       0.0000000       95.000000      0.70010638       396.00000       204899.00
       5.1263905       1.8814000      0.57044965      0.62068963      0.69454801
      -288.11456      -162.45245      -18.728020       159.44789       17.877218
       238.25919
       1.0000000       95.000000      0.70010638      -1.0000000       2.0000000
    0.0068363360      0.15520045      -1.0000000      -1.0000000      -1.0000000
      -1.0000000      -1.0000000      -1.0000000      -1.0000000      -1.0000000
      -1.0000000
       0.0000000       94.000000      0.73263615       412.00000       202576.00
       5.0504889       1.5288105      0.55648881      0.65625000      0.66326934
      -301.46051      -138.95242       14.736545       159.86729       17.296461
       221.33014
       1.0000000       94.000000      0.73263615      -1.0000000       1.0000000
       0.0000000       0.0000000      -1.0000000      -1.0000000      -1.0000000
      -1.0000000      -1.0000000      -1.0000000      -1.0000000      -1.0000000
      -1.0000000
       0.0000000       93.000000      0.75744140       445.00000       203190.00
       4.9231963       1.4330460      0.55494207      0.63333333      0.64901787
      -310.73721      -143.36168       9.0433416       157.34357       16.719473
       216.73239
       1.0000000       93.000000      0.75744140      -1.0000000       1.0000000
    0.0019247330     0.080466062      -1.0000000      -1.0000000      -1.0000000
      -1.0000000      -1.0000000      -1.0000000      -1.0000000      -1.0000000
      -1.0000000
       0.0000000       92.000000      0.79106826       452.00000       199528.00
       4.8090715       1.5502652      0.55555445      0.66666669      0.64298415
      -287.65521      -93.505035       24.395563       131.77583       16.614134
       133.06763
       1.0000000       92.000000      0.79106826      -1.0000000       5.0000000
    0.0077080039      0.11629604      -1.0000000      -1.0000000      -1.0000000
      -1.0000000      -1.0000000      -1.0000000      -1.0000000      -1.0000000
      -1.0000000
       0.0000000       91.000000      0.81671000       471.00000       199201.00
       4.8280635       1.8510118      0.55171496      0.64705884      0.64592117
      -287.29758      -107.52705       7.4801798       130.98700       17.347797
       121.79171
       1.0000000       91.000000      0.81671000      -1.0000000       1.0000000
     0.012652820      0.11424846      -1.0000000      -1.0000000      -1.0000000
      -1.0000000      -1.0000000      -1.0000000      -1.0000000      -1.0000000
      -1.0000000
       0.0000000       90.000000      0.85147089       463.00000       193347.00
       4.6440201       1.9986000      0.54295015      0.64705884      0.64643395
      -262.59250      -144.38696       30.180614       129.97623       16.998739
       117.95121
       1.0000000       90.000000      0.85147089      -1.0000000       1.0000000
       0.0000000       0.0000000      -1.0000000      -1.0000000      -1.0000000
      -1.0000000      -1.0000000      -1.0000000      -1.0000000      -1.0000000
      -1.0000000
       0.0000000       89.000000      0.88689691       463.00000       190030.00
       4.5795445       1.8093623      0.54313821      0.66666669      0.61045617
      -243.91603      -121.72756       115.06832       126.92094       16.726767
       114.27798
       1.0000000       89.000000      0.88689691      -1.0000000       1.0000000
       0.0000000       0.0000000      -1.0000000      -1.0000000      -1.0000000
      -1.0000000      -1.0000000      -1.0000000      -1.0000000      -1.0000000
      -1.0000000
       0.0000000       88.000000      0.92300081       451.00000       183242.00
       4.5921249       2.0417843      0.55048788      0.65714288      0.61612749
      -274.16788      -44.208317       127.10397       127.51357       17.852152
       114.55012
       1.0000000       88.000000      0.92300081      -1.0000000       1.0000000
       0.0000000       0.0000000      -1.0000000      -1.0000000      -1.0000000
      -1.0000000      -1.0000000      -1.0000000      -1.0000000      -1.0000000
      -1.0000000
       0.0000000       87.000000      0.95053136       457.00000       181126.00
       4.4980330       3.0805840      0.54231447      0.65714288      0.59316254
      -285.84384       2.2603540       76.529579       127.23627       18.416590
       109.73257
       1.0000000       87.000000      0.95053136      -1.0000000       2.0000000
     0.036581580      0.21487386      -1.0000000      -1.0000000      -1.0000000
      -1.0000000      -1.0000000      -1.0000000      -1.0000000      -1.0000000
      -1.0000000
       0.0000000       86.000000      0.98785281       458.00000       177006.00
       4.3089776       2.4984593      0.52754831      0.53333330      0.56059241
      -281.32968      -20.695021       41.634563       124.31523       17.848839
       107.29264
       1.0000000       86.000000      0.98785281      -1.0000000       1.0000000
   0.00073631492       0.0000000      -1.0000000      -1.0000000      -1.0000000
      -1.0000000      -1.0000000      -1.0000000      -1.0000000      -1.0000000
      -1.0000000
       0.0000000       85.000000      0.99729425       460.00000       176171.00
       4.2816634       2.3962045      0.53463906      0.60000002      0.56938052
      -284.67880      -31.749836       50.376644       123.80386       17.592752
       108.58602
       0.0000000       84.000000       1.0355104       468.00000       172451.00
       4.1813250       2.4119148      0.55421329      0.62068963      0.60894024
      -297.99417      -57.626781       81.005997       122.17647       17.753551
       107.06362
       0.0000000       83.000000       1.0744579       459.00000       166445.00
       4.1900806       2.5000021      0.55532777      0.68750000      0.63173097
      -306.20767      -37.492847       64.553177       122.39722       18.263062
       104.90201
       0.0000000       82.000000       1.1141505       469.00000       162297.00
       4.0176940       2.7582977      0.53558302      0.66666669      0.61645824
      -297.53748      -7.5734668       58.138988       128.06415       18.179865
       87.501091
       1.0000000       82.000000       1.1141505      -1.0000000       1.0000000
       0.0000000       0.0000000      -1.0000000      -1.0000000      -1.0000000
      -1.0000000      -1.0000000      -1.0000000      -1.0000000      -1.0000000
      -1.0000000
       0.0000000       81.000000       1.1546028       1396.0000       230317.00
       3.8909411       3.1057320      0.53849024      0.62068963      0.56279272
      -291.06400       20.345623       24.973063       129.05444       18.126852
       90.804016
       0.0000000       80.000000       1.2062581       1477.0000       226460.00
       3.6459925       2.8989258      0.53478330      0.61290324      0.55258995
      -253.49843       105.36216      -1.3164921       131.50037       17.254818
       86.779747
       1.0000000       80.000000       1.2062581      -1.0000000       3.0000000
     0.014582204      0.14373893      -1.0000000      -1.0000000      -1.0000000
      -1.0000000      -1.0000000      -1.0000000      -1.0000000      -1.0000000
      -1.0000000
       0.0000000       79.000000       1.2484726       1481.0000       222116.00
       3.4967227       3.2409308      0.51680022      0.63636363      0.53770667
      -204.25137       119.59599      -111.01186       132.46323       17.131836
       87.374039
       1.0000000       79.000000       1.2484726      -1.0000000       1.0000000
    0.0065155486     0.058156852      -1.0000000      -1.0000000      -1.0000000
      -1.0000000      -1.0000000      -1.0000000      -1.0000000      -1.0000000
      -1.0000000
       0.0000000       78.000000       1.3023784       1504.0000       216793.00
       3.2830656       2.2495754      0.50602740      0.65625000      0.52570176
      -186.30940       11.763865      -171.21672       128.31535       15.259784
       90.492264
       1.0000000       78.000000       1.3023784      -1.0000000       1.0000000
       0.0000000       0.0000000      -1.0000000      -1.0000000      -1.0000000
      -1.0000000      -1.0000000      -1.0000000      -1.0000000      -1.0000000
      -1.0000000
       0.0000000       77.000000       1.3575766       1376.0000       204115.00
       3.1199698       1.9208728      0.51512653      0.61290324      0.49177179
      -205.47803      -42.554951      -133.59523       123.71394       14.262567
       101.82143
       1.0000000       77.000000       1.3575766      -1.0000000       1.0000000
   0.00023759683     0.041057043      -1.0000000      -1.0000000      -1.0000000
      -1.0000000      -1.0000000      -1.0000000      -1.0000000      -1.0000000
      -1.0000000
       0.0000000       76.000000       1.4140983       1329.0000       195460.00
       3.0574756       2.0017812      0.51584399      0.62857145      0.53005594
      -227.54681      -59.454826      -94.558350       122.26317       14.049867
       108.12643
       1.0000000       76.000000       1.4140983      -1.0000000       1.0000000
   0.00047944402    0.0054325722      -1.0000000      -1.0000000      -1.0000000
      -1.0000000      -1.0000000      -1.0000000      -1.0000000      -1.0000000
      -1.0000000
       0.0000000       75.000000       1.4719748       1319.0000       188278.00
       2.9298859       1.8077769      0.48504519      0.67567563      0.46268111
      -214.52577      -54.695885      -52.023281       121.50821       13.069397
       109.77196
       1.0000000       75.000000       1.4719748      -1.0000000       2.0000000
       0.0000000       0.0000000      -1.0000000      -1.0000000      -1.0000000
      -1.0000000      -1.0000000      -1.0000000      -1.0000000      -1.0000000
      -1.0000000
       0.0000000       74.000000       1.5312390       1390.0000       186616.00
       2.7972159       1.9818823      0.48891857      0.66666663      0.44168493
      -190.86655      -77.683517      -85.125572       123.47469       12.796411
       107.87170
       0.0000000       73.000000       1.6042346       1416.0000       180023.00
       2.6125059       1.6740968      0.49822885      0.59375006      0.50446510
      -200.24655      -119.71568      -25.249434       126.74088       12.057107
       102.56620
       1.0000000       73.000000       1.6042346      -1.0000000       2.0000000
       0.0000000       0.0000000      -1.0000000      -1.0000000      -1.0000000
      -1.0000000      -1.0000000      -1.0000000      -1.0000000      -1.0000000
      -1.0000000
       0.0000000       72.000000       1.6666696       1392.0000       173125.00
       2.5592363       1.8436743      0.48060009      0.59375006      0.39353868
      -181.33324      -141.62860      -21.586704       129.65262       11.947179
       98.424698
       1.0000000       72.000000       1.6666696      -1.0000000       2.0000000
   0.00038761375       0.0000000      -1.0000000      -1.0000000      -1.0000000
      -1.0000000      -1.0000000      -1.0000000      -1.0000000      -1.0000000
      -1.0000000
       0.0000000       71.000000       1.7435706       1309.0000       161374.00
       2.4662440       2.0639718      0.50924426      0.65789473      0.48992130
      -189.21361      -116.72175       65.463745       134.67276       12.113901
       95.788544
       1.0000000       71.000000       1.7435706      -1.0000000       3.0000000
     0.018475265      0.23721987      -1.0000000      -1.0000000      -1.0000000
      -1.0000000      -1.0000000      -1.0000000      -1.0000000      -1.0000000
      -1.0000000
       0.0000000       70.000000       1.8226893       1190.0000       148979.00
       2.2082040       2.0647986      0.48319134      0.61764705      0.42299226
      -162.29601      -79.580406       96.644920       128.90376       10.693655
       105.99425
       0.0000000       69.000000       1.9040896       1292.0000       147476.00
       2.0321360       2.0756996      0.44745925      0.58823532      0.46555334
      -123.14227      -35.512768       131.78090       129.14861       10.074389
       105.87662
       1.0000000       69.000000       1.9040896      -1.0000000       2.0000000
    0.0018673824     0.038698092      -1.0000000      -1.0000000      -1.0000000
      -1.0000000      -1.0000000      -1.0000000      -1.0000000      -1.0000000
      -1.0000000
       0.0000000       68.000000       2.0020282       1274.0000       138066.00
       1.8202915       1.8939509      0.40714279      0.68421054      0.29845229
      -69.285255      -38.600723       89.257271       130.36975       9.3274956
       102.61278
       1.0000000       68.000000       2.0020282      -1.0000000       4.0000000
    0.0056540292      0.11291113      -1.0000000      -1.0000000      -1.0000000
      -1.0000000      -1.0000000      -1.0000000      -1.0000000      -1.0000000
      -1.0000000
       0.0000000       67.000000       2.1032696       1251.0000       129464.00
       1.5908053       2.3942692      0.38828915      0.58974349      0.35378236
      -34.564743      -32.649498       113.05755       133.06606       9.0307751
       104.74746
       1.0000000       67.000000       2.1032696      -1.0000000       2.0000000
   0.00061459880     0.023919290      -1.0000000      -1.0000000      -1.0000000
      -1.0000000      -1.0000000      -1.0000000      -1.0000000      -1.0000000
      -1.0000000
       0.0000000       66.000000       2.2079256       1215.0000       120019.00
       1.3183308       2.1069274      0.37065610      0.50000000      0.24696298
      -13.018766       26.433346       58.707840       124.72343       8.1900959
       121.20206
       1.0000000       66.000000       2.2079256      -1.0000000       4.0000000
    0.0054701870     0.054927473      -1.0000000      -1.0000000      -1.0000000
      -1.0000000      -1.0000000      -1.0000000      -1.0000000      -1.0000000
      -1.0000000
       0.0000000       65.000000       2.3161108      -1.0000000       113042.00
       1.1840078       1.2730259      -1.0000000      -1.0000000      -1.0000000
      -1.0000000      -1.0000000      -1.0000000       119.39085       7.3112612
       126.49610
       0.0000000       64.000000       2.4442258      -1.0000000       102625.00
       1.1105589      0.89729291      -1.0000000      -1.0000000      -1.0000000
      -1.0000000      -1.0000000      -1.0000000       121.03421       6.2207103
       126.47490
       1.0000000       64.000000       2.4442258      -1.0000000       2.0000000
    0.0016250645     0.070833042      -1.0000000      -1.0000000      -1.0000000
      -1.0000000      -1.0000000      -1.0000000      -1.0000000      -1.0000000
      -1.0000000
       0.0000000       63.000000       2.5772903      -1.0000000       91518.000
       1.0575405       1.1126891      -1.0000000      -1.0000000      -1.0000000
      -1.0000000      -1.0000000      -1.0000000       129.54378       6.0703983
       123.35689
       0.0000000       62.000000       2.7331426      -1.0000000       79523.000
      0.90630227       1.2303813      -1.0000000      -1.0000000      -1.0000000
      -1.0000000      -1.0000000      -1.0000000       132.88799       5.4433093
       125.25571
       1.0000000       62.000000       2.7331426      -1.0000000       4.0000000
     0.016900038      0.18263866      -1.0000000      -1.0000000      -1.0000000
      -1.0000000      -1.0000000      -1.0000000      -1.0000000      -1.0000000
      -1.0000000
       0.0000000       61.000000       2.8957851      -1.0000000       73739.000
      0.75335884      0.95652109      -1.0000000      -1.0000000      -1.0000000
      -1.0000000      -1.0000000      -1.0000000       131.98727       4.6178141
       119.32845
       1.0000000       61.000000       2.8957851      -1.0000000       7.0000000
    0.0038552633     0.059194052      -1.0000000      -1.0000000      -1.0000000
      -1.0000000      -1.0000000      -1.0000000      -1.0000000      -1.0000000
      -1.0000000
       0.0000000       60.000000       3.0081310      -1.0000000       67842.000
      0.69557464       1.1258798      -1.0000000      -1.0000000      -1.0000000
      -1.0000000      -1.0000000      -1.0000000       135.50133       5.0666718
       114.40791
       1.0000000       60.000000       3.0081310      -1.0000000       4.0000000
    0.0021216839       0.0000000      -1.0000000      -1.0000000      -1.0000000
      -1.0000000      -1.0000000      -1.0000000      -1.0000000      -1.0000000
      -1.0000000
       0.0000000       59.000000       3.0848227      -1.0000000       65889.000
      0.63394302       1.3110774      -1.0000000      -1.0000000      -1.0000000
      -1.0000000      -1.0000000      -1.0000000       140.78569       5.4017129
       104.15982
       1.0000000       59.000000       3.0848227      -1.0000000       5.0000000
    0.0032566862     0.017091571      -1.0000000      -1.0000000      -1.0000000
      -1.0000000      -1.0000000      -1.0000000      -1.0000000      -1.0000000
      -1.0000000
       0.0000000       58.000000       3.2830331      -1.0000000       58402.000
      0.45835689       1.4319561      -1.0000000      -1.0000000      -1.0000000
      -1.0000000      -1.0000000      -1.0000000       133.59091       5.9978876
       104.79765
       1.0000000       58.000000       3.2830331      -1.0000000       2.0000000
    0.0031106855     0.012645397      -1.0000000      -1.0000000      -1.0000000
      -1.0000000      -1.0000000      -1.0000000      -1.0000000      -1.0000000
      -1.0000000
       0.0000000       57.000000       3.4908614      -1.0000000       53630.000
      0.29255036       1.1535567      -1.0000000      -1.0000000      -1.0000000
      -1.0000000      -1.0000000      -1.0000000       125.51727       5.2188764
       99.138573
       1.0000000       57.000000       3.4908614      -1.0000000       5.0000000
    0.0028395464     0.052960341      -1.0000000      -1.0000000      -1.0000000
      -1.0000000      -1.0000000      -1.0000000      -1.0000000      -1.0000000
      -1.0000000
