       0.0000000       135.00000       0.0000000       2669.0000       459332.00
       1.9852526       1.8182341      0.48640132      0.53333330      0.44324791
       108.34895      -4.7112761       17.436813       87.607224       12.065985
       73.609932
       0.0000000       134.00000    0.0095216669      -1.0000000       453775.00
       1.9407393       1.7711564      -1.0000000      -1.0000000      -1.0000000
      -1.0000000      -1.0000000      -1.0000000       88.111893       11.750814
       73.628311
       0.0000000       132.00000     0.033724371       2719.0000       453631.00
       1.9465810       1.9611870      0.45790598      0.53333330      0.38165250
       94.917137       16.778152       37.080715       88.531136       12.440190
       73.543648
       1.0000000       132.00000     0.033724371      -1.0000000       1.0000000
   0.00022907089     0.036806267      -1.0000000      -1.0000000      -1.0000000
      -1.0000000      -1.0000000      -1.0000000      -1.0000000      -1.0000000
      -1.0000000
       0.0000000       131.00000     0.048523631       2756.0000       450948.00
       1.8925955       1.9246660      0.45569783      0.56250006      0.40409237
       91.431099       8.7891550       39.393845       89.076553       12.069739
       73.592255
       1.0000000       131.00000     0.048523631      -1.0000000       1.0000000
    0.0032860199     0.021190811      -1.0000000      -1.0000000      -1.0000000
      -1.0000000      -1.0000000      -1.0000000      -1.0000000      -1.0000000
      -1.0000000
       0.0000000       130.00000     0.058507323       2763.0000       448340.00
       1.8787284       1.8542079      0.45403445      0.56250006      0.42130566
       91.643684       5.4931440       38.709530       88.823624       12.136346
       73.355568
       0.0000000       129.00000     0.073661387       2765.0000       445546.00
       1.8411850       1.5670456      0.46127090      0.58823532      0.46506211
       89.517181      -1.6692504       44.230541       88.591476       11.541089
       73.065178
       0.0000000       128.00000     0.083884433       2766.0000       443116.00
       1.8118285       1.3558167      0.45583397      0.61764705      0.44372234
       86.963120      -6.8252730       43.204910       89.150032       11.220968
       72.862747
       0.0000000       127.00000     0.099401802       2787.0000       441617.00
       1.8143252       1.6386262      0.44548458      0.56250006      0.38245365
       83.433830      -13.407216       35.376152       90.545494       11.817532
       72.627304
       0.0000000       126.00000      0.10986994       2798.0000       439822.00
       1.7721112       1.5899596      0.44727290      0.57575762      0.39104682
       85.926369      -13.769201       30.600161       91.291252       11.293896
       72.166496
       0.0000000       125.00000      0.12575933       2797.0000       437457.00
       1.7442787       1.5081006      0.45018873      0.56250006      0.41103023
       85.736916      -13.559546       28.217928       91.213165       11.617586
       73.907761
       0.0000000       124.00000      0.14187621       2822.0000       434938.00
       1.7199950       1.4857804      0.44657686      0.46428573      0.35419416
       83.783890      -19.032484       28.281647       88.724075       11.051801
       77.794350
       0.0000000       123.00000      0.15274876       2812.0000       432797.00
       1.6986744       1.5639746      0.43925288      0.51724136      0.39083961
       84.599442      -18.383862       22.895233       87.837242       11.011602
       80.020035
       0.0000000       122.00000      0.16925204       2815.0000       429894.00
       1.6545950       1.5672090      0.43371969      0.56250006      0.40782434
       83.371193      -7.7300582       12.778417       87.474030       10.687683
       81.817879
       0.0000000       121.00000      0.18038526       2821.0000       427328.00
       1.6302059       1.4836756      0.43739703      0.57575762      0.36931479
       82.410675      -1.1661161       12.028670       86.823975       10.484567
       83.037598
       0.0000000       120.00000      0.19728418       2830.0000       424316.00
       1.6179926       1.3000462      0.42711666      0.54838705      0.33478215
       80.511169       6.5716696       13.147368       86.552628       10.318158
       83.337196
       0.0000000       119.00000      0.21442504       2842.0000       421830.00
       1.5794946       1.4803112      0.42295045      0.50000000      0.32457009
       78.899254       10.172301       18.868984       86.458473       10.239477
       83.149773
       0.0000000       118.00000      0.22598839       2856.0000       420321.00
       1.5709972       1.2545675      0.41073000      0.53125000      0.25864178
       72.394302       7.6277728       22.331350       86.800018       10.230068
       82.618301
       0.0000000       117.00000      0.24354018       2874.0000       416873.00
       1.5666348       1.2505267      0.41233066      0.46428573      0.27286631
       69.594620       5.3361282       29.339628       88.382271       10.113320
       83.724236
       0.0000000       116.00000      0.26134327       2901.0000       414171.00
       1.5197623       1.4437325      0.41748622      0.51612902      0.28659028
       68.913803      -2.4300120       31.737791       89.094200       10.126256
       83.094383
       0.0000000       115.00000      0.27335334       2917.0000       411925.00
       1.5047494       1.4698424      0.42157188      0.48275858      0.32216102
       67.180336      -10.430280       28.487080       89.041588       10.300185
       82.428978
       0.0000000       114.00000      0.29158324       2963.0000       409851.00
       1.4863682       1.2406957      0.42693457      0.44827580      0.32526553
       67.777870      -14.536172       20.287260       89.550011       9.8735428
       81.756081
       0.0000000       113.00000      0.31007412       2964.0000       406828.00
       1.4620608       1.0453707      0.40713978      0.50000000      0.24811886
       64.723495      -9.5445929       3.7763190       89.881584       9.5994244
       81.579422
       0.0000000       112.00000      0.32882974       3010.0000       403422.00
       1.3992212      0.98355436      0.39575529      0.48484850      0.24143325
       63.468761      -7.3163242      -5.0325141       89.911850       9.0852261
       81.654427
       1.0000000       112.00000      0.32882974      -1.0000000       1.0000000
       0.0000000       0.0000000      -1.0000000      -1.0000000      -1.0000000
      -1.0000000      -1.0000000      -1.0000000      -1.0000000      -1.0000000
      -1.0000000
       0.0000000       111.00000      0.34785384       3020.0000       400875.00
       1.4620198       1.5315856      0.39180362      0.54285711      0.28632364
       63.232315       7.1689095     -0.83100474       91.740417       10.862178
       83.033592
       1.0000000       111.00000      0.34785384      -1.0000000       1.0000000
     0.086356811      0.38886207      -1.0000000      -1.0000000      -1.0000000
      -1.0000000      -1.0000000      -1.0000000      -1.0000000      -1.0000000
      -1.0000000
       0.0000000       110.00000      0.36068764       3048.0000       399852.00
       1.3819835       1.5399268      0.41818914      0.51515150      0.30748844
       71.724884       14.488064       8.2777920       93.864265       9.2097683
       84.093445
       0.0000000       109.00000      0.38016787      -1.0000000       396350.00
       1.3424945       1.0007915      -1.0000000      -1.0000000      -1.0000000
      -1.0000000      -1.0000000      -1.0000000       89.520020       8.9204817
       87.764992
       1.0000000       109.00000      0.38016787      -1.0000000       1.0000000
       0.0000000       0.0000000      -1.0000000      -1.0000000      -1.0000000
      -1.0000000      -1.0000000      -1.0000000      -1.0000000      -1.0000000
      -1.0000000
       0.0000000       108.00000      0.39992696      -1.0000000       394817.00
       1.3359984      0.95999902      -1.0000000      -1.0000000      -1.0000000
      -1.0000000      -1.0000000      -1.0000000       89.307945       8.6652708
       89.405899
       0.0000000       107.00000      0.41996893      -1.0000000       390758.00
       1.2989082       1.1381092      -1.0000000      -1.0000000      -1.0000000
      -1.0000000      -1.0000000      -1.0000000       89.254501       8.6378231
       92.395119
       0.0000000       106.00000      0.44029784      -1.0000000       387968.00
       1.2856240       1.0972630      -1.0000000      -1.0000000      -1.0000000
      -1.0000000      -1.0000000      -1.0000000       87.844887       8.3983154
       94.767906
       0.0000000       105.00000      0.46091780      -1.0000000       384057.00
       1.2627766      0.95268101      -1.0000000      -1.0000000      -1.0000000
      -1.0000000      -1.0000000      -1.0000000       87.953468       8.2553110
       98.262428
       0.0000000       104.00000      0.48183295      -1.0000000       381404.00
       1.2534468      0.90703189      -1.0000000      -1.0000000      -1.0000000
      -1.0000000      -1.0000000      -1.0000000       88.758911       8.1846752
       96.956810
       1.0000000       104.00000      0.48183295      -1.0000000       1.0000000
   0.00043198754     0.013328481      -1.0000000      -1.0000000      -1.0000000
      -1.0000000      -1.0000000      -1.0000000      -1.0000000      -1.0000000
      -1.0000000
       0.0000000       103.00000      0.50304753      -1.0000000       377566.00
       1.2390004      0.98610449      -1.0000000      -1.0000000      -1.0000000
      -1.0000000      -1.0000000      -1.0000000       88.678955       8.1040068
       97.035049
       0.0000000       102.00000      0.52456582      -1.0000000       376018.00
       1.2236501      0.96992791      -1.0000000      -1.0000000      -1.0000000
      -1.0000000      -1.0000000      -1.0000000       89.044708       7.9415879
       93.828873
       1.0000000       102.00000      0.52456582      -1.0000000       1.0000000
    0.0014773501       0.0000000      -1.0000000      -1.0000000      -1.0000000
      -1.0000000      -1.0000000      -1.0000000      -1.0000000      -1.0000000
      -1.0000000
       0.0000000       101.00000      0.54639220      -1.0000000       373861.00
       1.2108253      0.86925638      -1.0000000      -1.0000000      -1.0000000
      -1.0000000      -1.0000000      -1.0000000       90.531952       7.6045127
       91.142601
       0.0000000       100.00000      0.57598084      -1.0000000       369006.00
       1.2298211      0.66469896      -1.0000000      -1.0000000      -1.0000000
      -1.0000000      -1.0000000      -1.0000000       95.116600       8.1974087
       85.616249
       0.0000000       99.000000      0.59854329      -1.0000000       361743.00
       1.2234269      0.64871591      -1.0000000      -1.0000000      -1.0000000
      -1.0000000      -1.0000000      -1.0000000       100.32513       7.9451890
       77.162796
       0.0000000       98.000000      0.62142873      -1.0000000       358405.00
       1.2329512      0.90077001      -1.0000000      -1.0000000      -1.0000000
      -1.0000000      -1.0000000      -1.0000000       101.99506       8.5399446
       79.017601
       0.0000000       97.000000      0.64464182      -1.0000000       355705.00
       1.1866214      0.92218632      -1.0000000      -1.0000000      -1.0000000
      -1.0000000      -1.0000000      -1.0000000       95.452850       7.8948126
       87.891197
       0.0000000       96.000000      0.67611039      -1.0000000       352462.00
       1.1700046      0.85854363      -1.0000000      -1.0000000      -1.0000000
      -1.0000000      -1.0000000      -1.0000000       91.118271       7.4300189
       87.025673
       0.0000000       95.000000      0.70010638      -1.0000000       349204.00
       1.1712697      0.89912552      -1.0000000      -1.0000000      -1.0000000
      -1.0000000      -1.0000000      -1.0000000       91.111053       7.5113211
       82.742203
       0.0000000       94.000000      0.73263615      -1.0000000       345333.00
       1.1274399      0.93874514      -1.0000000      -1.0000000      -1.0000000
      -1.0000000      -1.0000000      -1.0000000       95.515923       7.3455148
       72.970329
       0.0000000       93.000000      0.75744140      -1.0000000       339456.00
       1.1255728       1.2704806      -1.0000000      -1.0000000      -1.0000000
      -1.0000000      -1.0000000      -1.0000000       98.492134       7.9083261
       68.874535
       0.0000000       92.000000      0.79106826      -1.0000000       333855.00
       1.0549095       1.4129890      -1.0000000      -1.0000000      -1.0000000
      -1.0000000      -1.0000000      -1.0000000       96.219673       7.8999782
       71.451645
       1.0000000       92.000000      0.79106826      -1.0000000       1.0000000
   0.00019452449     0.019134277      -1.0000000      -1.0000000      -1.0000000
      -1.0000000      -1.0000000      -1.0000000      -1.0000000      -1.0000000
      -1.0000000
       0.0000000       91.000000      0.81671000      -1.0000000       331567.00
       1.0240101       1.2340714      -1.0000000      -1.0000000      -1.0000000
      -1.0000000      -1.0000000      -1.0000000       92.386597       7.5292068
       75.754463
       0.0000000       90.000000      0.85147089      -1.0000000       341611.00
       1.0031567      0.98934007      -1.0000000      -1.0000000      -1.0000000
      -1.0000000      -1.0000000      -1.0000000       90.802841       6.9204173
       76.482368
       0.0000000       89.000000      0.88689691      -1.0000000       337827.00
      0.97939599       1.0248951      -1.0000000      -1.0000000      -1.0000000
      -1.0000000      -1.0000000      -1.0000000       91.829742       7.3348994
       74.442551
       0.0000000       88.000000      0.92300081      -1.0000000       331763.00
      0.93194836       1.4145641      -1.0000000      -1.0000000      -1.0000000
      -1.0000000      -1.0000000      -1.0000000       93.215569       7.1929903
       75.923462
       0.0000000       87.000000      0.95053136      -1.0000000       328373.00
      0.92310864       1.3281293      -1.0000000      -1.0000000      -1.0000000
      -1.0000000      -1.0000000      -1.0000000       92.062675       7.6193666
       79.985481
       0.0000000       86.000000      0.98785281      -1.0000000       325259.00
      0.88510865       1.2127153      -1.0000000      -1.0000000      -1.0000000
      -1.0000000      -1.0000000      -1.0000000       92.238617       7.0506806
       84.769691
       0.0000000       85.000000      0.99729425      -1.0000000       324112.00
      0.84698224       1.0597882      -1.0000000      -1.0000000      -1.0000000
      -1.0000000      -1.0000000      -1.0000000       90.838470       6.6016006
       85.977097
       1.0000000       85.000000      0.99729425      -1.0000000       2.0000000
     0.042005425      0.29306729      -1.0000000      -1.0000000      -1.0000000
      -1.0000000      -1.0000000      -1.0000000      -1.0000000      -1.0000000
      -1.0000000
       0.0000000       84.000000       1.0355104      -1.0000000       319724.00
      0.79425591      0.80281419      -1.0000000      -1.0000000      -1.0000000
      -1.0000000      -1.0000000      -1.0000000       89.918900       5.9330320
       87.262032
       0.0000000       83.000000       1.0744579      -1.0000000       313067.00
      0.78714120      0.73628867      -1.0000000      -1.0000000      -1.0000000
      -1.0000000      -1.0000000      -1.0000000       92.858070       5.9520769
       85.006294
       0.0000000       82.000000       1.1141505      -1.0000000       307919.00
      0.77817649      0.85919678      -1.0000000      -1.0000000      -1.0000000
      -1.0000000      -1.0000000      -1.0000000       98.376205       6.3077459
       77.627396
       0.0000000       81.000000       1.1546028      -1.0000000       303194.00
      0.76542711       1.1457134      -1.0000000      -1.0000000      -1.0000000
      -1.0000000      -1.0000000      -1.0000000       105.54209       6.5996451
       67.162758
       0.0000000       80.000000       1.2062581      -1.0000000       295384.00
      0.68895495       1.1926281      -1.0000000      -1.0000000      -1.0000000
      -1.0000000      -1.0000000      -1.0000000       101.59731       6.3533378
       69.413857
       1.0000000       80.000000       1.2062581      -1.0000000       1.0000000
       0.0000000       0.0000000      -1.0000000      -1.0000000      -1.0000000
      -1.0000000      -1.0000000      -1.0000000      -1.0000000      -1.0000000
      -1.0000000
       0.0000000       79.000000       1.2484726      -1.0000000       288831.00
      0.65614539       1.2496697      -1.0000000      -1.0000000      -1.0000000
      -1.0000000      -1.0000000      -1.0000000       96.626793       6.1758375
       80.165855
       1.0000000       79.000000       1.2484726      -1.0000000       1.0000000
       0.0000000       0.0000000      -1.0000000      -1.0000000      -1.0000000
      -1.0000000      -1.0000000      -1.0000000      -1.0000000      -1.0000000
      -1.0000000
       0.0000000       78.000000       1.3023784      -1.0000000       282753.00
      0.60324752      0.87086922      -1.0000000      -1.0000000      -1.0000000
      -1.0000000      -1.0000000      -1.0000000       88.188202       5.2249336
       92.214920
       1.0000000       78.000000       1.3023784      -1.0000000       3.0000000
     0.031542641      0.19213747      -1.0000000      -1.0000000      -1.0000000
      -1.0000000      -1.0000000      -1.0000000      -1.0000000      -1.0000000
      -1.0000000
       0.0000000       77.000000       1.3575766      -1.0000000       273948.00
      0.57687032      0.81557310      -1.0000000      -1.0000000      -1.0000000
      -1.0000000      -1.0000000      -1.0000000       84.645630       4.9121571
       99.414284
       0.0000000       76.000000       1.4140983      -1.0000000       268620.00
      0.54908615      0.81272101      -1.0000000      -1.0000000      -1.0000000
      -1.0000000      -1.0000000      -1.0000000       87.048561       4.5533161
       91.521721
       1.0000000       76.000000       1.4140983      -1.0000000       1.0000000
    0.0041625011     0.017151419      -1.0000000      -1.0000000      -1.0000000
      -1.0000000      -1.0000000      -1.0000000      -1.0000000      -1.0000000
      -1.0000000
       0.0000000       75.000000       1.4719748      -1.0000000       263103.00
      0.53343403      0.78298676      -1.0000000      -1.0000000      -1.0000000
      -1.0000000      -1.0000000      -1.0000000       92.962364       4.9719238
       80.692268
       1.0000000       75.000000       1.4719748      -1.0000000       1.0000000
       0.0000000       0.0000000      -1.0000000      -1.0000000      -1.0000000
      -1.0000000      -1.0000000      -1.0000000      -1.0000000      -1.0000000
      -1.0000000
       0.0000000       74.000000       1.5312390      -1.0000000       270227.00
      0.51104337      0.79223961      -1.0000000      -1.0000000      -1.0000000
      -1.0000000      -1.0000000      -1.0000000       102.09499       5.3094554
       66.746254
       0.0000000       73.000000       1.6042346      -1.0000000       260759.00
      0.47943258       1.0285066      -1.0000000      -1.0000000      -1.0000000
      -1.0000000      -1.0000000      -1.0000000       100.09350       4.9717388
       67.439407
       0.0000000       72.000000       1.6666696      -1.0000000       251746.00
      0.43121937      0.82471496      -1.0000000      -1.0000000      -1.0000000
      -1.0000000      -1.0000000      -1.0000000       93.002541       4.2825694
       74.771423
       0.0000000       71.000000       1.7435706      -1.0000000       244378.00
      0.40153766      0.87172920      -1.0000000      -1.0000000      -1.0000000
      -1.0000000      -1.0000000      -1.0000000       87.768356       4.2698088
       68.681091
       0.0000000       70.000000       1.8226893      -1.0000000       238987.00
      0.34703043      0.92208326      -1.0000000      -1.0000000      -1.0000000
      -1.0000000      -1.0000000      -1.0000000       88.580688       4.3846226
       64.950691
       0.0000000       69.000000       1.9040896      -1.0000000       230612.00
      0.30632815      0.77845883      -1.0000000      -1.0000000      -1.0000000
      -1.0000000      -1.0000000      -1.0000000       86.028374       3.9910851
       64.358498
       0.0000000       68.000000       2.0020282      -1.0000000       238282.00
      0.27337766      0.80252260      -1.0000000      -1.0000000      -1.0000000
      -1.0000000      -1.0000000      -1.0000000       87.516098       4.3566899
       63.728500
       0.0000000       67.000000       2.1032696      -1.0000000       238463.00
      0.22867806      0.93169630      -1.0000000      -1.0000000      -1.0000000
      -1.0000000      -1.0000000      -1.0000000       84.586746       4.0635204
       68.763931
       0.0000000       66.000000       2.2079256      -1.0000000       221841.00
      0.19843417      0.60641450      -1.0000000      -1.0000000      -1.0000000
      -1.0000000      -1.0000000      -1.0000000       82.476067       3.3046656
       79.292473
       0.0000000       65.000000       2.3161108      -1.0000000       205468.00
      0.17406185      0.44805276      -1.0000000      -1.0000000      -1.0000000
      -1.0000000      -1.0000000      -1.0000000       84.095787       2.9728324
       86.171951
       1.0000000       65.000000       2.3161108      -1.0000000       1.0000000
       0.0000000       0.0000000      -1.0000000      -1.0000000      -1.0000000
      -1.0000000      -1.0000000      -1.0000000      -1.0000000      -1.0000000
      -1.0000000
       0.0000000       64.000000       2.4442258      -1.0000000       190742.00
      0.15349315      0.57787275      -1.0000000      -1.0000000      -1.0000000
      -1.0000000      -1.0000000      -1.0000000       90.649841       2.7726572
       79.676933
       1.0000000       64.000000       2.4442258      -1.0000000       1.0000000
       0.0000000       0.0000000      -1.0000000      -1.0000000      -1.0000000
      -1.0000000      -1.0000000      -1.0000000      -1.0000000      -1.0000000
      -1.0000000
       0.0000000       63.000000       2.5772903      -1.0000000       178905.00
      0.14899045      0.98969591      -1.0000000      -1.0000000      -1.0000000
      -1.0000000      -1.0000000      -1.0000000       107.18784       5.4362884
       60.973900
       1.0000000       63.000000       2.5772903      -1.0000000       3.0000000
    0.0052472847     0.024242086      -1.0000000      -1.0000000      -1.0000000
      -1.0000000      -1.0000000      -1.0000000      -1.0000000      -1.0000000
      -1.0000000
       0.0000000       62.000000       2.7331426      -1.0000000       166274.00
     0.041580476      0.24497092      -1.0000000      -1.0000000      -1.0000000
      -1.0000000      -1.0000000      -1.0000000       62.683487       1.2317113
       15.808578
       1.0000000       62.000000       2.7331426      -1.0000000       3.0000000
    0.0010145115     0.010022289      -1.0000000      -1.0000000      -1.0000000
      -1.0000000      -1.0000000      -1.0000000      -1.0000000      -1.0000000
      -1.0000000
       0.0000000       61.000000       2.8957851      -1.0000000       155082.00
     0.033822302      0.15368918      -1.0000000      -1.0000000      -1.0000000
      -1.0000000      -1.0000000      -1.0000000       57.635815       1.1063679
       20.572580
