       0.0000000       135.00000       0.0000000       468.00000       343397.00
       2.4433045      0.49742311      0.45426676      0.34482753      0.35450307
       9.6483326       63.008175       36.897957       96.482857       8.4311943
       23.261190
       0.0000000       134.00000    0.0095216669       462.00000       340180.00
       2.4576101      0.49693981      0.45570198      0.29032254      0.34514108
       11.993957       62.687729       37.845119       95.579361       8.3873959
       25.810684
       0.0000000       133.00000     0.023974428       462.00000       336934.00
       2.4582858      0.45156848      0.45431238      0.34375006      0.34878898
       16.800608       62.417660       37.401520       94.028999       8.5788002
       31.940168
       0.0000000       132.00000     0.033724371       464.00000       335954.00
       2.4562593      0.45827022      0.45806849      0.30000001      0.34929749
       20.853773       63.043648       36.359051       93.925186       8.4444380
       32.787697
       0.0000000       131.00000     0.048523631       459.00000       330883.00
       2.4489141      0.49322662      0.45289245      0.34375006      0.35038638
       22.580828       64.747375       34.356434       93.828476       8.5177441
       34.314926
       0.0000000       130.00000     0.058507323       449.00000       327237.00
       2.4618590      0.47058290      0.45100784      0.32258064      0.34508064
       23.245682       65.589775       32.879440       94.969421       8.6902819
       32.637413
       0.0000000       129.00000     0.073661387       455.00000       325476.00
       2.4577990      0.45446092      0.45207334      0.32258064      0.33949441
       24.383934       66.468987       31.258875       94.165276       8.6306276
       34.586754
       0.0000000       128.00000     0.083884433       445.00000       322082.00
       2.4553423      0.43607935      0.45894268      0.37500006      0.33596668
       25.016743       67.076263       30.681780       93.834557       8.5659447
       35.763027
       0.0000000       127.00000     0.099401802       451.00000       319999.00
       2.4555049      0.47162575      0.45244262      0.32258064      0.34550050
       24.940418       69.259796       28.402117       93.032021       8.6711388
       36.920704
       0.0000000       126.00000      0.10986994       450.00000       317612.00
       2.4371612      0.47174233      0.45274377      0.32258064      0.34520409
       23.271467       70.682068       26.411736       93.021553       8.4994564
       36.608891
       0.0000000       125.00000      0.12575933       447.00000       315224.00
       2.4294877      0.44751370      0.45076257      0.35483867      0.34018734
       20.301674       73.271339       24.436556       93.324783       8.4706545
       35.684933
       0.0000000       124.00000      0.14187621       444.00000       311225.00
       2.4675963      0.47459596      0.45415244      0.39393944      0.34372297
       16.516438       76.339912       23.609179       93.259781       8.6742210
       36.295765
       0.0000000       123.00000      0.15274876       450.00000       310334.00
       2.4206035      0.48388609      0.45201474      0.32258064      0.35659540
       14.714795       76.632065       23.531017       94.186371       8.5168953
       35.590767
       0.0000000       122.00000      0.16925204       453.00000       307732.00
       2.4329007      0.42736530      0.45278737      0.32258064      0.33185273
       13.456539       78.507263       23.780163       95.101013       8.5190115
       35.234108
       0.0000000       121.00000      0.18038526       459.00000       305196.00
       2.4399440      0.44027010      0.45696217      0.39393944      0.33301273
       12.491149       79.562202       22.925001       95.761543       8.5489759
       36.269222
       0.0000000       120.00000      0.19728418       460.00000       302100.00
       2.4418232      0.43078515      0.45197669      0.39393944      0.35887250
       13.443694       82.217300       20.372353       97.293800       8.6378098
       37.987766
       0.0000000       119.00000      0.21442504       466.00000       299879.00
       2.4320261      0.38027632      0.44744340      0.39393944      0.32531700
       12.828557       82.091248       17.009100       99.767174       8.5067329
       35.901039
       0.0000000       118.00000      0.22598839       462.00000       297218.00
       2.4596643      0.33551881      0.44653186      0.36363643      0.32429627
       12.762589       83.613983       15.649247       101.13825       8.6893930
       33.894047
       0.0000000       117.00000      0.24354018       462.00000       292881.00
       2.4615390      0.26551557      0.45081475      0.39393944      0.34883094
       14.819196       85.759384       15.490911       102.05399       8.5323334
       29.887371
       0.0000000       116.00000      0.26134327       437.00000       285650.00
       2.5050561      0.20591813      0.44767678      0.42424244      0.34057623
       19.681129       85.167961       14.639078       104.04261       8.9496346
       28.010540
       0.0000000       115.00000      0.27335334       431.00000       282420.00
       2.4635789       1.0896598      0.45457244      0.35483867      0.30669028
       25.558327       85.704567       14.647308       109.99412       9.2551804
       27.221594
       0.0000000       114.00000      0.29158324       437.00000       279799.00
       2.4082477       1.1656115      0.45150834      0.39999998      0.34688708
       18.525379       89.609894      -3.0609021       111.69847       9.3183308
       25.444229
       0.0000000       113.00000      0.31007412       450.00000       278526.00
       2.3933165       1.2868946      0.45231101      0.39999998      0.33531001
       4.5256429       88.201157      -14.026502       112.61405       9.5492821
       25.405972
       0.0000000       112.00000      0.32882974       452.00000       272902.00
       2.3593099       1.5499582      0.43686813      0.35714281      0.30448067
      -12.309883       82.233513      -6.4462886       113.51329       10.042603
       33.821369
       0.0000000       111.00000      0.34785384       453.00000       270065.00
       2.2990363       1.3722110      0.42274630      0.38709676      0.29145861
      -9.8056774       77.649696       10.151699       113.41660       9.9060268
       40.538742
       0.0000000       110.00000      0.36068764       455.00000       268467.00
       2.2690675       1.0852456      0.42228594      0.38709676      0.33999252
      -8.3773937       71.900764       12.777240       110.56315       9.5765619
       48.924088
       0.0000000       109.00000      0.38016787       454.00000       264299.00
       2.2352738       1.0412968      0.41624492      0.35483867      0.27125666
      -7.6952648       69.005539       8.4037991       109.05646       9.5288668
       52.492420
       0.0000000       108.00000      0.39992696       462.00000       263171.00
       2.2445886       1.2590084      0.41117385      0.35483867      0.29685569
      -13.893827       67.477646      -1.6903752       107.95765       9.9600372
       56.014580
       1.0000000       108.00000      0.39992696      -1.0000000       1.0000000
       0.0000000       0.0000000      -1.0000000      -1.0000000      -1.0000000
      -1.0000000      -1.0000000      -1.0000000      -1.0000000      -1.0000000
      -1.0000000
       0.0000000       107.00000      0.41996893       472.00000       260791.00
       2.2045670       1.3147949      0.40607822      0.38709676      0.30531776
      -26.506651       64.820122       1.5460300       106.93755       10.198740
       62.349277
       0.0000000       106.00000      0.44029784       492.00000       261247.00
       2.1595569       1.4618471      0.40089384      0.25000000      0.23325722
      -24.275597       50.506874       11.578062       104.71497       9.9206219
       63.627720
       0.0000000       105.00000      0.46091780       479.00000       254781.00
       2.0949891       1.2019114      0.39984584      0.36666667      0.21767060
      -16.780722       46.991695       25.605074       103.56489       9.4645920
       65.757591
       1.0000000       105.00000      0.46091780      -1.0000000       1.0000000
    0.0023203774     0.029553678      -1.0000000      -1.0000000      -1.0000000
      -1.0000000      -1.0000000      -1.0000000      -1.0000000      -1.0000000
      -1.0000000
       0.0000000       104.00000      0.48183295       477.00000       250848.00
       2.0576456       1.0477233      0.40783259      0.33333331      0.26511350
      -5.8274212       46.619377       29.991011       102.61218       9.2498789
       67.205086
       1.0000000       104.00000      0.48183295      -1.0000000       2.0000000
       0.0000000       0.0000000      -1.0000000      -1.0000000      -1.0000000
      -1.0000000      -1.0000000      -1.0000000      -1.0000000      -1.0000000
      -1.0000000
       0.0000000       103.00000      0.50304753       464.00000       244049.00
       2.0540535       1.1656026      0.40786430      0.31034482      0.22644122
       10.266287       46.877205       28.292387       100.62257       9.3829517
       77.446587
       0.0000000       102.00000      0.52456582       491.00000       245593.00
       2.0189879       1.4479469      0.40367946      0.28571427      0.18910588
       18.907578       47.389687       19.453581       100.43559       9.6308546
       79.700264
       0.0000000       101.00000      0.54639220       2365.0000       351483.00
       1.9406921       1.4986041      0.39800486      0.31034482      0.22007917
       16.504654       44.725174       6.6635652       97.908638       9.1685724
       88.010010
       1.0000000       101.00000      0.54639220      -1.0000000       1.0000000
   0.00023093332       0.0000000      -1.0000000      -1.0000000      -1.0000000
      -1.0000000      -1.0000000      -1.0000000      -1.0000000      -1.0000000
      -1.0000000
       0.0000000       100.00000      0.57598084       2344.0000       346710.00
       1.9026045      0.90032274      0.40081084      0.27586204      0.22571354
       18.217756       46.979904       1.0080168       97.018539       8.6468048
       89.470390
       0.0000000       99.000000      0.59854329       2358.0000       342757.00
       1.8744581      0.77617544      0.39347726      0.24137926      0.21738172
       17.947203       47.380558      0.25155684       97.231537       8.3711329
       91.652687
       1.0000000       99.000000      0.59854329      -1.0000000       1.0000000
   0.00063571677     0.021836704      -1.0000000      -1.0000000      -1.0000000
      -1.0000000      -1.0000000      -1.0000000      -1.0000000      -1.0000000
      -1.0000000
       0.0000000       98.000000      0.62142873       2363.0000       339512.00
       1.8600233       1.3018790      0.38740757      0.27586204      0.18458207
       19.123724       42.775990      -3.3362865       98.327415       8.7608995
       93.834694
       0.0000000       97.000000      0.64464182       2354.0000       336471.00
       1.7915633       1.1653838      0.39307690      0.29411763      0.21593899
       18.711111       36.390602      -16.807501       97.673203       8.2653389
       96.127823
       0.0000000       96.000000      0.67611039       2317.0000       331873.00
       1.7579774      0.89897108      0.37604862      0.27272731      0.17497522
       20.567476       26.778053      -23.262667       97.236298       7.8657465
       98.106941
       0.0000000       95.000000      0.70010638       2285.0000       327127.00
       1.7378398      0.91746610      0.36608630      0.22580642      0.15848176
       17.078501       22.900740      -20.960758       97.985245       7.9605436
       100.16277
       0.0000000       94.000000      0.73263615       2284.0000       323425.00
       1.6871400      0.97754610      0.36778486      0.16666669      0.16073234
       11.175026       23.086517      -16.891626       99.077927       7.7901516
       102.94313
       0.0000000       93.000000      0.75744140       2240.0000       317749.00
       1.6628187      0.92567867      0.35328799      0.16129035      0.15442714
       11.818446       15.598125      -9.7735872       99.829987       7.7715297
       106.57671
       1.0000000       93.000000      0.75744140      -1.0000000       1.0000000
       0.0000000       0.0000000      -1.0000000      -1.0000000      -1.0000000
      -1.0000000      -1.0000000      -1.0000000      -1.0000000      -1.0000000
      -1.0000000
       0.0000000       92.000000      0.79106826       2201.0000       310850.00
       1.6546870      0.72412741      0.33651718      0.19999999      0.13763809
       5.2167811       11.476662     -0.84864271       100.47337       7.8486390
       107.39658
       0.0000000       91.000000      0.81671000       2131.0000       305395.00
       1.6444257      0.70235461      0.32917675      0.19999999      0.14300899
       2.8580718       9.3205471       6.8707809       101.65762       7.8679461
       108.59395
       1.0000000       91.000000      0.81671000      -1.0000000       3.0000000
    0.0024912374     0.087006725      -1.0000000      -1.0000000      -1.0000000
      -1.0000000      -1.0000000      -1.0000000      -1.0000000      -1.0000000
      -1.0000000
       0.0000000       90.000000      0.85147089       2003.0000       296527.00
       1.6350186      0.48447469      0.33501148      0.19999999      0.14397424
       1.7392352       11.303115       7.1735482       104.03337       7.6055665
       108.00405
       1.0000000       90.000000      0.85147089      -1.0000000       1.0000000
    0.0012456187     0.043503363      -1.0000000      -1.0000000      -1.0000000
      -1.0000000      -1.0000000      -1.0000000      -1.0000000      -1.0000000
      -1.0000000
       0.0000000       89.000000      0.88689691       1954.0000       290744.00
       1.5976195       1.1476682      0.33204556      0.19999999      0.12896359
       11.595901       9.6477728       8.3263693       106.67054       8.1473856
       109.86166
       1.0000000       89.000000      0.88689691      -1.0000000       1.0000000
    0.0069745500     0.054151498      -1.0000000      -1.0000000      -1.0000000
      -1.0000000      -1.0000000      -1.0000000      -1.0000000      -1.0000000
      -1.0000000
       0.0000000       88.000000      0.92300081       1976.0000       286246.00
       1.5430478       1.3163900      0.35991460      0.16129035      0.14328060
       19.820589      -2.1465504       35.898403       108.22486       7.8668962
       113.68422
       1.0000000       88.000000      0.92300081      -1.0000000       1.0000000
   9.9355362e-05       0.0000000      -1.0000000      -1.0000000      -1.0000000
      -1.0000000      -1.0000000      -1.0000000      -1.0000000      -1.0000000
      -1.0000000
       0.0000000       87.000000      0.95053136       1962.0000       282088.00
       1.4690390      0.92549396      0.40330467      0.25000006      0.26116154
       17.202080      -15.272416       53.184650       108.44516       7.1626706
       114.09764
       1.0000000       87.000000      0.95053136      -1.0000000       1.0000000
    0.0044626701     0.037851539      -1.0000000      -1.0000000      -1.0000000
      -1.0000000      -1.0000000      -1.0000000      -1.0000000      -1.0000000
      -1.0000000
       0.0000000       86.000000      0.98785281       1998.0000       278396.00
       1.4050063       1.0269337      0.38461322      0.23333335      0.20731454
       14.713368      -15.284485       53.090725       110.85508       7.1303391
       110.20742
       1.0000000       86.000000      0.98785281      -1.0000000       1.0000000
    0.0033900731     0.069676109      -1.0000000      -1.0000000      -1.0000000
      -1.0000000      -1.0000000      -1.0000000      -1.0000000      -1.0000000
      -1.0000000
       0.0000000       85.000000      0.99729425       2016.0000       277625.00
       1.3754002      0.97194117      0.38025934      0.25806451      0.19107130
       13.849905      -11.540251       51.143566       111.94836       6.9442186
       109.16844
       0.0000000       84.000000       1.0355104       2042.0000       273892.00
       1.4156996       1.2625631      0.38377130      0.53658533      0.21894258
       2.7272127       21.590302       59.408264       116.14764       7.6200895
       104.23256
       0.0000000       83.000000       1.0744579      -1.0000000       266952.00
       1.2567521       1.2106363      -1.0000000      -1.0000000      -1.0000000
      -1.0000000      -1.0000000      -1.0000000       118.38290       7.2100129
       99.077530
       2.0000000       83.000000       1.0744579      0.29396152       78.000000
      0.29103395      0.85310197      -1.0000000      -1.0000000      -1.0000000
      -1.0000000      -1.0000000      -1.0000000      -1.0000000      -1.0000000
      -1.0000000
       0.0000000       82.000000       1.1141505      -1.0000000       258567.00
       1.1907479       1.2344606      -1.0000000      -1.0000000      -1.0000000
      -1.0000000      -1.0000000      -1.0000000       126.67355       8.0057449
       84.962273
       0.0000000       81.000000       1.1546028      -1.0000000       252478.00
       1.1204737       1.3128762      -1.0000000      -1.0000000      -1.0000000
      -1.0000000      -1.0000000      -1.0000000       127.17934       7.2160139
       88.912186
       1.0000000       81.000000       1.1546028      -1.0000000       1.0000000
   0.00065558270     0.018039603      -1.0000000      -1.0000000      -1.0000000
      -1.0000000      -1.0000000      -1.0000000      -1.0000000      -1.0000000
      -1.0000000
       0.0000000       80.000000       1.2062581      -1.0000000       245221.00
       1.0265936      0.76803803      -1.0000000      -1.0000000      -1.0000000
      -1.0000000      -1.0000000      -1.0000000       107.85197       5.3496170
       113.68855
       1.0000000       80.000000       1.2062581      -1.0000000       3.0000000
   0.00058856893       0.0000000      -1.0000000      -1.0000000      -1.0000000
      -1.0000000      -1.0000000      -1.0000000      -1.0000000      -1.0000000
      -1.0000000
       0.0000000       79.000000       1.2484726      -1.0000000       247060.00
      0.99004096      0.86333144      -1.0000000      -1.0000000      -1.0000000
      -1.0000000      -1.0000000      -1.0000000       103.72647       5.1960430
       106.93259
       1.0000000       79.000000       1.2484726      -1.0000000       3.0000000
    0.0033757612     0.026739491      -1.0000000      -1.0000000      -1.0000000
      -1.0000000      -1.0000000      -1.0000000      -1.0000000      -1.0000000
      -1.0000000
       0.0000000       78.000000       1.3023784      -1.0000000       240329.00
      0.93171799      0.74647468      -1.0000000      -1.0000000      -1.0000000
      -1.0000000      -1.0000000      -1.0000000       103.39554       4.6851497
       99.676620
       0.0000000       77.000000       1.3575766      -1.0000000       233803.00
      0.87820232      0.94932479      -1.0000000      -1.0000000      -1.0000000
      -1.0000000      -1.0000000      -1.0000000       102.15771       4.8951788
       102.99090
       1.0000000       77.000000       1.3575766      -1.0000000       1.0000000
    0.0014680077     0.067282148      -1.0000000      -1.0000000      -1.0000000
      -1.0000000      -1.0000000      -1.0000000      -1.0000000      -1.0000000
      -1.0000000
       0.0000000       76.000000       1.4140983      -1.0000000       227710.00
      0.82102376      0.76407635      -1.0000000      -1.0000000      -1.0000000
      -1.0000000      -1.0000000      -1.0000000       98.262741       4.6927991
       102.90321
       1.0000000       76.000000       1.4140983      -1.0000000       2.0000000
   0.00083768851    0.0046768985      -1.0000000      -1.0000000      -1.0000000
      -1.0000000      -1.0000000      -1.0000000      -1.0000000      -1.0000000
      -1.0000000
       0.0000000       75.000000       1.4719748      -1.0000000       221851.00
      0.80191177      0.66678113      -1.0000000      -1.0000000      -1.0000000
      -1.0000000      -1.0000000      -1.0000000       97.289886       4.4084983
       105.35126
       0.0000000       74.000000       1.5312390      -1.0000000       216130.00
      0.75825447      0.67380416      -1.0000000      -1.0000000      -1.0000000
      -1.0000000      -1.0000000      -1.0000000       99.389610       4.1600728
       101.94309
       1.0000000       74.000000       1.5312390      -1.0000000       3.0000000
   0.00035683156     0.015070312      -1.0000000      -1.0000000      -1.0000000
      -1.0000000      -1.0000000      -1.0000000      -1.0000000      -1.0000000
      -1.0000000
       0.0000000       73.000000       1.6042346      -1.0000000       213477.00
      0.70825493      0.45280719      -1.0000000      -1.0000000      -1.0000000
      -1.0000000      -1.0000000      -1.0000000       95.364525       3.9428287
       97.377602
       1.0000000       73.000000       1.6042346      -1.0000000       1.0000000
   0.00031578843       0.0000000      -1.0000000      -1.0000000      -1.0000000
      -1.0000000      -1.0000000      -1.0000000      -1.0000000      -1.0000000
      -1.0000000
       0.0000000       72.000000       1.6666696      -1.0000000       234790.00
      0.70081818      0.43712050      -1.0000000      -1.0000000      -1.0000000
      -1.0000000      -1.0000000      -1.0000000       96.530952       4.1050606
       89.493370
       0.0000000       71.000000       1.7435706      -1.0000000       220732.00
      0.68719679      0.68809831      -1.0000000      -1.0000000      -1.0000000
      -1.0000000      -1.0000000      -1.0000000       98.407707       4.1795659
       86.026672
       0.0000000       70.000000       1.8226893      -1.0000000       213397.00
      0.63990283      0.69815290      -1.0000000      -1.0000000      -1.0000000
      -1.0000000      -1.0000000      -1.0000000       95.760017       4.1159749
       88.405563
       0.0000000       69.000000       1.9040896      -1.0000000       213795.00
      0.58760720      0.71634030      -1.0000000      -1.0000000      -1.0000000
      -1.0000000      -1.0000000      -1.0000000       94.182526       4.0092101
       83.654541
       0.0000000       68.000000       2.0020282      -1.0000000       211544.00
      0.51547700      0.78166378      -1.0000000      -1.0000000      -1.0000000
      -1.0000000      -1.0000000      -1.0000000       96.000755       3.8051045
       77.557030
       0.0000000       67.000000       2.1032696      -1.0000000       202357.00
      0.46101472      0.75176340      -1.0000000      -1.0000000      -1.0000000
      -1.0000000      -1.0000000      -1.0000000       93.878029       4.0012035
       79.391403
       0.0000000       66.000000       2.2079256      -1.0000000       191341.00
      0.41337717      0.59207022      -1.0000000      -1.0000000      -1.0000000
      -1.0000000      -1.0000000      -1.0000000       91.931313       3.7199366
       85.633789
       1.0000000       66.000000       2.2079256      -1.0000000       1.0000000
       0.0000000       0.0000000      -1.0000000      -1.0000000      -1.0000000
      -1.0000000      -1.0000000      -1.0000000      -1.0000000      -1.0000000
      -1.0000000
       0.0000000       65.000000       2.3161108      -1.0000000       182025.00
      0.37991720      0.68282813      -1.0000000      -1.0000000      -1.0000000
      -1.0000000      -1.0000000      -1.0000000       90.407280       3.4408817
       83.975258
       1.0000000       65.000000       2.3161108      -1.0000000       1.0000000
   0.00029641698       0.0000000      -1.0000000      -1.0000000      -1.0000000
      -1.0000000      -1.0000000      -1.0000000      -1.0000000      -1.0000000
      -1.0000000
       0.0000000       64.000000       2.4442258      -1.0000000       175567.00
      0.34165317      0.51518816      -1.0000000      -1.0000000      -1.0000000
      -1.0000000      -1.0000000      -1.0000000       92.072456       3.2818935
       84.236420
       1.0000000       64.000000       2.4442258      -1.0000000       1.0000000
       0.0000000       0.0000000      -1.0000000      -1.0000000      -1.0000000
      -1.0000000      -1.0000000      -1.0000000      -1.0000000      -1.0000000
      -1.0000000
       0.0000000       63.000000       2.5772903      -1.0000000       158505.00
      0.29914746      0.49887064      -1.0000000      -1.0000000      -1.0000000
      -1.0000000      -1.0000000      -1.0000000       90.394119       2.6406159
       93.257507
       1.0000000       63.000000       2.5772903      -1.0000000       1.0000000
    0.0081036510     0.061796144      -1.0000000      -1.0000000      -1.0000000
      -1.0000000      -1.0000000      -1.0000000      -1.0000000      -1.0000000
      -1.0000000
       0.0000000       62.000000       2.7331426      -1.0000000       145797.00
      0.26468179      0.47443482      -1.0000000      -1.0000000      -1.0000000
      -1.0000000      -1.0000000      -1.0000000       91.789101       2.5890820
       94.195343
       1.0000000       62.000000       2.7331426      -1.0000000       1.0000000
   0.00029443254       0.0000000      -1.0000000      -1.0000000      -1.0000000
      -1.0000000      -1.0000000      -1.0000000      -1.0000000      -1.0000000
      -1.0000000
       0.0000000       61.000000       2.8957851      -1.0000000       132450.00
      0.22524838      0.64752924      -1.0000000      -1.0000000      -1.0000000
      -1.0000000      -1.0000000      -1.0000000       99.407402       2.7883663
       82.680580
       1.0000000       61.000000       2.8957851      -1.0000000       1.0000000
       0.0000000       0.0000000      -1.0000000      -1.0000000      -1.0000000
      -1.0000000      -1.0000000      -1.0000000      -1.0000000      -1.0000000
      -1.0000000
       0.0000000       60.000000       3.0081310      -1.0000000       125531.00
      0.19083871      0.59459525      -1.0000000      -1.0000000      -1.0000000
      -1.0000000      -1.0000000      -1.0000000       101.49682       2.6063557
       79.585030
       1.0000000       60.000000       3.0081310      -1.0000000       1.0000000
   0.00025228702       0.0000000      -1.0000000      -1.0000000      -1.0000000
      -1.0000000      -1.0000000      -1.0000000      -1.0000000      -1.0000000
      -1.0000000
       0.0000000       59.000000       3.0848227      -1.0000000       119669.00
      0.16979721      0.54845268      -1.0000000      -1.0000000      -1.0000000
      -1.0000000      -1.0000000      -1.0000000       97.158676       2.6048849
       85.022469
       1.0000000       59.000000       3.0848227      -1.0000000       1.0000000
   0.00022938964       0.0000000      -1.0000000      -1.0000000      -1.0000000
      -1.0000000      -1.0000000      -1.0000000      -1.0000000      -1.0000000
      -1.0000000
       0.0000000       58.000000       3.2830331      -1.0000000       107631.00
      0.14177261      0.57273656      -1.0000000      -1.0000000      -1.0000000
      -1.0000000      -1.0000000      -1.0000000       91.637779       2.4000559
       87.522087
       1.0000000       58.000000       3.2830331      -1.0000000       2.0000000
       0.0000000       0.0000000      -1.0000000      -1.0000000      -1.0000000
      -1.0000000      -1.0000000      -1.0000000      -1.0000000      -1.0000000
      -1.0000000
       0.0000000       57.000000       3.4908614      -1.0000000       98324.000
      0.11094367      0.45594096      -1.0000000      -1.0000000      -1.0000000
      -1.0000000      -1.0000000      -1.0000000       93.253334       2.7377293
       75.621262
       1.0000000       57.000000       3.4908614      -1.0000000       2.0000000
       0.0000000       0.0000000      -1.0000000      -1.0000000      -1.0000000
      -1.0000000      -1.0000000      -1.0000000      -1.0000000      -1.0000000
      -1.0000000
