       0.0000000       135.00000       0.0000000       484.00000       345614.00
       3.0161054      0.55164534      0.45749342      0.42857134      0.42926261
      -6.6465068      -100.59853      -12.419428       105.31645       12.137575
       37.784153
       0.0000000       134.00000    0.0095216669       485.00000       343414.00
       3.0115149      0.56621546      0.45565441      0.41935480      0.43316332
      -7.7492929      -100.75883      -13.139203       105.09795       12.089920
       39.740471
       0.0000000       133.00000     0.023974428       482.00000       339667.00
       2.9946525      0.55667031      0.45580462      0.44827580      0.43607643
      -7.0047374      -102.02255      -12.447118       105.11301       11.960793
       40.652279
       0.0000000       132.00000     0.033724371       482.00000       338536.00
       3.0055737      0.53715122      0.45671836      0.39999998      0.42797747
      -4.7439346      -103.72961      -11.432959       105.28662       12.135692
       41.686142
       0.0000000       131.00000     0.048523631       479.00000       333809.00
       3.0077372      0.56976706      0.45562777      0.43750000      0.42947578
     -0.56896514      -104.98725      -7.0763888       106.58684       12.293840
       41.579578
       0.0000000       130.00000     0.058507323       474.00000       330824.00
       3.0113468      0.56644887      0.45583907      0.39999998      0.41875806
     -0.43027216      -105.41538      -1.8489650       105.98490       12.126287
       43.969814
       0.0000000       129.00000     0.073661387       481.00000       329110.00
       2.9939036      0.52995908      0.45915076      0.39999998      0.42555788
      -3.1685596      -106.63933       1.5772718       105.94923       12.088001
       45.740490
       0.0000000       128.00000     0.083884433       480.00000       327351.00
       3.0039847      0.52034163      0.45303881      0.45161289      0.41742557
      -5.7744179      -106.75809      0.94715726       106.03909       12.050881
       46.297760
       0.0000000       127.00000     0.099401802       484.00000       324921.00
       3.0021722      0.53544396      0.45327196      0.41935480      0.43768302
      -9.4875755      -107.92376      -3.4699161       106.98912       12.071041
       44.773548
       0.0000000       126.00000      0.10986994       487.00000       323174.00
       2.9994538      0.56011647      0.45645329      0.41935480      0.43053085
      -7.1968327      -108.94765      -9.2169008       107.48056       12.112391
       45.220268
       0.0000000       125.00000      0.12575933       485.00000       320652.00
       3.0048516      0.56190926      0.45404583      0.48484850      0.44966024
     -0.19413398      -110.22012      -13.171180       107.35712       12.231050
       46.781067
       0.0000000       124.00000      0.14187621       474.00000       315531.00
       3.0039167      0.51953489      0.45425665      0.39999998      0.41608736
       3.9433520      -112.02602      -10.118375       106.26529       12.090032
       50.133553
       0.0000000       123.00000      0.15274876       477.00000       314260.00
       3.0011234      0.57015646      0.45387504      0.36666667      0.41070837
       4.3478975      -112.63579      -8.7883101       106.77265       12.068956
       48.515644
       0.0000000       122.00000      0.16925204       479.00000       311456.00
       3.0124419      0.49336332      0.45216173      0.43333334      0.42829859
     -0.13156445      -114.25497      -1.8991839       106.19425       12.059808
       52.341045
       0.0000000       121.00000      0.18038526       472.00000       307260.00
       3.0092835      0.52235276      0.45330763      0.39999998      0.43203524
      -4.8300433      -114.82036     -0.32338026       106.20670       12.079310
       53.481098
       0.0000000       120.00000      0.19728418       465.00000       302810.00
       3.0195198      0.47941959      0.45610309      0.39999998      0.39297223
      -13.759567      -115.60877      -2.6753006       107.17632       12.029658
       52.900276
       0.0000000       119.00000      0.21442504       458.00000       298847.00
       3.0022330      0.32880995      0.45953172      0.41935480      0.42830396
      -21.194368      -116.17316      -11.184359       108.62293       12.005160
       51.021149
       1.0000000       119.00000      0.21442504      -1.0000000       1.0000000
     0.025432864      0.32540080      -1.0000000      -1.0000000      -1.0000000
      -1.0000000      -1.0000000      -1.0000000      -1.0000000      -1.0000000
      -1.0000000
       0.0000000       118.00000      0.22598839       445.00000       294966.00
       3.0160170      0.42459249      0.45845628      0.43750000      0.44214317
      -20.142197      -117.29665      -22.118900       111.69591       12.096540
       46.216488
       0.0000000       117.00000      0.24354018       443.00000       290173.00
       3.0141201      0.82614452      0.45711386      0.41935480      0.42985114
      -11.188202      -118.81932      -32.393475       114.04653       12.454153
       44.443459
       0.0000000       116.00000      0.26134327       449.00000       287641.00
       2.9900517      0.88867772      0.45781556      0.48484850      0.42588463
      -2.6306872      -122.40174      -32.532055       115.40730       12.461821
       42.603397
       0.0000000       115.00000      0.27335334       444.00000       284537.00
       2.9919198      0.96721721      0.45851260      0.45161289      0.43647182
      -5.8420377      -123.54044      -33.270290       115.85764       12.748209
       42.258472
       0.0000000       114.00000      0.29158324       448.00000       281533.00
       2.9537051      0.98433459      0.46045420      0.43750000      0.44260094
      -12.074657      -124.56544      -44.086288       116.72179       12.538513
       40.753708
       0.0000000       113.00000      0.31007412       444.00000       277612.00
       2.9462271       1.0294681      0.46853548      0.43333334      0.43909830
      -11.194445      -126.71539      -50.551079       115.27358       12.674988
       44.247017
       0.0000000       112.00000      0.32882974       456.00000       273526.00
       2.9468584       1.1258321      0.46434161      0.44827580      0.44808662
      -2.1388576      -127.44286      -59.905724       113.94888       12.763133
       43.756165
       0.0000000       111.00000      0.34785384       454.00000       270222.00
       2.8979301       1.1569577      0.45963013      0.46875006      0.43302545
       16.254244      -122.67374      -70.110992       112.78316       12.698926
       46.874035
       0.0000000       110.00000      0.36068764       449.00000       267585.00
       2.8939288      0.99757588      0.45521152      0.46875006      0.41491678
       28.799145      -121.95542      -66.523331       112.67509       12.526731
       49.162697
       0.0000000       109.00000      0.38016787       444.00000       262839.00
       2.8780174       1.0793132      0.47401372      0.46875006      0.44246280
       49.190475      -124.25266      -56.372326       114.23509       12.774735
       53.653690
       1.0000000       109.00000      0.38016787      -1.0000000       1.0000000
    0.0013479709   0.00011345449      -1.0000000      -1.0000000      -1.0000000
      -1.0000000      -1.0000000      -1.0000000      -1.0000000      -1.0000000
      -1.0000000
       0.0000000       108.00000      0.39992696       448.00000       261136.00
       2.7994277       1.1784202      0.47475147      0.43333334      0.45571679
       59.861149      -129.85623      -54.459766       114.96906       12.881608
       58.162201
       1.0000000       108.00000      0.39992696      -1.0000000       1.0000000
      0.26166588      0.38370487      -1.0000000      -1.0000000      -1.0000000
      -1.0000000      -1.0000000      -1.0000000      -1.0000000      -1.0000000
      -1.0000000
       0.0000000       107.00000      0.41996893       442.00000       256129.00
       2.8061364       1.4776442      0.47845438      0.45454544      0.45528895
       64.000633      -136.23401      -56.180557       116.94368       13.401645
       62.958241
       0.0000000       106.00000      0.44029784       434.00000       252608.00
       2.7180810       1.5654355      0.47314879      0.39999998      0.41731951
       69.237732      -121.65082      -52.178261       114.37086       12.949194
       70.109032
       0.0000000       105.00000      0.46091780       437.00000       248524.00
       2.6485314       1.5979421      0.45406041      0.39999998      0.37705871
       71.193611      -112.47366      -39.455097       116.84048       12.850539
       65.417847
       0.0000000       104.00000      0.48183295       436.00000       244869.00
       2.5850215       1.5857362      0.44882619      0.39999998      0.37372437
       64.064697      -105.96848      -48.577156       116.97964       12.605661
       71.920807
       0.0000000       103.00000      0.50304753       444.00000       241150.00
       2.5351522       1.4299972      0.45439062      0.34482753      0.34274480
       64.290939      -100.59563      -50.472115       118.03340       12.622321
       70.140694
       0.0000000       102.00000      0.52456582       443.00000       238565.00
       2.5372930       1.6017468      0.43710303      0.39999998      0.32604223
       70.565102      -90.898422      -59.447308       118.41894       12.898239
       69.973366
       0.0000000       101.00000      0.54639220       440.00000       234661.00
       2.4460318       1.6658467      0.42890257      0.41935480      0.31172785
       72.634743      -85.591026      -55.805508       115.21709       12.487744
       71.555374
       0.0000000       100.00000      0.57598084       445.00000       230862.00
       2.4011028       1.3368173      0.45025665      0.41935480      0.36043346
       74.297234      -87.133774      -67.573303       110.35160       12.020384
       87.710747
       0.0000000       99.000000      0.59854329       452.00000       226828.00
       2.3553462       1.3530189      0.44588602      0.50000000      0.41026130
       72.980721      -77.309952      -81.659462       108.48596       11.825471
       100.53828
       1.0000000       99.000000      0.59854329      -1.0000000       1.0000000
   0.00077820220       0.0000000      -1.0000000      -1.0000000      -1.0000000
      -1.0000000      -1.0000000      -1.0000000      -1.0000000      -1.0000000
      -1.0000000
       0.0000000       98.000000      0.62142873       443.00000       221689.00
       2.3179655       1.1905682      0.43819037      0.35483867      0.31698847
       70.293678      -52.728100      -92.898163       108.16808       11.321246
       103.44238
       1.0000000       98.000000      0.62142873      -1.0000000       2.0000000
       0.0000000       0.0000000      -1.0000000      -1.0000000      -1.0000000
      -1.0000000      -1.0000000      -1.0000000      -1.0000000      -1.0000000
      -1.0000000
       0.0000000       97.000000      0.64464182       430.00000       217810.00
       2.3099146       1.1740535      0.42044353      0.43750000      0.32879406
       73.893097      -44.743076      -91.755280       107.07762       11.396228
       119.47318
       0.0000000       96.000000      0.67611039       1583.0000       304855.00
       2.2908874       1.1456674      0.46692091      0.50000000      0.40643543
       112.40114      -31.531439      -99.193558       109.13641       11.486579
       125.96124
       1.0000000       96.000000      0.67611039      -1.0000000       1.0000000
       0.0000000       0.0000000      -1.0000000      -1.0000000      -1.0000000
      -1.0000000      -1.0000000      -1.0000000      -1.0000000      -1.0000000
      -1.0000000
       0.0000000       95.000000      0.70010638       1603.0000       302161.00
       2.2567368       1.3954086      0.43829522      0.56756753      0.43047893
       107.15311      -33.436157      -94.828156       111.98267       11.529938
       123.84301
       0.0000000       94.000000      0.73263615       1598.0000       298072.00
       2.1633317       1.6892607      0.42142966      0.48484850      0.33609372
       95.609077      -16.475662      -88.619225       116.32236       11.495457
       119.08436
       0.0000000       93.000000      0.75744140       1589.0000       293259.00
       2.0992646       1.6677874      0.41281426      0.45454544      0.30042741
       96.362358       1.1376168      -71.868370       119.52711       11.414250
       111.01772
       0.0000000       92.000000      0.79106826       1556.0000       285813.00
       2.0142028       1.9672760      0.43521199      0.43750000      0.41021463
       119.51077      -15.929415      -32.212833       122.11539       12.247390
       105.31488
       1.0000000       92.000000      0.79106826      -1.0000000       3.0000000
    0.0026016070     0.056894336      -1.0000000      -1.0000000      -1.0000000
      -1.0000000      -1.0000000      -1.0000000      -1.0000000      -1.0000000
      -1.0000000
       0.0000000       91.000000      0.81671000       1591.0000       284157.00
       2.0143869       1.7226962      0.43868369      0.48484850      0.33154717
       101.97540      -53.757351      -1.6705248       124.58395       12.287941
       103.21501
       1.0000000       91.000000      0.81671000      -1.0000000       1.0000000
   0.00027591028     0.012071296      -1.0000000      -1.0000000      -1.0000000
      -1.0000000      -1.0000000      -1.0000000      -1.0000000      -1.0000000
      -1.0000000
       0.0000000       90.000000      0.85147089       1610.0000       280398.00
       1.8785522       1.8335650      0.43169114      0.51515150      0.32738870
       70.179825      -73.250664      -32.172058       118.45148       11.303486
       105.69805
       0.0000000       89.000000      0.88689691       1619.0000       276945.00
       1.8149627       1.8759575      0.41390145      0.39999998      0.23865734
       54.930958      -69.652718      -41.403336       114.98061       11.119423
       107.31565
       1.0000000       89.000000      0.88689691      -1.0000000       2.0000000
   5.9051999e-05       0.0000000      -1.0000000      -1.0000000      -1.0000000
      -1.0000000      -1.0000000      -1.0000000      -1.0000000      -1.0000000
      -1.0000000
       0.0000000       88.000000      0.92300081       1667.0000       273900.00
       1.7381322       1.6118728      0.43443307      0.50000000      0.26408488
       70.852036      -42.285255      -63.011520       113.30937       10.592475
       108.13811
       1.0000000       88.000000      0.92300081      -1.0000000       1.0000000
       0.0000000       0.0000000      -1.0000000      -1.0000000      -1.0000000
      -1.0000000      -1.0000000      -1.0000000      -1.0000000      -1.0000000
      -1.0000000
       0.0000000       87.000000      0.95053136       1716.0000       272586.00
       1.6965629       1.4326689      0.41738346      0.52941173      0.31480771
       91.385704      -23.992620      -59.813244       112.97217       10.037261
       103.96362
       1.0000000       87.000000      0.95053136      -1.0000000       2.0000000
     0.047063354      0.17426416      -1.0000000      -1.0000000      -1.0000000
      -1.0000000      -1.0000000      -1.0000000      -1.0000000      -1.0000000
      -1.0000000
       0.0000000       86.000000      0.98785281       1825.0000       272005.00
       1.5907214       1.4213197      0.39714420      0.50000000      0.26483527
       88.347359      -28.112761      -30.727247       113.55198       9.7133570
       97.677025
       0.0000000       85.000000      0.99729425       1839.0000       271149.00
       1.5697087       1.3100277      0.39050311      0.56756753      0.28288215
       78.670113      -27.255371      -28.249010       113.79140       9.5372047
       96.179131
       0.0000000       84.000000       1.0355104       1866.0000       267413.00
       1.4864821       1.4851218      0.39255190      0.54285711      0.30644503
       66.106430      -48.863205      -35.427162       116.93156       9.2576923
       90.360390
       1.0000000       84.000000       1.0355104      -1.0000000       1.0000000
   0.00075190898       0.0000000      -1.0000000      -1.0000000      -1.0000000
      -1.0000000      -1.0000000      -1.0000000      -1.0000000      -1.0000000
      -1.0000000
       0.0000000       83.000000       1.0744579       1897.0000       262700.00
       1.4128380       1.5259174      0.46228093      0.50000000      0.37147969
       49.158379      -71.649094      -74.941277       122.94253       9.4891310
       82.297745
       1.0000000       83.000000       1.0744579      -1.0000000       2.0000000
     0.027482052      0.38785219      -1.0000000      -1.0000000      -1.0000000
      -1.0000000      -1.0000000      -1.0000000      -1.0000000      -1.0000000
      -1.0000000
       0.0000000       82.000000       1.1141505      -1.0000000       258225.00
       1.3228692       1.1168723      -1.0000000      -1.0000000      -1.0000000
      -1.0000000      -1.0000000      -1.0000000       116.76677       8.5066347
       86.691704
       1.0000000       82.000000       1.1141505      -1.0000000       1.0000000
    0.0012081449     0.047632918      -1.0000000      -1.0000000      -1.0000000
      -1.0000000      -1.0000000      -1.0000000      -1.0000000      -1.0000000
      -1.0000000
       0.0000000       81.000000       1.1546028      -1.0000000       255283.00
       1.2629279      0.79908538      -1.0000000      -1.0000000      -1.0000000
      -1.0000000      -1.0000000      -1.0000000       110.90618       7.7486300
       90.789345
       0.0000000       80.000000       1.2062581      -1.0000000       248579.00
       1.2613543      0.94155771      -1.0000000      -1.0000000      -1.0000000
      -1.0000000      -1.0000000      -1.0000000       109.51599       7.9302011
       90.493271
       1.0000000       80.000000       1.2062581      -1.0000000       1.0000000
       0.0000000       0.0000000      -1.0000000      -1.0000000      -1.0000000
      -1.0000000      -1.0000000      -1.0000000      -1.0000000      -1.0000000
      -1.0000000
       0.0000000       79.000000       1.2484726      -1.0000000       243907.00
       1.2178222      0.65551996      -1.0000000      -1.0000000      -1.0000000
      -1.0000000      -1.0000000      -1.0000000       104.06443       7.0795598
       96.947441
       1.0000000       79.000000       1.2484726      -1.0000000       1.0000000
       0.0000000       0.0000000      -1.0000000      -1.0000000      -1.0000000
      -1.0000000      -1.0000000      -1.0000000      -1.0000000      -1.0000000
      -1.0000000
       0.0000000       78.000000       1.3023784      -1.0000000       238173.00
       1.2102594      0.75784773      -1.0000000      -1.0000000      -1.0000000
      -1.0000000      -1.0000000      -1.0000000       102.47028       6.9125385
       96.577805
       1.0000000       78.000000       1.3023784      -1.0000000       1.0000000
   0.00011740452    0.0045512756      -1.0000000      -1.0000000      -1.0000000
      -1.0000000      -1.0000000      -1.0000000      -1.0000000      -1.0000000
      -1.0000000
       0.0000000       77.000000       1.3575766      -1.0000000       231719.00
       1.1695557      0.63679564      -1.0000000      -1.0000000      -1.0000000
      -1.0000000      -1.0000000      -1.0000000       103.07213       6.3011088
       94.799271
       0.0000000       76.000000       1.4140983      -1.0000000       242472.00
       1.1649686      0.72822523      -1.0000000      -1.0000000      -1.0000000
      -1.0000000      -1.0000000      -1.0000000       104.79026       6.5645504
       89.990593
       1.0000000       76.000000       1.4140983      -1.0000000       1.0000000
       0.0000000       0.0000000      -1.0000000      -1.0000000      -1.0000000
      -1.0000000      -1.0000000      -1.0000000      -1.0000000      -1.0000000
      -1.0000000
       0.0000000       75.000000       1.4719748      -1.0000000       246660.00
       1.1354769      0.72835612      -1.0000000      -1.0000000      -1.0000000
      -1.0000000      -1.0000000      -1.0000000       107.33678       6.3478847
       86.604416
       1.0000000       75.000000       1.4719748      -1.0000000       1.0000000
   0.00015002344    0.0038743687      -1.0000000      -1.0000000      -1.0000000
      -1.0000000      -1.0000000      -1.0000000      -1.0000000      -1.0000000
      -1.0000000
       0.0000000       74.000000       1.5312390      -1.0000000       240027.00
       1.1125058      0.99515975      -1.0000000      -1.0000000      -1.0000000
      -1.0000000      -1.0000000      -1.0000000       109.35925       6.6655679
       84.028343
       1.0000000       74.000000       1.5312390      -1.0000000       1.0000000
       0.0000000       0.0000000      -1.0000000      -1.0000000      -1.0000000
      -1.0000000      -1.0000000      -1.0000000      -1.0000000      -1.0000000
      -1.0000000
       0.0000000       73.000000       1.6042346      -1.0000000       226307.00
       1.0371205      0.97123849      -1.0000000      -1.0000000      -1.0000000
      -1.0000000      -1.0000000      -1.0000000       109.59634       6.1609812
       84.230431
       0.0000000       72.000000       1.6666696      -1.0000000       220411.00
       1.0056504       1.1104666      -1.0000000      -1.0000000      -1.0000000
      -1.0000000      -1.0000000      -1.0000000       108.19664       6.2768207
       87.980675
       1.0000000       72.000000       1.6666696      -1.0000000       1.0000000
   0.00044880848       0.0000000      -1.0000000      -1.0000000      -1.0000000
      -1.0000000      -1.0000000      -1.0000000      -1.0000000      -1.0000000
      -1.0000000
       0.0000000       71.000000       1.7435706      -1.0000000       209689.00
      0.91816390       1.0630835      -1.0000000      -1.0000000      -1.0000000
      -1.0000000      -1.0000000      -1.0000000       106.37766       5.5719609
       93.044693
       0.0000000       70.000000       1.8226893      -1.0000000       198730.00
      0.83511585       1.1822523      -1.0000000      -1.0000000      -1.0000000
      -1.0000000      -1.0000000      -1.0000000       107.19540       5.7821145
       94.320122
       1.0000000       70.000000       1.8226893      -1.0000000       2.0000000
       0.0000000       0.0000000      -1.0000000      -1.0000000      -1.0000000
      -1.0000000      -1.0000000      -1.0000000      -1.0000000      -1.0000000
      -1.0000000
       0.0000000       69.000000       1.9040896      -1.0000000       187664.00
      0.75679052       1.0588305      -1.0000000      -1.0000000      -1.0000000
      -1.0000000      -1.0000000      -1.0000000       109.42607       5.7105207
       97.880753
       1.0000000       69.000000       1.9040896      -1.0000000       2.0000000
    0.0012440776       0.0000000      -1.0000000      -1.0000000      -1.0000000
      -1.0000000      -1.0000000      -1.0000000      -1.0000000      -1.0000000
      -1.0000000
       0.0000000       68.000000       2.0020282      -1.0000000       178364.00
      0.66787052       1.0577052      -1.0000000      -1.0000000      -1.0000000
      -1.0000000      -1.0000000      -1.0000000       109.35631       5.1381164
       105.36420
       1.0000000       68.000000       2.0020282      -1.0000000       1.0000000
     0.010697480      0.12203791      -1.0000000      -1.0000000      -1.0000000
      -1.0000000      -1.0000000      -1.0000000      -1.0000000      -1.0000000
      -1.0000000
       0.0000000       67.000000       2.1032696      -1.0000000       168277.00
      0.58881408       1.0031306      -1.0000000      -1.0000000      -1.0000000
      -1.0000000      -1.0000000      -1.0000000       112.48719       4.3554482
       100.86317
       1.0000000       67.000000       2.1032696      -1.0000000       2.0000000
    0.0053541882     0.038083646      -1.0000000      -1.0000000      -1.0000000
      -1.0000000      -1.0000000      -1.0000000      -1.0000000      -1.0000000
      -1.0000000
       0.0000000       66.000000       2.2079256      -1.0000000       153843.00
      0.51224196      0.97136641      -1.0000000      -1.0000000      -1.0000000
      -1.0000000      -1.0000000      -1.0000000       127.76094       4.8831558
       86.538460
       1.0000000       66.000000       2.2079256      -1.0000000       1.0000000
   0.00090293866     0.031478416      -1.0000000      -1.0000000      -1.0000000
      -1.0000000      -1.0000000      -1.0000000      -1.0000000      -1.0000000
      -1.0000000
       0.0000000       65.000000       2.3161108      -1.0000000       144509.00
      0.41874376      0.63988084      -1.0000000      -1.0000000      -1.0000000
      -1.0000000      -1.0000000      -1.0000000       115.15953       3.3831995
       103.34986
       1.0000000       65.000000       2.3161108      -1.0000000       2.0000000
     0.048309170      0.19561373      -1.0000000      -1.0000000      -1.0000000
      -1.0000000      -1.0000000      -1.0000000      -1.0000000      -1.0000000
      -1.0000000
       0.0000000       64.000000       2.4442258      -1.0000000       131827.00
      0.37591162      0.51819217      -1.0000000      -1.0000000      -1.0000000
      -1.0000000      -1.0000000      -1.0000000       103.68781       2.8872256
       110.64985
       1.0000000       64.000000       2.4442258      -1.0000000       4.0000000
   0.00097371405    0.0060044895      -1.0000000      -1.0000000      -1.0000000
      -1.0000000      -1.0000000      -1.0000000      -1.0000000      -1.0000000
      -1.0000000
       0.0000000       63.000000       2.5772903      -1.0000000       117651.00
      0.34049150      0.51203728      -1.0000000      -1.0000000      -1.0000000
      -1.0000000      -1.0000000      -1.0000000       103.35733       2.6738744
       95.730957
       1.0000000       63.000000       2.5772903      -1.0000000       3.0000000
     0.010964917      0.11398528      -1.0000000      -1.0000000      -1.0000000
      -1.0000000      -1.0000000      -1.0000000      -1.0000000      -1.0000000
      -1.0000000
       0.0000000       62.000000       2.7331426      -1.0000000       107861.00
      0.25950092      0.49435043      -1.0000000      -1.0000000      -1.0000000
      -1.0000000      -1.0000000      -1.0000000       102.86678       2.2715390
       91.090508
       1.0000000       62.000000       2.7331426      -1.0000000       2.0000000
    0.0037063351      0.11831331      -1.0000000      -1.0000000      -1.0000000
      -1.0000000      -1.0000000      -1.0000000      -1.0000000      -1.0000000
      -1.0000000
       0.0000000       61.000000       2.8957851      -1.0000000       103385.00
      0.22342479      0.37437966      -1.0000000      -1.0000000      -1.0000000
      -1.0000000      -1.0000000      -1.0000000       90.888885       2.1554399
       105.13937
       1.0000000       61.000000       2.8957851      -1.0000000       2.0000000
    0.0010151677     0.021558186      -1.0000000      -1.0000000      -1.0000000
      -1.0000000      -1.0000000      -1.0000000      -1.0000000      -1.0000000
      -1.0000000
       0.0000000       60.000000       3.0081310      -1.0000000       95866.000
      0.21195954      0.32312626      -1.0000000      -1.0000000      -1.0000000
      -1.0000000      -1.0000000      -1.0000000       84.216667       2.0300665
       118.73563
       1.0000000       60.000000       3.0081310      -1.0000000       2.0000000
   0.00038654587       0.0000000      -1.0000000      -1.0000000      -1.0000000
      -1.0000000      -1.0000000      -1.0000000      -1.0000000      -1.0000000
      -1.0000000
       0.0000000       59.000000       3.0848227      -1.0000000       90942.000
      0.19892928      0.30436888      -1.0000000      -1.0000000      -1.0000000
      -1.0000000      -1.0000000      -1.0000000       81.027138       1.8222731
       119.86367
       0.0000000       58.000000       3.2830331      -1.0000000       84042.000
      0.17440587      0.38196036      -1.0000000      -1.0000000      -1.0000000
      -1.0000000      -1.0000000      -1.0000000       80.455635       1.8395201
       104.24822
       1.0000000       58.000000       3.2830331      -1.0000000       2.0000000
    0.0010264058       0.0000000      -1.0000000      -1.0000000      -1.0000000
      -1.0000000      -1.0000000      -1.0000000      -1.0000000      -1.0000000
      -1.0000000
       0.0000000       57.000000       3.4908614      -1.0000000       103304.00
      0.15063220      0.39837229      -1.0000000      -1.0000000      -1.0000000
      -1.0000000      -1.0000000      -1.0000000       89.834618       2.2071953
       66.893120
