       0.0000000       135.00000       0.0000000       2308.0000       449513.00
       2.1003201       2.4357412      0.43002599      0.64516127      0.54028589
      -31.193851       43.266354      -148.07111       87.064621       15.108222
       65.614372
       0.0000000       134.00000    0.0095216669       2212.0000       444489.00
       2.0646179       2.7269595      0.53753972      0.51612902      0.50973266
       65.258728      -124.50667       13.312940       87.938202       15.099451
       65.943077
       0.0000000       132.00000     0.033724371       2314.0000       442779.00
       2.0434742       2.7420321      0.43354884      0.70588237      0.55079496
      -1.7933215       40.753685      -159.16049       87.055893       15.340757
       66.715530
       1.0000000       132.00000     0.033724371      -1.0000000       1.0000000
       0.0000000       0.0000000      -1.0000000      -1.0000000      -1.0000000
      -1.0000000      -1.0000000      -1.0000000      -1.0000000      -1.0000000
      -1.0000000
       0.0000000       131.00000     0.048523631       2352.0000       440156.00
       2.0105774       2.5056627      0.43868497      0.76315790      0.59379333
      -20.241766       30.893272      -160.64052       87.013855       14.951874
       67.528084
       1.0000000       131.00000     0.048523631      -1.0000000       1.0000000
       0.0000000       0.0000000      -1.0000000      -1.0000000      -1.0000000
      -1.0000000      -1.0000000      -1.0000000      -1.0000000      -1.0000000
      -1.0000000
       0.0000000       130.00000     0.058507323       2343.0000       437067.00
       1.9928632       2.4755812      0.43809277      0.68571424      0.55047023
      -23.746305       35.080593      -156.12503       86.858894       14.773187
       67.704826
       1.0000000       130.00000     0.058507323      -1.0000000       1.0000000
       0.0000000       0.0000000      -1.0000000      -1.0000000      -1.0000000
      -1.0000000      -1.0000000      -1.0000000      -1.0000000      -1.0000000
      -1.0000000
       0.0000000       129.00000     0.073661387       2357.0000       434651.00
       1.9434587       2.1982450      0.42739341      0.66666669      0.54678333
      -19.190830       42.894508      -146.90019       86.920746       14.153350
       68.687927
       1.0000000       129.00000     0.073661387      -1.0000000       3.0000000
     0.017338366      0.19920254      -1.0000000      -1.0000000      -1.0000000
      -1.0000000      -1.0000000      -1.0000000      -1.0000000      -1.0000000
      -1.0000000
       0.0000000       128.00000     0.083884433       2359.0000       432268.00
       1.9244440       2.4312251      0.42482379      0.65625000      0.50096375
      -14.167950       38.667793      -145.56493       86.632408       14.388608
       68.923149
       1.0000000       128.00000     0.083884433      -1.0000000       2.0000000
     0.018673602      0.16338189      -1.0000000      -1.0000000      -1.0000000
      -1.0000000      -1.0000000      -1.0000000      -1.0000000      -1.0000000
      -1.0000000
       0.0000000       127.00000     0.099401802       2369.0000       430471.00
       1.8965815       2.4468961      0.42915851      0.64705884      0.50977075
      -10.544135       28.687279      -147.78676       86.487022       14.281850
       69.774857
       1.0000000       127.00000     0.099401802      -1.0000000       1.0000000
    0.0093368012     0.081690945      -1.0000000      -1.0000000      -1.0000000
      -1.0000000      -1.0000000      -1.0000000      -1.0000000      -1.0000000
      -1.0000000
       0.0000000       126.00000      0.10986994       2372.0000       428595.00
       1.8701774       2.4855368      0.42558137      0.63636363      0.46701571
      -17.907314       23.423412      -143.11122       86.364021       14.354835
       70.816193
       1.0000000       126.00000      0.10986994      -1.0000000       2.0000000
    0.0055086971     0.091973186      -1.0000000      -1.0000000      -1.0000000
      -1.0000000      -1.0000000      -1.0000000      -1.0000000      -1.0000000
      -1.0000000
       0.0000000       125.00000      0.12575933       2357.0000       425854.00
       1.8260621       2.6663172      0.41560683      0.60606062      0.49922431
      -21.497965       26.934486      -135.97565       86.646812       14.205292
       72.273254
       1.0000000       125.00000      0.12575933      -1.0000000       2.0000000
    0.0066987128      0.12690736      -1.0000000      -1.0000000      -1.0000000
      -1.0000000      -1.0000000      -1.0000000      -1.0000000      -1.0000000
      -1.0000000
       0.0000000       124.00000      0.14187621       2347.0000       422392.00
       1.7848330       2.5591257      0.41501820      0.59375006      0.45282766
      -23.184645       29.077375      -126.48615       85.818100       13.743734
       74.799065
       1.0000000       124.00000      0.14187621      -1.0000000       2.0000000
    0.0014572078     0.062278453      -1.0000000      -1.0000000      -1.0000000
      -1.0000000      -1.0000000      -1.0000000      -1.0000000      -1.0000000
      -1.0000000
       0.0000000       123.00000      0.15274876       2327.0000       420070.00
       1.7419792       2.3245749      0.39547068      0.59375006      0.47151557
      -21.070337       34.097439      -117.97531       85.279686       13.478230
       76.502975
       0.0000000       122.00000      0.16925204       2328.0000       417237.00
       1.7099715       2.3567061      0.39768738      0.59375006      0.45665392
      -12.734120       35.906288      -114.08240       84.711945       13.335563
       77.721214
       1.0000000       122.00000      0.16925204      -1.0000000       1.0000000
    0.0011520648     0.046358999      -1.0000000      -1.0000000      -1.0000000
      -1.0000000      -1.0000000      -1.0000000      -1.0000000      -1.0000000
      -1.0000000
       0.0000000       121.00000      0.18038526       2343.0000       414875.00
       1.6977332       2.4053702      0.39952239      0.53333330      0.40450117
      -8.8463354       35.779469      -112.59995       85.097183       13.336916
       78.120903
       1.0000000       121.00000      0.18038526      -1.0000000       1.0000000
       0.0000000       0.0000000      -1.0000000      -1.0000000      -1.0000000
      -1.0000000      -1.0000000      -1.0000000      -1.0000000      -1.0000000
      -1.0000000
       0.0000000       120.00000      0.19728418       2362.0000       412194.00
       1.6581360       2.6248972      0.37585211      0.59375006      0.41580367
       2.6961453       27.089567      -107.63588       84.851242       13.318945
       78.677139
       0.0000000       119.00000      0.21442504      -1.0000000       409935.00
       1.6193316       2.4484262      -1.0000000      -1.0000000      -1.0000000
      -1.0000000      -1.0000000      -1.0000000       85.226357       13.096779
       79.094582
       0.0000000       118.00000      0.22598839      -1.0000000       408313.00
       1.5958084       2.1252139      -1.0000000      -1.0000000      -1.0000000
      -1.0000000      -1.0000000      -1.0000000       85.600060       12.587838
       80.297035
       1.0000000       118.00000      0.22598839      -1.0000000       3.0000000
    0.0022695808     0.067782516      -1.0000000      -1.0000000      -1.0000000
      -1.0000000      -1.0000000      -1.0000000      -1.0000000      -1.0000000
      -1.0000000
       0.0000000       117.00000      0.24354018      -1.0000000       404880.00
       1.5599487       2.5366247      -1.0000000      -1.0000000      -1.0000000
      -1.0000000      -1.0000000      -1.0000000       85.879120       12.811206
       81.815613
       0.0000000       116.00000      0.26134327      -1.0000000       401981.00
       1.5240142       2.3392177      -1.0000000      -1.0000000      -1.0000000
      -1.0000000      -1.0000000      -1.0000000       85.179222       12.209615
       81.922791
       1.0000000       116.00000      0.26134327      -1.0000000       3.0000000
   0.00056033226     0.096075103      -1.0000000      -1.0000000      -1.0000000
      -1.0000000      -1.0000000      -1.0000000      -1.0000000      -1.0000000
      -1.0000000
       0.0000000       115.00000      0.27335334      -1.0000000       399607.00
       1.4993731       2.1416824      -1.0000000      -1.0000000      -1.0000000
      -1.0000000      -1.0000000      -1.0000000       85.078407       12.024388
       81.990883
       1.0000000       115.00000      0.27335334      -1.0000000       1.0000000
       0.0000000       0.0000000      -1.0000000      -1.0000000      -1.0000000
      -1.0000000      -1.0000000      -1.0000000      -1.0000000      -1.0000000
      -1.0000000
       0.0000000       114.00000      0.29158324      -1.0000000       397188.00
       1.4609371       2.0783911      -1.0000000      -1.0000000      -1.0000000
      -1.0000000      -1.0000000      -1.0000000       85.987854       11.628312
       81.581894
       0.0000000       113.00000      0.31007412      -1.0000000       395631.00
       1.4404594       2.1395142      -1.0000000      -1.0000000      -1.0000000
      -1.0000000      -1.0000000      -1.0000000       86.801041       11.652046
       82.450462
       0.0000000       112.00000      0.32882974      -1.0000000       390581.00
       1.3908259       2.2989719      -1.0000000      -1.0000000      -1.0000000
      -1.0000000      -1.0000000      -1.0000000       86.929176       11.448735
       84.474815
       0.0000000       111.00000      0.34785384      -1.0000000       388566.00
       1.3444645       2.3905282      -1.0000000      -1.0000000      -1.0000000
      -1.0000000      -1.0000000      -1.0000000       86.449486       11.398735
       83.693169
       1.0000000       111.00000      0.34785384      -1.0000000       2.0000000
       0.0000000       0.0000000      -1.0000000      -1.0000000      -1.0000000
      -1.0000000      -1.0000000      -1.0000000      -1.0000000      -1.0000000
      -1.0000000
       0.0000000       110.00000      0.36068764      -1.0000000       387084.00
       1.2895278       1.8414892      -1.0000000      -1.0000000      -1.0000000
      -1.0000000      -1.0000000      -1.0000000       86.474365       10.281841
       84.027153
       1.0000000       110.00000      0.36068764      -1.0000000       2.0000000
   0.00041528954     0.014824513      -1.0000000      -1.0000000      -1.0000000
      -1.0000000      -1.0000000      -1.0000000      -1.0000000      -1.0000000
      -1.0000000
       0.0000000       109.00000      0.38016787      -1.0000000       385261.00
       1.3160200       1.7815397      -1.0000000      -1.0000000      -1.0000000
      -1.0000000      -1.0000000      -1.0000000       87.422920       10.906596
       82.167015
       0.0000000       108.00000      0.39992696      -1.0000000       384774.00
       1.2414700       1.5782593      -1.0000000      -1.0000000      -1.0000000
      -1.0000000      -1.0000000      -1.0000000       88.552963       10.161566
       81.806641
       1.0000000       108.00000      0.39992696      -1.0000000       1.0000000
    0.0047882861     0.031809356      -1.0000000      -1.0000000      -1.0000000
      -1.0000000      -1.0000000      -1.0000000      -1.0000000      -1.0000000
      -1.0000000
       0.0000000       107.00000      0.41996893      -1.0000000       381704.00
       1.2452346       1.9952688      -1.0000000      -1.0000000      -1.0000000
      -1.0000000      -1.0000000      -1.0000000       90.198334       10.666886
       81.262604
       0.0000000       106.00000      0.44029784      -1.0000000       378525.00
       1.1884792       2.3080924      -1.0000000      -1.0000000      -1.0000000
      -1.0000000      -1.0000000      -1.0000000       91.888657       10.366821
       80.802040
       0.0000000       105.00000      0.46091780      -1.0000000       376622.00
       1.1473666       2.1431875      -1.0000000      -1.0000000      -1.0000000
      -1.0000000      -1.0000000      -1.0000000       91.005875       10.411939
       79.681847
       0.0000000       104.00000      0.48183295      -1.0000000       374296.00
       1.1137229       1.7809819      -1.0000000      -1.0000000      -1.0000000
      -1.0000000      -1.0000000      -1.0000000       90.944519       9.4530678
       78.492241
       1.0000000       104.00000      0.48183295      -1.0000000       1.0000000
   0.00084879575     0.018021002      -1.0000000      -1.0000000      -1.0000000
      -1.0000000      -1.0000000      -1.0000000      -1.0000000      -1.0000000
      -1.0000000
       0.0000000       103.00000      0.50304753      -1.0000000       372061.00
       1.0877398       1.7905726      -1.0000000      -1.0000000      -1.0000000
      -1.0000000      -1.0000000      -1.0000000       90.701637       9.6909389
       79.729279
       0.0000000       102.00000      0.52456582      -1.0000000       370833.00
       1.0734226       1.9329910      -1.0000000      -1.0000000      -1.0000000
      -1.0000000      -1.0000000      -1.0000000       91.704758       9.9148598
       79.857162
       0.0000000       101.00000      0.54639220      -1.0000000       368334.00
       1.0301222       1.9393550      -1.0000000      -1.0000000      -1.0000000
      -1.0000000      -1.0000000      -1.0000000       91.121323       9.3687611
       81.273232
       0.0000000       100.00000      0.57598084      -1.0000000       364649.00
      0.97316283       1.5437938      -1.0000000      -1.0000000      -1.0000000
      -1.0000000      -1.0000000      -1.0000000       88.660202       8.8636293
       82.290924
       1.0000000       100.00000      0.57598084      -1.0000000       1.0000000
   0.00067776034     0.017574452      -1.0000000      -1.0000000      -1.0000000
      -1.0000000      -1.0000000      -1.0000000      -1.0000000      -1.0000000
      -1.0000000
       0.0000000       99.000000      0.59854329      -1.0000000       361570.00
      0.94902712       1.4079418      -1.0000000      -1.0000000      -1.0000000
      -1.0000000      -1.0000000      -1.0000000       88.275337       8.4794226
       79.811630
       0.0000000       98.000000      0.62142873      -1.0000000       361210.00
      0.94405377       1.6921207      -1.0000000      -1.0000000      -1.0000000
      -1.0000000      -1.0000000      -1.0000000       89.260971       9.1368961
       79.186424
       0.0000000       97.000000      0.64464182      -1.0000000       360035.00
      0.90665185       1.8267026      -1.0000000      -1.0000000      -1.0000000
      -1.0000000      -1.0000000      -1.0000000       89.895149       8.9284534
       77.325607
       0.0000000       96.000000      0.67611039      -1.0000000       356619.00
      0.83866495       1.4650786      -1.0000000      -1.0000000      -1.0000000
      -1.0000000      -1.0000000      -1.0000000       88.374550       8.4180450
       76.059219
       1.0000000       96.000000      0.67611039      -1.0000000       1.0000000
   0.00022906592     0.013367226      -1.0000000      -1.0000000      -1.0000000
      -1.0000000      -1.0000000      -1.0000000      -1.0000000      -1.0000000
      -1.0000000
       0.0000000       95.000000      0.70010638      -1.0000000       353855.00
      0.80682504       1.4420276      -1.0000000      -1.0000000      -1.0000000
      -1.0000000      -1.0000000      -1.0000000       89.122887       8.1195221
       79.102173
       1.0000000       95.000000      0.70010638      -1.0000000       1.0000000
       0.0000000       0.0000000      -1.0000000      -1.0000000      -1.0000000
      -1.0000000      -1.0000000      -1.0000000      -1.0000000      -1.0000000
      -1.0000000
       0.0000000       94.000000      0.73263615      -1.0000000       355513.00
      0.81057096       1.7019237      -1.0000000      -1.0000000      -1.0000000
      -1.0000000      -1.0000000      -1.0000000       89.015678       8.3800278
       83.051918
       1.0000000       94.000000      0.73263615      -1.0000000       2.0000000
       0.0000000       0.0000000      -1.0000000      -1.0000000      -1.0000000
      -1.0000000      -1.0000000      -1.0000000      -1.0000000      -1.0000000
      -1.0000000
       0.0000000       93.000000      0.75744140      -1.0000000       352782.00
      0.72067308       1.3716052      -1.0000000      -1.0000000      -1.0000000
      -1.0000000      -1.0000000      -1.0000000       83.578262       7.2596364
       90.338715
       1.0000000       93.000000      0.75744140      -1.0000000       1.0000000
     0.077384226      0.20267941      -1.0000000      -1.0000000      -1.0000000
      -1.0000000      -1.0000000      -1.0000000      -1.0000000      -1.0000000
      -1.0000000
       0.0000000       92.000000      0.79106826      -1.0000000       348274.00
      0.68620658       1.0207697      -1.0000000      -1.0000000      -1.0000000
      -1.0000000      -1.0000000      -1.0000000       81.961121       6.4108911
       94.989082
       0.0000000       91.000000      0.81671000      -1.0000000       345310.00
      0.68866891       1.1765621      -1.0000000      -1.0000000      -1.0000000
      -1.0000000      -1.0000000      -1.0000000       83.547081       6.5885592
       96.547081
       0.0000000       90.000000      0.85147089      -1.0000000       341899.00
      0.65003729       1.4532180      -1.0000000      -1.0000000      -1.0000000
      -1.0000000      -1.0000000      -1.0000000       85.230301       6.8416042
       96.247948
       0.0000000       89.000000      0.88689691      -1.0000000       340119.00
      0.61885870       1.0614686      -1.0000000      -1.0000000      -1.0000000
      -1.0000000      -1.0000000      -1.0000000       86.659576       6.1318383
       92.375603
       0.0000000       88.000000      0.92300081      -1.0000000       336976.00
      0.58778417       1.1416796      -1.0000000      -1.0000000      -1.0000000
      -1.0000000      -1.0000000      -1.0000000       89.303734       6.3563275
       86.611626
       1.0000000       88.000000      0.92300081      -1.0000000       1.0000000
    0.0091993930     0.057909586      -1.0000000      -1.0000000      -1.0000000
      -1.0000000      -1.0000000      -1.0000000      -1.0000000      -1.0000000
      -1.0000000
       0.0000000       87.000000      0.95053136      -1.0000000       334464.00
      0.58059371       1.0472161      -1.0000000      -1.0000000      -1.0000000
      -1.0000000      -1.0000000      -1.0000000       90.618622       6.2659435
       82.577232
       0.0000000       86.000000      0.98785281      -1.0000000       329405.00
      0.58056831       1.0521998      -1.0000000      -1.0000000      -1.0000000
      -1.0000000      -1.0000000      -1.0000000       91.807854       6.4218335
       80.112885
       0.0000000       85.000000      0.99729425      -1.0000000       327901.00
      0.56185359      0.93442637      -1.0000000      -1.0000000      -1.0000000
      -1.0000000      -1.0000000      -1.0000000       91.773354       6.0097847
       80.141235
       1.0000000       85.000000      0.99729425      -1.0000000       1.0000000
       0.0000000       0.0000000      -1.0000000      -1.0000000      -1.0000000
      -1.0000000      -1.0000000      -1.0000000      -1.0000000      -1.0000000
      -1.0000000
       0.0000000       84.000000       1.0355104      -1.0000000       321144.00
      0.54408282      0.80927312      -1.0000000      -1.0000000      -1.0000000
      -1.0000000      -1.0000000      -1.0000000       90.769539       5.8192639
       81.821060
       0.0000000       83.000000       1.0744579      -1.0000000       313668.00
      0.53604478      0.79877365      -1.0000000      -1.0000000      -1.0000000
      -1.0000000      -1.0000000      -1.0000000       90.737747       5.5401950
       86.621490
       0.0000000       82.000000       1.1141505      -1.0000000       309035.00
      0.50234324      0.99784219      -1.0000000      -1.0000000      -1.0000000
      -1.0000000      -1.0000000      -1.0000000       85.649330       5.4832191
       82.790779
       0.0000000       81.000000       1.1546028      -1.0000000       304471.00
      0.47765186       1.0175421      -1.0000000      -1.0000000      -1.0000000
      -1.0000000      -1.0000000      -1.0000000       84.373413       5.2909532
       84.021484
       1.0000000       81.000000       1.1546028      -1.0000000       1.0000000
   0.00043783992       0.0000000      -1.0000000      -1.0000000      -1.0000000
      -1.0000000      -1.0000000      -1.0000000      -1.0000000      -1.0000000
      -1.0000000
       0.0000000       80.000000       1.2062581      -1.0000000       297668.00
      0.45311895       1.0299609      -1.0000000      -1.0000000      -1.0000000
      -1.0000000      -1.0000000      -1.0000000       84.010536       5.3320456
       85.451469
       0.0000000       79.000000       1.2484726      -1.0000000       291160.00
      0.41383022      0.97479039      -1.0000000      -1.0000000      -1.0000000
      -1.0000000      -1.0000000      -1.0000000       83.574028       4.8323598
       91.195114
       0.0000000       78.000000       1.3023784      -1.0000000       283701.00
      0.40821147      0.82900053      -1.0000000      -1.0000000      -1.0000000
      -1.0000000      -1.0000000      -1.0000000       83.612755       4.9658766
       93.309578
       1.0000000       78.000000       1.3023784      -1.0000000       1.0000000
   0.00043783992       0.0000000      -1.0000000      -1.0000000      -1.0000000
      -1.0000000      -1.0000000      -1.0000000      -1.0000000      -1.0000000
      -1.0000000
       0.0000000       77.000000       1.3575766      -1.0000000       277778.00
      0.37884328       1.0771881      -1.0000000      -1.0000000      -1.0000000
      -1.0000000      -1.0000000      -1.0000000       84.639061       5.1846333
       92.534317
       1.0000000       77.000000       1.3575766      -1.0000000       1.0000000
    0.0015233011   0.00012779921      -1.0000000      -1.0000000      -1.0000000
      -1.0000000      -1.0000000      -1.0000000      -1.0000000      -1.0000000
      -1.0000000
       0.0000000       76.000000       1.4140983      -1.0000000       290904.00
      0.35422805      0.76882035      -1.0000000      -1.0000000      -1.0000000
      -1.0000000      -1.0000000      -1.0000000       85.481934       5.1447277
       86.694633
       1.0000000       76.000000       1.4140983      -1.0000000       1.0000000
       0.0000000       0.0000000      -1.0000000      -1.0000000      -1.0000000
      -1.0000000      -1.0000000      -1.0000000      -1.0000000      -1.0000000
      -1.0000000
       0.0000000       75.000000       1.4719748      -1.0000000       282910.00
      0.34715256      0.61626524      -1.0000000      -1.0000000      -1.0000000
      -1.0000000      -1.0000000      -1.0000000       90.004082       4.8736200
       78.247322
       0.0000000       74.000000       1.5312390      -1.0000000       280535.00
      0.31713232      0.95720321      -1.0000000      -1.0000000      -1.0000000
      -1.0000000      -1.0000000      -1.0000000       91.782150       4.9196076
       75.177895
       0.0000000       73.000000       1.6042346      -1.0000000       272631.00
      0.27272347      0.94392657      -1.0000000      -1.0000000      -1.0000000
      -1.0000000      -1.0000000      -1.0000000       89.193512       4.5932136
       76.761444
       1.0000000       73.000000       1.6042346      -1.0000000       1.0000000
    0.0023772586      0.13578995      -1.0000000      -1.0000000      -1.0000000
      -1.0000000      -1.0000000      -1.0000000      -1.0000000      -1.0000000
      -1.0000000
       0.0000000       72.000000       1.6666696      -1.0000000       267763.00
      0.24553870      0.66107947      -1.0000000      -1.0000000      -1.0000000
      -1.0000000      -1.0000000      -1.0000000       85.155670       4.6106687
       81.444550
       1.0000000       72.000000       1.6666696      -1.0000000       2.0000000
       0.0000000       0.0000000      -1.0000000      -1.0000000      -1.0000000
      -1.0000000      -1.0000000      -1.0000000      -1.0000000      -1.0000000
      -1.0000000
       0.0000000       71.000000       1.7435706      -1.0000000       262001.00
      0.20742871      0.79612815      -1.0000000      -1.0000000      -1.0000000
      -1.0000000      -1.0000000      -1.0000000       83.600624       3.8282671
       78.443855
       0.0000000       70.000000       1.8226893      -1.0000000       263377.00
      0.17202322       1.3190801      -1.0000000      -1.0000000      -1.0000000
      -1.0000000      -1.0000000      -1.0000000       88.690552       6.3987746
       67.055580
       1.0000000       70.000000       1.8226893      -1.0000000       2.0000000
    0.0012382356       0.0000000      -1.0000000      -1.0000000      -1.0000000
      -1.0000000      -1.0000000      -1.0000000      -1.0000000      -1.0000000
      -1.0000000
       0.0000000       69.000000       1.9040896      -1.0000000       255544.00
      0.18887472       1.4497628      -1.0000000      -1.0000000      -1.0000000
      -1.0000000      -1.0000000      -1.0000000       89.886955       8.2967100
       64.460304
       1.0000000       69.000000       1.9040896      -1.0000000       1.0000000
    0.0012382356       0.0000000      -1.0000000      -1.0000000      -1.0000000
      -1.0000000      -1.0000000      -1.0000000      -1.0000000      -1.0000000
      -1.0000000
       0.0000000       68.000000       2.0020282      -1.0000000       245988.00
      0.10220395      0.36701381      -1.0000000      -1.0000000      -1.0000000
      -1.0000000      -1.0000000      -1.0000000       75.815964       1.9229461
       76.427376
       0.0000000       67.000000       2.1032696      -1.0000000       238910.00
     0.084431633      0.37204623      -1.0000000      -1.0000000      -1.0000000
      -1.0000000      -1.0000000      -1.0000000       68.736763       1.8206464
       71.329987
       1.0000000       67.000000       2.1032696      -1.0000000       2.0000000
       0.0000000       0.0000000      -1.0000000      -1.0000000      -1.0000000
      -1.0000000      -1.0000000      -1.0000000      -1.0000000      -1.0000000
      -1.0000000
       0.0000000       66.000000       2.2079256      -1.0000000       236095.00
     0.076156169      0.38197669      -1.0000000      -1.0000000      -1.0000000
      -1.0000000      -1.0000000      -1.0000000       64.169319       1.8410897
       72.948975
       0.0000000       65.000000       2.3161108      -1.0000000       217803.00
     0.068736359      0.25344390      -1.0000000      -1.0000000      -1.0000000
      -1.0000000      -1.0000000      -1.0000000       61.985203       1.4051521
       71.817238
       0.0000000       64.000000       2.4442258      -1.0000000       215712.00
     0.064762011      0.28839383      -1.0000000      -1.0000000      -1.0000000
      -1.0000000      -1.0000000      -1.0000000       64.748749       1.6528183
       62.337505
       0.0000000       63.000000       2.5772903      -1.0000000       265640.00
     0.052430160      0.30407819      -1.0000000      -1.0000000      -1.0000000
      -1.0000000      -1.0000000      -1.0000000       67.865593       1.5935434
       51.777000
       1.0000000       63.000000       2.5772903      -1.0000000       1.0000000
       0.0000000       0.0000000      -1.0000000      -1.0000000      -1.0000000
      -1.0000000      -1.0000000      -1.0000000      -1.0000000      -1.0000000
      -1.0000000
       0.0000000       62.000000       2.7331426      -1.0000000       243651.00
     0.047578719      0.18734048      -1.0000000      -1.0000000      -1.0000000
      -1.0000000      -1.0000000      -1.0000000       65.851326       1.1550598
       58.067410
       0.0000000       61.000000       2.8957851      -1.0000000       226560.00
     0.043608401      0.13644664      -1.0000000      -1.0000000      -1.0000000
      -1.0000000      -1.0000000      -1.0000000       59.272804      0.94738501
       68.339020
       1.0000000       61.000000       2.8957851      -1.0000000       1.0000000
       0.0000000       0.0000000      -1.0000000      -1.0000000      -1.0000000
      -1.0000000      -1.0000000      -1.0000000      -1.0000000      -1.0000000
      -1.0000000
