       0.0000000       135.00000       0.0000000       57.000000       200653.00
       29.204329     0.019584548      0.31030771      0.51428568     0.060678594
       2.9950819       4.5504122      -3.0814056       248.52380       100.20908
       352.95642
       0.0000000       134.00000    0.0095216669       57.000000       199457.00
       29.157581    0.0011764835      0.30968007      0.48571426     0.047841407
       1.5603235       4.9313231      -3.6069911       252.25017       98.412277
       343.89291
       1.0000000       134.00000    0.0095216669      -1.0000000       5.0000000
    0.0013380586       0.0000000      -1.0000000      -1.0000000      -1.0000000
      -1.0000000      -1.0000000      -1.0000000      -1.0000000      -1.0000000
      -1.0000000
       0.0000000       133.00000     0.023974428       57.000000       197251.00
       29.101776      0.30203497      0.30555823      0.50000000     0.029852143
      0.84507948       5.3910799      -1.5484304       258.10461       99.028572
       328.78391
       1.0000000       133.00000     0.023974428      -1.0000000       8.0000000
     0.076358018      0.12559112      -1.0000000      -1.0000000      -1.0000000
      -1.0000000      -1.0000000      -1.0000000      -1.0000000      -1.0000000
      -1.0000000
       0.0000000       132.00000     0.033724371       57.000000       196185.00
       28.986628      0.28567231      0.29713634      0.50000000     0.028970564
     -0.51245785       5.8726268     -0.64594555       262.14606       101.14100
       316.97574
       1.0000000       132.00000     0.033724371      -1.0000000       3.0000000
    0.0017609970       0.0000000      -1.0000000      -1.0000000      -1.0000000
      -1.0000000      -1.0000000      -1.0000000      -1.0000000      -1.0000000
      -1.0000000
       0.0000000       131.00000     0.048523631       56.000000       190930.00
       29.896126      0.26184770      0.30461317      0.48571426     0.056089953
      -3.0849237      -2.5873175      0.82672381       268.89157       110.57594
       306.45825
       1.0000000       131.00000     0.048523631      -1.0000000       3.0000000
       0.0000000       0.0000000      -1.0000000      -1.0000000      -1.0000000
      -1.0000000      -1.0000000      -1.0000000      -1.0000000      -1.0000000
      -1.0000000
       0.0000000       130.00000     0.058507323       56.000000       189851.00
       31.241215      0.41174796      0.29373324      0.51428568      0.13047342
      -3.8774495      -1.4689789       4.6898303       271.41293       129.64166
       303.42365
       1.0000000       130.00000     0.058507323      -1.0000000       1.0000000
     0.089293957      0.24936771      -1.0000000      -1.0000000      -1.0000000
      -1.0000000      -1.0000000      -1.0000000      -1.0000000      -1.0000000
      -1.0000000
       0.0000000       129.00000     0.073661387       56.000000       185365.00
       29.127516      0.30469087      0.31192431      0.50000000      0.12813607
      -3.4896321      -8.0964880      0.64170223       253.23930       99.611092
       329.14813
       1.0000000       129.00000     0.073661387      -1.0000000       4.0000000
     0.036112241       0.0000000      -1.0000000      -1.0000000      -1.0000000
      -1.0000000      -1.0000000      -1.0000000      -1.0000000      -1.0000000
      -1.0000000
       0.0000000       128.00000     0.083884433       57.000000       187887.00
       28.571123      0.27712697      0.30865860      0.51428568     0.099238321
      -3.1695321      -11.432056      -1.7189436       243.70035       92.498863
       345.42606
       1.0000000       128.00000     0.083884433      -1.0000000       4.0000000
   0.00019689336    0.0051587899      -1.0000000      -1.0000000      -1.0000000
      -1.0000000      -1.0000000      -1.0000000      -1.0000000      -1.0000000
      -1.0000000
       0.0000000       127.00000     0.099401802       57.000000       184390.00
       28.079634      0.24995966      0.31113464      0.50000000     0.066467188
      -7.0722766      -16.301109       1.3219265       235.13539       88.182480
       369.53458
       1.0000000       127.00000     0.099401802      -1.0000000       3.0000000
    0.0013950739     0.066038512      -1.0000000      -1.0000000      -1.0000000
      -1.0000000      -1.0000000      -1.0000000      -1.0000000      -1.0000000
      -1.0000000
       0.0000000       126.00000      0.10986994       57.000000       183313.00
       27.933022      0.22282669      0.31222108      0.50000000     0.058335010
      -7.6665273      -17.837757       3.0560994       230.52950       86.734268
       371.37946
       1.0000000       126.00000      0.10986994      -1.0000000       6.0000000
    0.0027083599       0.0000000      -1.0000000      -1.0000000      -1.0000000
      -1.0000000      -1.0000000      -1.0000000      -1.0000000      -1.0000000
      -1.0000000
       0.0000000       125.00000      0.12575933       58.000000       181033.00
       27.909826      0.18611325      0.31062135      0.48571426     0.052495200
      -5.2692924      -15.980802       5.6910844       227.03389       85.726807
       368.56100
       0.0000000       124.00000      0.14187621       59.000000       178723.00
       27.917299      0.17096521      0.31079480      0.48571426     0.044428989
      -5.1999602      -13.968410       2.7663999       223.47252       84.282295
       360.25684
       1.0000000       124.00000      0.14187621      -1.0000000       2.0000000
       0.0000000       0.0000000      -1.0000000      -1.0000000      -1.0000000
      -1.0000000      -1.0000000      -1.0000000      -1.0000000      -1.0000000
      -1.0000000
       0.0000000       123.00000      0.15274876       60.000000       178152.00
       27.731413      0.15831840      0.31134784      0.47058821     0.044634253
      -3.5617173      -12.186218       3.9110644       222.22794       84.797089
       354.81619
       1.0000000       123.00000      0.15274876      -1.0000000       4.0000000
    0.0041189362    0.0096287113      -1.0000000      -1.0000000      -1.0000000
      -1.0000000      -1.0000000      -1.0000000      -1.0000000      -1.0000000
      -1.0000000
       0.0000000       122.00000      0.16925204       63.000000       179078.00
       27.868820      0.12554917      0.30877358      0.48571426     0.041084837
      -3.8510208      -10.948006       6.0458407       221.34589       84.768951
       349.15274
       1.0000000       122.00000      0.16925204      -1.0000000       4.0000000
     0.055039653     0.023206631      -1.0000000      -1.0000000      -1.0000000
      -1.0000000      -1.0000000      -1.0000000      -1.0000000      -1.0000000
      -1.0000000
       0.0000000       121.00000      0.18038526       61.000000       174209.00
       27.816133      0.10226649      0.29943311      0.47058821     0.036948171
      -6.8778691      -4.6878204       3.1941991       220.14809       83.922531
       347.88629
       1.0000000       121.00000      0.18038526      -1.0000000       4.0000000
    0.0048035393       0.0000000      -1.0000000      -1.0000000      -1.0000000
      -1.0000000      -1.0000000      -1.0000000      -1.0000000      -1.0000000
      -1.0000000
       0.0000000       120.00000      0.19728418       59.000000       169275.00
       27.821632     0.045651682      0.25157130      0.47058821     0.038142815
     -0.81211478     0.034322746       2.6157763       218.22023       83.560783
       349.66849
       1.0000000       120.00000      0.19728418      -1.0000000       3.0000000
       0.0000000       0.0000000      -1.0000000      -1.0000000      -1.0000000
      -1.0000000      -1.0000000      -1.0000000      -1.0000000      -1.0000000
      -1.0000000
       0.0000000       119.00000      0.21442504       59.000000       166533.00
       27.647533      0.12426529      0.27528045      0.52777779     0.036163829
      -2.7261550       2.9960020      -2.8628187       217.19568       81.177994
       345.04111
       1.0000000       119.00000      0.21442504      -1.0000000       3.0000000
    0.0016992541       0.0000000      -1.0000000      -1.0000000      -1.0000000
      -1.0000000      -1.0000000      -1.0000000      -1.0000000      -1.0000000
      -1.0000000
       0.0000000       118.00000      0.22598839       59.000000       166534.00
       27.624151      0.14349057      0.27502915      0.50000000     0.059554290
       1.4236702       1.5912359      -3.4610159       216.80527       83.041161
       341.38211
       1.0000000       118.00000      0.22598839      -1.0000000       3.0000000
    0.0012407543       0.0000000      -1.0000000      -1.0000000      -1.0000000
      -1.0000000      -1.0000000      -1.0000000      -1.0000000      -1.0000000
      -1.0000000
       0.0000000       117.00000      0.24354018       58.000000       162330.00
       27.561153      0.10162426      0.30567193      0.52777779     0.079168007
     -0.44301680      -14.749079     -0.57392955       216.94695       80.774078
       331.47906
       1.0000000       117.00000      0.24354018      -1.0000000       6.0000000
    0.0056838088    0.0075774025      -1.0000000      -1.0000000      -1.0000000
      -1.0000000      -1.0000000      -1.0000000      -1.0000000      -1.0000000
      -1.0000000
       0.0000000       116.00000      0.26134327       60.000000       160453.00
       27.821129      0.21212338      0.36406127      0.72340429      0.11054267
       9.1905441       34.453560      -14.362555       218.92458       80.348511
       322.54077
       1.0000000       116.00000      0.26134327      -1.0000000       5.0000000
     0.051154047      0.23570962      -1.0000000      -1.0000000      -1.0000000
      -1.0000000      -1.0000000      -1.0000000      -1.0000000      -1.0000000
      -1.0000000
       0.0000000       115.00000      0.27335334       62.000000       161456.00
       26.591848      0.29573652      0.31580848      0.27586204     0.091670074
      -15.096352      -25.125299       14.331038       221.35199       126.05497
       321.85510
       2.0000000       115.00000      0.27335334      0.57904851       97.000000
       10.728800       1.9379665      0.44689763      0.48571426      0.48225951
      -59.393509       83.694397      -31.515587      -49526.660      -96268.875
       19269.121
       1.0000000       115.00000      0.27335334      -1.0000000       2.0000000
   0.00042190630     0.022373512      -1.0000000      -1.0000000      -1.0000000
      -1.0000000      -1.0000000      -1.0000000      -1.0000000      -1.0000000
      -1.0000000
       0.0000000       114.00000      0.29158324       59.000000       154959.00
       19.673548      0.14475727      0.33811417      0.32352942      0.18542582
      -38.144909      -51.054070       11.968281       220.48601       57.301960
       327.49060
       1.0000000       114.00000      0.29158324      -1.0000000       6.0000000
    0.0018169305     0.033443178      -1.0000000      -1.0000000      -1.0000000
      -1.0000000      -1.0000000      -1.0000000      -1.0000000      -1.0000000
      -1.0000000
       0.0000000       113.00000      0.31007412       60.000000       152194.00
       18.793764      0.10634468      0.34445041      0.37142855      0.19098705
      -42.018501      -57.290760       8.2171268       223.04219       48.010487
       332.66147
       1.0000000       113.00000      0.31007412      -1.0000000       2.0000000
   0.00015497077       0.0000000      -1.0000000      -1.0000000      -1.0000000
      -1.0000000      -1.0000000      -1.0000000      -1.0000000      -1.0000000
      -1.0000000
       0.0000000       112.00000      0.32882974       70.000000       153870.00
       19.045557     0.091992415      0.34951293      0.33333337      0.19939201
      -44.054848      -63.514797       2.2113767       229.62791       52.264217
       341.78766
       1.0000000       112.00000      0.32882974      -1.0000000       3.0000000
   0.00060165173       0.0000000      -1.0000000      -1.0000000      -1.0000000
      -1.0000000      -1.0000000      -1.0000000      -1.0000000      -1.0000000
      -1.0000000
       0.0000000       111.00000      0.34785384       70.000000       151758.00
       20.662437     0.092204608      0.33480418      0.30000001      0.18269578
      -34.761120      -64.445511      0.27077422       236.31531       71.749527
       340.92838
       1.0000000       111.00000      0.34785384      -1.0000000       5.0000000
    0.0016793571     0.039896441      -1.0000000      -1.0000000      -1.0000000
      -1.0000000      -1.0000000      -1.0000000      -1.0000000      -1.0000000
      -1.0000000
       0.0000000       110.00000      0.36068764       72.000000       152535.00
       19.017740     0.060818005      0.32995796      0.35483867      0.16462201
      -26.985657      -60.161610      -1.3354692       223.79437       49.909935
       347.86737
       1.0000000       110.00000      0.36068764      -1.0000000       1.0000000
       0.0000000       0.0000000      -1.0000000      -1.0000000      -1.0000000
      -1.0000000      -1.0000000      -1.0000000      -1.0000000      -1.0000000
      -1.0000000
       0.0000000       109.00000      0.38016787       69.000000       146780.00
       18.417061     0.034925614      0.33631164      0.35294116      0.19037659
      -27.070326      -63.997150     -0.54826039       210.76135       43.606194
       368.52478
       1.0000000       109.00000      0.38016787      -1.0000000       4.0000000
     0.012081773      0.10248749      -1.0000000      -1.0000000      -1.0000000
      -1.0000000      -1.0000000      -1.0000000      -1.0000000      -1.0000000
      -1.0000000
       0.0000000       108.00000      0.39992696       72.000000       145623.00
       18.278650     0.026357746      0.33966348      0.32258064      0.18562214
      -26.238192      -68.663574      0.22971611       206.98805       42.216061
       374.34338
       1.0000000       108.00000      0.39992696      -1.0000000       3.0000000
   0.00041947360    0.0015835037      -1.0000000      -1.0000000      -1.0000000
      -1.0000000      -1.0000000      -1.0000000      -1.0000000      -1.0000000
      -1.0000000
       0.0000000       107.00000      0.41996893       71.000000       142210.00
       18.259363     0.050274149      0.34189942      0.32258064      0.18824732
      -25.888012      -72.079079       1.4454757       206.54118       42.052853
       382.27588
       1.0000000       107.00000      0.41996893      -1.0000000       3.0000000
    0.0087648062      0.16627875      -1.0000000      -1.0000000      -1.0000000
      -1.0000000      -1.0000000      -1.0000000      -1.0000000      -1.0000000
      -1.0000000
       0.0000000       106.00000      0.44029784       71.000000       140286.00
       18.276869     0.026092447      0.34561825      0.37500006      0.19243841
      -26.254330      -77.095291       5.8165779       209.12103       41.887100
       372.54745
       1.0000000       106.00000      0.44029784      -1.0000000       6.0000000
    0.0016388960     0.012985099      -1.0000000      -1.0000000      -1.0000000
      -1.0000000      -1.0000000      -1.0000000      -1.0000000      -1.0000000
      -1.0000000
       0.0000000       105.00000      0.46091780       71.000000       136746.00
       18.283756     0.062881261      0.35040471      0.35483867      0.19203925
      -25.536972      -79.673103       11.973997       212.66946       41.711449
       358.01114
       1.0000000       105.00000      0.46091780      -1.0000000       2.0000000
   0.00094444037    0.0074586598      -1.0000000      -1.0000000      -1.0000000
      -1.0000000      -1.0000000      -1.0000000      -1.0000000      -1.0000000
      -1.0000000
       0.0000000       104.00000      0.48183295       72.000000       135270.00
       18.288485      0.13528317      0.35298812      0.37500006      0.19490691
      -30.149115      -79.871635       18.214746       216.94894       41.815506
       343.45850
       1.0000000       104.00000      0.48183295      -1.0000000       3.0000000
    0.0019388436     0.037497528      -1.0000000      -1.0000000      -1.0000000
      -1.0000000      -1.0000000      -1.0000000      -1.0000000      -1.0000000
      -1.0000000
       0.0000000       103.00000      0.50304753       73.000000       132210.00
       18.348015     0.095014185      0.35231626      0.37500006      0.20028549
      -37.051964      -79.430618       18.963478       221.85106       41.753357
       324.27151
       1.0000000       103.00000      0.50304753      -1.0000000       2.0000000
       0.0000000       0.0000000      -1.0000000      -1.0000000      -1.0000000
      -1.0000000      -1.0000000      -1.0000000      -1.0000000      -1.0000000
      -1.0000000
       0.0000000       102.00000      0.52456582       76.000000       132397.00
       18.354208     0.099826701      0.35753042      0.35483867      0.20885523
      -45.453506      -79.472404       14.716886       227.00200       41.670418
       308.64435
       1.0000000       102.00000      0.52456582      -1.0000000       2.0000000
   0.00018295957       0.0000000      -1.0000000      -1.0000000      -1.0000000
      -1.0000000      -1.0000000      -1.0000000      -1.0000000      -1.0000000
      -1.0000000
       0.0000000       101.00000      0.54639220       78.000000       131395.00
       18.365335     0.067710303      0.36042193      0.35483867      0.20784838
      -52.689507      -78.964317       9.3299608       232.75858       41.557190
       288.16360
       1.0000000       101.00000      0.54639220      -1.0000000       3.0000000
    0.0022317262     0.062293217      -1.0000000      -1.0000000      -1.0000000
      -1.0000000      -1.0000000      -1.0000000      -1.0000000      -1.0000000
      -1.0000000
       0.0000000       100.00000      0.57598084       78.000000       126176.00
       18.408607     0.029501870      0.36295444      0.37142855      0.22162658
      -62.186157      -76.821465      -1.0423750       240.67787       41.837814
       270.30533
       1.0000000       100.00000      0.57598084      -1.0000000       5.0000000
     0.019990877      0.17920181      -1.0000000      -1.0000000      -1.0000000
      -1.0000000      -1.0000000      -1.0000000      -1.0000000      -1.0000000
      -1.0000000
       0.0000000       99.000000      0.59854329       111.00000       139644.00
       18.582281     0.011232738      0.36094487      0.38235301      0.22097678
      -63.721783      -73.334312      -15.971117       247.94731       42.728466
       256.67584
       1.0000000       99.000000      0.59854329      -1.0000000       1.0000000
   0.00023639464     0.013799860      -1.0000000      -1.0000000      -1.0000000
      -1.0000000      -1.0000000      -1.0000000      -1.0000000      -1.0000000
      -1.0000000
       0.0000000       98.000000      0.62142873       110.00000       136248.00
       18.645926    0.0039687753      0.36635709      0.36363643      0.22491542
      -59.916782      -77.054291      -34.781841       249.55951       43.040993
       251.19713
       1.0000000       98.000000      0.62142873      -1.0000000       6.0000000
   0.00045307695       0.0000000      -1.0000000      -1.0000000      -1.0000000
      -1.0000000      -1.0000000      -1.0000000      -1.0000000      -1.0000000
      -1.0000000
       0.0000000       97.000000      0.64464182       107.00000       132845.00
       18.528326     0.019656945      0.37208614      0.40000004      0.23082317
      -50.062386      -79.023643      -55.489384       239.02254       41.510551
       264.07611
       1.0000000       97.000000      0.64464182      -1.0000000       5.0000000
    0.0038364606     0.059525970      -1.0000000      -1.0000000      -1.0000000
      -1.0000000      -1.0000000      -1.0000000      -1.0000000      -1.0000000
      -1.0000000
       0.0000000       96.000000      0.67611039       100.00000       125251.00
       18.438837   0.00030400985      0.37705210      0.38709676      0.24421495
      -27.003290      -84.296379      -70.598633       226.68141       40.681137
       285.89389
       1.0000000       96.000000      0.67611039      -1.0000000       6.0000000
     0.010739780     0.079532098      -1.0000000      -1.0000000      -1.0000000
      -1.0000000      -1.0000000      -1.0000000      -1.0000000      -1.0000000
      -1.0000000
       0.0000000       95.000000      0.70010638       100.00000       122695.00
       18.454317      0.11606393      0.38570645      0.42424244      0.24518798
      -8.3329611      -88.222458      -78.185638       220.25464       40.575191
       286.93057
       1.0000000       95.000000      0.70010638      -1.0000000       5.0000000
     0.015798602      0.19453619      -1.0000000      -1.0000000      -1.0000000
      -1.0000000      -1.0000000      -1.0000000      -1.0000000      -1.0000000
      -1.0000000
       0.0000000       94.000000      0.73263615       95.000000       117152.00
       18.458933      0.11808712      0.38558650      0.40625006      0.23964657
       15.825091      -94.345787      -70.920815       214.21335       40.135380
       294.13846
       1.0000000       94.000000      0.73263615      -1.0000000       4.0000000
    0.0019163847     0.033789158      -1.0000000      -1.0000000      -1.0000000
      -1.0000000      -1.0000000      -1.0000000      -1.0000000      -1.0000000
      -1.0000000
       0.0000000       93.000000      0.75744140       87.000000       110468.00
       18.459730     0.063975096      0.39946508      0.42424244      0.26417020
       34.247372      -105.87884      -65.004959       210.84978       39.753273
       296.31586
       1.0000000       93.000000      0.75744140      -1.0000000       4.0000000
    0.0018780394     0.010344599      -1.0000000      -1.0000000      -1.0000000
      -1.0000000      -1.0000000      -1.0000000      -1.0000000      -1.0000000
      -1.0000000
       0.0000000       92.000000      0.79106826       90.000000       108721.00
       18.480761     0.051219918      0.40549192      0.40625006      0.25991732
       52.728611      -117.20872      -37.217659       209.22072       39.673416
       289.60391
       1.0000000       92.000000      0.79106826      -1.0000000       3.0000000
    0.0016357457     0.018972175      -1.0000000      -1.0000000      -1.0000000
      -1.0000000      -1.0000000      -1.0000000      -1.0000000      -1.0000000
      -1.0000000
       0.0000000       91.000000      0.81671000       87.000000       104195.00
       18.553352     0.077899270      0.40757492      0.40625006      0.27548814
       64.755707      -125.08329      -8.5242224       209.06534       39.351620
       291.46194
       1.0000000       91.000000      0.81671000      -1.0000000       4.0000000
    0.0016141148     0.017705465      -1.0000000      -1.0000000      -1.0000000
      -1.0000000      -1.0000000      -1.0000000      -1.0000000      -1.0000000
      -1.0000000
       0.0000000       90.000000      0.85147089       87.000000       101700.00
       18.525620     0.064258739      0.41915691      0.40625006      0.27477956
       74.434052      -120.22435       44.013206       209.89497       38.958744
       280.55176
       1.0000000       90.000000      0.85147089      -1.0000000       3.0000000
    0.0091868564      0.11946458      -1.0000000      -1.0000000      -1.0000000
      -1.0000000      -1.0000000      -1.0000000      -1.0000000      -1.0000000
      -1.0000000
       0.0000000       89.000000      0.88689691       87.000000       99574.000
       18.579887      0.12007149      0.42993322      0.42424244      0.30196571
       71.933640      -100.64611       99.724274       212.06100       38.910137
       274.73767
       1.0000000       89.000000      0.88689691      -1.0000000       2.0000000
   0.00096978128    0.0016485967      -1.0000000      -1.0000000      -1.0000000
      -1.0000000      -1.0000000      -1.0000000      -1.0000000      -1.0000000
      -1.0000000
       0.0000000       88.000000      0.92300081       86.000000       95704.000
       18.648836      0.10680668      0.44388229      0.47058821      0.32598388
       67.086021      -74.635437       134.51050       214.38087       38.673534
       265.59598
       1.0000000       88.000000      0.92300081      -1.0000000       3.0000000
     0.011482224     0.039148368      -1.0000000      -1.0000000      -1.0000000
      -1.0000000      -1.0000000      -1.0000000      -1.0000000      -1.0000000
      -1.0000000
       0.0000000       87.000000      0.95053136       84.000000       93024.000
       18.741138      0.15065284      0.44026646      0.41176474      0.28682083
       66.527153      -48.456200       143.23399       215.83943       38.966919
       263.85535
       1.0000000       87.000000      0.95053136      -1.0000000       4.0000000
   0.00066854333    0.0092728809      -1.0000000      -1.0000000      -1.0000000
      -1.0000000      -1.0000000      -1.0000000      -1.0000000      -1.0000000
      -1.0000000
       0.0000000       86.000000      0.98785281       83.000000       88485.000
       18.795683      0.35073200      0.45506129      0.45714289      0.30429876
       72.796761      -22.396391       161.15388       217.28317       39.153530
       264.63715
       1.0000000       86.000000      0.98785281      -1.0000000       4.0000000
   0.00050224084     0.018148467      -1.0000000      -1.0000000      -1.0000000
      -1.0000000      -1.0000000      -1.0000000      -1.0000000      -1.0000000
      -1.0000000
       0.0000000       85.000000      0.99729425       81.000000       87380.000
       18.762300      0.77741385      0.47459260      0.45945948      0.34080192
       83.134712      -23.539600       171.66753       218.05988       39.023052
       263.85562
       1.0000000       85.000000      0.99729425      -1.0000000       3.0000000
      0.30428598      0.27987106      -1.0000000      -1.0000000      -1.0000000
      -1.0000000      -1.0000000      -1.0000000      -1.0000000      -1.0000000
      -1.0000000
       0.0000000       84.000000       1.0355104       80.000000       82985.000
       18.729527      0.75054747      0.48649690      0.42857140      0.36400574
       36.947578      -50.821587       203.86732       219.72490       38.826122
       257.54782
       1.0000000       84.000000       1.0355104      -1.0000000       5.0000000
    0.0035009439     0.071908575      -1.0000000      -1.0000000      -1.0000000
      -1.0000000      -1.0000000      -1.0000000      -1.0000000      -1.0000000
      -1.0000000
       0.0000000       83.000000       1.0744579       79.000000       79166.000
       18.846907      0.38453555      0.49425408      0.45714289      0.36925814
      -39.614101      -61.193069       210.61438       222.76097       38.543354
       252.99706
       1.0000000       83.000000       1.0744579      -1.0000000       8.0000000
      0.28481452      0.76347734      -1.0000000      -1.0000000      -1.0000000
      -1.0000000      -1.0000000      -1.0000000      -1.0000000      -1.0000000
      -1.0000000
       0.0000000       82.000000       1.1141505       83.000000       77786.000
       18.983341     0.093920581      0.50355953      0.39393944      0.37845004
      -110.67535      -61.919273       198.27750       224.90575       38.320076
       245.11238
       1.0000000       82.000000       1.1141505      -1.0000000       6.0000000
     0.011905921      0.15128297      -1.0000000      -1.0000000      -1.0000000
      -1.0000000      -1.0000000      -1.0000000      -1.0000000      -1.0000000
      -1.0000000
       0.0000000       81.000000       1.1546028       76.000000       71890.000
       19.122961      0.20170105      0.51264220      0.45454544      0.38455003
      -191.22984      -40.557735       147.12292       226.67746       38.480534
       242.18452
       1.0000000       81.000000       1.1546028      -1.0000000       2.0000000
     0.026748731     0.083808862      -1.0000000      -1.0000000      -1.0000000
      -1.0000000      -1.0000000      -1.0000000      -1.0000000      -1.0000000
      -1.0000000
       0.0000000       80.000000       1.2062581       86.000000       70824.000
       19.013563      0.11356622      0.52192074      0.44117647      0.39210877
      -234.79785       14.702912       90.057541       228.74377       37.050732
       230.40349
       1.0000000       80.000000       1.2062581      -1.0000000       3.0000000
      0.61602139      0.55342656      -1.0000000      -1.0000000      -1.0000000
      -1.0000000      -1.0000000      -1.0000000      -1.0000000      -1.0000000
      -1.0000000
       0.0000000       79.000000       1.2484726       141.00000       88471.000
       19.165785     0.098900743      0.53406978      0.47222227      0.40710670
      -228.11800       71.584419       102.59937       230.04880       37.374340
       226.09100
       1.0000000       79.000000       1.2484726      -1.0000000       6.0000000
     0.019556124      0.10744716      -1.0000000      -1.0000000      -1.0000000
      -1.0000000      -1.0000000      -1.0000000      -1.0000000      -1.0000000
      -1.0000000
       0.0000000       78.000000       1.3023784       116.00000       78578.000
       19.385733      0.76275700      0.53539425      0.48484850      0.39526829
      -158.67349       140.35301       175.14479       230.00720       37.635345
       229.14478
       1.0000000       78.000000       1.3023784      -1.0000000       6.0000000
      0.22146034      0.56115169      -1.0000000      -1.0000000      -1.0000000
      -1.0000000      -1.0000000      -1.0000000      -1.0000000      -1.0000000
      -1.0000000
       0.0000000       77.000000       1.3575766       106.00000       71028.000
       19.022684       2.8625855      0.53552616      0.51515150      0.40787506
       1.8558176       167.14594       248.50743       228.96555       38.841255
       244.62875
       1.0000000       77.000000       1.3575766      -1.0000000       3.0000000
    0.0085769406     0.027609959      -1.0000000      -1.0000000      -1.0000000
      -1.0000000      -1.0000000      -1.0000000      -1.0000000      -1.0000000
      -1.0000000
       0.0000000       76.000000       1.4140983       91.000000       64027.000
       18.474377       3.2348022      0.49127442      0.51515150      0.31979021
       119.11117       132.77856       181.46759       230.24655       40.962975
       256.33871
       1.0000000       76.000000       1.4140983      -1.0000000       6.0000000
    0.0062443812      0.23640323      -1.0000000      -1.0000000      -1.0000000
      -1.0000000      -1.0000000      -1.0000000      -1.0000000      -1.0000000
      -1.0000000
       0.0000000       75.000000       1.4719748       84.000000       59056.000
       18.496386       4.9685774      0.47194853      0.51428568      0.25728762
       98.735207       33.698563       200.37318       237.86180       44.113605
       280.30942
       1.0000000       75.000000       1.4719748      -1.0000000       8.0000000
     0.020235922     0.068225094      -1.0000000      -1.0000000      -1.0000000
      -1.0000000      -1.0000000      -1.0000000      -1.0000000      -1.0000000
      -1.0000000
       0.0000000       74.000000       1.5312390       77.000000       54351.000
       17.475805       4.4170098      0.39177006      0.41935480      0.20976013
       1.8712612      -22.215067       158.49553       238.00890       42.199986
       296.07809
       1.0000000       74.000000       1.5312390      -1.0000000       3.0000000
     0.017721029      0.35008591      -1.0000000      -1.0000000      -1.0000000
      -1.0000000      -1.0000000      -1.0000000      -1.0000000      -1.0000000
      -1.0000000
       0.0000000       73.000000       1.6042346      -1.0000000       52507.000
       3.1952391      0.44284096      -1.0000000      -1.0000000      -1.0000000
      -1.0000000      -1.0000000      -1.0000000       140.75211       4.2545953
       6.0219607
       2.0000000       73.000000       1.6042346      0.44909698       69.000000
       3.8734159       3.6247354      0.42454568      0.71739131      0.36766237
       71.627182       90.043976      -16.946598      -318.04077      -17715.887
       1341.3878
       1.0000000       73.000000       1.6042346      -1.0000000       6.0000000
     0.011831932      0.11777013      -1.0000000      -1.0000000      -1.0000000
      -1.0000000      -1.0000000      -1.0000000      -1.0000000      -1.0000000
      -1.0000000
       0.0000000       72.000000       1.6666696       89.000000       50371.000
       10.086918       3.0841794      0.53351575      0.72972977      0.58078033
       59.034698      -405.19690       193.22604       264.56909       36.153458
       263.79068
       1.0000000       72.000000       1.6666696      -1.0000000       1.0000000
    0.0037588160       0.0000000      -1.0000000      -1.0000000      -1.0000000
      -1.0000000      -1.0000000      -1.0000000      -1.0000000      -1.0000000
      -1.0000000
       0.0000000       71.000000       1.7435706       82.000000       44723.000
       9.9821568       2.9771297      0.51653093      0.68571424      0.54964995
      -26.705923      -359.26651       215.87685       287.31134       40.222595
       231.61270
       1.0000000       71.000000       1.7435706      -1.0000000       2.0000000
    0.0028148249      0.32409286      -1.0000000      -1.0000000      -1.0000000
      -1.0000000      -1.0000000      -1.0000000      -1.0000000      -1.0000000
      -1.0000000
       0.0000000       70.000000       1.8226893       78.000000       41291.000
       9.7622547       4.7532301      0.47177368      0.72972977      0.53384906
      -99.997223      -353.12943       188.23714       301.02750       49.171375
       211.77621
       1.0000000       70.000000       1.8226893      -1.0000000       8.0000000
     0.030643360       1.1371267      -1.0000000      -1.0000000      -1.0000000
      -1.0000000      -1.0000000      -1.0000000      -1.0000000      -1.0000000
      -1.0000000
       0.0000000       69.000000       1.9040896       79.000000       39301.000
       8.6248989       3.1467218      0.48252460      0.63333333      0.53298724
      -181.39442      -341.99820       248.84940       267.59039       33.003292
       248.58418
       1.0000000       69.000000       1.9040896      -1.0000000       16.000000
      0.15414101      0.89221887      -1.0000000      -1.0000000      -1.0000000
      -1.0000000      -1.0000000      -1.0000000      -1.0000000      -1.0000000
      -1.0000000
       0.0000000       68.000000       2.0020282       74.000000       34949.000
       7.6867695       1.9706273      0.51658434      0.64705884      0.55941588
      -138.94597      -256.43140       228.00763       215.02151       24.855753
       236.06778
       1.0000000       68.000000       2.0020282      -1.0000000       22.000000
     0.044072034      0.57846310      -1.0000000      -1.0000000      -1.0000000
      -1.0000000      -1.0000000      -1.0000000      -1.0000000      -1.0000000
      -1.0000000
       0.0000000       67.000000       2.1032696       72.000000       30621.000
       7.3830824       1.6438174      0.52684563      0.65714288      0.58675390
      -183.07414      -247.94487       248.20483       202.68881       22.386482
       214.59555
       1.0000000       67.000000       2.1032696      -1.0000000       11.000000
     0.082630984      0.44401643      -1.0000000      -1.0000000      -1.0000000
      -1.0000000      -1.0000000      -1.0000000      -1.0000000      -1.0000000
      -1.0000000
       0.0000000       66.000000       2.2079256       152.00000       43583.000
       7.2659507       3.2214315      0.50890636      0.72500002      0.59520578
      -230.07133      -270.02454       231.69023       213.33031       22.983807
       184.01862
       1.0000000       66.000000       2.2079256      -1.0000000       12.000000
      0.43778299      0.68213331      -1.0000000      -1.0000000      -1.0000000
      -1.0000000      -1.0000000      -1.0000000      -1.0000000      -1.0000000
      -1.0000000
       0.0000000       65.000000       2.3161108       187.00000       44783.000
       5.7164702       5.6612015      0.40070993      0.84615386      0.46763438
      -149.19086      -186.54659       130.98056       228.42804       29.425135
       145.54340
       1.0000000       65.000000       2.3161108      -1.0000000       7.0000000
      0.78968223       1.1254804      -1.0000000      -1.0000000      -1.0000000
      -1.0000000      -1.0000000      -1.0000000      -1.0000000      -1.0000000
      -1.0000000
       0.0000000       64.000000       2.4442258       176.00000       39605.000
       3.9559226       2.3834317      0.46429223      0.54054058      0.34214872
      -139.22601      -143.78951       83.941864       203.08499       15.885590
       175.49557
       1.0000000       64.000000       2.4442258      -1.0000000       10.000000
     0.093202764      0.66805374      -1.0000000      -1.0000000      -1.0000000
      -1.0000000      -1.0000000      -1.0000000      -1.0000000      -1.0000000
      -1.0000000
       0.0000000       63.000000       2.5772903       187.00000       37289.000
       3.3539243       1.7248540      0.46045890      0.50000000      0.40774396
      -97.898727      -161.85413      -4.3887210       186.61555       11.324808
       158.27005
       1.0000000       63.000000       2.5772903      -1.0000000       8.0000000
    0.0091213180      0.16559278      -1.0000000      -1.0000000      -1.0000000
      -1.0000000      -1.0000000      -1.0000000      -1.0000000      -1.0000000
      -1.0000000
       0.0000000       62.000000       2.7331426       178.00000       32489.000
       2.7446368       2.4299574      0.45737436      0.57894731      0.20061472
       18.599457      -42.141171      -93.029343       174.53484       10.322740
       173.05490
       1.0000000       62.000000       2.7331426      -1.0000000       9.0000000
      0.14534693      0.53394464      -1.0000000      -1.0000000      -1.0000000
      -1.0000000      -1.0000000      -1.0000000      -1.0000000      -1.0000000
      -1.0000000
       0.0000000       61.000000       2.8957851       153.00000       27331.000
       2.2999089       1.6788607      0.38284963      0.46875006      0.18925047
       29.058422      -15.773082      -8.0278997       155.95845       8.2202053
       188.18803
       1.0000000       61.000000       2.8957851      -1.0000000       5.0000000
     0.050140950      0.27697437      -1.0000000      -1.0000000      -1.0000000
      -1.0000000      -1.0000000      -1.0000000      -1.0000000      -1.0000000
      -1.0000000
       0.0000000       60.000000       3.0081310       156.00000       25382.000
       1.9932774       2.2292814      0.41352704      0.55263156      0.30886924
      -135.85001       20.807747       71.195183       154.00844       8.7884665
       168.84943
       1.0000000       60.000000       3.0081310      -1.0000000       6.0000000
   0.00036020082       0.0000000      -1.0000000      -1.0000000      -1.0000000
      -1.0000000      -1.0000000      -1.0000000      -1.0000000      -1.0000000
      -1.0000000
       0.0000000       59.000000       3.0848227       148.00000       23884.000
       1.7910571       1.6310323      0.43176708      0.54999995      0.43053195
      -180.91519       9.4388227       84.747047       156.72185       9.9881983
       185.51347
       1.0000000       59.000000       3.0848227      -1.0000000       2.0000000
   0.00035205323       0.0000000      -1.0000000      -1.0000000      -1.0000000
      -1.0000000      -1.0000000      -1.0000000      -1.0000000      -1.0000000
      -1.0000000
       0.0000000       58.000000       3.2830331       144.00000       21166.000
       1.2478594       1.2901777      0.51307511      0.72500002      0.65000015
      -238.69554      -85.023407       134.15207       133.81593       6.0071368
       220.58081
       2.0000000       58.000000       3.2830331      0.29013011       58.000000
      0.36204156      0.78842402      -1.0000000      -1.0000000      -1.0000000
      -1.0000000      -1.0000000      -1.0000000      -1.0000000      -1.0000000
      -1.0000000
       1.0000000       58.000000       3.2830331      -1.0000000       6.0000000
    0.0027220172     0.018676332      -1.0000000      -1.0000000      -1.0000000
      -1.0000000      -1.0000000      -1.0000000      -1.0000000      -1.0000000
      -1.0000000
       0.0000000       57.000000       3.4908614      -1.0000000       16310.000
       1.0799208       1.4555413      -1.0000000      -1.0000000      -1.0000000
      -1.0000000      -1.0000000      -1.0000000       123.58411       6.3416085
       223.09683
       1.0000000       57.000000       3.4908614      -1.0000000       4.0000000
   0.00062843831    0.0026087468      -1.0000000      -1.0000000      -1.0000000
      -1.0000000      -1.0000000      -1.0000000      -1.0000000      -1.0000000
      -1.0000000
