       0.0000000       135.00000       0.0000000       9.0000000       86192.000
       9.7885742      0.85320824      0.34029379      0.22580642      0.23589946
      -58.050564      -103.75928    -0.045541644       166.84915       43.216255
       63.054821
       0.0000000       134.00000    0.0095216669       9.0000000       85227.000
       9.8239594       1.4487997      0.34836242      0.19999999      0.24883959
      -65.918571      -105.15407      -8.4888487       163.06409       43.841007
       66.146065
       0.0000000       133.00000     0.023974428       9.0000000       84142.000
       9.9026833       1.4678344      0.34453735      0.18750012      0.27306142
      -76.266350      -98.585358      -11.529565       162.50674       45.638966
       72.756447
       0.0000000       132.00000     0.033724371       9.0000000       83774.000
       9.9019270       1.5489382      0.34408548      0.24242431      0.27593133
      -81.495422      -97.072960      -11.892433       161.78021       45.021248
       75.226181
       1.0000000       132.00000     0.033724371      -1.0000000       1.0000000
       0.0000000       0.0000000      -1.0000000      -1.0000000      -1.0000000
      -1.0000000      -1.0000000      -1.0000000      -1.0000000      -1.0000000
      -1.0000000
       0.0000000       131.00000     0.048523631       9.0000000       80014.000
       9.7751255       1.5919689      0.34873712      0.18750012      0.27835974
      -89.356415      -93.554985      -10.101332       155.10405       44.372025
       83.223404
       1.0000000       131.00000     0.048523631      -1.0000000       2.0000000
   0.00082002385       0.0000000      -1.0000000      -1.0000000      -1.0000000
      -1.0000000      -1.0000000      -1.0000000      -1.0000000      -1.0000000
      -1.0000000
       0.0000000       130.00000     0.058507323       9.0000000       79327.000
       9.8355646       1.6780249      0.34239766      0.18750012      0.25500584
      -91.451927      -90.760712      -4.9271936       154.58981       44.232784
       87.060844
       0.0000000       129.00000     0.073661387       9.0000000       77863.000
       9.9505787       1.6300287      0.33408967      0.16129035      0.26984191
      -98.663704      -88.031250       4.7503567       158.45982       47.219147
       99.345055
       0.0000000       128.00000     0.083884433       9.0000000       77575.000
       9.8670521       1.8084434      0.33225274      0.18750012      0.26014155
      -99.041016      -89.047630       11.054071       156.02315       46.447575
       116.20442
       1.0000000       128.00000     0.083884433      -1.0000000       1.0000000
    0.0042731916     0.054451447      -1.0000000      -1.0000000      -1.0000000
      -1.0000000      -1.0000000      -1.0000000      -1.0000000      -1.0000000
      -1.0000000
       0.0000000       127.00000     0.099401802       9.0000000       76566.000
       9.8710871       2.3860686      0.32183328      0.41025639      0.24542280
      -89.494087      -80.715149       14.258589       158.12970       46.688419
       122.00656
       1.0000000       127.00000     0.099401802      -1.0000000       2.0000000
    0.0095588285    0.0011350242      -1.0000000      -1.0000000      -1.0000000
      -1.0000000      -1.0000000      -1.0000000      -1.0000000      -1.0000000
      -1.0000000
       0.0000000       126.00000      0.10986994       9.0000000       76131.000
       9.3163090       2.3516915      0.36772940      0.53333336      0.25684080
      -111.18511      -77.731377       34.044712       159.32961       47.286880
       143.13722
       2.0000000       126.00000      0.10986994      0.55052322       107.00000
       3.5477915      0.76522189      0.42100257      0.19999999      0.37323388
      -137.09270       137.91220      -18.784975      -7920.5664       9737.6826
       9710.5117
       1.0000000       126.00000      0.10986994      -1.0000000       2.0000000
    0.0027262772       0.0000000      -1.0000000      -1.0000000      -1.0000000
      -1.0000000      -1.0000000      -1.0000000      -1.0000000      -1.0000000
      -1.0000000
       0.0000000       125.00000      0.12575933       9.0000000       73117.000
       9.7300692       3.2089529      0.41475648      0.38461536      0.44360355
      -134.51213      -144.78386       57.120762       164.44913       71.442314
       147.68622
       1.0000000       125.00000      0.12575933      -1.0000000       2.0000000
      0.41871927       1.1422416      -1.0000000      -1.0000000      -1.0000000
      -1.0000000      -1.0000000      -1.0000000      -1.0000000      -1.0000000
      -1.0000000
       0.0000000       124.00000      0.14187621       9.0000000       72537.000
       8.8758879       2.9839358      0.41793725      0.38888890      0.42067590
      -117.86243      -173.74976       52.619320       166.78363       56.060955
       147.38905
       1.0000000       124.00000      0.14187621      -1.0000000       2.0000000
       0.0000000       0.0000000      -1.0000000      -1.0000000      -1.0000000
      -1.0000000      -1.0000000      -1.0000000      -1.0000000      -1.0000000
      -1.0000000
       0.0000000       123.00000      0.15274876       8.0000000       66018.000
       7.4467192       2.7504561      0.42763847      0.41935480      0.42545244
      -92.753143      -136.98727       46.130653       165.91568       42.942513
       154.26714
       1.0000000       123.00000      0.15274876      -1.0000000       3.0000000
    0.0019399388     0.045879256      -1.0000000      -1.0000000      -1.0000000
      -1.0000000      -1.0000000      -1.0000000      -1.0000000      -1.0000000
      -1.0000000
       0.0000000       122.00000      0.16925204       9.0000000       70267.000
       7.2560925       2.1799045      0.43196398      0.45161289      0.41873807
      -93.778870      -124.65093       47.245205       173.39215       40.450935
       145.74802
       1.0000000       122.00000      0.16925204      -1.0000000       3.0000000
    0.0075447680     0.075730100      -1.0000000      -1.0000000      -1.0000000
      -1.0000000      -1.0000000      -1.0000000      -1.0000000      -1.0000000
      -1.0000000
       0.0000000       121.00000      0.18038526       418.00000       299262.00
       7.0298357       2.0942376      0.43074042      0.48387092      0.41711152
      -94.686111      -118.21487       47.306656       178.24374       39.941738
       145.17928
       1.0000000       121.00000      0.18038526      -1.0000000       4.0000000
    0.0077256920      0.12629417      -1.0000000      -1.0000000      -1.0000000
      -1.0000000      -1.0000000      -1.0000000      -1.0000000      -1.0000000
      -1.0000000
       0.0000000       120.00000      0.19728418       425.00000       297158.00
       8.0396767       2.8786554      0.43108314      0.43750000      0.41348216
      -117.49257      -136.14143       71.925812       190.43266       63.333664
       129.43568
       1.0000000       120.00000      0.19728418      -1.0000000       2.0000000
    0.0016816934     0.034921277      -1.0000000      -1.0000000      -1.0000000
      -1.0000000      -1.0000000      -1.0000000      -1.0000000      -1.0000000
      -1.0000000
       0.0000000       119.00000      0.21442504       428.00000       294334.00
       7.9557924       1.4766059      0.37742409      0.47222227      0.42606437
      -156.89738      -188.69145       88.068115       200.29219       50.004269
       125.60455
       1.0000000       119.00000      0.21442504      -1.0000000       5.0000000
    0.0044302206     0.095600836      -1.0000000      -1.0000000      -1.0000000
      -1.0000000      -1.0000000      -1.0000000      -1.0000000      -1.0000000
      -1.0000000
       0.0000000       118.00000      0.22598839       418.00000       290579.00
       7.2622905       1.3687735      0.45320547      0.54838705      0.42538029
      -108.00604      -173.07149       68.422028       179.60268       38.911667
       145.77831
       0.0000000       117.00000      0.24354018       424.00000       287286.00
       6.8152819       1.8988413      0.44168302      0.53333330      0.42038724
      -92.465591      -158.72070       60.525166       157.24721       31.232557
       188.07916
       1.0000000       117.00000      0.24354018      -1.0000000       4.0000000
    0.0045622458     0.067395844      -1.0000000      -1.0000000      -1.0000000
      -1.0000000      -1.0000000      -1.0000000      -1.0000000      -1.0000000
      -1.0000000
       0.0000000       116.00000      0.26134327       426.00000       284017.00
       6.6685214       1.8412586      0.44033128      0.53571427      0.43312627
      -87.898033      -151.68457       60.190144       144.33023       29.858114
       201.11835
       1.0000000       116.00000      0.26134327      -1.0000000       2.0000000
    0.0010414654     0.017091785      -1.0000000      -1.0000000      -1.0000000
      -1.0000000      -1.0000000      -1.0000000      -1.0000000      -1.0000000
      -1.0000000
       0.0000000       115.00000      0.27335334       413.00000       279782.00
       6.6382380       1.8563234      0.43563235      0.53571427      0.42167240
      -91.353012      -150.70705       57.088665       138.97189       29.331066
       203.30676
       0.0000000       114.00000      0.29158324       425.00000       278117.00
       6.5790176       1.8667840      0.43394637      0.55172414      0.42159608
      -91.668297      -148.15811       56.278118       133.60445       29.102398
       204.66257
       1.0000000       114.00000      0.29158324      -1.0000000       2.0000000
   0.00024440233     0.012328124      -1.0000000      -1.0000000      -1.0000000
      -1.0000000      -1.0000000      -1.0000000      -1.0000000      -1.0000000
      -1.0000000
       0.0000000       113.00000      0.31007412       419.00000       273940.00
       6.5487332       1.8344260      0.43266773      0.55172414      0.41405448
      -95.167068      -144.64380       56.639839       129.22176       28.645706
       194.90898
       1.0000000       113.00000      0.31007412      -1.0000000       2.0000000
    0.0024271396     0.030478595      -1.0000000      -1.0000000      -1.0000000
      -1.0000000      -1.0000000      -1.0000000      -1.0000000      -1.0000000
      -1.0000000
       0.0000000       112.00000      0.32882974       428.00000       269380.00
       6.5264282       2.0105875      0.43152118      0.55172414      0.41722497
      -97.315926      -141.94768       54.418777       126.65489       28.716141
       180.75554
       0.0000000       111.00000      0.34785384       435.00000       267447.00
       6.4872942       1.7771947      0.43034327      0.55172414      0.42244807
      -104.92507      -140.79016       45.995869       125.90291       28.202343
       159.45172
       0.0000000       110.00000      0.36068764       433.00000       265279.00
       6.4281397       1.7078427      0.42977816      0.55172414      0.41014129
      -105.73092      -140.69255       40.084450       126.09569       27.770611
       154.10150
       0.0000000       109.00000      0.38016787       430.00000       260968.00
       6.4631124       1.6457012      0.42698416      0.53571427      0.40804073
      -111.01350      -139.39191       34.586403       126.37039       27.886126
       157.10381
       0.0000000       108.00000      0.39992696       430.00000       258427.00
       6.4253278       1.6707298      0.42663854      0.51851851      0.39883062
      -109.06853      -141.93250       25.342939       127.78664       27.614668
       152.74005
       1.0000000       108.00000      0.39992696      -1.0000000       4.0000000
    0.0011097774     0.024959630      -1.0000000      -1.0000000      -1.0000000
      -1.0000000      -1.0000000      -1.0000000      -1.0000000      -1.0000000
      -1.0000000
       0.0000000       107.00000      0.41996893       429.00000       254310.00
       6.4443994       1.8445331      0.42817405      0.53571427      0.39971611
      -104.03464      -149.47159       17.001360       129.10785       28.423094
       151.08862
       1.0000000       107.00000      0.41996893      -1.0000000       1.0000000
     0.011327412     0.082582876      -1.0000000      -1.0000000      -1.0000000
      -1.0000000      -1.0000000      -1.0000000      -1.0000000      -1.0000000
      -1.0000000
       0.0000000       106.00000      0.44029784       417.00000       250161.00
       6.4753451       1.8814934      0.42479971      0.50000000      0.40205470
      -97.662025      -158.49361       10.070182       130.66078       28.459000
       151.17174
       1.0000000       106.00000      0.44029784      -1.0000000       3.0000000
    0.0071308423     0.094717590      -1.0000000      -1.0000000      -1.0000000
      -1.0000000      -1.0000000      -1.0000000      -1.0000000      -1.0000000
      -1.0000000
       0.0000000       105.00000      0.46091780       410.00000       244396.00
       6.3951502       2.3661118      0.41554749      0.48148143      0.39120021
      -87.665627      -158.87843       18.656404       132.32141       28.811268
       146.49846
       1.0000000       105.00000      0.46091780      -1.0000000       1.0000000
    0.0017384146       0.0000000      -1.0000000      -1.0000000      -1.0000000
      -1.0000000      -1.0000000      -1.0000000      -1.0000000      -1.0000000
      -1.0000000
       0.0000000       104.00000      0.48183295       401.00000       239382.00
       6.3600798       2.5161929      0.40632221      0.55172414      0.38613802
      -83.934372      -152.03925       28.959341       132.18314       28.684311
       144.76799
       0.0000000       103.00000      0.50304753       405.00000       235156.00
       6.3034301       2.4389272      0.40889409      0.57575762      0.38489568
      -90.794518      -148.11578       22.857462       131.08244       28.441229
       153.07018
       1.0000000       103.00000      0.50304753      -1.0000000       3.0000000
    0.0048038271     0.061717566      -1.0000000      -1.0000000      -1.0000000
      -1.0000000      -1.0000000      -1.0000000      -1.0000000      -1.0000000
      -1.0000000
       0.0000000       102.00000      0.52456582       404.00000       232630.00
       6.2377453       2.2947688      0.40006179      0.57575762      0.38623372
      -88.633972      -146.91597       26.015665       130.95819       27.924303
       155.10556
       1.0000000       102.00000      0.52456582      -1.0000000       1.0000000
   0.00080879795    0.0098785572      -1.0000000      -1.0000000      -1.0000000
      -1.0000000      -1.0000000      -1.0000000      -1.0000000      -1.0000000
      -1.0000000
       0.0000000       101.00000      0.54639220       398.00000       227974.00
       6.2369070       2.4684863      0.38639840      0.57575762      0.38134035
      -94.290916      -132.62865       26.279188       131.76797       28.338791
       155.69388
       1.0000000       101.00000      0.54639220      -1.0000000       2.0000000
    0.0031043272     0.072218083      -1.0000000      -1.0000000      -1.0000000
      -1.0000000      -1.0000000      -1.0000000      -1.0000000      -1.0000000
      -1.0000000
       0.0000000       100.00000      0.57598084       408.00000       225037.00
       6.2135458       2.5217447      0.37407348      0.60606062      0.34551653
      -91.890991      -123.75063       14.010971       131.99380       28.345966
       158.36418
       1.0000000       100.00000      0.57598084      -1.0000000       1.0000000
   0.00026826840       0.0000000      -1.0000000      -1.0000000      -1.0000000
      -1.0000000      -1.0000000      -1.0000000      -1.0000000      -1.0000000
      -1.0000000
       0.0000000       99.000000      0.59854329       411.00000       220452.00
       6.0942316       2.0694113      0.36433038      0.57575762      0.34078267
      -76.207718      -118.24603       6.8921814       132.04958       27.349501
       158.12080
       1.0000000       99.000000      0.59854329      -1.0000000       1.0000000
       0.0000000       0.0000000      -1.0000000      -1.0000000      -1.0000000
      -1.0000000      -1.0000000      -1.0000000      -1.0000000      -1.0000000
      -1.0000000
       0.0000000       98.000000      0.62142873       397.00000       214619.00
       6.1054454       1.7871586      0.35858533      0.62857145      0.35434395
      -72.288750      -115.07681       2.1776218       131.49042       26.974323
       158.02902
       1.0000000       98.000000      0.62142873      -1.0000000       2.0000000
    0.0045364508     0.056749936      -1.0000000      -1.0000000      -1.0000000
      -1.0000000      -1.0000000      -1.0000000      -1.0000000      -1.0000000
      -1.0000000
       0.0000000       97.000000      0.64464182       392.00000       211818.00
       6.0939841       1.9445440      0.36265492      0.60606062      0.33138669
      -73.002434      -116.93698      0.97131389       131.81798       27.248426
       158.11990
       1.0000000       97.000000      0.64464182      -1.0000000       1.0000000
   0.00033073343     0.016056921      -1.0000000      -1.0000000      -1.0000000
      -1.0000000      -1.0000000      -1.0000000      -1.0000000      -1.0000000
      -1.0000000
       0.0000000       96.000000      0.67611039       274.00000       184946.00
       6.0571990       1.8754759      0.35780427      0.60606062      0.32964730
      -66.409866      -110.95839      -10.152826       131.87544       26.735874
       156.54027
       1.0000000       96.000000      0.67611039      -1.0000000       4.0000000
    0.0033822643     0.097166460      -1.0000000      -1.0000000      -1.0000000
      -1.0000000      -1.0000000      -1.0000000      -1.0000000      -1.0000000
      -1.0000000
       0.0000000       95.000000      0.70010638       419.00000       208810.00
       6.0672917       1.9839389      0.35168386      0.56250006      0.31435663
      -50.536930      -109.33009      -7.5114675       132.17326       26.849894
       154.88780
       1.0000000       95.000000      0.70010638      -1.0000000       1.0000000
   0.00025599767       0.0000000      -1.0000000      -1.0000000      -1.0000000
      -1.0000000      -1.0000000      -1.0000000      -1.0000000      -1.0000000
      -1.0000000
       0.0000000       94.000000      0.73263615       436.00000       206487.00
       6.0140743       1.8215046      0.34041995      0.61764705      0.31037995
      -58.844280      -97.795502     -0.34119582       134.12051       26.528791
       152.16658
       1.0000000       94.000000      0.73263615      -1.0000000       2.0000000
    0.0065167483      0.11955044      -1.0000000      -1.0000000      -1.0000000
      -1.0000000      -1.0000000      -1.0000000      -1.0000000      -1.0000000
      -1.0000000
       0.0000000       93.000000      0.75744140       428.00000       200543.00
       6.0258832       2.1676834      0.33773959      0.58823532      0.29754433
      -49.366146      -99.814560      -11.707479       137.07549       27.344398
       144.60997
       1.0000000       93.000000      0.75744140      -1.0000000       2.0000000
    0.0028494704     0.035899095      -1.0000000      -1.0000000      -1.0000000
      -1.0000000      -1.0000000      -1.0000000      -1.0000000      -1.0000000
      -1.0000000
       0.0000000       92.000000      0.79106826       691.00000       227801.00
       5.9347382       2.8015683      0.35659653      0.62857145      0.30598652
      -47.447945      -116.01408      -1.7781708       137.86752       26.956848
       141.60304
       1.0000000       92.000000      0.79106826      -1.0000000       5.0000000
     0.013069350      0.19139435      -1.0000000      -1.0000000      -1.0000000
      -1.0000000      -1.0000000      -1.0000000      -1.0000000      -1.0000000
      -1.0000000
       0.0000000       91.000000      0.81671000       700.00000       225425.00
       5.8730483       3.1386356      0.35814103      0.63888896      0.31057799
      -40.147717      -122.06223      -1.2595016       136.50673       27.396784
       143.76657
       1.0000000       91.000000      0.81671000      -1.0000000       3.0000000
     0.012006200      0.22359599      -1.0000000      -1.0000000      -1.0000000
      -1.0000000      -1.0000000      -1.0000000      -1.0000000      -1.0000000
      -1.0000000
       0.0000000       90.000000      0.85147089       745.00000       224775.00
       5.7258315       3.0259464      0.34892720      0.61111116      0.27446240
      -39.382809      -118.58149      -4.8125396       137.07417       25.999306
       143.87883
       1.0000000       90.000000      0.85147089      -1.0000000       2.0000000
    0.0017801636      0.14487152      -1.0000000      -1.0000000      -1.0000000
      -1.0000000      -1.0000000      -1.0000000      -1.0000000      -1.0000000
      -1.0000000
       0.0000000       89.000000      0.88689691       673.00000       214558.00
       5.7316375       2.8504698      0.31991425      0.64999998      0.24796845
      -20.683950      -97.295280       22.330339       137.46992       27.053610
       142.35167
       1.0000000       89.000000      0.88689691      -1.0000000       5.0000000
    0.0012673590     0.081298677      -1.0000000      -1.0000000      -1.0000000
      -1.0000000      -1.0000000      -1.0000000      -1.0000000      -1.0000000
      -1.0000000
       0.0000000       88.000000      0.92300081       668.00000       208696.00
       5.9075270       3.1656656      0.37736127      0.78846151      0.20908180
       1.3368806      -105.26269       19.023306       140.61359       36.170685
       138.81847
       2.0000000       88.000000      0.92300081       1.0884476       81.000000
       2.6974888       1.9929956      0.42760357      0.56250006      0.47114381
      -123.36494       139.22345      -32.403404      -6467.1450      -12560.456
       429.62579
       1.0000000       88.000000      0.92300081      -1.0000000       4.0000000
    0.0093407817      0.16857323      -1.0000000      -1.0000000      -1.0000000
      -1.0000000      -1.0000000      -1.0000000      -1.0000000      -1.0000000
      -1.0000000
       0.0000000       87.000000      0.95053136       663.00000       204852.00
       5.5269923       1.7348342      0.44417202      0.66666663      0.60504460
      -97.755028      -252.02908       130.09445       145.70927       23.127974
       131.23280
       1.0000000       87.000000      0.95053136      -1.0000000       2.0000000
    0.0037081625     0.059719712      -1.0000000      -1.0000000      -1.0000000
      -1.0000000      -1.0000000      -1.0000000      -1.0000000      -1.0000000
      -1.0000000
       0.0000000       86.000000      0.98785281       686.00000       202523.00
       3.7212298       4.1082702      0.37445819      0.44117647      0.29096222
      -23.596478      -88.208214       65.954857       143.90332       28.286665
       129.53984
       1.0000000       86.000000      0.98785281      -1.0000000       2.0000000
    0.0036303711     0.062618753      -1.0000000      -1.0000000      -1.0000000
      -1.0000000      -1.0000000      -1.0000000      -1.0000000      -1.0000000
      -1.0000000
       0.0000000       85.000000      0.99729425       666.00000       199031.00
       3.7065585       4.0421276      0.37972230      0.52777779      0.30945137
      -19.993582      -89.270035       70.383018       145.00435       28.896605
       128.92976
       0.0000000       84.000000       1.0355104       641.00000       192140.00
       4.1799188       4.4522557      0.39955041      0.43750000      0.38606560
      -11.644005      -106.72765       112.73473       153.17830       37.712250
       126.95718
       1.0000000       84.000000       1.0355104      -1.0000000       3.0000000
    0.0052844104      0.11235409      -1.0000000      -1.0000000      -1.0000000
      -1.0000000      -1.0000000      -1.0000000      -1.0000000      -1.0000000
      -1.0000000
       0.0000000       83.000000       1.0744579       627.00000       185349.00
       3.6752012       3.5896044      0.37543142      0.46875006      0.37168390
      -40.267906      -93.182732       140.48172       145.80386       29.711864
       143.01357
       1.0000000       83.000000       1.0744579      -1.0000000       2.0000000
   0.00031118182     0.048635405      -1.0000000      -1.0000000      -1.0000000
      -1.0000000      -1.0000000      -1.0000000      -1.0000000      -1.0000000
      -1.0000000
       0.0000000       82.000000       1.1141505       607.00000       177774.00
       2.7750759       2.2166755      0.32742739      0.52631581      0.24157889
      -19.845493      -35.258091       73.057938       131.97659       14.714645
       186.63794
       1.0000000       82.000000       1.1141505      -1.0000000       3.0000000
    0.0031694929     0.077951360      -1.0000000      -1.0000000      -1.0000000
      -1.0000000      -1.0000000      -1.0000000      -1.0000000      -1.0000000
      -1.0000000
       0.0000000       81.000000       1.1546028       559.00000       168819.00
       2.4782901      0.92406207      0.33480594      0.70833337      0.37721810
      -28.306385      -38.444168       84.510765       120.59071       9.5390272
       36.800434
       2.0000000       81.000000       1.1546028      0.48362908       74.000000
      0.66401702      0.48636490      -1.0000000      -1.0000000      -1.0000000
      -1.0000000      -1.0000000      -1.0000000      -1.0000000      -1.0000000
      -1.0000000
       1.0000000       81.000000       1.1546028      -1.0000000       2.0000000
    0.0016385677     0.030420453      -1.0000000      -1.0000000      -1.0000000
      -1.0000000      -1.0000000      -1.0000000      -1.0000000      -1.0000000
      -1.0000000
       0.0000000       80.000000       1.2062581       505.00000       156239.00
       2.1294482      0.93747050      0.38658535      0.32352942      0.24864566
      -46.459377      -19.605694       57.419575       120.31061       10.167321
       37.832829
       0.0000000       79.000000       1.2484726       519.00000       154116.00
       1.9398181      0.47845536      0.40821525      0.26666665      0.31486923
      -51.038151      -52.157917       60.201042       118.60127       7.0138993
       31.430740
       0.0000000       78.000000       1.3023784       529.00000       149895.00
       2.0041420       1.2226293      0.40752560      0.22580642      0.34698117
      -45.320908      -58.784122       42.425133       132.27156       8.9778461
       219.92029
       1.0000000       78.000000       1.3023784      -1.0000000       2.0000000
     0.010058661      0.13111021      -1.0000000      -1.0000000      -1.0000000
      -1.0000000      -1.0000000      -1.0000000      -1.0000000      -1.0000000
      -1.0000000
       0.0000000       77.000000       1.3575766       536.00000       144949.00
       1.9949816       1.6096314      0.39204070      0.39473683      0.30335715
      -17.345615      -65.615295       34.218105       145.14552       10.462234
       206.99428
       0.0000000       76.000000       1.4140983       522.00000       137859.00
       2.0131752       2.4721959      0.36867112      0.28571427      0.23289937
      -20.561600      -39.987885       43.804016       160.29700       14.486754
       192.88474
       0.0000000       75.000000       1.4719748       525.00000       132547.00
       1.8382108       2.1740141      0.42142338      0.33333337      0.37529984
      -95.225014      -28.754152       34.582569       165.84377       12.784552
       175.61687
       1.0000000       75.000000       1.4719748      -1.0000000       5.0000000
     0.015025528      0.17264038      -1.0000000      -1.0000000      -1.0000000
      -1.0000000      -1.0000000      -1.0000000      -1.0000000      -1.0000000
      -1.0000000
       0.0000000       74.000000       1.5312390      -1.0000000       127596.00
       1.3729882       1.0451647      -1.0000000      -1.0000000      -1.0000000
      -1.0000000      -1.0000000      -1.0000000       117.22635       4.9736385
       22.966921
       1.0000000       74.000000       1.5312390      -1.0000000       3.0000000
     0.013611559     0.078126638      -1.0000000      -1.0000000      -1.0000000
      -1.0000000      -1.0000000      -1.0000000      -1.0000000      -1.0000000
      -1.0000000
       0.0000000       73.000000       1.6042346      -1.0000000       120127.00
       1.2311289      0.99610937      -1.0000000      -1.0000000      -1.0000000
      -1.0000000      -1.0000000      -1.0000000       108.53668       4.7172275
       34.911854
       0.0000000       72.000000       1.6666696      -1.0000000       113456.00
       1.1654646       1.1890128      -1.0000000      -1.0000000      -1.0000000
      -1.0000000      -1.0000000      -1.0000000       107.97967       5.0165339
       37.505306
       0.0000000       71.000000       1.7435706      -1.0000000       108717.00
       1.1138391       1.2687397      -1.0000000      -1.0000000      -1.0000000
      -1.0000000      -1.0000000      -1.0000000       119.37183       5.6969824
       180.60634
       0.0000000       70.000000       1.8226893      -1.0000000       104956.00
      0.99628657       1.3354797      -1.0000000      -1.0000000      -1.0000000
      -1.0000000      -1.0000000      -1.0000000       125.88897       5.8391690
       165.59868
       1.0000000       70.000000       1.8226893      -1.0000000       2.0000000
       0.0000000       0.0000000      -1.0000000      -1.0000000      -1.0000000
      -1.0000000      -1.0000000      -1.0000000      -1.0000000      -1.0000000
      -1.0000000
       0.0000000       69.000000       1.9040896      -1.0000000       119030.00
      0.90088385      0.92269558      -1.0000000      -1.0000000      -1.0000000
      -1.0000000      -1.0000000      -1.0000000       126.03297       5.2360888
       146.61862
       1.0000000       69.000000       1.9040896      -1.0000000       1.0000000
   0.00099156541     0.024742886      -1.0000000      -1.0000000      -1.0000000
      -1.0000000      -1.0000000      -1.0000000      -1.0000000      -1.0000000
      -1.0000000
       0.0000000       68.000000       2.0020282      -1.0000000       109783.00
      0.77129483       1.4594041      -1.0000000      -1.0000000      -1.0000000
      -1.0000000      -1.0000000      -1.0000000       117.47243       6.2196612
       149.92729
       0.0000000       67.000000       2.1032696      -1.0000000       102343.00
      0.66855133       1.4917113      -1.0000000      -1.0000000      -1.0000000
      -1.0000000      -1.0000000      -1.0000000       107.57336       6.8886714
       125.77596
       1.0000000       67.000000       2.1032696      -1.0000000       1.0000000
       0.0000000       0.0000000      -1.0000000      -1.0000000      -1.0000000
      -1.0000000      -1.0000000      -1.0000000      -1.0000000      -1.0000000
      -1.0000000
       0.0000000       66.000000       2.2079256      -1.0000000       95128.000
      0.54345709       1.8626368      -1.0000000      -1.0000000      -1.0000000
      -1.0000000      -1.0000000      -1.0000000       106.68008       7.8494964
       99.968979
       1.0000000       66.000000       2.2079256      -1.0000000       2.0000000
     0.040835764      0.28204659      -1.0000000      -1.0000000      -1.0000000
      -1.0000000      -1.0000000      -1.0000000      -1.0000000      -1.0000000
      -1.0000000
       0.0000000       65.000000       2.3161108      -1.0000000       111084.00
      0.49493611       2.0842443      -1.0000000      -1.0000000      -1.0000000
      -1.0000000      -1.0000000      -1.0000000       116.21437       8.7384129
       82.518646
       1.0000000       65.000000       2.3161108      -1.0000000       1.0000000
   0.00055185857    0.0016735481      -1.0000000      -1.0000000      -1.0000000
      -1.0000000      -1.0000000      -1.0000000      -1.0000000      -1.0000000
      -1.0000000
       0.0000000       64.000000       2.4442258      -1.0000000       103206.00
      0.35298780       1.2690805      -1.0000000      -1.0000000      -1.0000000
      -1.0000000      -1.0000000      -1.0000000       96.427162       5.6414919
       94.327332
       1.0000000       64.000000       2.4442258      -1.0000000       3.0000000
    0.0034077350    0.0023136397      -1.0000000      -1.0000000      -1.0000000
      -1.0000000      -1.0000000      -1.0000000      -1.0000000      -1.0000000
      -1.0000000
       0.0000000       63.000000       2.5772903      -1.0000000       91725.000
      0.29799566       1.0861431      -1.0000000      -1.0000000      -1.0000000
      -1.0000000      -1.0000000      -1.0000000       91.640762       4.6873164
       84.230850
       1.0000000       63.000000       2.5772903      -1.0000000       2.0000000
    0.0017314168    0.0070954286      -1.0000000      -1.0000000      -1.0000000
      -1.0000000      -1.0000000      -1.0000000      -1.0000000      -1.0000000
      -1.0000000
       0.0000000       62.000000       2.7331426      -1.0000000       122481.00
      0.23850669       1.0050995      -1.0000000      -1.0000000      -1.0000000
      -1.0000000      -1.0000000      -1.0000000       91.149483       4.6112680
       85.303474
       1.0000000       62.000000       2.7331426      -1.0000000       1.0000000
       0.0000000       0.0000000      -1.0000000      -1.0000000      -1.0000000
      -1.0000000      -1.0000000      -1.0000000      -1.0000000      -1.0000000
      -1.0000000
       0.0000000       61.000000       2.8957851      -1.0000000       113437.00
      0.18086174      0.92204034      -1.0000000      -1.0000000      -1.0000000
      -1.0000000      -1.0000000      -1.0000000       87.547279       4.1912460
       88.414948
       1.0000000       61.000000       2.8957851      -1.0000000       1.0000000
   0.00015957397       0.0000000      -1.0000000      -1.0000000      -1.0000000
      -1.0000000      -1.0000000      -1.0000000      -1.0000000      -1.0000000
      -1.0000000
       0.0000000       60.000000       3.0081310      -1.0000000       127783.00
      0.15999426      0.91251040      -1.0000000      -1.0000000      -1.0000000
      -1.0000000      -1.0000000      -1.0000000       86.634598       4.1909094
       85.422394
       1.0000000       60.000000       3.0081310      -1.0000000       2.0000000
   0.00019503353       0.0000000      -1.0000000      -1.0000000      -1.0000000
      -1.0000000      -1.0000000      -1.0000000      -1.0000000      -1.0000000
      -1.0000000
       0.0000000       59.000000       3.0848227      -1.0000000       123039.00
      0.14459281      0.73750997      -1.0000000      -1.0000000      -1.0000000
      -1.0000000      -1.0000000      -1.0000000       86.987144       3.5608640
       86.139122
       1.0000000       59.000000       3.0848227      -1.0000000       1.0000000
   0.00063522666       0.0000000      -1.0000000      -1.0000000      -1.0000000
      -1.0000000      -1.0000000      -1.0000000      -1.0000000      -1.0000000
      -1.0000000
       0.0000000       58.000000       3.2830331      -1.0000000       111250.00
      0.11354591      0.67664194      -1.0000000      -1.0000000      -1.0000000
      -1.0000000      -1.0000000      -1.0000000       88.859947       3.1683378
       85.540932
       0.0000000       57.000000       3.4908614      -1.0000000       103337.00
     0.092496157      0.60155189      -1.0000000      -1.0000000      -1.0000000
      -1.0000000      -1.0000000      -1.0000000       91.694649       3.3972340
       79.968971
       1.0000000       57.000000       3.4908614      -1.0000000       2.0000000
       0.0000000       0.0000000      -1.0000000      -1.0000000      -1.0000000
      -1.0000000      -1.0000000      -1.0000000      -1.0000000      -1.0000000
      -1.0000000
