       0.0000000       135.00000       0.0000000       2610.0000       457790.00
       2.1722903       4.7086058      0.52223480      0.76744187      0.66146016
      -204.63939       60.676250       215.23694       84.848824       19.863695
       51.317036
       0.0000000       134.00000    0.0095216669       2623.0000       455957.00
       2.1105905       4.5148463      0.49727884      0.70270270      0.60715574
      -209.24414       61.674503       214.02760       86.224930       18.573631
       50.695892
       1.0000000       134.00000    0.0095216669      -1.0000000       1.0000000
    0.0023303297     0.030665739      -1.0000000      -1.0000000      -1.0000000
      -1.0000000      -1.0000000      -1.0000000      -1.0000000      -1.0000000
      -1.0000000
       0.0000000       133.00000     0.023974428       2637.0000       452651.00
       2.0526271       4.5206213      0.51279587      0.70270270      0.69254279
      -229.40031       70.148483       201.40408       86.933235       17.622740
       51.855576
       1.0000000       133.00000     0.023974428      -1.0000000       2.0000000
    0.0093016801      0.15382540      -1.0000000      -1.0000000      -1.0000000
      -1.0000000      -1.0000000      -1.0000000      -1.0000000      -1.0000000
      -1.0000000
       0.0000000       132.00000     0.033724371       2628.0000       451453.00
       1.9998211       4.0470886      0.51883197      0.61764705      0.67754483
      -233.28079       69.413414       199.43855       85.131508       16.781385
       52.520828
       1.0000000       132.00000     0.033724371      -1.0000000       3.0000000
    0.0025216985      0.15055211      -1.0000000      -1.0000000      -1.0000000
      -1.0000000      -1.0000000      -1.0000000      -1.0000000      -1.0000000
      -1.0000000
       0.0000000       131.00000     0.048523631       2649.0000       448179.00
       1.9351957       3.6350214      0.54384172      0.75609756      0.71592891
      -236.68721       56.287910       210.32957       83.385712       16.280268
       53.761459
       1.0000000       131.00000     0.048523631      -1.0000000       1.0000000
    0.0016499677     0.044262208      -1.0000000      -1.0000000      -1.0000000
      -1.0000000      -1.0000000      -1.0000000      -1.0000000      -1.0000000
      -1.0000000
       0.0000000       130.00000     0.058507323       2648.0000       445396.00
       1.9334502       3.3732247      0.55613065      0.71794868      0.72294843
      -241.88982       62.409985       216.08232       82.365013       16.548433
       54.775917
       1.0000000       130.00000     0.058507323      -1.0000000       3.0000000
       0.0000000       0.0000000      -1.0000000      -1.0000000      -1.0000000
      -1.0000000      -1.0000000      -1.0000000      -1.0000000      -1.0000000
      -1.0000000
       0.0000000       129.00000     0.073661387       2647.0000       442440.00
       1.9177142       3.1051884      0.51223904      0.78723407      0.71423048
      -247.66338       76.461266       221.10574       82.799683       16.751900
       56.597351
       1.0000000       129.00000     0.073661387      -1.0000000       6.0000000
     0.013311913     0.052469148      -1.0000000      -1.0000000      -1.0000000
      -1.0000000      -1.0000000      -1.0000000      -1.0000000      -1.0000000
      -1.0000000
       0.0000000       128.00000     0.083884433       2614.0000       439373.00
       1.9089431       3.2903745      0.52964330      0.78260869      0.69869661
      -257.00870       82.742424       217.55602       83.628845       16.860531
       56.921768
       1.0000000       128.00000     0.083884433      -1.0000000       3.0000000
     0.023208376     0.049883904      -1.0000000      -1.0000000      -1.0000000
      -1.0000000      -1.0000000      -1.0000000      -1.0000000      -1.0000000
      -1.0000000
       0.0000000       127.00000     0.099401802       2647.0000       438092.00
       1.8821994       3.5195501      0.52458853      0.74418604      0.69506162
      -270.55194       83.689377       195.36198       84.077492       17.165819
       57.411877
       1.0000000       127.00000     0.099401802      -1.0000000       2.0000000
     0.010067947      0.24399953      -1.0000000      -1.0000000      -1.0000000
      -1.0000000      -1.0000000      -1.0000000      -1.0000000      -1.0000000
      -1.0000000
       0.0000000       126.00000      0.10986994       2629.0000       435664.00
       1.8805736       4.2994232      0.48011526      0.82352942      0.69207287
      -274.63263       70.527657       193.40659       83.448120       18.435064
       58.117462
       1.0000000       126.00000      0.10986994      -1.0000000       1.0000000
    0.0050339736      0.12199976      -1.0000000      -1.0000000      -1.0000000
      -1.0000000      -1.0000000      -1.0000000      -1.0000000      -1.0000000
      -1.0000000
       0.0000000       125.00000      0.12575933       2675.0000       434412.00
       1.7849690       3.8427842      0.49086708      0.66666663      0.61580223
      -261.30038       52.904701       198.86226       82.930244       16.667850
       57.865898
       1.0000000       125.00000      0.12575933      -1.0000000       2.0000000
     0.092351556      0.26682687      -1.0000000      -1.0000000      -1.0000000
      -1.0000000      -1.0000000      -1.0000000      -1.0000000      -1.0000000
      -1.0000000
       0.0000000       124.00000      0.14187621       2650.0000       430743.00
       1.8146700       3.4130707      0.53855217      0.62857145      0.70030814
      -247.99594       45.093468       221.58717       82.197273       16.394344
       57.340218
       1.0000000       124.00000      0.14187621      -1.0000000       1.0000000
    0.0027981459     0.076605290      -1.0000000      -1.0000000      -1.0000000
      -1.0000000      -1.0000000      -1.0000000      -1.0000000      -1.0000000
      -1.0000000
       0.0000000       123.00000      0.15274876       2640.0000       428636.00
       1.8252338       3.4016290      0.53639561      0.71794868      0.70775598
      -248.96776       57.896942       223.87772       82.915222       16.865677
       56.775105
       0.0000000       122.00000      0.16925204       2625.0000       425392.00
       1.8005491       3.8863299      0.51052725      0.73684210      0.72477150
      -256.52341       66.900452       212.52330       84.617249       17.886835
       55.791008
       1.0000000       122.00000      0.16925204      -1.0000000       1.0000000
    0.0027981459     0.076605290      -1.0000000      -1.0000000      -1.0000000
      -1.0000000      -1.0000000      -1.0000000      -1.0000000      -1.0000000
      -1.0000000
       0.0000000       121.00000      0.18038526       2659.0000       423400.00
       1.7605810       3.8619180      0.52495819      0.64705884      0.68199801
      -249.09555       60.366703       205.13843       85.323433       17.078442
       55.996807
       1.0000000       121.00000      0.18038526      -1.0000000       1.0000000
    0.0095740771     0.084681161      -1.0000000      -1.0000000      -1.0000000
      -1.0000000      -1.0000000      -1.0000000      -1.0000000      -1.0000000
      -1.0000000
       0.0000000       120.00000      0.19728418      -1.0000000       419319.00
      0.11037544     0.050423980      -1.0000000      -1.0000000      -1.0000000
      -1.0000000      -1.0000000      -1.0000000       44.055794      0.55988288
       3.8176460
       2.0000000       120.00000      0.19728418      0.90598536       120.00000
       1.5950606       4.2687664      0.52792215      0.65625000      0.69027489
      -310.26175       68.595985       231.27977      -239.20442      -21.659325
       179.39760
       2.0000000       120.00000      0.19728418      0.90598536       120.00000
       1.5950606       4.2687664      0.52792215      0.65625000      0.69027489
      -310.26175       68.595985       231.27977      -239.20442      -21.659325
       179.39760
       0.0000000       119.00000      0.21442504       2681.0000       417906.00
       1.5959618       4.0775928      0.48722357      0.65714288      0.63566464
      -231.79683       38.581432       189.60683       83.649353       16.451870
       58.666061
       0.0000000       118.00000      0.22598839       2813.0000       419237.00
       1.6222061       4.0361528      0.50802201      0.64705884      0.65385443
      -225.97765       43.139328       178.56261       83.761024       16.950844
       58.509361
       0.0000000       117.00000      0.24354018       2759.0000       414149.00
       1.5756426       3.6342916      0.51180643      0.61764705      0.64858085
      -232.91069       40.010994       181.78961       85.351395       15.432743
       61.590202
       0.0000000       116.00000      0.26134327      -1.0000000       401880.00
       1.5093935       3.4392977      -1.0000000      -1.0000000      -1.0000000
      -1.0000000      -1.0000000      -1.0000000       84.386375       15.052508
       65.443878
       0.0000000       115.00000      0.27335334      -1.0000000       399333.00
       1.5071617       3.2099442      -1.0000000      -1.0000000      -1.0000000
      -1.0000000      -1.0000000      -1.0000000       83.180725       15.324447
       66.948326
       2.0000000       115.00000      0.27335334       1.0583208       115.00000
       1.5950606       4.2687664      0.50757217      0.54285711      0.59358817
       76.382805      -22.859507       238.26489       1316.9557      -1632.7328
      -1100.8613
       0.0000000       114.00000      0.29158324      -1.0000000       396201.00
       1.4924387       2.9945767      -1.0000000      -1.0000000      -1.0000000
      -1.0000000      -1.0000000      -1.0000000       83.519836       14.912110
       68.000076
       1.0000000       114.00000      0.29158324      -1.0000000       1.0000000
    0.0032709797     0.038760100      -1.0000000      -1.0000000      -1.0000000
      -1.0000000      -1.0000000      -1.0000000      -1.0000000      -1.0000000
      -1.0000000
       0.0000000       113.00000      0.31007412      -1.0000000       393221.00
       1.4538878       3.1360307      -1.0000000      -1.0000000      -1.0000000
      -1.0000000      -1.0000000      -1.0000000       84.917084       14.527146
       68.862648
       1.0000000       113.00000      0.31007412      -1.0000000       2.0000000
   0.00037831382     0.011270406      -1.0000000      -1.0000000      -1.0000000
      -1.0000000      -1.0000000      -1.0000000      -1.0000000      -1.0000000
      -1.0000000
       0.0000000       112.00000      0.32882974      -1.0000000       388303.00
       1.4516485       3.2576554      -1.0000000      -1.0000000      -1.0000000
      -1.0000000      -1.0000000      -1.0000000       85.479492       15.290341
       69.698486
       0.0000000       111.00000      0.34785384      -1.0000000       385639.00
       1.3898301       3.1724966      -1.0000000      -1.0000000      -1.0000000
      -1.0000000      -1.0000000      -1.0000000       86.864899       14.408120
       68.245865
       1.0000000       111.00000      0.34785384      -1.0000000       2.0000000
       0.0000000       0.0000000      -1.0000000      -1.0000000      -1.0000000
      -1.0000000      -1.0000000      -1.0000000      -1.0000000      -1.0000000
      -1.0000000
       0.0000000       110.00000      0.36068764      -1.0000000       384463.00
       1.3552169       3.3500998      -1.0000000      -1.0000000      -1.0000000
      -1.0000000      -1.0000000      -1.0000000       86.191833       14.601684
       67.646187
       1.0000000       110.00000      0.36068764      -1.0000000       1.0000000
       0.0000000       0.0000000      -1.0000000      -1.0000000      -1.0000000
      -1.0000000      -1.0000000      -1.0000000      -1.0000000      -1.0000000
      -1.0000000
       0.0000000       109.00000      0.38016787      -1.0000000       382511.00
       1.3268343       3.1907878      -1.0000000      -1.0000000      -1.0000000
      -1.0000000      -1.0000000      -1.0000000       86.052406       14.636316
       68.111618
       0.0000000       108.00000      0.39992696      -1.0000000       382388.00
       1.3152194       3.3482876      -1.0000000      -1.0000000      -1.0000000
      -1.0000000      -1.0000000      -1.0000000       86.541306       14.573651
       67.303658
       1.0000000       108.00000      0.39992696      -1.0000000       2.0000000
   0.00028255608     0.014172892      -1.0000000      -1.0000000      -1.0000000
      -1.0000000      -1.0000000      -1.0000000      -1.0000000      -1.0000000
      -1.0000000
       0.0000000       107.00000      0.41996893      -1.0000000       378483.00
       1.2829360       3.6069775      -1.0000000      -1.0000000      -1.0000000
      -1.0000000      -1.0000000      -1.0000000       86.027649       15.133862
       68.110123
       0.0000000       106.00000      0.44029784      -1.0000000       374973.00
       1.2254349       3.0609915      -1.0000000      -1.0000000      -1.0000000
      -1.0000000      -1.0000000      -1.0000000       84.827789       13.631045
       68.966301
       1.0000000       106.00000      0.44029784      -1.0000000       1.0000000
   0.00028255608     0.014172892      -1.0000000      -1.0000000      -1.0000000
      -1.0000000      -1.0000000      -1.0000000      -1.0000000      -1.0000000
      -1.0000000
       0.0000000       105.00000      0.46091780      -1.0000000       373177.00
       1.1970013       2.8200948      -1.0000000      -1.0000000      -1.0000000
      -1.0000000      -1.0000000      -1.0000000       84.602844       13.601578
       69.429893
       1.0000000       105.00000      0.46091780      -1.0000000       3.0000000
     0.018934306      0.18009577      -1.0000000      -1.0000000      -1.0000000
      -1.0000000      -1.0000000      -1.0000000      -1.0000000      -1.0000000
      -1.0000000
       0.0000000       104.00000      0.48183295      -1.0000000       370515.00
       1.1263757       2.8899736      -1.0000000      -1.0000000      -1.0000000
      -1.0000000      -1.0000000      -1.0000000       84.807579       12.935102
       69.169426
       1.0000000       104.00000      0.48183295      -1.0000000       2.0000000
    0.0099407446      0.10993552      -1.0000000      -1.0000000      -1.0000000
      -1.0000000      -1.0000000      -1.0000000      -1.0000000      -1.0000000
      -1.0000000
       0.0000000       103.00000      0.50304753      -1.0000000       368789.00
       1.1384907       2.9041028      -1.0000000      -1.0000000      -1.0000000
      -1.0000000      -1.0000000      -1.0000000       84.693962       13.340868
       70.109642
       1.0000000       103.00000      0.50304753      -1.0000000       1.0000000
       0.0000000       0.0000000      -1.0000000      -1.0000000      -1.0000000
      -1.0000000      -1.0000000      -1.0000000      -1.0000000      -1.0000000
      -1.0000000
       0.0000000       102.00000      0.52456582      -1.0000000       366844.00
       1.1046147       2.8221388      -1.0000000      -1.0000000      -1.0000000
      -1.0000000      -1.0000000      -1.0000000       84.998589       12.912518
       71.332985
       0.0000000       101.00000      0.54639220      -1.0000000       365261.00
       1.0512484       2.8173821      -1.0000000      -1.0000000      -1.0000000
      -1.0000000      -1.0000000      -1.0000000       85.164062       12.275718
       73.249397
       0.0000000       100.00000      0.57598084      -1.0000000       363844.00
       1.0012281       2.8194578      -1.0000000      -1.0000000      -1.0000000
      -1.0000000      -1.0000000      -1.0000000       83.734360       12.382463
       74.385773
       1.0000000       100.00000      0.57598084      -1.0000000       1.0000000
       0.0000000       0.0000000      -1.0000000      -1.0000000      -1.0000000
      -1.0000000      -1.0000000      -1.0000000      -1.0000000      -1.0000000
      -1.0000000
       0.0000000       99.000000      0.59854329      -1.0000000       360992.00
      0.99966127       2.5527568      -1.0000000      -1.0000000      -1.0000000
      -1.0000000      -1.0000000      -1.0000000       83.579910       12.253854
       72.849693
       0.0000000       98.000000      0.62142873      -1.0000000       357835.00
      0.96012974       2.5734277      -1.0000000      -1.0000000      -1.0000000
      -1.0000000      -1.0000000      -1.0000000       84.679520       11.796601
       73.254166
       1.0000000       98.000000      0.62142873      -1.0000000       2.0000000
    0.0032335022    0.0079270871      -1.0000000      -1.0000000      -1.0000000
      -1.0000000      -1.0000000      -1.0000000      -1.0000000      -1.0000000
      -1.0000000
       0.0000000       97.000000      0.64464182      -1.0000000       356664.00
      0.94435227       2.8301752      -1.0000000      -1.0000000      -1.0000000
      -1.0000000      -1.0000000      -1.0000000       85.774216       11.983084
       73.910286
       0.0000000       96.000000      0.67611039      -1.0000000       353502.00
      0.90651071       2.9949467      -1.0000000      -1.0000000      -1.0000000
      -1.0000000      -1.0000000      -1.0000000       84.350693       12.248415
       72.698059
       1.0000000       96.000000      0.67611039      -1.0000000       2.0000000
     0.024216682      0.35677949      -1.0000000      -1.0000000      -1.0000000
      -1.0000000      -1.0000000      -1.0000000      -1.0000000      -1.0000000
      -1.0000000
       0.0000000       95.000000      0.70010638      -1.0000000       346865.00
      0.85929155       2.6154966      -1.0000000      -1.0000000      -1.0000000
      -1.0000000      -1.0000000      -1.0000000       83.842201       11.320097
       74.544884
       0.0000000       94.000000      0.73263615      -1.0000000       343258.00
      0.84001148       2.7862873      -1.0000000      -1.0000000      -1.0000000
      -1.0000000      -1.0000000      -1.0000000       84.814880       11.928783
       74.598068
       0.0000000       93.000000      0.75744140      -1.0000000       338602.00
      0.75665700       2.0787871      -1.0000000      -1.0000000      -1.0000000
      -1.0000000      -1.0000000      -1.0000000       85.387421       9.6004257
       74.454468
       1.0000000       93.000000      0.75744140      -1.0000000       1.0000000
    0.0016299781     0.040058710      -1.0000000      -1.0000000      -1.0000000
      -1.0000000      -1.0000000      -1.0000000      -1.0000000      -1.0000000
      -1.0000000
       0.0000000       92.000000      0.79106826      -1.0000000       333186.00
      0.69757301       2.9941258      -1.0000000      -1.0000000      -1.0000000
      -1.0000000      -1.0000000      -1.0000000       86.726273       12.597598
       72.379196
       2.0000000       92.000000      0.79106826      0.73992580       87.000000
      0.29966509       1.2796226      -1.0000000      -1.0000000      -1.0000000
      -1.0000000      -1.0000000      -1.0000000      -1.0000000      -1.0000000
      -1.0000000
       1.0000000       92.000000      0.79106826      -1.0000000       1.0000000
    0.0016299781     0.040058710      -1.0000000      -1.0000000      -1.0000000
      -1.0000000      -1.0000000      -1.0000000      -1.0000000      -1.0000000
      -1.0000000
       0.0000000       91.000000      0.81671000      -1.0000000       329954.00
      0.67806041       2.7000046      -1.0000000      -1.0000000      -1.0000000
      -1.0000000      -1.0000000      -1.0000000       90.037712       12.521303
       69.745415
       1.0000000       91.000000      0.81671000      -1.0000000       2.0000000
    0.0027929067     0.077460259      -1.0000000      -1.0000000      -1.0000000
      -1.0000000      -1.0000000      -1.0000000      -1.0000000      -1.0000000
      -1.0000000
       0.0000000       90.000000      0.85147089      -1.0000000       325933.00
      0.56268746       2.2798266      -1.0000000      -1.0000000      -1.0000000
      -1.0000000      -1.0000000      -1.0000000       93.094208       11.163427
       67.744644
       0.0000000       89.000000      0.88689691      -1.0000000       321544.00
      0.40499344       2.7779226      -1.0000000      -1.0000000      -1.0000000
      -1.0000000      -1.0000000      -1.0000000       92.505531       9.2316675
       71.525665
       0.0000000       88.000000      0.92300081      -1.0000000       321334.00
      0.34700504       1.9502019      -1.0000000      -1.0000000      -1.0000000
      -1.0000000      -1.0000000      -1.0000000       87.987038       7.7772732
       79.329613
       1.0000000       88.000000      0.92300081      -1.0000000       1.0000000
    0.0013964534     0.038730130      -1.0000000      -1.0000000      -1.0000000
      -1.0000000      -1.0000000      -1.0000000      -1.0000000      -1.0000000
      -1.0000000
       0.0000000       87.000000      0.95053136      -1.0000000       317950.00
      0.24715343      0.71046543      -1.0000000      -1.0000000      -1.0000000
      -1.0000000      -1.0000000      -1.0000000       64.422028       2.9374359
       14.890461
       1.0000000       87.000000      0.95053136      -1.0000000       2.0000000
    0.0012391768       0.0000000      -1.0000000      -1.0000000      -1.0000000
      -1.0000000      -1.0000000      -1.0000000      -1.0000000      -1.0000000
      -1.0000000
       0.0000000       86.000000      0.98785281      -1.0000000       313019.00
      0.21779229      0.63715804      -1.0000000      -1.0000000      -1.0000000
      -1.0000000      -1.0000000      -1.0000000       63.163914       2.5617092
       14.702411
       0.0000000       85.000000      0.99729425      -1.0000000       312272.00
      0.20557843      0.59410983      -1.0000000      -1.0000000      -1.0000000
      -1.0000000      -1.0000000      -1.0000000       62.028988       2.3417370
       13.740824
       0.0000000       84.000000       1.0355104      -1.0000000       304581.00
      0.27212697       1.4527034      -1.0000000      -1.0000000      -1.0000000
      -1.0000000      -1.0000000      -1.0000000       73.040932       5.3767891
       85.755127
       0.0000000       83.000000       1.0744579      -1.0000000       318383.00
      0.24893694       1.1928195      -1.0000000      -1.0000000      -1.0000000
      -1.0000000      -1.0000000      -1.0000000       70.886101       4.6772399
       82.579094
       0.0000000       82.000000       1.1141505      -1.0000000       322447.00
      0.23244002       1.3057334      -1.0000000      -1.0000000      -1.0000000
      -1.0000000      -1.0000000      -1.0000000       68.944519       4.6577864
       73.103821
       0.0000000       81.000000       1.1546028      -1.0000000       319205.00
      0.21923560       1.2168702      -1.0000000      -1.0000000      -1.0000000
      -1.0000000      -1.0000000      -1.0000000       68.190926       4.5726261
       67.659576
       0.0000000       80.000000       1.2062581      -1.0000000       311714.00
      0.21058097       1.1374156      -1.0000000      -1.0000000      -1.0000000
      -1.0000000      -1.0000000      -1.0000000       68.161720       4.7055883
       62.431538
       0.0000000       79.000000       1.2484726      -1.0000000       305940.00
      0.20502442       1.2168934      -1.0000000      -1.0000000      -1.0000000
      -1.0000000      -1.0000000      -1.0000000       69.396042       4.8127022
       63.503044
       1.0000000       79.000000       1.2484726      -1.0000000       1.0000000
    0.0018336424     0.012235833      -1.0000000      -1.0000000      -1.0000000
      -1.0000000      -1.0000000      -1.0000000      -1.0000000      -1.0000000
      -1.0000000
       0.0000000       78.000000       1.3023784      -1.0000000       278457.00
      0.18154448       1.3527290      -1.0000000      -1.0000000      -1.0000000
      -1.0000000      -1.0000000      -1.0000000       68.707581       4.6332140
       66.948021
       0.0000000       77.000000       1.3575766      -1.0000000       293047.00
      0.16143522       1.1413795      -1.0000000      -1.0000000      -1.0000000
      -1.0000000      -1.0000000      -1.0000000       69.679512       4.5752330
       65.392464
       0.0000000       76.000000       1.4140983      -1.0000000       266627.00
      0.14812644      0.99265248      -1.0000000      -1.0000000      -1.0000000
      -1.0000000      -1.0000000      -1.0000000       68.972168       3.8545616
       70.616562
       0.0000000       75.000000       1.4719748      -1.0000000       258887.00
      0.13565116       1.0806311      -1.0000000      -1.0000000      -1.0000000
      -1.0000000      -1.0000000      -1.0000000       66.985825       4.0954013
       70.954933
       1.0000000       75.000000       1.4719748      -1.0000000       1.0000000
   0.00057851180   0.00069891987      -1.0000000      -1.0000000      -1.0000000
      -1.0000000      -1.0000000      -1.0000000      -1.0000000      -1.0000000
      -1.0000000
       0.0000000       74.000000       1.5312390      -1.0000000       260778.00
      0.11794630      0.90428519      -1.0000000      -1.0000000      -1.0000000
      -1.0000000      -1.0000000      -1.0000000       65.048820       3.4592013
       78.220306
       1.0000000       74.000000       1.5312390      -1.0000000       1.0000000
   0.00057851180   0.00069891987      -1.0000000      -1.0000000      -1.0000000
      -1.0000000      -1.0000000      -1.0000000      -1.0000000      -1.0000000
      -1.0000000
       0.0000000       73.000000       1.6042346      -1.0000000       239383.00
      0.11147083      0.97373611      -1.0000000      -1.0000000      -1.0000000
      -1.0000000      -1.0000000      -1.0000000       62.583565       3.8810315
       83.829948
       1.0000000       73.000000       1.6042346      -1.0000000       2.0000000
       0.0000000       0.0000000      -1.0000000      -1.0000000      -1.0000000
      -1.0000000      -1.0000000      -1.0000000      -1.0000000      -1.0000000
      -1.0000000
       0.0000000       72.000000       1.6666696      -1.0000000       228003.00
      0.10100659      0.70214647      -1.0000000      -1.0000000      -1.0000000
      -1.0000000      -1.0000000      -1.0000000       62.815666       3.1831319
       89.167259
       0.0000000       71.000000       1.7435706      -1.0000000       215466.00
     0.094027132      0.77294320      -1.0000000      -1.0000000      -1.0000000
      -1.0000000      -1.0000000      -1.0000000       64.233810       3.7661300
       46.654778
       1.0000000       71.000000       1.7435706      -1.0000000       2.0000000
    0.0045567597     0.022535931      -1.0000000      -1.0000000      -1.0000000
      -1.0000000      -1.0000000      -1.0000000      -1.0000000      -1.0000000
      -1.0000000
       0.0000000       70.000000       1.8226893      -1.0000000       196596.00
     0.078408390      0.72459853      -1.0000000      -1.0000000      -1.0000000
      -1.0000000      -1.0000000      -1.0000000       65.403755       2.9957302
       37.882820
       1.0000000       70.000000       1.8226893      -1.0000000       1.0000000
    0.0035234306     0.013936631      -1.0000000      -1.0000000      -1.0000000
      -1.0000000      -1.0000000      -1.0000000      -1.0000000      -1.0000000
      -1.0000000
       0.0000000       69.000000       1.9040896      -1.0000000       186347.00
     0.067578144       1.1281163      -1.0000000      -1.0000000      -1.0000000
      -1.0000000      -1.0000000      -1.0000000       67.145401       3.8105257
       111.08880
       0.0000000       68.000000       2.0020282      -1.0000000       185720.00
     0.049356777      0.56916368      -1.0000000      -1.0000000      -1.0000000
      -1.0000000      -1.0000000      -1.0000000       64.699150       2.7298281
       97.379601
       1.0000000       68.000000       2.0020282      -1.0000000       2.0000000
   0.00039502335    0.0014608947      -1.0000000      -1.0000000      -1.0000000
      -1.0000000      -1.0000000      -1.0000000      -1.0000000      -1.0000000
      -1.0000000
       0.0000000       67.000000       2.1032696      -1.0000000       172109.00
     0.046472967      0.54181600      -1.0000000      -1.0000000      -1.0000000
      -1.0000000      -1.0000000      -1.0000000       66.185005       2.8536599
       73.448959
       1.0000000       67.000000       2.1032696      -1.0000000       2.0000000
   7.5577089e-05       0.0000000      -1.0000000      -1.0000000      -1.0000000
      -1.0000000      -1.0000000      -1.0000000      -1.0000000      -1.0000000
      -1.0000000
       0.0000000       66.000000       2.2079256      -1.0000000       155316.00
     0.036632910      0.62566257      -1.0000000      -1.0000000      -1.0000000
      -1.0000000      -1.0000000      -1.0000000       70.950783       2.7955229
       67.259735
       1.0000000       66.000000       2.2079256      -1.0000000       1.0000000
       0.0000000       0.0000000      -1.0000000      -1.0000000      -1.0000000
      -1.0000000      -1.0000000      -1.0000000      -1.0000000      -1.0000000
      -1.0000000
       0.0000000       65.000000       2.3161108      -1.0000000       161560.00
     0.025499217      0.48210171      -1.0000000      -1.0000000      -1.0000000
      -1.0000000      -1.0000000      -1.0000000       70.287804       2.0640302
       58.337761
       1.0000000       65.000000       2.3161108      -1.0000000       1.0000000
    0.0011594705     0.018750289      -1.0000000      -1.0000000      -1.0000000
      -1.0000000      -1.0000000      -1.0000000      -1.0000000      -1.0000000
      -1.0000000
       0.0000000       64.000000       2.4442258      -1.0000000       155125.00
     0.016731901      0.26339254      -1.0000000      -1.0000000      -1.0000000
      -1.0000000      -1.0000000      -1.0000000       56.445942       1.3230095
       70.746193
       1.0000000       64.000000       2.4442258      -1.0000000       3.0000000
   0.00027800494     0.012284384      -1.0000000      -1.0000000      -1.0000000
      -1.0000000      -1.0000000      -1.0000000      -1.0000000      -1.0000000
      -1.0000000
       0.0000000       63.000000       2.5772903      -1.0000000       227352.00
     0.015989957      0.26168263      -1.0000000      -1.0000000      -1.0000000
      -1.0000000      -1.0000000      -1.0000000       55.892586       1.3180525
       78.944611
       0.0000000       62.000000       2.7331426      -1.0000000       224833.00
     0.013764356      0.20930801      -1.0000000      -1.0000000      -1.0000000
      -1.0000000      -1.0000000      -1.0000000       51.413998       1.1331875
       61.747330
       0.0000000       61.000000       2.8957851      -1.0000000       208722.00
    0.0093199024      0.23031503      -1.0000000      -1.0000000      -1.0000000
      -1.0000000      -1.0000000      -1.0000000       51.578316       1.2580954
       55.290733
       1.0000000       61.000000       2.8957851      -1.0000000       1.0000000
   0.00057989510    0.0040474390      -1.0000000      -1.0000000      -1.0000000
      -1.0000000      -1.0000000      -1.0000000      -1.0000000      -1.0000000
      -1.0000000
