       0.0000000       135.00000       0.0000000       63.000000       207912.00
       6.8651853      0.49009708      0.58167678      0.64516127      0.68406552
       135.70958      -8.3532667      -167.33992       125.08710       19.124323
       69.880608
       0.0000000       134.00000    0.0095216669       63.000000       206775.00
       6.8616276      0.51494288      0.58140022      0.65625000      0.68696040
       137.24077      -9.6947403      -168.66260       124.78248       19.031546
       71.655998
       1.0000000       134.00000    0.0095216669      -1.0000000       1.0000000
   0.00016343217       0.0000000      -1.0000000      -1.0000000      -1.0000000
      -1.0000000      -1.0000000      -1.0000000      -1.0000000      -1.0000000
      -1.0000000
       0.0000000       133.00000     0.023974428       63.000000       204485.00
       6.8941498      0.57422799      0.58047694      0.64516127      0.68212676
       140.81339      -13.536972      -169.60075       123.44907       19.356819
       77.828583
       0.0000000       132.00000     0.033724371       64.000000       204249.00
       6.8716626      0.60884345      0.57942808      0.64516127      0.68303430
       140.94220      -13.559402      -171.95125       122.51621       19.396393
       81.420303
       1.0000000       132.00000     0.033724371      -1.0000000       1.0000000
   0.00068462960       0.0000000      -1.0000000      -1.0000000      -1.0000000
      -1.0000000      -1.0000000      -1.0000000      -1.0000000      -1.0000000
      -1.0000000
       0.0000000       131.00000     0.048523631       63.000000       198824.00
       6.8711715      0.61265272      0.58029610      0.64516127      0.69309753
       142.20671      -18.888561      -174.17709       121.56366       19.454714
       86.865982
       0.0000000       130.00000     0.058507323       61.000000       195870.00
       6.8644056      0.63104975      0.57793599      0.65625000      0.68141407
       143.51051      -19.680065      -175.79875       122.57244       19.438118
       84.021942
       0.0000000       129.00000     0.073661387       61.000000       191395.00
       6.8515511      0.64619654      0.58063120      0.65625000      0.67878783
       146.48875      -26.872391      -177.19978       121.52790       19.444077
       88.481277
       0.0000000       128.00000     0.083884433       61.000000       192491.00
       6.8742852      0.64850974      0.57841331      0.65625000      0.68788737
       146.85518      -27.888323      -178.94263       121.76077       19.386990
       88.875557
       0.0000000       127.00000     0.099401802       60.000000       188095.00
       6.8570776      0.71746254      0.57675040      0.61290324      0.68061417
       148.38301      -32.923336      -180.56448       120.96551       19.481279
       90.234291
       0.0000000       126.00000      0.10986994       60.000000       186933.00
       6.8503084      0.75377059      0.57785439      0.65625000      0.67432433
       145.47992      -33.702511      -185.18115       121.25519       19.442497
       90.025856
       1.0000000       126.00000      0.10986994      -1.0000000       1.0000000
   0.00035903469       0.0000000      -1.0000000      -1.0000000      -1.0000000
      -1.0000000      -1.0000000      -1.0000000      -1.0000000      -1.0000000
      -1.0000000
       0.0000000       125.00000      0.12575933       852.00000       358716.00
       6.8713341      0.69521010      0.57611430      0.66666669      0.69129217
       148.77888      -32.892704      -188.41003       118.83904       19.631603
       103.71159
       0.0000000       124.00000      0.14187621       902.00000       359191.00
       6.8356924      0.74939430      0.57853317      0.65625000      0.68048877
       156.66763      -38.390385      -184.77594       118.61183       19.386415
       103.81840
       0.0000000       123.00000      0.15274876       905.00000       357694.00
       6.8438153      0.70107841      0.57683820      0.65625000      0.68152648
       160.25885      -42.604820      -183.68867       118.80704       19.304234
       103.34288
       0.0000000       122.00000      0.16925204       930.00000       356114.00
       6.8370790      0.77090675      0.57808161      0.64516127      0.68043792
       165.92554      -45.088291      -182.03296       119.36858       19.473122
       103.12524
       0.0000000       121.00000      0.18038526       915.00000       351856.00
       6.8283849      0.72470403      0.57831770      0.65625000      0.68423736
       171.80345      -48.143692      -178.20798       119.94756       19.309834
       102.21478
       0.0000000       120.00000      0.19728418       1096.0000       360964.00
       6.8127337      0.79024780      0.57546777      0.64516127      0.67509890
       178.00038      -58.424622      -173.73547       121.22619       19.408472
       100.53041
       0.0000000       119.00000      0.21442504       1106.0000       358721.00
       6.8404412      0.78274167      0.57578921      0.64516127      0.68203521
       181.94589      -69.216904      -170.85625       121.94069       19.593328
       100.52314
       0.0000000       118.00000      0.22598839       1069.0000       354379.00
       6.8415375      0.73681486      0.58076268      0.66666669      0.68190128
       181.98842      -77.635895      -170.54559       122.06465       19.395687
       101.47572
       0.0000000       117.00000      0.24354018       1132.0000       353796.00
       6.8688149      0.67439300      0.57717681      0.65625000      0.67938846
       183.59489      -83.710342      -170.32893       123.10326       19.527132
       99.654114
       0.0000000       116.00000      0.26134327       1100.0000       348501.00
       6.8379216      0.57307726      0.57600868      0.65625000      0.68845123
       189.41617      -94.585762      -165.32391       124.07949       19.314133
       99.978851
       0.0000000       115.00000      0.27335334       1125.0000       347270.00
       6.8602443      0.58547652      0.58147889      0.65625000      0.68949360
       190.89145      -106.95026      -160.70560       125.30296       19.353241
       98.237091
       0.0000000       114.00000      0.29158324       1156.0000       345733.00
       6.8708067      0.64086777      0.57682359      0.66666669      0.68316317
       189.99886      -123.40340      -156.06183       126.84417       19.409800
       96.150970
       0.0000000       113.00000      0.31007412       1168.0000       343221.00
       6.8846903      0.67184061      0.57937282      0.65625000      0.70309675
       184.43997      -139.03548      -156.99594       128.15327       19.484716
       95.123962
       0.0000000       112.00000      0.32882974       1173.0000       338337.00
       6.8326445      0.83419883      0.57893443      0.65625000      0.69317347
       177.86639      -151.82408      -161.43164       129.63046       19.310701
       93.730385
       0.0000000       111.00000      0.34785384       1081.0000       329754.00
       6.9084525       1.4856256      0.57978857      0.64516127      0.68349028
       167.09389      -163.15175      -168.42041       131.37300       20.508080
       93.305115
       0.0000000       110.00000      0.36068764       1073.0000       327404.00
       6.8662214       1.6638112      0.57772940      0.65625000      0.68624461
       157.17972      -163.70396      -179.63316       131.57567       20.603769
       93.294991
       0.0000000       109.00000      0.38016787       1088.0000       324615.00
       6.7760735       1.3655411      0.57526964      0.66666669      0.69847620
       160.51872      -166.33342      -176.99203       129.88762       19.844440
       95.704720
       1.0000000       109.00000      0.38016787      -1.0000000       1.0000000
    0.0037830148     0.061495092      -1.0000000      -1.0000000      -1.0000000
      -1.0000000      -1.0000000      -1.0000000      -1.0000000      -1.0000000
      -1.0000000
       0.0000000       108.00000      0.39992696       1087.0000       322220.00
       6.7862258       1.3602632      0.58022135      0.66666669      0.68028510
       159.71910      -171.91667      -178.05157       127.45781       20.063969
       98.619743
       1.0000000       108.00000      0.39992696      -1.0000000       1.0000000
       0.0000000       0.0000000      -1.0000000      -1.0000000      -1.0000000
      -1.0000000      -1.0000000      -1.0000000      -1.0000000      -1.0000000
      -1.0000000
       0.0000000       107.00000      0.41996893       1105.0000       319316.00
       6.7554698       1.4499348      0.57754421      0.65625000      0.68106443
       162.91051      -170.93329      -179.97791       126.39861       19.929323
       99.808701
       0.0000000       106.00000      0.44029784       1070.0000       314320.00
       6.7070851       1.5295684      0.57397920      0.65625000      0.68723732
       153.28203      -174.78061      -185.72664       125.73036       19.989258
       101.38647
       0.0000000       105.00000      0.46091780       1114.0000       312937.00
       6.6562052       1.4237782      0.57310116      0.67647058      0.69324434
       136.19617      -178.73692      -198.00307       125.16032       19.685959
       102.29772
       1.0000000       105.00000      0.46091780      -1.0000000       1.0000000
       0.0000000       0.0000000      -1.0000000      -1.0000000      -1.0000000
      -1.0000000      -1.0000000      -1.0000000      -1.0000000      -1.0000000
      -1.0000000
       0.0000000       104.00000      0.48183295       1123.0000       309386.00
       6.6519456       1.3806990      0.57300192      0.66666669      0.67848408
       128.04996      -173.37421      -212.08734       124.95601       19.622808
       102.57883
       0.0000000       103.00000      0.50304753       1121.0000       304623.00
       6.6234164       1.4560738      0.57124072      0.66666663      0.67852461
       122.67451      -164.32425      -223.56047       124.39367       19.580654
       104.40814
       0.0000000       102.00000      0.52456582       1129.0000       302100.00
       6.6164737       1.2608860      0.56844962      0.66666669      0.69367325
       130.27744      -160.84081      -226.40077       124.20387       19.258228
       104.73274
       1.0000000       102.00000      0.52456582      -1.0000000       1.0000000
   0.00021875034     0.017316796      -1.0000000      -1.0000000      -1.0000000
      -1.0000000      -1.0000000      -1.0000000      -1.0000000      -1.0000000
      -1.0000000
       0.0000000       101.00000      0.54639220       1192.0000       302521.00
       6.5885830       1.0767092      0.56590891      0.66666663      0.68561810
       131.42535      -167.93823      -223.64906       124.61392       19.138166
       104.09947
       0.0000000       100.00000      0.57598084       1210.0000       299680.00
       6.5712681       1.0084566      0.56846601      0.64705884      0.68427819
       123.07849      -180.15439      -225.65248       125.68826       18.749416
       102.15450
       0.0000000       99.000000      0.59854329       1236.0000       296499.00
       6.5953941       1.0871004      0.56565970      0.70270270      0.69700265
       112.34911      -179.96138      -235.44333       127.64431       18.992430
       99.112076
       0.0000000       98.000000      0.62142873       1232.0000       292767.00
       6.6093831       1.3154178      0.56034040      0.65625000      0.68501425
       104.80965      -182.50078      -245.02118       130.04672       19.541588
       97.099632
       0.0000000       97.000000      0.64464182       1173.0000       286479.00
       6.6073456       1.7984704      0.56777483      0.70270270      0.69484562
       99.882362      -170.59689      -260.35178       130.79665       20.009426
       98.044518
       0.0000000       96.000000      0.67611039       1176.0000       283031.00
       6.4689627       1.9624507      0.55860376      0.70270270      0.69191605
       116.75568      -141.49078      -267.19537       131.22667       19.783798
       96.554054
       1.0000000       96.000000      0.67611039      -1.0000000       1.0000000
    0.0027456314     0.050544031      -1.0000000      -1.0000000      -1.0000000
      -1.0000000      -1.0000000      -1.0000000      -1.0000000      -1.0000000
      -1.0000000
       0.0000000       95.000000      0.70010638       1179.0000       279689.00
       6.4284396       2.3333480      0.56329501      0.71794868      0.70371383
       126.06146      -148.69867      -262.04626       132.90170       20.223068
       95.606407
       1.0000000       95.000000      0.70010638      -1.0000000       1.0000000
     0.013552635       0.0000000      -1.0000000      -1.0000000      -1.0000000
      -1.0000000      -1.0000000      -1.0000000      -1.0000000      -1.0000000
      -1.0000000
       0.0000000       94.000000      0.73263615       1202.0000       277253.00
       6.2858143       2.1270049      0.56317437      0.69444442      0.69657981
       152.00269      -141.62233      -250.47314       132.88727       19.778788
       95.174278
       1.0000000       94.000000      0.73263615      -1.0000000       2.0000000
      0.13515528      0.47532727      -1.0000000      -1.0000000      -1.0000000
      -1.0000000      -1.0000000      -1.0000000      -1.0000000      -1.0000000
      -1.0000000
       0.0000000       93.000000      0.75744140       1212.0000       273185.00
       6.1559110       2.2376485      0.56116724      0.65714288      0.65636599
       125.37712      -154.21742      -258.13330       132.95747       19.575317
       95.507278
       0.0000000       92.000000      0.79106826       1203.0000       266806.00
       6.0472727       2.0982573      0.56458980      0.65714288      0.65266985
       105.88597      -113.29847      -287.35379       132.89882       19.317186
       98.424568
       1.0000000       92.000000      0.79106826      -1.0000000       1.0000000
   0.00047456202       0.0000000      -1.0000000      -1.0000000      -1.0000000
      -1.0000000      -1.0000000      -1.0000000      -1.0000000      -1.0000000
      -1.0000000
       0.0000000       91.000000      0.81671000       1222.0000       264698.00
       5.9641452       2.0927031      0.56003058      0.60606062      0.62612075
       120.85199      -83.630203      -285.67676       131.98961       18.758753
       99.675644
       1.0000000       91.000000      0.81671000      -1.0000000       1.0000000
     0.021493686     0.055821326      -1.0000000      -1.0000000      -1.0000000
      -1.0000000      -1.0000000      -1.0000000      -1.0000000      -1.0000000
      -1.0000000
       0.0000000       90.000000      0.85147089       1213.0000       259619.00
       5.8262167       1.9677539      0.55788130      0.59375006      0.64173359
       155.57825      -55.539421      -270.73108       130.95067       18.383036
       103.63457
       0.0000000       89.000000      0.88689691       1193.0000       254635.00
       5.7522850       1.9076003      0.55048126      0.67567563      0.64679575
       190.60065      -59.927944      -240.09488       130.74733       18.335264
       106.59975
       0.0000000       88.000000      0.92300081       1315.0000       256313.00
       5.6593251       2.2082005      0.55240011      0.65714288      0.63533056
       225.26627      -72.401428      -202.43336       131.25980       18.378044
       108.52806
       1.0000000       88.000000      0.92300081      -1.0000000       2.0000000
   0.00024153790       0.0000000      -1.0000000      -1.0000000      -1.0000000
      -1.0000000      -1.0000000      -1.0000000      -1.0000000      -1.0000000
      -1.0000000
       0.0000000       87.000000      0.95053136       1309.0000       252747.00
       5.5121922       2.2908778      0.55594450      0.66666663      0.65200621
       256.56546      -88.838554      -167.77599       131.60730       17.657038
       110.08755
       0.0000000       86.000000      0.98785281       1312.0000       247847.00
       5.3497620       1.9409697      0.53904897      0.62857145      0.63876104
       279.77585      -107.26292      -98.898811       132.94159       16.940382
       109.56836
       0.0000000       85.000000      0.99729425       1322.0000       247202.00
       5.4042997       1.9137851      0.53710097      0.67567563      0.64133942
       285.88443      -111.31181      -81.273903       133.55397       17.400454
       108.52567
       0.0000000       84.000000       1.0355104       1321.0000       242255.00
       5.3485599       1.5049587      0.55618382      0.75000000      0.70061505
       307.22278      -134.33881      -28.506050       137.12183       17.151209
       102.67764
       0.0000000       83.000000       1.0744579       1324.0000       236854.00
       5.4227748       1.6233606      0.55862898      0.70967740      0.70134264
       311.39352      -144.61230       20.984838       143.60925       17.620977
       95.420265
       0.0000000       82.000000       1.1141505       1269.0000       227455.00
       5.3949566       1.6141244      0.56379098      0.66666669      0.65297765
       309.40042      -168.09038       37.355640       148.52592       18.974777
       88.062477
       1.0000000       82.000000       1.1141505      -1.0000000       3.0000000
   0.00062959632       0.0000000      -1.0000000      -1.0000000      -1.0000000
      -1.0000000      -1.0000000      -1.0000000      -1.0000000      -1.0000000
      -1.0000000
       0.0000000       81.000000       1.1546028       1184.0000       218204.00
       5.2216396       3.2838848      0.55728632      0.65517241      0.65567577
       292.21033      -178.07944       48.105816       141.03047       18.806961
       96.470978
       1.0000000       81.000000       1.1546028      -1.0000000       1.0000000
    0.0033893622     0.028836546      -1.0000000      -1.0000000      -1.0000000
      -1.0000000      -1.0000000      -1.0000000      -1.0000000      -1.0000000
      -1.0000000
       0.0000000       80.000000       1.2062581       1187.0000       210841.00
       4.9294963       3.4469328      0.55187422      0.70588237      0.66032445
       255.63966      -205.50620      -64.354477       138.25423       18.099007
       98.384064
       1.0000000       80.000000       1.2062581      -1.0000000       1.0000000
       0.0000000       0.0000000      -1.0000000      -1.0000000      -1.0000000
      -1.0000000      -1.0000000      -1.0000000      -1.0000000      -1.0000000
      -1.0000000
       0.0000000       79.000000       1.2484726       1184.0000       206551.00
       4.7793159       2.9686728      0.53927082      0.66666669      0.65123439
       269.42603      -159.03941      -80.286072       134.79388       17.851812
       101.46567
       1.0000000       79.000000       1.2484726      -1.0000000       1.0000000
    0.0051266197     0.067395188      -1.0000000      -1.0000000      -1.0000000
      -1.0000000      -1.0000000      -1.0000000      -1.0000000      -1.0000000
      -1.0000000
       0.0000000       78.000000       1.3023784       1176.0000       199790.00
       4.6049142       2.5480144      0.53263593      0.64516127      0.61078823
       266.84869      -139.03656      -102.77543       133.04025       17.065540
       101.79623
       1.0000000       78.000000       1.3023784      -1.0000000       3.0000000
       0.0000000       0.0000000      -1.0000000      -1.0000000      -1.0000000
      -1.0000000      -1.0000000      -1.0000000      -1.0000000      -1.0000000
      -1.0000000
       0.0000000       77.000000       1.3575766       1279.0000       199040.00
       4.4403419       2.3179326      0.52368814      0.68571424      0.60444182
       225.73660      -154.40709      -119.97192       136.27032       16.669474
       99.077538
       1.0000000       77.000000       1.3575766      -1.0000000       3.0000000
     0.051729645      0.24400373      -1.0000000      -1.0000000      -1.0000000
      -1.0000000      -1.0000000      -1.0000000      -1.0000000      -1.0000000
      -1.0000000
       0.0000000       76.000000       1.4140983       1262.0000       191978.00
       4.2239995       2.3415663      0.51358271      0.67567563      0.62572801
       213.92876      -115.24384      -147.45314       137.68083       15.922329
       98.983017
       1.0000000       76.000000       1.4140983      -1.0000000       5.0000000
     0.065505767      0.34215030      -1.0000000      -1.0000000      -1.0000000
      -1.0000000      -1.0000000      -1.0000000      -1.0000000      -1.0000000
      -1.0000000
       0.0000000       75.000000       1.4719748       1270.0000       185671.00
       4.0027833       3.0741925      0.51498646      0.67567563      0.60675704
       216.68944      -80.211319      -159.77773       135.69028       15.739007
       101.91026
       1.0000000       75.000000       1.4719748      -1.0000000       6.0000000
    0.0073979811      0.20513315      -1.0000000      -1.0000000      -1.0000000
      -1.0000000      -1.0000000      -1.0000000      -1.0000000      -1.0000000
      -1.0000000
       0.0000000       74.000000       1.5312390       1260.0000       180407.00
       3.7783198       2.5341072      0.51684487      0.62500000      0.56161886
       177.41386      -75.242981      -190.07552       134.03152       14.513320
       104.66489
       1.0000000       74.000000       1.5312390      -1.0000000       2.0000000
   0.00051900950     0.091600357      -1.0000000      -1.0000000      -1.0000000
      -1.0000000      -1.0000000      -1.0000000      -1.0000000      -1.0000000
      -1.0000000
       0.0000000       73.000000       1.6042346       1216.0000       170344.00
       3.6208329       2.3993211      0.49809304      0.61290324      0.55888879
       140.13907      -4.5580707      -206.47742       134.28003       14.153870
       105.95110
       1.0000000       73.000000       1.6042346      -1.0000000       2.0000000
    0.0012782798     0.057300989      -1.0000000      -1.0000000      -1.0000000
      -1.0000000      -1.0000000      -1.0000000      -1.0000000      -1.0000000
      -1.0000000
       0.0000000       72.000000       1.6666696       1154.0000       161336.00
       3.4681058       2.3690944      0.43507478      0.64705884      0.51278102
       142.62320       26.252354      -152.98595       133.73051       13.780942
       106.20681
       0.0000000       71.000000       1.7435706       967.00000       143340.00
       3.3159213       3.3136463      0.46263292      0.67647058      0.56506562
       153.74940       1.4424446      -135.92610       133.91748       14.382189
       110.01321
       1.0000000       71.000000       1.7435706      -1.0000000       5.0000000
    0.0099086481      0.35786024      -1.0000000      -1.0000000      -1.0000000
      -1.0000000      -1.0000000      -1.0000000      -1.0000000      -1.0000000
      -1.0000000
       0.0000000       70.000000       1.8226893       966.00000       136999.00
       3.0321453       2.2072101      0.45000982      0.72972977      0.53053653
       129.59410      -55.760582      -112.57025       128.81940       12.335464
       120.19033
       1.0000000       70.000000       1.8226893      -1.0000000       4.0000000
    0.0044596188      0.15814734      -1.0000000      -1.0000000      -1.0000000
      -1.0000000      -1.0000000      -1.0000000      -1.0000000      -1.0000000
      -1.0000000
       0.0000000       69.000000       1.9040896       922.00000       128706.00
       2.8587112       2.4395559      0.43648535      0.62857145      0.47496799
       111.98013      -46.991375      -91.708618       131.63811       12.399265
       124.64489
       1.0000000       69.000000       1.9040896      -1.0000000       2.0000000
   0.00053488014     0.032596236      -1.0000000      -1.0000000      -1.0000000
      -1.0000000      -1.0000000      -1.0000000      -1.0000000      -1.0000000
      -1.0000000
       0.0000000       68.000000       2.0020282       866.00000       117275.00
       2.4402657       2.3159142      0.41150245      0.50000000      0.34213778
       74.295876      -35.460148      -66.958389       137.32448       10.617005
       127.33810
       1.0000000       68.000000       2.0020282      -1.0000000       4.0000000
     0.030211955      0.11705889      -1.0000000      -1.0000000      -1.0000000
      -1.0000000      -1.0000000      -1.0000000      -1.0000000      -1.0000000
      -1.0000000
       0.0000000       67.000000       2.1032696       775.00000       105099.00
       1.9685606       1.8182304      0.37519768      0.37500006      0.27072123
       45.158325      -29.030008      -25.199690       139.93686       7.9751778
       139.20729
       1.0000000       67.000000       2.1032696      -1.0000000       2.0000000
   0.00029856205       0.0000000      -1.0000000      -1.0000000      -1.0000000
      -1.0000000      -1.0000000      -1.0000000      -1.0000000      -1.0000000
      -1.0000000
       0.0000000       66.000000       2.2079256       701.00000       93848.000
       1.7006297       1.6185660      0.31067017      0.25806451      0.23087099
       21.876133      -19.067610      -29.638170       143.64345       7.6712055
       149.45312
       1.0000000       66.000000       2.2079256      -1.0000000       2.0000000
     0.012412813      0.11176792      -1.0000000      -1.0000000      -1.0000000
      -1.0000000      -1.0000000      -1.0000000      -1.0000000      -1.0000000
      -1.0000000
       0.0000000       65.000000       2.3161108       694.00000       86471.000
       1.3490906      0.69712079      0.51192319      0.26666665      0.52813351
      -45.380939      -90.477135      -68.112160       145.93579       4.2351937
       141.57237
       1.0000000       65.000000       2.3161108      -1.0000000       5.0000000
      0.20472587      0.30512866      -1.0000000      -1.0000000      -1.0000000
      -1.0000000      -1.0000000      -1.0000000      -1.0000000      -1.0000000
      -1.0000000
       0.0000000       64.000000       2.4442258       703.00000       80599.000
       1.1714458       1.1835724      0.50806153      0.51351351      0.60592222
      -111.92665      -104.03720       6.2268586       164.43512       4.7637968
       112.05624
       1.0000000       64.000000       2.4442258      -1.0000000       3.0000000
   0.00086369779     0.026792409      -1.0000000      -1.0000000      -1.0000000
      -1.0000000      -1.0000000      -1.0000000      -1.0000000      -1.0000000
      -1.0000000
       0.0000000       63.000000       2.5772903      -1.0000000       73061.000
      0.84341782       1.3586390      -1.0000000      -1.0000000      -1.0000000
      -1.0000000      -1.0000000      -1.0000000       161.02719       4.8550086
       115.48491
       1.0000000       63.000000       2.5772903      -1.0000000       11.000000
     0.019926129      0.38290066      -1.0000000      -1.0000000      -1.0000000
      -1.0000000      -1.0000000      -1.0000000      -1.0000000      -1.0000000
      -1.0000000
       0.0000000       62.000000       2.7331426      -1.0000000       66419.000
      0.58133537       1.1357062      -1.0000000      -1.0000000      -1.0000000
      -1.0000000      -1.0000000      -1.0000000       126.31313       4.3649077
       137.59969
       1.0000000       62.000000       2.7331426      -1.0000000       8.0000000
     0.037933645      0.31116827      -1.0000000      -1.0000000      -1.0000000
      -1.0000000      -1.0000000      -1.0000000      -1.0000000      -1.0000000
      -1.0000000
       0.0000000       61.000000       2.8957851      -1.0000000       57570.000
      0.47066346      0.75784242      -1.0000000      -1.0000000      -1.0000000
      -1.0000000      -1.0000000      -1.0000000       112.82223       3.8710620
       139.56551
       1.0000000       61.000000       2.8957851      -1.0000000       3.0000000
    0.0070200767     0.098097470      -1.0000000      -1.0000000      -1.0000000
      -1.0000000      -1.0000000      -1.0000000      -1.0000000      -1.0000000
      -1.0000000
       0.0000000       60.000000       3.0081310      -1.0000000       53304.000
      0.41817701      0.98266304      -1.0000000      -1.0000000      -1.0000000
      -1.0000000      -1.0000000      -1.0000000       112.11610       4.3908014
       124.77436
       1.0000000       60.000000       3.0081310      -1.0000000       3.0000000
   0.00098972587   0.00035934256      -1.0000000      -1.0000000      -1.0000000
      -1.0000000      -1.0000000      -1.0000000      -1.0000000      -1.0000000
      -1.0000000
       0.0000000       59.000000       3.0848227      -1.0000000       67733.000
      0.39558104      0.97310358      -1.0000000      -1.0000000      -1.0000000
      -1.0000000      -1.0000000      -1.0000000       113.62582       4.6090789
       105.33188
       0.0000000       58.000000       3.2830331      -1.0000000       62646.000
      0.29399145      0.82704276      -1.0000000      -1.0000000      -1.0000000
      -1.0000000      -1.0000000      -1.0000000       108.88626       4.2447987
       111.38354
       1.0000000       58.000000       3.2830331      -1.0000000       6.0000000
    0.0017553099    0.0049510496      -1.0000000      -1.0000000      -1.0000000
      -1.0000000      -1.0000000      -1.0000000      -1.0000000      -1.0000000
      -1.0000000
       0.0000000       57.000000       3.4908614      -1.0000000       54564.000
      0.24220879      0.83077013      -1.0000000      -1.0000000      -1.0000000
      -1.0000000      -1.0000000      -1.0000000       108.50605       4.1095047
       106.06518
       1.0000000       57.000000       3.4908614      -1.0000000       3.0000000
    0.0042416076     0.049065657      -1.0000000      -1.0000000      -1.0000000
      -1.0000000      -1.0000000      -1.0000000      -1.0000000      -1.0000000
      -1.0000000
