       0.0000000       135.00000       0.0000000       2828.0000       463136.00
       2.0086231       2.3802609      0.53865957      0.65789473      0.67366004
       116.35939      -140.72011       152.81844       80.811699       12.754437
       58.645226
       0.0000000       134.00000    0.0095216669       2819.0000       460765.00
       1.9532176       2.1549964      0.54419816      0.69047618      0.65709579
       109.11623      -136.88661       160.26219       81.159927       12.188187
       58.326824
       0.0000000       133.00000     0.023974428       2893.0000       458812.00
       1.9824066       2.6062155      0.52401555      0.62857145      0.66011113
       104.59455      -143.78334       163.31456       82.298470       13.763321
       57.744034
       0.0000000       132.00000     0.033724371       2891.0000       457816.00
       1.9403058       2.8789446      0.54603493      0.56250006      0.64297348
       98.524338      -159.72171       157.32559       84.321564       13.061428
       58.813511
       0.0000000       131.00000     0.048523631       2919.0000       454843.00
       1.8492116       3.3717954      0.53940976      0.65853655      0.68090993
       98.501205      -171.65086       127.57616       83.289886       13.531448
       58.566132
       0.0000000       130.00000     0.058507323       2906.0000       451778.00
       1.8249069       2.9645240      0.52956402      0.61111116      0.65882784
       115.80110      -170.30569       112.10838       82.715752       13.271472
       59.004150
       1.0000000       130.00000     0.058507323      -1.0000000       1.0000000
   9.9860299e-05    0.0068377783      -1.0000000      -1.0000000      -1.0000000
      -1.0000000      -1.0000000      -1.0000000      -1.0000000      -1.0000000
      -1.0000000
       0.0000000       129.00000     0.073661387       2912.0000       449105.00
       1.7666693       2.6711676      0.53172833      0.56250006      0.63524497
       134.57086      -161.23790       98.978508       83.318230       12.292352
       60.049496
       0.0000000       128.00000     0.083884433       2922.0000       446967.00
       1.7384866       2.6992269      0.52218896      0.70731705      0.68026316
       147.07507      -146.62859       103.91447       82.799332       12.837711
       60.177933
       0.0000000       127.00000     0.099401802       2954.0000       445716.00
       1.7057022       2.1425338      0.50932431      0.65789473      0.64115930
       146.48178      -136.17105       103.46133       84.116241       11.868712
       59.645603
       1.0000000       127.00000     0.099401802      -1.0000000       1.0000000
   0.00026952184     0.023837423      -1.0000000      -1.0000000      -1.0000000
      -1.0000000      -1.0000000      -1.0000000      -1.0000000      -1.0000000
      -1.0000000
       0.0000000       126.00000      0.10986994       2992.0000       444459.00
       1.7121563       2.3803527      0.48792470      0.62857145      0.59064490
       151.31372      -129.20416       113.66446       85.849304       12.595217
       59.510632
       0.0000000       125.00000      0.12575933       3012.0000       442463.00
       1.6221912       2.6884053      0.50159109      0.64864868      0.63091213
       145.74988      -120.25421       110.20850       86.954239       12.229617
       59.895660
       1.0000000       125.00000      0.12575933      -1.0000000       1.0000000
       0.0000000       0.0000000      -1.0000000      -1.0000000      -1.0000000
      -1.0000000      -1.0000000      -1.0000000      -1.0000000      -1.0000000
      -1.0000000
       0.0000000       124.00000      0.14187621       3046.0000       440137.00
       1.6125255       2.4421527      0.48690873      0.65853655      0.61840326
       143.82103      -123.60785       113.16071       86.472252       12.151560
       59.281158
       0.0000000       123.00000      0.15274876      -1.0000000       438174.00
       1.5817884       2.5041850      -1.0000000      -1.0000000      -1.0000000
      -1.0000000      -1.0000000      -1.0000000       86.263191       11.976810
       59.638988
       0.0000000       122.00000      0.16925204      -1.0000000       435383.00
       1.5397094       2.2047403      -1.0000000      -1.0000000      -1.0000000
      -1.0000000      -1.0000000      -1.0000000       86.153145       11.818159
       60.664154
       0.0000000       121.00000      0.18038526      -1.0000000       432702.00
       1.4896449       2.2715011      -1.0000000      -1.0000000      -1.0000000
      -1.0000000      -1.0000000      -1.0000000       86.125977       11.651357
       63.404121
       1.0000000       121.00000      0.18038526      -1.0000000       2.0000000
    0.0063078026     0.041047044      -1.0000000      -1.0000000      -1.0000000
      -1.0000000      -1.0000000      -1.0000000      -1.0000000      -1.0000000
      -1.0000000
       0.0000000       120.00000      0.19728418      -1.0000000       429041.00
       1.4571604       2.4137888      -1.0000000      -1.0000000      -1.0000000
      -1.0000000      -1.0000000      -1.0000000       85.087822       11.424851
       64.988266
       0.0000000       119.00000      0.21442504      -1.0000000       425992.00
       1.4254913       2.5493920      -1.0000000      -1.0000000      -1.0000000
      -1.0000000      -1.0000000      -1.0000000       83.785942       11.716042
       67.436356
       1.0000000       119.00000      0.21442504      -1.0000000       1.0000000
   0.00038204194     0.045599155      -1.0000000      -1.0000000      -1.0000000
      -1.0000000      -1.0000000      -1.0000000      -1.0000000      -1.0000000
      -1.0000000
       0.0000000       118.00000      0.22598839      -1.0000000       424284.00
       1.3974930       2.3832424      -1.0000000      -1.0000000      -1.0000000
      -1.0000000      -1.0000000      -1.0000000       83.236465       11.306456
       68.600761
       0.0000000       117.00000      0.24354018      -1.0000000       420300.00
       1.3826698       2.0965233      -1.0000000      -1.0000000      -1.0000000
      -1.0000000      -1.0000000      -1.0000000       81.902199       11.190916
       70.173470
       1.0000000       117.00000      0.24354018      -1.0000000       1.0000000
       0.0000000       0.0000000      -1.0000000      -1.0000000      -1.0000000
      -1.0000000      -1.0000000      -1.0000000      -1.0000000      -1.0000000
      -1.0000000
       0.0000000       116.00000      0.26134327      -1.0000000       417659.00
       1.3325632       1.8556747      -1.0000000      -1.0000000      -1.0000000
      -1.0000000      -1.0000000      -1.0000000       82.222549       10.648199
       69.463814
       1.0000000       116.00000      0.26134327      -1.0000000       1.0000000
    0.0024346677     0.013217915      -1.0000000      -1.0000000      -1.0000000
      -1.0000000      -1.0000000      -1.0000000      -1.0000000      -1.0000000
      -1.0000000
       0.0000000       115.00000      0.27335334      -1.0000000       414830.00
       1.3092619       1.8971541      -1.0000000      -1.0000000      -1.0000000
      -1.0000000      -1.0000000      -1.0000000       82.873695       10.819188
       70.151978
       1.0000000       115.00000      0.27335334      -1.0000000       1.0000000
    0.0024346677     0.013217915      -1.0000000      -1.0000000      -1.0000000
      -1.0000000      -1.0000000      -1.0000000      -1.0000000      -1.0000000
      -1.0000000
       0.0000000       114.00000      0.29158324      -1.0000000       411900.00
       1.3044389       2.2325039      -1.0000000      -1.0000000      -1.0000000
      -1.0000000      -1.0000000      -1.0000000       84.800896       11.168501
       70.543266
       1.0000000       114.00000      0.29158324      -1.0000000       2.0000000
   0.00026246571     0.013117406      -1.0000000      -1.0000000      -1.0000000
      -1.0000000      -1.0000000      -1.0000000      -1.0000000      -1.0000000
      -1.0000000
       0.0000000       113.00000      0.31007412      -1.0000000       411738.00
       1.2332968       2.6965539      -1.0000000      -1.0000000      -1.0000000
      -1.0000000      -1.0000000      -1.0000000       84.672646       10.939520
       71.056297
       0.0000000       112.00000      0.32882974      -1.0000000       407626.00
       1.2069646       2.3006163      -1.0000000      -1.0000000      -1.0000000
      -1.0000000      -1.0000000      -1.0000000       83.987076       10.819741
       72.166115
       1.0000000       112.00000      0.32882974      -1.0000000       2.0000000
       0.0000000       0.0000000      -1.0000000      -1.0000000      -1.0000000
      -1.0000000      -1.0000000      -1.0000000      -1.0000000      -1.0000000
      -1.0000000
       0.0000000       111.00000      0.34785384      -1.0000000       405399.00
       1.1874915       1.9884702      -1.0000000      -1.0000000      -1.0000000
      -1.0000000      -1.0000000      -1.0000000       84.995178       10.412969
       71.584518
       1.0000000       111.00000      0.34785384      -1.0000000       1.0000000
     0.025740888      0.21748510      -1.0000000      -1.0000000      -1.0000000
      -1.0000000      -1.0000000      -1.0000000      -1.0000000      -1.0000000
      -1.0000000
       0.0000000       110.00000      0.36068764      -1.0000000       405071.00
       1.1601542       1.9627116      -1.0000000      -1.0000000      -1.0000000
      -1.0000000      -1.0000000      -1.0000000       84.965828       10.506420
       70.326347
       1.0000000       110.00000      0.36068764      -1.0000000       1.0000000
     0.010333059     0.022403665      -1.0000000      -1.0000000      -1.0000000
      -1.0000000      -1.0000000      -1.0000000      -1.0000000      -1.0000000
      -1.0000000
       0.0000000       109.00000      0.38016787      -1.0000000       403500.00
       1.1170737       2.0367005      -1.0000000      -1.0000000      -1.0000000
      -1.0000000      -1.0000000      -1.0000000       86.706108       10.098937
       68.524666
       0.0000000       108.00000      0.39992696      -1.0000000       402689.00
       1.0445136       2.2357850      -1.0000000      -1.0000000      -1.0000000
      -1.0000000      -1.0000000      -1.0000000       89.348755       9.6925020
       66.335335
       0.0000000       107.00000      0.41996893      -1.0000000       400040.00
       1.0052602       2.1568465      -1.0000000      -1.0000000      -1.0000000
      -1.0000000      -1.0000000      -1.0000000       91.537048       10.685311
       63.334492
       0.0000000       106.00000      0.44029784      -1.0000000       398724.00
       1.0151139       2.0745842      -1.0000000      -1.0000000      -1.0000000
      -1.0000000      -1.0000000      -1.0000000       97.068993       10.410616
       56.662266
       1.0000000       106.00000      0.44029784      -1.0000000       1.0000000
    0.0048571746    0.0070495284      -1.0000000      -1.0000000      -1.0000000
      -1.0000000      -1.0000000      -1.0000000      -1.0000000      -1.0000000
      -1.0000000
       0.0000000       105.00000      0.46091780      -1.0000000       395680.00
      0.97514606       2.6654692      -1.0000000      -1.0000000      -1.0000000
      -1.0000000      -1.0000000      -1.0000000       98.316750       11.669221
       54.733032
       1.0000000       105.00000      0.46091780      -1.0000000       1.0000000
    0.0089815119      0.14570248      -1.0000000      -1.0000000      -1.0000000
      -1.0000000      -1.0000000      -1.0000000      -1.0000000      -1.0000000
      -1.0000000
       0.0000000       104.00000      0.48183295      -1.0000000       392946.00
      0.92274207       2.0794079      -1.0000000      -1.0000000      -1.0000000
      -1.0000000      -1.0000000      -1.0000000       89.801971       9.9216232
       64.060204
       1.0000000       104.00000      0.48183295      -1.0000000       1.0000000
   0.00070263038     0.045539495      -1.0000000      -1.0000000      -1.0000000
      -1.0000000      -1.0000000      -1.0000000      -1.0000000      -1.0000000
      -1.0000000
       0.0000000       103.00000      0.50304753      -1.0000000       389435.00
      0.88292062       1.8886960      -1.0000000      -1.0000000      -1.0000000
      -1.0000000      -1.0000000      -1.0000000       85.577751       9.5658350
       67.583878
       0.0000000       102.00000      0.52456582      -1.0000000       387419.00
      0.85289377       1.9635843      -1.0000000      -1.0000000      -1.0000000
      -1.0000000      -1.0000000      -1.0000000       82.646393       9.2606096
       69.588242
       0.0000000       101.00000      0.54639220      -1.0000000       385245.00
      0.82271987       1.8398162      -1.0000000      -1.0000000      -1.0000000
      -1.0000000      -1.0000000      -1.0000000       79.904160       8.9219179
       72.521202
       1.0000000       101.00000      0.54639220      -1.0000000       2.0000000
   0.00030756788     0.055085938      -1.0000000      -1.0000000      -1.0000000
      -1.0000000      -1.0000000      -1.0000000      -1.0000000      -1.0000000
      -1.0000000
       0.0000000       100.00000      0.57598084      -1.0000000       382052.00
      0.80363518       1.1951697      -1.0000000      -1.0000000      -1.0000000
      -1.0000000      -1.0000000      -1.0000000       77.542732       8.2018213
       71.752602
       1.0000000       100.00000      0.57598084      -1.0000000       1.0000000
       0.0000000       0.0000000      -1.0000000      -1.0000000      -1.0000000
      -1.0000000      -1.0000000      -1.0000000      -1.0000000      -1.0000000
      -1.0000000
       0.0000000       99.000000      0.59854329      -1.0000000       378823.00
      0.79571408       1.1525743      -1.0000000      -1.0000000      -1.0000000
      -1.0000000      -1.0000000      -1.0000000       78.336678       8.0748997
       70.061958
       0.0000000       98.000000      0.62142873      -1.0000000       376459.00
      0.78731650       1.2517809      -1.0000000      -1.0000000      -1.0000000
      -1.0000000      -1.0000000      -1.0000000       80.447037       8.4450254
       65.781296
       0.0000000       97.000000      0.64464182      -1.0000000       377031.00
      0.77120739       1.4641784      -1.0000000      -1.0000000      -1.0000000
      -1.0000000      -1.0000000      -1.0000000       84.834381       8.7139606
       59.477314
       0.0000000       96.000000      0.67611039      -1.0000000       390550.00
      0.73792279       1.9695811      -1.0000000      -1.0000000      -1.0000000
      -1.0000000      -1.0000000      -1.0000000       90.028625       9.0902500
       52.336773
       0.0000000       95.000000      0.70010638      -1.0000000       388619.00
      0.70621669       2.0328739      -1.0000000      -1.0000000      -1.0000000
      -1.0000000      -1.0000000      -1.0000000       89.699570       9.7161684
       52.774609
       0.0000000       94.000000      0.73263615      -1.0000000       386491.00
      0.66702670       1.3909075      -1.0000000      -1.0000000      -1.0000000
      -1.0000000      -1.0000000      -1.0000000       81.705315       8.4444361
       59.792942
       0.0000000       93.000000      0.75744140      -1.0000000       383925.00
      0.64690083       1.0840437      -1.0000000      -1.0000000      -1.0000000
      -1.0000000      -1.0000000      -1.0000000       80.033714       7.9151597
       59.786251
       0.0000000       92.000000      0.79106826      -1.0000000       379859.00
      0.65194035       1.3668414      -1.0000000      -1.0000000      -1.0000000
      -1.0000000      -1.0000000      -1.0000000       80.539658       8.3238678
       58.981152
       0.0000000       91.000000      0.81671000      -1.0000000       376605.00
      0.62696385       1.4980799      -1.0000000      -1.0000000      -1.0000000
      -1.0000000      -1.0000000      -1.0000000       81.043915       7.8351693
       59.800919
       1.0000000       91.000000      0.81671000      -1.0000000       1.0000000
   0.00076008250     0.027021423      -1.0000000      -1.0000000      -1.0000000
      -1.0000000      -1.0000000      -1.0000000      -1.0000000      -1.0000000
      -1.0000000
       0.0000000       90.000000      0.85147089      -1.0000000       372932.00
      0.58814925       1.5073079      -1.0000000      -1.0000000      -1.0000000
      -1.0000000      -1.0000000      -1.0000000       78.338371       7.7498446
       61.802074
       0.0000000       89.000000      0.88689691      -1.0000000       370463.00
      0.56060338       1.1326656      -1.0000000      -1.0000000      -1.0000000
      -1.0000000      -1.0000000      -1.0000000       77.625114       7.2299166
       62.023880
       0.0000000       88.000000      0.92300081      -1.0000000       366314.00
      0.55891532       1.2605131      -1.0000000      -1.0000000      -1.0000000
      -1.0000000      -1.0000000      -1.0000000       79.477821       7.4994926
       60.232849
       1.0000000       88.000000      0.92300081      -1.0000000       1.0000000
       0.0000000       0.0000000      -1.0000000      -1.0000000      -1.0000000
      -1.0000000      -1.0000000      -1.0000000      -1.0000000      -1.0000000
      -1.0000000
       0.0000000       87.000000      0.95053136      -1.0000000       371202.00
      0.54467750       1.3953160      -1.0000000      -1.0000000      -1.0000000
      -1.0000000      -1.0000000      -1.0000000       81.094414       7.5035701
       59.005444
       0.0000000       86.000000      0.98785281      -1.0000000       365987.00
      0.51045674       1.4284273      -1.0000000      -1.0000000      -1.0000000
      -1.0000000      -1.0000000      -1.0000000       80.992424       7.5575719
       60.999302
       0.0000000       85.000000      0.99729425      -1.0000000       364601.00
      0.50967920       1.4247600      -1.0000000      -1.0000000      -1.0000000
      -1.0000000      -1.0000000      -1.0000000       80.436417       7.6614728
       61.980221
       0.0000000       84.000000       1.0355104      -1.0000000       360119.00
      0.47428238       1.3089117      -1.0000000      -1.0000000      -1.0000000
      -1.0000000      -1.0000000      -1.0000000       78.879074       6.9340549
       66.491234
       1.0000000       84.000000       1.0355104      -1.0000000       1.0000000
   0.00083704025     0.029036246      -1.0000000      -1.0000000      -1.0000000
      -1.0000000      -1.0000000      -1.0000000      -1.0000000      -1.0000000
      -1.0000000
       0.0000000       83.000000       1.0744579      -1.0000000       353427.00
      0.45811436       1.1492680      -1.0000000      -1.0000000      -1.0000000
      -1.0000000      -1.0000000      -1.0000000       77.240196       6.8440409
       70.308624
       0.0000000       82.000000       1.1141505      -1.0000000       349197.00
      0.44305298      0.86820269      -1.0000000      -1.0000000      -1.0000000
      -1.0000000      -1.0000000      -1.0000000       77.719940       6.1821704
       70.091705
       0.0000000       81.000000       1.1546028      -1.0000000       341050.00
      0.43810785       1.0378835      -1.0000000      -1.0000000      -1.0000000
      -1.0000000      -1.0000000      -1.0000000       79.410812       6.5448084
       68.634758
       0.0000000       80.000000       1.2062581      -1.0000000       332286.00
      0.43089586       1.0147105      -1.0000000      -1.0000000      -1.0000000
      -1.0000000      -1.0000000      -1.0000000       82.707962       6.6021008
       65.909920
       0.0000000       79.000000       1.2484726      -1.0000000       327291.00
      0.41813329       1.1205573      -1.0000000      -1.0000000      -1.0000000
      -1.0000000      -1.0000000      -1.0000000       82.308319       6.5649166
       66.590096
       0.0000000       78.000000       1.3023784      -1.0000000       321092.00
      0.38632789       1.1460321      -1.0000000      -1.0000000      -1.0000000
      -1.0000000      -1.0000000      -1.0000000       82.209167       6.3788414
       68.384590
       0.0000000       77.000000       1.3575766      -1.0000000       312851.00
      0.37285537       1.2094026      -1.0000000      -1.0000000      -1.0000000
      -1.0000000      -1.0000000      -1.0000000       81.749619       6.0542278
       74.916626
       0.0000000       76.000000       1.4140983      -1.0000000       302223.00
      0.31128854      0.96158284      -1.0000000      -1.0000000      -1.0000000
      -1.0000000      -1.0000000      -1.0000000       80.752335       5.2413177
       78.016914
       0.0000000       75.000000       1.4719748      -1.0000000       294081.00
      0.37151575       1.3697184      -1.0000000      -1.0000000      -1.0000000
      -1.0000000      -1.0000000      -1.0000000       82.752388       7.8841023
       78.959679
       0.0000000       74.000000       1.5312390      -1.0000000       287185.00
      0.10572561      0.11093494      -1.0000000      -1.0000000      -1.0000000
      -1.0000000      -1.0000000      -1.0000000       51.592651      0.72479135
       7.0866361
       2.0000000       74.000000       1.5312390      0.59095478       73.000000
      0.21954902       1.1468084      -1.0000000      -1.0000000      -1.0000000
      -1.0000000      -1.0000000      -1.0000000      -1.0000000      -1.0000000
      -1.0000000
       1.0000000       74.000000       1.5312390      -1.0000000       1.0000000
   0.00083704025     0.029036246      -1.0000000      -1.0000000      -1.0000000
      -1.0000000      -1.0000000      -1.0000000      -1.0000000      -1.0000000
      -1.0000000
       0.0000000       73.000000       1.6042346      -1.0000000       284724.00
      0.13443454      0.23382132      -1.0000000      -1.0000000      -1.0000000
      -1.0000000      -1.0000000      -1.0000000       55.027531       1.1638463
       9.7048092
       0.0000000       72.000000       1.6666696      -1.0000000       277221.00
      0.18923885      0.97286135      -1.0000000      -1.0000000      -1.0000000
      -1.0000000      -1.0000000      -1.0000000       99.108765       5.6620984
       59.815990
       0.0000000       71.000000       1.7435706      -1.0000000       270758.00
      0.12004439      0.25861546      -1.0000000      -1.0000000      -1.0000000
      -1.0000000      -1.0000000      -1.0000000       65.697281       1.3151617
       10.583089
       0.0000000       70.000000       1.8226893      -1.0000000       262173.00
      0.11349238      0.26735011      -1.0000000      -1.0000000      -1.0000000
      -1.0000000      -1.0000000      -1.0000000       68.396187       1.5785004
       22.634129
       0.0000000       69.000000       1.9040896      -1.0000000       256249.00
      0.10800681      0.21902196      -1.0000000      -1.0000000      -1.0000000
      -1.0000000      -1.0000000      -1.0000000       64.544151       1.5891929
       40.398365
       0.0000000       68.000000       2.0020282      -1.0000000       247882.00
      0.10306044      0.21932024      -1.0000000      -1.0000000      -1.0000000
      -1.0000000      -1.0000000      -1.0000000       63.142220       1.4868461
       47.973190
       0.0000000       67.000000       2.1032696      -1.0000000       239872.00
     0.095991701      0.29032347      -1.0000000      -1.0000000      -1.0000000
      -1.0000000      -1.0000000      -1.0000000       62.564178       1.4850219
       48.815613
       0.0000000       66.000000       2.2079256      -1.0000000       307890.00
     0.084632665      0.26031038      -1.0000000      -1.0000000      -1.0000000
      -1.0000000      -1.0000000      -1.0000000       65.402557       1.4004369
       48.925838
       0.0000000       65.000000       2.3161108      -1.0000000       307250.00
     0.071955949      0.21599224      -1.0000000      -1.0000000      -1.0000000
      -1.0000000      -1.0000000      -1.0000000       64.420258       1.1937627
       49.047897
       0.0000000       64.000000       2.4442258      -1.0000000       294949.00
     0.069788054      0.20061940      -1.0000000      -1.0000000      -1.0000000
      -1.0000000      -1.0000000      -1.0000000       62.419846       1.3603463
       52.931820
       0.0000000       63.000000       2.5772903      -1.0000000       275805.00
     0.065096661      0.19608046      -1.0000000      -1.0000000      -1.0000000
      -1.0000000      -1.0000000      -1.0000000       58.582088       1.2853572
       60.970718
       0.0000000       62.000000       2.7331426      -1.0000000       262462.00
     0.060083594      0.16953944      -1.0000000      -1.0000000      -1.0000000
      -1.0000000      -1.0000000      -1.0000000       59.096935       1.1629936
       60.505173
       0.0000000       61.000000       2.8957851      -1.0000000       247006.00
     0.055090263      0.18306264      -1.0000000      -1.0000000      -1.0000000
      -1.0000000      -1.0000000      -1.0000000       63.408180       1.2295439
       54.322792
