       0.0000000       135.00000       0.0000000       560.00000       355844.00
       4.2098870    0.0022087574      0.39644232      0.64102566      0.45769897
      -46.113827       29.935266       6.7802262       149.86961       13.073845
       145.74052
       0.0000000       134.00000    0.0095216669      -1.0000000       350720.00
       4.1773152    0.0012703927      -1.0000000      -1.0000000      -1.0000000
      -1.0000000      -1.0000000      -1.0000000       153.91432       12.824270
       139.35484
       0.0000000       132.00000     0.033724371       567.00000       349846.00
       4.2099118   0.00051460951      0.39930508      0.63888896      0.46962351
      -49.677467       31.797848       2.6460032       157.92464       13.128540
       133.27058
       0.0000000       131.00000     0.048523631       562.00000       344991.00
       4.6647210      0.15564770      0.42017952      0.51351351      0.45682871
      -66.154625       39.858925      0.89699996       165.64896       17.787340
       135.11642
       0.0000000       130.00000     0.058507323       564.00000       342849.00
       4.1750650    0.0043870448      0.38104570      0.64102566      0.43896016
      -48.022480       30.930666     -0.89208120       154.09053       12.574116
       141.62701
       0.0000000       129.00000     0.073661387       567.00000       340513.00
       4.0843234    0.0083941258      0.37705901      0.64864868      0.45082435
      -44.947998       29.529802      -7.5606551       146.73787       11.604335
       152.97015
       0.0000000       128.00000     0.083884433       568.00000       338826.00
       4.0608454    0.0081514949      0.39268339      0.65789473      0.47320271
      -49.828140       28.762980      -11.690301       144.55946       11.212365
       155.27782
       0.0000000       127.00000     0.099401802       573.00000       336772.00
       4.0281677    0.0075471955      0.37473568      0.65789473      0.44419277
      -43.756340       29.415356      -15.165930       142.98927       10.959262
       156.10982
       1.0000000       127.00000     0.099401802      -1.0000000       1.0000000
     0.068206042      0.10344329      -1.0000000      -1.0000000      -1.0000000
      -1.0000000      -1.0000000      -1.0000000      -1.0000000      -1.0000000
      -1.0000000
       0.0000000       126.00000      0.10986994       576.00000       334782.00
       4.0312929    0.0068121795      0.39167947      0.66666663      0.47886217
      -45.306381       30.124773      -24.869699       142.58243       10.964158
       156.19485
       1.0000000       126.00000      0.10986994      -1.0000000       2.0000000
    0.0010244074       0.0000000      -1.0000000      -1.0000000      -1.0000000
      -1.0000000      -1.0000000      -1.0000000      -1.0000000      -1.0000000
      -1.0000000
       0.0000000       125.00000      0.12575933       580.00000       332918.00
       4.0671630    0.0068328870      0.40027490      0.65789473      0.48235780
      -47.397533       26.188318      -31.746569       142.98206       11.254315
       156.92703
       1.0000000       125.00000      0.12575933      -1.0000000       3.0000000
   0.00092765377       0.0000000      -1.0000000      -1.0000000      -1.0000000
      -1.0000000      -1.0000000      -1.0000000      -1.0000000      -1.0000000
      -1.0000000
       0.0000000       124.00000      0.14187621       571.00000       328203.00
       4.0501647    0.0049127452      0.38660833      0.65789473      0.46529445
      -43.918781       25.876122      -31.759121       140.29547       11.103997
       159.77077
       1.0000000       124.00000      0.14187621      -1.0000000       2.0000000
       0.0000000       0.0000000      -1.0000000      -1.0000000      -1.0000000
      -1.0000000      -1.0000000      -1.0000000      -1.0000000      -1.0000000
      -1.0000000
       0.0000000       123.00000      0.15274876       587.00000       328295.00
       4.0463448    0.0048594344      0.38896945      0.65789473      0.46921861
      -43.182228       26.076199      -36.176121       138.88033       10.917252
       159.32539
       0.0000000       122.00000      0.16925204       568.00000       322884.00
       4.0271769    0.0052564745      0.39711159      0.66666663      0.49140254
      -41.531384       27.022484      -41.205612       137.62608       10.812056
       160.50319
       0.0000000       121.00000      0.18038526       581.00000       321020.00
       4.0214958    0.0032225740      0.38998923      0.65789473      0.46509007
      -38.213371       26.911085      -42.937222       137.94604       10.759249
       159.67229
       1.0000000       121.00000      0.18038526      -1.0000000       1.0000000
       0.0000000       0.0000000      -1.0000000      -1.0000000      -1.0000000
      -1.0000000      -1.0000000      -1.0000000      -1.0000000      -1.0000000
      -1.0000000
       0.0000000       120.00000      0.19728418       595.00000       319455.00
       4.0848384      0.13584630      0.40105176      0.67500001      0.48206869
      -36.622799       28.481928      -51.817322       139.13901       11.484960
       156.96330
       1.0000000       120.00000      0.19728418      -1.0000000       2.0000000
       0.0000000       0.0000000      -1.0000000      -1.0000000      -1.0000000
      -1.0000000      -1.0000000      -1.0000000      -1.0000000      -1.0000000
      -1.0000000
       0.0000000       119.00000      0.21442504       597.00000       316883.00
       4.0019493      0.10022493      0.41085231      0.67500001      0.51949871
      -29.398170       29.958406      -55.944172       135.55919       10.640094
       157.60013
       0.0000000       118.00000      0.22598839       589.00000       313934.00
       4.0041466     0.097723417      0.40872398      0.67500001      0.49701485
      -28.246252       27.009663      -57.241238       135.05089       10.561664
       158.26945
       0.0000000       117.00000      0.24354018       603.00000       311134.00
       3.9911695     0.088730186      0.40035689      0.67500001      0.48970693
      -21.791044       25.628891      -60.438156       135.89893       10.419636
       155.23642
       0.0000000       116.00000      0.26134327       606.00000       308056.00
       3.9968951     0.087256774      0.40170830      0.66666663      0.48854408
      -18.354898       26.542425      -63.222641       137.14914       10.499123
       153.80345
       0.0000000       115.00000      0.27335334       609.00000       306021.00
       3.9888749     0.087999165      0.42041132      0.67500001      0.53707582
      -19.010208       23.899334      -70.262100       136.86227       10.459338
       154.03198
       0.0000000       114.00000      0.29158324       604.00000       301763.00
       3.9895933     0.072140135      0.42171028      0.67500001      0.53163278
      -12.419101       26.856850      -72.706085       134.74680       10.366113
       159.37953
       0.0000000       113.00000      0.31007412       610.00000       299051.00
       4.0025759     0.062002663      0.41191396      0.67500001      0.51704639
      -7.8619852       24.281643      -72.242882       133.71237       10.331149
       161.03279
       0.0000000       112.00000      0.32882974       619.00000       294617.00
       4.0023131     0.051516335      0.41316795      0.70731705      0.50911522
      0.68734884       22.870062      -74.121635       132.25922       10.320062
       164.35092
       1.0000000       112.00000      0.32882974      -1.0000000       1.0000000
       0.0000000       0.0000000      -1.0000000      -1.0000000      -1.0000000
      -1.0000000      -1.0000000      -1.0000000      -1.0000000      -1.0000000
      -1.0000000
       0.0000000       111.00000      0.34785384       616.00000       291519.00
       4.0047784     0.039877359      0.42458797      0.66666663      0.52173877
       5.8183727       22.895844      -79.036469       131.81956       10.266909
       164.74904
       0.0000000       110.00000      0.36068764       625.00000       290610.00
       3.9886487     0.041644741      0.44661689      0.65789473      0.54881662
       8.9573708       21.663767      -85.014427       132.14883       10.303163
       164.00624
       1.0000000       110.00000      0.36068764      -1.0000000       1.0000000
       0.0000000       0.0000000      -1.0000000      -1.0000000      -1.0000000
      -1.0000000      -1.0000000      -1.0000000      -1.0000000      -1.0000000
      -1.0000000
       0.0000000       109.00000      0.38016787       773.00000       300880.00
       3.9951613     0.039796486      0.43249145      0.70731705      0.55917084
       14.098689       22.233234      -82.671211       133.57771       10.246285
       159.14169
       1.0000000       109.00000      0.38016787      -1.0000000       1.0000000
    0.0071704597       0.0000000      -1.0000000      -1.0000000      -1.0000000
      -1.0000000      -1.0000000      -1.0000000      -1.0000000      -1.0000000
      -1.0000000
       0.0000000       108.00000      0.39992696       777.00000       298841.00
       4.0097547     0.050612397      0.44507799      0.64102566      0.51268768
       20.006584       22.239670      -87.494667       134.12079       10.054935
       160.12735
       0.0000000       107.00000      0.41996893       774.00000       294371.00
       3.9704432     0.044099312      0.45778257      0.66666663      0.56015795
       30.787689       24.486029      -88.284828       134.20570       9.9348869
       160.50795
       1.0000000       107.00000      0.41996893      -1.0000000       1.0000000
      0.24121813      0.35696656      -1.0000000      -1.0000000      -1.0000000
      -1.0000000      -1.0000000      -1.0000000      -1.0000000      -1.0000000
      -1.0000000
       0.0000000       106.00000      0.44029784       774.00000       291873.00
       3.9770086     0.042952392      0.46395618      0.66666663      0.56076849
       39.395313       23.616961      -88.849792       134.97591       9.9801207
       161.56226
       1.0000000       106.00000      0.44029784      -1.0000000       1.0000000
       0.0000000       0.0000000      -1.0000000      -1.0000000      -1.0000000
      -1.0000000      -1.0000000      -1.0000000      -1.0000000      -1.0000000
      -1.0000000
       0.0000000       105.00000      0.46091780       779.00000       288089.00
       3.9698772     0.044038277      0.45918140      0.67500001      0.57077575
       47.654930       22.453533      -87.249580       135.70435       9.9123459
       162.15694
       1.0000000       105.00000      0.46091780      -1.0000000       1.0000000
     0.044955857      0.11057910      -1.0000000      -1.0000000      -1.0000000
      -1.0000000      -1.0000000      -1.0000000      -1.0000000      -1.0000000
      -1.0000000
       0.0000000       104.00000      0.48183295       774.00000       283599.00
       3.9709733     0.035928998      0.47550699      0.66666663      0.58675325
       57.345669       22.400639      -87.980217       136.49425       9.8018599
       162.12459
       0.0000000       103.00000      0.50304753       777.00000       279093.00
       3.9735522     0.027184688      0.48605612      0.67500001      0.60925359
       61.452370       20.272457      -91.509552       137.51414       9.7581177
       161.49399
       1.0000000       103.00000      0.50304753      -1.0000000       2.0000000
       0.0000000       0.0000000      -1.0000000      -1.0000000      -1.0000000
      -1.0000000      -1.0000000      -1.0000000      -1.0000000      -1.0000000
      -1.0000000
       0.0000000       102.00000      0.52456582       775.00000       276137.00
       3.9628081     0.012062076      0.48548618      0.66666663      0.60396254
       67.426445       20.244043      -88.515526       137.69096       9.6224184
       162.51270
       0.0000000       101.00000      0.54639220       770.00000       272226.00
       3.9782207    0.0068844492      0.49879822      0.70731705      0.62273610
       77.682793       24.862297      -85.821945       137.50154       9.7372417
       163.87463
       1.0000000       101.00000      0.54639220      -1.0000000       1.0000000
       0.0000000       0.0000000      -1.0000000      -1.0000000      -1.0000000
      -1.0000000      -1.0000000      -1.0000000      -1.0000000      -1.0000000
      -1.0000000
       0.0000000       100.00000      0.57598084       786.00000       269536.00
       3.9798787    0.0062320582      0.49553415      0.66666663      0.61237937
       88.795677       25.225512      -82.751122       139.00887       9.7601671
       164.85559
       0.0000000       99.000000      0.59854329       841.00000       269591.00
       3.9712760    0.0056190528      0.50359505      0.67500001      0.60359710
       93.040161       27.759338      -76.638519       138.79257       9.5154724
       164.20119
       1.0000000       99.000000      0.59854329      -1.0000000       1.0000000
   0.00034083368     0.017590467      -1.0000000      -1.0000000      -1.0000000
      -1.0000000      -1.0000000      -1.0000000      -1.0000000      -1.0000000
      -1.0000000
       0.0000000       98.000000      0.62142873       843.00000       266019.00
       3.9627521    0.0023146924      0.51437885      0.66666663      0.61414862
       101.95123       28.976345      -72.786690       139.87099       9.4892387
       167.23647
       0.0000000       97.000000      0.64464182       820.00000       261104.00
       3.9347081   0.00038533806      0.52569252      0.66666663      0.63608837
       111.84803       30.693060      -66.898430       138.72557       9.3340111
       173.20547
       1.0000000       97.000000      0.64464182      -1.0000000       4.0000000
    0.0054197070     0.063156210      -1.0000000      -1.0000000      -1.0000000
      -1.0000000      -1.0000000      -1.0000000      -1.0000000      -1.0000000
      -1.0000000
       0.0000000       96.000000      0.67611039       816.00000       257060.00
       3.9392662      0.10432573      0.52951944      0.66666663      0.62940609
       120.34428       26.553238      -58.654465       137.64371       9.2768240
       178.50626
       1.0000000       96.000000      0.67611039      -1.0000000       1.0000000
   0.00024406030       0.0000000      -1.0000000      -1.0000000      -1.0000000
      -1.0000000      -1.0000000      -1.0000000      -1.0000000      -1.0000000
      -1.0000000
       0.0000000       95.000000      0.70010638       820.00000       253681.00
       3.9648559     0.095740110      0.53035092      0.66666663      0.63295847
       125.53197       26.265112      -50.893208       137.13776       9.3473492
       181.94310
       0.0000000       94.000000      0.73263615       823.00000       249535.00
       3.9518337     0.086196110      0.53064483      0.66666663      0.63700658
       130.76443       23.158632      -43.136517       136.25385       9.2765408
       186.77928
       1.0000000       94.000000      0.73263615      -1.0000000       1.0000000
     0.048788689      0.11457883      -1.0000000      -1.0000000      -1.0000000
      -1.0000000      -1.0000000      -1.0000000      -1.0000000      -1.0000000
      -1.0000000
       0.0000000       93.000000      0.75744140       826.00000       245279.00
       3.9473200      0.11371791      0.53455669      0.65714288      0.63904959
       137.77812       22.722734      -37.465740       136.01318       9.1694574
       188.90289
       1.0000000       93.000000      0.75744140      -1.0000000       1.0000000
   0.00056195434     0.018163193      -1.0000000      -1.0000000      -1.0000000
      -1.0000000      -1.0000000      -1.0000000      -1.0000000      -1.0000000
      -1.0000000
       0.0000000       92.000000      0.79106826       808.00000       238360.00
       3.9617002      0.11826234      0.53320330      0.66666663      0.64224267
       142.22656       22.851778      -27.004190       137.68916       9.1204147
       190.79527
       0.0000000       91.000000      0.81671000       807.00000       234935.00
       3.9836137      0.11409162      0.53093022      0.66666663      0.62639207
       145.60503       20.578388      -21.283300       140.43665       9.2624216
       188.78287
       1.0000000       91.000000      0.81671000      -1.0000000       1.0000000
       0.0000000       0.0000000      -1.0000000      -1.0000000      -1.0000000
      -1.0000000      -1.0000000      -1.0000000      -1.0000000      -1.0000000
      -1.0000000
       0.0000000       90.000000      0.85147089       833.00000       232210.00
       3.9377279      0.13331896      0.52552021      0.66666663      0.63555551
       144.91998       26.097521      -11.639085       141.11697       8.9261074
       186.34357
       0.0000000       89.000000      0.88689691       791.00000       225298.00
       3.9554939      0.14350393      0.53708935      0.66666663      0.65408313
       151.81233       24.777220       1.6382830       143.60573       8.9953156
       185.99968
       1.0000000       89.000000      0.88689691      -1.0000000       1.0000000
   0.00030316701    0.0059794919      -1.0000000      -1.0000000      -1.0000000
      -1.0000000      -1.0000000      -1.0000000      -1.0000000      -1.0000000
      -1.0000000
       0.0000000       88.000000      0.92300081       777.00000       218686.00
       3.9871311      0.18486704      0.54660618      0.66666663      0.65870368
       156.92938       28.476292       18.469643       146.99570       9.2100515
       178.57086
       0.0000000       87.000000      0.95053136       767.00000       214634.00
       4.0238543      0.22304697      0.55512995      0.65714288      0.66121471
       160.61244       29.944994       31.943348       150.11903       9.4404974
       174.70557
       0.0000000       86.000000      0.98785281       716.00000       205338.00
       4.0103006      0.26809683      0.54945326      0.65714288      0.66377419
       158.59950       30.681072       52.747292       150.17076       9.4507761
       177.45769
       1.0000000       86.000000      0.98785281      -1.0000000       2.0000000
   0.00096523028     0.023227029      -1.0000000      -1.0000000      -1.0000000
      -1.0000000      -1.0000000      -1.0000000      -1.0000000      -1.0000000
      -1.0000000
       0.0000000       85.000000      0.99729425       706.00000       202783.00
       3.9791110      0.27798215      0.55121469      0.66666663      0.64832890
       156.32021       30.026321       55.638477       148.63774       9.2447662
       179.70262
       0.0000000       84.000000       1.0355104       705.00000       198306.00
       3.9591215      0.37388712      0.55648786      0.67567563      0.65895593
       154.25085       26.243725       76.135757       144.71040       9.0955629
       193.92102
       1.0000000       84.000000       1.0355104      -1.0000000       3.0000000
    0.0011579440       0.0000000      -1.0000000      -1.0000000      -1.0000000
      -1.0000000      -1.0000000      -1.0000000      -1.0000000      -1.0000000
      -1.0000000
       0.0000000       83.000000       1.0744579       699.00000       192253.00
       3.9671247      0.36620507      0.56613004      0.67567563      0.67080200
       155.36249       14.037433       92.240051       141.16457       9.0353880
       203.38361
       0.0000000       82.000000       1.1141505       678.00000       184662.00
       3.9344294      0.38031426      0.56309748      0.66666663      0.66059071
       148.59236       2.7832108       99.132713       140.28464       8.8674631
       216.45557
       0.0000000       81.000000       1.1546028       661.00000       179040.00
       3.9159806      0.44097573      0.59106082      0.67567563      0.67995477
       155.10452      -3.5932515       111.93118       142.40273       8.8436203
       212.32825
       1.0000000       81.000000       1.1546028      -1.0000000       1.0000000
       0.0000000       0.0000000      -1.0000000      -1.0000000      -1.0000000
      -1.0000000      -1.0000000      -1.0000000      -1.0000000      -1.0000000
      -1.0000000
       0.0000000       80.000000       1.2062581       650.00000       170917.00
       3.9378743      0.38304248      0.55249351      0.68421054      0.64234149
       142.89363      -11.004102       110.81522       147.63556       9.4316721
       200.45993
       1.0000000       80.000000       1.2062581      -1.0000000       1.0000000
    0.0041038818     0.020744665      -1.0000000      -1.0000000      -1.0000000
      -1.0000000      -1.0000000      -1.0000000      -1.0000000      -1.0000000
      -1.0000000
       0.0000000       79.000000       1.2484726       643.00000       166551.00
       3.9165027      0.24779311      0.56363308      0.63888896      0.65111703
       144.29915      -12.070374       115.95790       144.76970       8.6140099
       199.75998
       0.0000000       78.000000       1.3023784       632.00000       160073.00
       3.9107752      0.31548569      0.55525732      0.69230771      0.67017525
       146.83801      -14.492634       117.28248       146.69478       8.5735264
       190.97194
       0.0000000       77.000000       1.3575766       628.00000       153950.00
       3.9362319      0.40963721      0.55393016      0.69230771      0.66283453
       146.13745      -13.107024       118.44886       152.13977       8.7635403
       176.82205
       1.0000000       77.000000       1.3575766      -1.0000000       2.0000000
       0.0000000       0.0000000      -1.0000000      -1.0000000      -1.0000000
      -1.0000000      -1.0000000      -1.0000000      -1.0000000      -1.0000000
      -1.0000000
       0.0000000       76.000000       1.4140983       541.00000       139773.00
       3.9447787      0.42531183      0.53685200      0.69230771      0.67160618
       156.00143      -2.1586521       106.95752       156.56006       8.7105341
       174.80382
       1.0000000       76.000000       1.4140983      -1.0000000       1.0000000
   0.00021206790       0.0000000      -1.0000000      -1.0000000      -1.0000000
      -1.0000000      -1.0000000      -1.0000000      -1.0000000      -1.0000000
      -1.0000000
       0.0000000       75.000000       1.4719748       546.00000       134675.00
       3.8525641      0.65848488      0.56684428      0.69999999      0.67754954
       179.86867       43.028610       71.578659       153.21043       8.7327042
       168.87564
       1.0000000       75.000000       1.4719748      -1.0000000       1.0000000
   0.00085437886     0.033306357      -1.0000000      -1.0000000      -1.0000000
      -1.0000000      -1.0000000      -1.0000000      -1.0000000      -1.0000000
      -1.0000000
       0.0000000       74.000000       1.5312390       544.00000       130697.00
       3.7851543      0.89133114      0.51870316      0.73809522      0.66136801
       164.54031       54.488094       42.191818       150.89189       8.5230808
       165.28693
       1.0000000       74.000000       1.5312390      -1.0000000       1.0000000
       0.0000000       0.0000000      -1.0000000      -1.0000000      -1.0000000
      -1.0000000      -1.0000000      -1.0000000      -1.0000000      -1.0000000
      -1.0000000
       0.0000000       73.000000       1.6042346       562.00000       125998.00
       3.6470106      0.69724697      0.55907208      0.72500002      0.69380713
       157.27139       112.47295      -2.6083374       148.90054       7.9429030
       158.87654
       0.0000000       72.000000       1.6666696       627.00000       126289.00
       3.6265981      0.80861932      0.56597817      0.71794868      0.68726671
       151.44331       129.84402      -3.1512794       147.75285       8.0215931
       157.21404
       1.0000000       72.000000       1.6666696      -1.0000000       2.0000000
    0.0014589380       0.0000000      -1.0000000      -1.0000000      -1.0000000
      -1.0000000      -1.0000000      -1.0000000      -1.0000000      -1.0000000
      -1.0000000
       0.0000000       71.000000       1.7435706       856.00000       136861.00
       3.4726527      0.63847917      0.57432610      0.69230771      0.69714254
       176.66824       93.503929      -23.244301       147.11319       7.2166939
       157.38246
       1.0000000       71.000000       1.7435706      -1.0000000       1.0000000
       0.0000000       0.0000000      -1.0000000      -1.0000000      -1.0000000
      -1.0000000      -1.0000000      -1.0000000      -1.0000000      -1.0000000
      -1.0000000
       0.0000000       70.000000       1.8226893       861.00000       130920.00
       3.4112825      0.46130538      0.55997396      0.76744187      0.69843096
       190.41817       42.610909      -26.681057       146.57468       6.8299460
       155.67474
       1.0000000       70.000000       1.8226893      -1.0000000       1.0000000
    0.0073876656     0.095754504      -1.0000000      -1.0000000      -1.0000000
      -1.0000000      -1.0000000      -1.0000000      -1.0000000      -1.0000000
      -1.0000000
       0.0000000       69.000000       1.9040896       832.00000       123545.00
       3.3641577      0.40159291      0.55626523      0.72500002      0.71018851
       198.42465      -6.1523433      -6.3283134       149.01100       6.4652352
       153.10414
       1.0000000       69.000000       1.9040896      -1.0000000       8.0000000
     0.022588621      0.19282307      -1.0000000      -1.0000000      -1.0000000
      -1.0000000      -1.0000000      -1.0000000      -1.0000000      -1.0000000
      -1.0000000
       0.0000000       68.000000       2.0020282       912.00000       120013.00
       3.3327775      0.35225722      0.55305982      0.76744187      0.70678407
       193.10178      -49.517670       41.319271       155.50128       6.3369970
       140.75795
       1.0000000       68.000000       2.0020282      -1.0000000       1.0000000
   0.00018268394       0.0000000      -1.0000000      -1.0000000      -1.0000000
      -1.0000000      -1.0000000      -1.0000000      -1.0000000      -1.0000000
      -1.0000000
       0.0000000       67.000000       2.1032696       851.00000       109408.00
       3.3495576      0.50177258      0.56228155      0.80851066      0.76112008
       181.05821      -110.76029       63.198612       156.19591       6.5707331
       141.24644
       1.0000000       67.000000       2.1032696      -1.0000000       2.0000000
       0.0000000       0.0000000      -1.0000000      -1.0000000      -1.0000000
      -1.0000000      -1.0000000      -1.0000000      -1.0000000      -1.0000000
      -1.0000000
       0.0000000       66.000000       2.2079256       776.00000       98153.000
       3.2832861      0.65235281      0.57520229      0.78571427      0.74065548
       162.52284      -132.05167       78.070389       155.49338       6.3240299
       139.88184
       1.0000000       66.000000       2.2079256      -1.0000000       5.0000000
    0.0024392900      0.19575949      -1.0000000      -1.0000000      -1.0000000
      -1.0000000      -1.0000000      -1.0000000      -1.0000000      -1.0000000
      -1.0000000
       0.0000000       65.000000       2.3161108       645.00000       83399.000
       3.1621244      0.98508412      0.63165402      0.74358976      0.74535763
       166.10172      -165.12343       42.234840       159.30705       6.3876863
       137.42581
       1.0000000       65.000000       2.3161108      -1.0000000       3.0000000
    0.0042287222       0.0000000      -1.0000000      -1.0000000      -1.0000000
      -1.0000000      -1.0000000      -1.0000000      -1.0000000      -1.0000000
      -1.0000000
       0.0000000       64.000000       2.4442258       559.00000       71724.000
       2.7425716       1.4304817      0.60280734      0.71052635      0.68445212
       173.29677      -85.024612       43.951794       158.81496       6.2852554
       138.16335
       1.0000000       64.000000       2.4442258      -1.0000000       1.0000000
     0.010887760       0.0000000      -1.0000000      -1.0000000      -1.0000000
      -1.0000000      -1.0000000      -1.0000000      -1.0000000      -1.0000000
      -1.0000000
       0.0000000       63.000000       2.5772903       535.00000       64535.000
       2.2957964       1.1992607      0.58740151      0.66666663      0.65796602
       104.72436       1.0405042       141.23415       152.81009       5.1190848
       142.29112
       1.0000000       63.000000       2.5772903      -1.0000000       4.0000000
    0.0092073139     0.020211931      -1.0000000      -1.0000000      -1.0000000
      -1.0000000      -1.0000000      -1.0000000      -1.0000000      -1.0000000
      -1.0000000
       0.0000000       62.000000       2.7331426       465.00000       54509.000
       1.9460738       1.1407443      0.56895566      0.48484850      0.56288308
       35.884251       27.454197       148.19543       156.57182       4.5870738
       135.77502
       1.0000000       62.000000       2.7331426      -1.0000000       4.0000000
   0.00095503271     0.024415677      -1.0000000      -1.0000000      -1.0000000
      -1.0000000      -1.0000000      -1.0000000      -1.0000000      -1.0000000
      -1.0000000
       0.0000000       61.000000       2.8957851       443.00000       48586.000
       1.4574898       2.1814363      0.43159485      0.41176474      0.31389758
       8.9704208      -85.686211       39.262112       163.16687       7.4382281
       126.95724
       1.0000000       61.000000       2.8957851      -1.0000000       5.0000000
       0.0000000       0.0000000      -1.0000000      -1.0000000      -1.0000000
      -1.0000000      -1.0000000      -1.0000000      -1.0000000      -1.0000000
      -1.0000000
       0.0000000       60.000000       3.0081310      -1.0000000       44018.000
       1.1270305       2.0479755      -1.0000000      -1.0000000      -1.0000000
      -1.0000000      -1.0000000      -1.0000000       156.89888       7.7893610
       132.72540
       1.0000000       60.000000       3.0081310      -1.0000000       6.0000000
     0.017345631      0.12719679      -1.0000000      -1.0000000      -1.0000000
      -1.0000000      -1.0000000      -1.0000000      -1.0000000      -1.0000000
      -1.0000000
       0.0000000       59.000000       3.0848227      -1.0000000       43187.000
      0.99484640       1.7745088      -1.0000000      -1.0000000      -1.0000000
      -1.0000000      -1.0000000      -1.0000000       154.42691       7.6979709
       140.17134
       1.0000000       59.000000       3.0848227      -1.0000000       2.0000000
       0.0000000       0.0000000      -1.0000000      -1.0000000      -1.0000000
      -1.0000000      -1.0000000      -1.0000000      -1.0000000      -1.0000000
      -1.0000000
       0.0000000       58.000000       3.2830331      -1.0000000       38884.000
      0.85829657       1.1138617      -1.0000000      -1.0000000      -1.0000000
      -1.0000000      -1.0000000      -1.0000000       156.59732       8.0227489
       137.45804
       1.0000000       58.000000       3.2830331      -1.0000000       6.0000000
    0.0022277171       0.0000000      -1.0000000      -1.0000000      -1.0000000
      -1.0000000      -1.0000000      -1.0000000      -1.0000000      -1.0000000
      -1.0000000
       0.0000000       57.000000       3.4908614      -1.0000000       31055.000
      0.66382980       1.2239956      -1.0000000      -1.0000000      -1.0000000
      -1.0000000      -1.0000000      -1.0000000       163.11772       6.7785788
       124.48338
       1.0000000       57.000000       3.4908614      -1.0000000       4.0000000
       0.0000000       0.0000000      -1.0000000      -1.0000000      -1.0000000
      -1.0000000      -1.0000000      -1.0000000      -1.0000000      -1.0000000
      -1.0000000
