       0.0000000       135.00000       0.0000000       1715.0000       430099.00
       2.9895151       5.0590606      0.52983785      0.57142854      0.68686944
      -67.346481       60.615337       290.54388       93.207787       20.090807
       69.515915
       0.0000000       134.00000    0.0095216669      -1.0000000       424876.00
       2.9941561       4.9106240      -1.0000000      -1.0000000      -1.0000000
      -1.0000000      -1.0000000      -1.0000000       91.208054       20.887674
       70.247665
       1.0000000       134.00000    0.0095216669      -1.0000000       2.0000000
    0.0064159902     0.030603839      -1.0000000      -1.0000000      -1.0000000
      -1.0000000      -1.0000000      -1.0000000      -1.0000000      -1.0000000
      -1.0000000
       0.0000000       132.00000     0.033724371       1719.0000       423431.00
       2.9706843       4.5443196      0.51289600      0.51612902      0.63458747
      -64.792984       54.175503       275.82864       92.626205       20.186014
       71.780708
       1.0000000       132.00000     0.033724371      -1.0000000       2.0000000
     0.012831980     0.061207678      -1.0000000      -1.0000000      -1.0000000
      -1.0000000      -1.0000000      -1.0000000      -1.0000000      -1.0000000
      -1.0000000
       0.0000000       131.00000     0.048523631       1746.0000       420477.00
       2.8079009       5.3662896      0.52043074      0.55555552      0.63536835
      -63.869064       60.739494       268.04840       95.083015       19.732313
       72.681206
       1.0000000       131.00000     0.048523631      -1.0000000       2.0000000
     0.062120817      0.60560519      -1.0000000      -1.0000000      -1.0000000
      -1.0000000      -1.0000000      -1.0000000      -1.0000000      -1.0000000
      -1.0000000
       0.0000000       130.00000     0.058507323       1755.0000       418241.00
       2.7562802       5.7494283      0.49574199      0.57499999      0.57550532
      -71.924011       60.167007       252.63158       93.687164       20.421434
       72.558876
       1.0000000       130.00000     0.058507323      -1.0000000       1.0000000
   0.00039586273    0.0038199951      -1.0000000      -1.0000000      -1.0000000
      -1.0000000      -1.0000000      -1.0000000      -1.0000000      -1.0000000
      -1.0000000
       0.0000000       129.00000     0.073661387       1751.0000       415261.00
       2.6090009       5.4095578      0.48450714      0.59459460      0.59015489
      -89.643982       60.820328       240.29692       92.563866       20.066427
       73.946045
       1.0000000       129.00000     0.073661387      -1.0000000       1.0000000
   0.00048222355     0.038296912      -1.0000000      -1.0000000      -1.0000000
      -1.0000000      -1.0000000      -1.0000000      -1.0000000      -1.0000000
      -1.0000000
       0.0000000       128.00000     0.083884433       1755.0000       412965.00
       2.6358840       5.3316140      0.49135336      0.57894731      0.63394910
      -108.76510       47.966743       235.23210       93.030785       21.108213
       74.252502
       0.0000000       127.00000     0.099401802       1765.0000       411175.00
       2.5132196       4.3605514      0.50444525      0.42857140      0.58704287
      -149.69971       12.427904       219.80125       95.270515       18.528339
       75.576393
       1.0000000       127.00000     0.099401802      -1.0000000       1.0000000
   0.00048222355     0.038296912      -1.0000000      -1.0000000      -1.0000000
      -1.0000000      -1.0000000      -1.0000000      -1.0000000      -1.0000000
      -1.0000000
       0.0000000       126.00000      0.10986994       1771.0000       409374.00
       2.4010289       5.0101132      0.46278736      0.59999996      0.56683171
      -165.79832       10.088199       210.78123       95.166359       19.284908
       77.235130
       0.0000000       125.00000      0.12575933       1782.0000       407778.00
       2.2828166       5.3237181      0.48107609      0.52777779      0.55957955
      -172.49460      -16.662127       195.30220       93.303185       19.467148
       78.308350
       1.0000000       125.00000      0.12575933      -1.0000000       3.0000000
    0.0080094109      0.11193804      -1.0000000      -1.0000000      -1.0000000
      -1.0000000      -1.0000000      -1.0000000      -1.0000000      -1.0000000
      -1.0000000
       0.0000000       124.00000      0.14187621       1812.0000       405412.00
       2.1397033       4.6845870      0.49327251      0.51515150      0.60375059
      -179.65897      -37.199474       196.82924       94.939865       17.342798
       79.044571
       1.0000000       124.00000      0.14187621      -1.0000000       3.0000000
     0.010988952   0.00066589270      -1.0000000      -1.0000000      -1.0000000
      -1.0000000      -1.0000000      -1.0000000      -1.0000000      -1.0000000
      -1.0000000
       0.0000000       123.00000      0.15274876       1832.0000       404514.00
       2.2484972       5.0753579      0.48471177      0.56756753      0.59704816
      -164.44655      -60.256565       207.72253       94.625160       19.553343
       77.742790
       1.0000000       123.00000      0.15274876      -1.0000000       1.0000000
       0.0000000       0.0000000      -1.0000000      -1.0000000      -1.0000000
      -1.0000000      -1.0000000      -1.0000000      -1.0000000      -1.0000000
      -1.0000000
       0.0000000       122.00000      0.16925204       1867.0000       402829.00
       1.9901470       3.6370842      0.46057156      0.61538458      0.55614370
      -139.41000      -54.871254       193.60689       93.617577       15.530740
       78.419609
       1.0000000       122.00000      0.16925204      -1.0000000       3.0000000
     0.089220188      0.28810786      -1.0000000      -1.0000000      -1.0000000
      -1.0000000      -1.0000000      -1.0000000      -1.0000000      -1.0000000
      -1.0000000
       0.0000000       121.00000      0.18038526       1898.0000       400998.00
       1.9585499       3.7431178      0.47589862      0.57142854      0.57848024
      -141.96754      -50.479595       190.35992       95.207161       16.899532
       76.309227
       0.0000000       120.00000      0.19728418       1909.0000       398135.00
       1.9809837       3.9572017      0.43305999      0.72549021      0.57080597
      -158.10120      -32.871868       178.39917       99.855164       17.823071
       73.199860
       1.0000000       120.00000      0.19728418      -1.0000000       5.0000000
    0.0010813104     0.078005038      -1.0000000      -1.0000000      -1.0000000
      -1.0000000      -1.0000000      -1.0000000      -1.0000000      -1.0000000
      -1.0000000
       0.0000000       119.00000      0.21442504       1934.0000       396189.00
       1.8441793       4.5512576      0.46108282      0.50000000      0.53738034
      -201.68982      -96.020660       150.20546       105.88216       18.091188
       69.688019
       1.0000000       119.00000      0.21442504      -1.0000000       3.0000000
   0.00097304012      0.10482760      -1.0000000      -1.0000000      -1.0000000
      -1.0000000      -1.0000000      -1.0000000      -1.0000000      -1.0000000
      -1.0000000
       0.0000000       118.00000      0.22598839       1936.0000       394392.00
       1.7341279       3.3833940      0.46119535      0.69047618      0.59285486
      -212.11993      -91.151199       141.51587       101.40763       15.466010
       72.239334
       1.0000000       118.00000      0.22598839      -1.0000000       2.0000000
    0.0019051242      0.11091235      -1.0000000      -1.0000000      -1.0000000
      -1.0000000      -1.0000000      -1.0000000      -1.0000000      -1.0000000
      -1.0000000
       0.0000000       117.00000      0.24354018       1957.0000       390993.00
       1.7352269       3.7525198      0.48446444      0.59375006      0.62710732
      -211.82854      -101.12309       131.70081       96.213821       16.141230
       75.896782
       1.0000000       117.00000      0.24354018      -1.0000000       2.0000000
   0.00021844490     0.016751889      -1.0000000      -1.0000000      -1.0000000
      -1.0000000      -1.0000000      -1.0000000      -1.0000000      -1.0000000
      -1.0000000
       0.0000000       116.00000      0.26134327       1977.0000       388222.00
       1.7202429       3.5509384      0.47814301      0.56250006      0.60120654
      -211.01732      -97.685944       122.01080       96.567650       16.516493
       73.716568
       1.0000000       116.00000      0.26134327      -1.0000000       2.0000000
    0.0016511559     0.057190880      -1.0000000      -1.0000000      -1.0000000
      -1.0000000      -1.0000000      -1.0000000      -1.0000000      -1.0000000
      -1.0000000
       0.0000000       115.00000      0.27335334       1981.0000       385752.00
       1.6619494       3.6694295      0.46313831      0.56250006      0.55328763
      -206.94313      -87.740082       132.27579       97.628212       15.971084
       71.411774
       1.0000000       115.00000      0.27335334      -1.0000000       1.0000000
    0.0051777475     0.064619645      -1.0000000      -1.0000000      -1.0000000
      -1.0000000      -1.0000000      -1.0000000      -1.0000000      -1.0000000
      -1.0000000
       0.0000000       114.00000      0.29158324       1999.0000       383066.00
       1.5626663       3.5712614      0.45950857      0.65789473      0.64694548
      -187.20854      -73.245026       137.71851       94.324402       14.270576
       76.745865
       1.0000000       114.00000      0.29158324      -1.0000000       1.0000000
   0.00033812432    0.0063293548      -1.0000000      -1.0000000      -1.0000000
      -1.0000000      -1.0000000      -1.0000000      -1.0000000      -1.0000000
      -1.0000000
       0.0000000       113.00000      0.31007412      -1.0000000       379691.00
       1.5595990       3.5823231      -1.0000000      -1.0000000      -1.0000000
      -1.0000000      -1.0000000      -1.0000000       89.412247       14.730741
       81.244179
       1.0000000       113.00000      0.31007412      -1.0000000       1.0000000
   0.00033812432    0.0063293548      -1.0000000      -1.0000000      -1.0000000
      -1.0000000      -1.0000000      -1.0000000      -1.0000000      -1.0000000
      -1.0000000
       0.0000000       112.00000      0.32882974      -1.0000000       374457.00
       1.5089737       3.1741130      -1.0000000      -1.0000000      -1.0000000
      -1.0000000      -1.0000000      -1.0000000       87.496056       14.160429
       81.720970
       0.0000000       111.00000      0.34785384      -1.0000000       371854.00
       1.4490061       3.1387992      -1.0000000      -1.0000000      -1.0000000
      -1.0000000      -1.0000000      -1.0000000       87.139153       13.585421
       82.345673
       1.0000000       111.00000      0.34785384      -1.0000000       3.0000000
     0.090878012      0.30686643      -1.0000000      -1.0000000      -1.0000000
      -1.0000000      -1.0000000      -1.0000000      -1.0000000      -1.0000000
      -1.0000000
       0.0000000       110.00000      0.36068764      -1.0000000       369714.00
       1.4458140       3.6222677      -1.0000000      -1.0000000      -1.0000000
      -1.0000000      -1.0000000      -1.0000000       87.362015       14.688213
       82.184975
       0.0000000       109.00000      0.38016787      -1.0000000       366705.00
       1.3518559       3.4065962      -1.0000000      -1.0000000      -1.0000000
      -1.0000000      -1.0000000      -1.0000000       87.160210       12.923124
       80.730545
       0.0000000       108.00000      0.39992696      -1.0000000       362542.00
       1.3368795       3.1952550      -1.0000000      -1.0000000      -1.0000000
      -1.0000000      -1.0000000      -1.0000000       86.056068       13.279868
       79.830307
       0.0000000       107.00000      0.41996893      -1.0000000       357932.00
       1.2782944       2.8261065      -1.0000000      -1.0000000      -1.0000000
      -1.0000000      -1.0000000      -1.0000000       86.258087       12.900984
       84.997955
       1.0000000       107.00000      0.41996893      -1.0000000       2.0000000
       0.0000000       0.0000000      -1.0000000      -1.0000000      -1.0000000
      -1.0000000      -1.0000000      -1.0000000      -1.0000000      -1.0000000
      -1.0000000
       0.0000000       106.00000      0.44029784      -1.0000000       356634.00
       1.2470901       3.2495286      -1.0000000      -1.0000000      -1.0000000
      -1.0000000      -1.0000000      -1.0000000       88.626869       12.926665
       81.727959
       0.0000000       105.00000      0.46091780      -1.0000000       363250.00
       1.2158400       3.5527613      -1.0000000      -1.0000000      -1.0000000
      -1.0000000      -1.0000000      -1.0000000       88.895065       12.998240
       79.818291
       0.0000000       104.00000      0.48183295      -1.0000000       358011.00
       1.0881259       3.0111105      -1.0000000      -1.0000000      -1.0000000
      -1.0000000      -1.0000000      -1.0000000       88.563477       11.346252
       79.661469
       1.0000000       104.00000      0.48183295      -1.0000000       3.0000000
    0.0055693987     0.044322189      -1.0000000      -1.0000000      -1.0000000
      -1.0000000      -1.0000000      -1.0000000      -1.0000000      -1.0000000
      -1.0000000
       0.0000000       103.00000      0.50304753      -1.0000000       353390.00
       1.0101569       2.5606070      -1.0000000      -1.0000000      -1.0000000
      -1.0000000      -1.0000000      -1.0000000       87.821823       11.174129
       80.707390
       1.0000000       103.00000      0.50304753      -1.0000000       1.0000000
       0.0000000       0.0000000      -1.0000000      -1.0000000      -1.0000000
      -1.0000000      -1.0000000      -1.0000000      -1.0000000      -1.0000000
      -1.0000000
       0.0000000       102.00000      0.52456582      -1.0000000       361919.00
       1.0426347       2.4508090      -1.0000000      -1.0000000      -1.0000000
      -1.0000000      -1.0000000      -1.0000000       88.889725       11.807004
       78.020630
       0.0000000       101.00000      0.54639220      -1.0000000       359577.00
       1.0288711       2.4316478      -1.0000000      -1.0000000      -1.0000000
      -1.0000000      -1.0000000      -1.0000000       90.657021       11.017541
       76.648865
       0.0000000       100.00000      0.57598084      -1.0000000       355870.00
      0.92919213       2.7385204      -1.0000000      -1.0000000      -1.0000000
      -1.0000000      -1.0000000      -1.0000000       90.786644       10.495751
       77.908226
       0.0000000       99.000000      0.59854329      -1.0000000       350184.00
      0.92928004       2.7535639      -1.0000000      -1.0000000      -1.0000000
      -1.0000000      -1.0000000      -1.0000000       88.989128       10.969315
       79.601074
       0.0000000       98.000000      0.62142873      -1.0000000       348904.00
      0.86869013       2.3502479      -1.0000000      -1.0000000      -1.0000000
      -1.0000000      -1.0000000      -1.0000000       88.806366       9.9943705
       81.261879
       1.0000000       98.000000      0.62142873      -1.0000000       3.0000000
     0.012148060     0.091456639      -1.0000000      -1.0000000      -1.0000000
      -1.0000000      -1.0000000      -1.0000000      -1.0000000      -1.0000000
      -1.0000000
       0.0000000       97.000000      0.64464182      -1.0000000       346160.00
      0.85252619       2.3376529      -1.0000000      -1.0000000      -1.0000000
      -1.0000000      -1.0000000      -1.0000000       88.174629       10.336364
       84.643593
       0.0000000       96.000000      0.67611039      -1.0000000       343461.00
      0.81787544       2.3077905      -1.0000000      -1.0000000      -1.0000000
      -1.0000000      -1.0000000      -1.0000000       88.263664       9.6656189
       85.257263
       0.0000000       95.000000      0.70010638      -1.0000000       340570.00
      0.77225810       2.6670094      -1.0000000      -1.0000000      -1.0000000
      -1.0000000      -1.0000000      -1.0000000       87.571236       9.7600250
       85.723930
       0.0000000       94.000000      0.73263615      -1.0000000       338046.00
      0.72351682       2.2560275      -1.0000000      -1.0000000      -1.0000000
      -1.0000000      -1.0000000      -1.0000000       86.972290       9.1543798
       86.156830
       1.0000000       94.000000      0.73263615      -1.0000000       1.0000000
       0.0000000       0.0000000      -1.0000000      -1.0000000      -1.0000000
      -1.0000000      -1.0000000      -1.0000000      -1.0000000      -1.0000000
      -1.0000000
       0.0000000       93.000000      0.75744140      -1.0000000       334291.00
      0.66800427       2.2052541      -1.0000000      -1.0000000      -1.0000000
      -1.0000000      -1.0000000      -1.0000000       87.443443       8.8364134
       87.178398
       0.0000000       92.000000      0.79106826      -1.0000000       328831.00
      0.64761639       2.1601510      -1.0000000      -1.0000000      -1.0000000
      -1.0000000      -1.0000000      -1.0000000       87.598946       8.8986826
       89.416725
       0.0000000       91.000000      0.81671000      -1.0000000       327098.00
      0.64409286       2.2450466      -1.0000000      -1.0000000      -1.0000000
      -1.0000000      -1.0000000      -1.0000000       88.009750       8.6449976
       90.113632
       1.0000000       91.000000      0.81671000      -1.0000000       1.0000000
   0.00023466119     0.016437903      -1.0000000      -1.0000000      -1.0000000
      -1.0000000      -1.0000000      -1.0000000      -1.0000000      -1.0000000
      -1.0000000
       0.0000000       90.000000      0.85147089      -1.0000000       324299.00
      0.58794963       2.1018250      -1.0000000      -1.0000000      -1.0000000
      -1.0000000      -1.0000000      -1.0000000       86.729111       8.4537754
       89.808624
       1.0000000       90.000000      0.85147089      -1.0000000       3.0000000
    0.0025424622     0.074258338      -1.0000000      -1.0000000      -1.0000000
      -1.0000000      -1.0000000      -1.0000000      -1.0000000      -1.0000000
      -1.0000000
       0.0000000       89.000000      0.88689691      -1.0000000       321299.00
      0.56176376       1.6611644      -1.0000000      -1.0000000      -1.0000000
      -1.0000000      -1.0000000      -1.0000000       86.541054       7.7796311
       85.347801
       0.0000000       88.000000      0.92300081      -1.0000000       318118.00
      0.53330135       1.7532533      -1.0000000      -1.0000000      -1.0000000
      -1.0000000      -1.0000000      -1.0000000       86.818230       7.5676975
       82.142128
       0.0000000       87.000000      0.95053136      -1.0000000       327773.00
      0.51198077       1.8598932      -1.0000000      -1.0000000      -1.0000000
      -1.0000000      -1.0000000      -1.0000000       86.381287       7.7388167
       75.204010
       0.0000000       86.000000      0.98785281      -1.0000000       323168.00
      0.48241201       1.5931515      -1.0000000      -1.0000000      -1.0000000
      -1.0000000      -1.0000000      -1.0000000       83.933632       6.9402342
       73.639633
       0.0000000       85.000000      0.99729425      -1.0000000       322324.00
      0.47150585       1.6179075      -1.0000000      -1.0000000      -1.0000000
      -1.0000000      -1.0000000      -1.0000000       83.313293       6.9603467
       75.034134
       0.0000000       84.000000       1.0355104      -1.0000000       318231.00
      0.44909459       1.6169021      -1.0000000      -1.0000000      -1.0000000
      -1.0000000      -1.0000000      -1.0000000       80.048515       6.8091712
       78.804497
       1.0000000       84.000000       1.0355104      -1.0000000       1.0000000
   0.00044846669     0.019677455      -1.0000000      -1.0000000      -1.0000000
      -1.0000000      -1.0000000      -1.0000000      -1.0000000      -1.0000000
      -1.0000000
       0.0000000       83.000000       1.0744579      -1.0000000       313774.00
      0.43049705       1.4223475      -1.0000000      -1.0000000      -1.0000000
      -1.0000000      -1.0000000      -1.0000000       78.272812       6.5214920
       79.020210
       0.0000000       82.000000       1.1141505      -1.0000000       299620.00
      0.41400221       1.3558539      -1.0000000      -1.0000000      -1.0000000
      -1.0000000      -1.0000000      -1.0000000       76.935432       6.4059377
       79.227600
       0.0000000       81.000000       1.1546028      -1.0000000       307036.00
      0.40408888       1.3168094      -1.0000000      -1.0000000      -1.0000000
      -1.0000000      -1.0000000      -1.0000000       77.607979       6.4928813
       75.487434
       0.0000000       80.000000       1.2062581      -1.0000000       292910.00
      0.37873960       1.3215299      -1.0000000      -1.0000000      -1.0000000
      -1.0000000      -1.0000000      -1.0000000       78.543938       6.2893796
       74.294342
       0.0000000       79.000000       1.2484726      -1.0000000       288916.00
      0.37392518       1.5207192      -1.0000000      -1.0000000      -1.0000000
      -1.0000000      -1.0000000      -1.0000000       79.664406       6.4969068
       72.833298
       0.0000000       78.000000       1.3023784      -1.0000000       282573.00
      0.31811574       1.3956833      -1.0000000      -1.0000000      -1.0000000
      -1.0000000      -1.0000000      -1.0000000       80.358017       5.6277866
       72.775200
       0.0000000       77.000000       1.3575766      -1.0000000       278912.00
      0.29251209       1.1949881      -1.0000000      -1.0000000      -1.0000000
      -1.0000000      -1.0000000      -1.0000000       78.394508       5.4321752
       75.265709
       1.0000000       77.000000       1.3575766      -1.0000000       1.0000000
       0.0000000       0.0000000      -1.0000000      -1.0000000      -1.0000000
      -1.0000000      -1.0000000      -1.0000000      -1.0000000      -1.0000000
      -1.0000000
       0.0000000       76.000000       1.4140983      -1.0000000       274306.00
      0.24704903      0.75119716      -1.0000000      -1.0000000      -1.0000000
      -1.0000000      -1.0000000      -1.0000000       76.770142       4.1863828
       78.022484
       1.0000000       76.000000       1.4140983      -1.0000000       1.0000000
       0.0000000       0.0000000      -1.0000000      -1.0000000      -1.0000000
      -1.0000000      -1.0000000      -1.0000000      -1.0000000      -1.0000000
      -1.0000000
       0.0000000       75.000000       1.4719748      -1.0000000       263429.00
      0.29970556       1.2220016      -1.0000000      -1.0000000      -1.0000000
      -1.0000000      -1.0000000      -1.0000000       79.573341       7.4882145
       85.407303
       1.0000000       75.000000       1.4719748      -1.0000000       1.0000000
    0.0039242082    0.0064939284      -1.0000000      -1.0000000      -1.0000000
      -1.0000000      -1.0000000      -1.0000000      -1.0000000      -1.0000000
      -1.0000000
       0.0000000       74.000000       1.5312390      -1.0000000       284100.00
      0.25388676       1.2682370      -1.0000000      -1.0000000      -1.0000000
      -1.0000000      -1.0000000      -1.0000000       80.035599       5.5670028
       85.954163
       1.0000000       74.000000       1.5312390      -1.0000000       1.0000000
    0.0039242082    0.0064939284      -1.0000000      -1.0000000      -1.0000000
      -1.0000000      -1.0000000      -1.0000000      -1.0000000      -1.0000000
      -1.0000000
       0.0000000       73.000000       1.6042346      -1.0000000       278578.00
      0.13335936      0.54141641      -1.0000000      -1.0000000      -1.0000000
      -1.0000000      -1.0000000      -1.0000000       80.563385       2.8174565
       91.889847
       1.0000000       73.000000       1.6042346      -1.0000000       1.0000000
     0.060311981      0.23805583      -1.0000000      -1.0000000      -1.0000000
      -1.0000000      -1.0000000      -1.0000000      -1.0000000      -1.0000000
      -1.0000000
       0.0000000       72.000000       1.6666696      -1.0000000       274290.00
     0.098381944      0.26790839      -1.0000000      -1.0000000      -1.0000000
      -1.0000000      -1.0000000      -1.0000000       53.655075       1.2670707
       13.699135
       0.0000000       71.000000       1.7435706      -1.0000000       268704.00
      0.11665240      0.84723032      -1.0000000      -1.0000000      -1.0000000
      -1.0000000      -1.0000000      -1.0000000       96.152557       3.6940081
       66.424484
       1.0000000       71.000000       1.7435706      -1.0000000       1.0000000
       0.0000000       0.0000000      -1.0000000      -1.0000000      -1.0000000
      -1.0000000      -1.0000000      -1.0000000      -1.0000000      -1.0000000
      -1.0000000
       0.0000000       70.000000       1.8226893      -1.0000000       262602.00
     0.082483888      0.68809658      -1.0000000      -1.0000000      -1.0000000
      -1.0000000      -1.0000000      -1.0000000       90.468704       2.8888361
       72.953270
       0.0000000       69.000000       1.9040896      -1.0000000       256990.00
     0.069813557      0.41126114      -1.0000000      -1.0000000      -1.0000000
      -1.0000000      -1.0000000      -1.0000000       72.184944       1.8991568
       81.897964
       1.0000000       69.000000       1.9040896      -1.0000000       1.0000000
    0.0016192573     0.040402990      -1.0000000      -1.0000000      -1.0000000
      -1.0000000      -1.0000000      -1.0000000      -1.0000000      -1.0000000
      -1.0000000
       0.0000000       68.000000       2.0020282      -1.0000000       248395.00
     0.060269944      0.29272339      -1.0000000      -1.0000000      -1.0000000
      -1.0000000      -1.0000000      -1.0000000       60.289974       1.6902863
       73.004379
       1.0000000       68.000000       2.0020282      -1.0000000       1.0000000
       0.0000000       0.0000000      -1.0000000      -1.0000000      -1.0000000
      -1.0000000      -1.0000000      -1.0000000      -1.0000000      -1.0000000
      -1.0000000
       0.0000000       67.000000       2.1032696      -1.0000000       242783.00
     0.060853586      0.26240015      -1.0000000      -1.0000000      -1.0000000
      -1.0000000      -1.0000000      -1.0000000       60.618305       1.6336168
       66.232468
       1.0000000       67.000000       2.1032696      -1.0000000       1.0000000
    0.0012548383       0.0000000      -1.0000000      -1.0000000      -1.0000000
      -1.0000000      -1.0000000      -1.0000000      -1.0000000      -1.0000000
      -1.0000000
       0.0000000       66.000000       2.2079256      -1.0000000       294714.00
     0.048938081      0.30549791      -1.0000000      -1.0000000      -1.0000000
      -1.0000000      -1.0000000      -1.0000000       62.068539       1.4994628
       63.399582
       0.0000000       65.000000       2.3161108      -1.0000000       304562.00
     0.041089054      0.19783928      -1.0000000      -1.0000000      -1.0000000
      -1.0000000      -1.0000000      -1.0000000       61.516773       1.2574480
       61.311489
       0.0000000       64.000000       2.4442258      -1.0000000       291893.00
     0.039017182      0.20838250      -1.0000000      -1.0000000      -1.0000000
      -1.0000000      -1.0000000      -1.0000000       65.175484       1.1168664
       56.381912
       0.0000000       63.000000       2.5772903      -1.0000000       279720.00
     0.030255914      0.14225981      -1.0000000      -1.0000000      -1.0000000
      -1.0000000      -1.0000000      -1.0000000       62.295773       1.0363457
       59.230213
       0.0000000       62.000000       2.7331426      -1.0000000       267961.00
     0.026140114      0.13903318      -1.0000000      -1.0000000      -1.0000000
      -1.0000000      -1.0000000      -1.0000000       59.957691      0.79164571
       59.122242
       0.0000000       61.000000       2.8957851      -1.0000000       254029.00
     0.021997672      0.11705325      -1.0000000      -1.0000000      -1.0000000
      -1.0000000      -1.0000000      -1.0000000       56.399124      0.65196896
       61.020035
       1.0000000       61.000000       2.8957851      -1.0000000       1.0000000
       0.0000000       0.0000000      -1.0000000      -1.0000000      -1.0000000
      -1.0000000      -1.0000000      -1.0000000      -1.0000000      -1.0000000
      -1.0000000
