       0.0000000       135.00000       0.0000000       125.00000       253505.00
       1.5598480      0.82716954      0.44150719      0.54838705      0.34947172
       29.395458      -15.600563       55.153133       91.059288       7.7054453
       22.494659
       0.0000000       134.00000    0.0095216669       125.00000       251729.00
       1.5642788      0.88866478      0.44336945      0.54838705      0.36706305
       33.194931      -18.572874       53.074768       90.877838       7.9028845
       23.290525
       0.0000000       133.00000     0.023974428       124.00000       248010.00
       1.5387657      0.86746854      0.43759936      0.58064520      0.34574729
       43.780983      -12.399112       44.434410       89.590187       7.8060699
       26.346607
       0.0000000       132.00000     0.033724371       124.00000       247341.00
       1.5385787      0.84483987      0.43332440      0.58064520      0.30625266
       43.644455      -5.7358060       44.307270       88.237633       7.8333535
       29.012556
       0.0000000       131.00000     0.048523631       124.00000       242821.00
       1.5329250      0.85454601      0.43499279      0.58064520      0.33810759
       40.989311      -4.2916493       47.921143       85.675880       8.0390644
       34.135590
       0.0000000       130.00000     0.058507323       124.00000       241248.00
       1.5441449      0.97562456      0.43462881      0.58064520      0.33573380
       40.887897      -3.7796714       49.910202       84.516747       8.1575842
       38.012062
       0.0000000       129.00000     0.073661387       128.00000       239520.00
       1.5048742      0.91536379      0.42524382      0.58064520      0.31109965
       35.776836      -10.758729       51.318741       82.442589       7.8895817
       42.003635
       0.0000000       128.00000     0.083884433       126.00000       238220.00
       1.5153261      0.87264991      0.42226258      0.62500000      0.34528455
       33.143303      -12.186098       53.269230       82.707451       7.9080453
       41.918072
       0.0000000       127.00000     0.099401802       129.00000       236739.00
       1.4842342      0.99107099      0.42062327      0.58064520      0.33836490
       41.435215      -15.609400       44.787949       82.956192       7.9740787
       43.560341
       0.0000000       126.00000      0.10986994       120.00000       230322.00
       1.4992324      0.95636070      0.41923523      0.58064520      0.38559335
       44.621986      -12.965687       43.174034       82.842300       8.1397409
       44.111919
       0.0000000       125.00000      0.12575933       117.00000       225873.00
       1.4720944      0.98251718      0.41932380      0.55172414      0.28803942
       35.235760      -13.559382       48.319122       83.718895       8.0141211
       42.516293
       0.0000000       124.00000      0.14187621       127.00000       227848.00
       1.4720351      0.85982502      0.42116717      0.58064520      0.37319735
       32.391792      -22.711538       49.440289       84.580055       8.1681690
       42.212692
       0.0000000       123.00000      0.15274876       120.00000       222173.00
       1.4505100      0.96250337      0.42273852      0.54838705      0.32699761
       33.376560      -24.841150       46.867867       84.489250       8.0457792
       44.370712
       0.0000000       122.00000      0.16925204       117.00000       217957.00
       1.4385258       1.1902235      0.42738152      0.54838705      0.35166863
       42.649185      -30.431208       30.460882       85.678177       8.0930367
       43.051556
       0.0000000       121.00000      0.18038526       113.00000       212679.00
       1.4148397       1.0889559      0.42070654      0.58064520      0.31577045
       46.808044      -31.441460       22.112211       84.308525       8.0094004
       44.171169
       0.0000000       120.00000      0.19728418       112.00000       208452.00
       1.4032185      0.99994147      0.41796166      0.62500000      0.31755087
       45.241547      -10.090919       29.386597       82.881676       7.8868408
       50.377098
       0.0000000       119.00000      0.21442504      -1.0000000       201603.00
       1.3774554       1.1316426      -1.0000000      -1.0000000      -1.0000000
      -1.0000000      -1.0000000      -1.0000000       82.978333       7.8687644
       50.328922
       0.0000000       118.00000      0.22598839      -1.0000000       198917.00
       1.3650577      0.97081321      -1.0000000      -1.0000000      -1.0000000
      -1.0000000      -1.0000000      -1.0000000       83.330215       7.7544055
       50.017963
       0.0000000       117.00000      0.24354018      -1.0000000       193950.00
       1.3552244      0.99269640      -1.0000000      -1.0000000      -1.0000000
      -1.0000000      -1.0000000      -1.0000000       85.039062       7.8992224
       49.119976
       0.0000000       116.00000      0.26134327      -1.0000000       192938.00
       1.3200154       1.0281768      -1.0000000      -1.0000000      -1.0000000
      -1.0000000      -1.0000000      -1.0000000       86.126053       7.7617116
       51.320129
       0.0000000       115.00000      0.27335334      -1.0000000       190468.00
       1.3318590       1.2313451      -1.0000000      -1.0000000      -1.0000000
      -1.0000000      -1.0000000      -1.0000000       86.623863       8.4307690
       52.777782
       0.0000000       114.00000      0.29158324      -1.0000000       183528.00
       1.2888720       1.0742033      -1.0000000      -1.0000000      -1.0000000
      -1.0000000      -1.0000000      -1.0000000       88.220253       7.9594622
       50.987850
       0.0000000       113.00000      0.31007412      -1.0000000       180829.00
       1.2654339       1.0237062      -1.0000000      -1.0000000      -1.0000000
      -1.0000000      -1.0000000      -1.0000000       87.966423       7.8798819
       52.503777
       0.0000000       112.00000      0.32882974      -1.0000000       171915.00
       1.2390932      0.92321897      -1.0000000      -1.0000000      -1.0000000
      -1.0000000      -1.0000000      -1.0000000       87.131500       7.7023258
       59.166519
       0.0000000       111.00000      0.34785384      -1.0000000       168502.00
       1.2259305      0.86152029      -1.0000000      -1.0000000      -1.0000000
      -1.0000000      -1.0000000      -1.0000000       87.907570       7.7508368
       58.075623
       0.0000000       110.00000      0.36068764      -1.0000000       168461.00
       1.2111411      0.77681106      -1.0000000      -1.0000000      -1.0000000
      -1.0000000      -1.0000000      -1.0000000       88.251282       7.4603171
       57.924797
       0.0000000       109.00000      0.38016787      -1.0000000       164037.00
       1.2026553      0.92221594      -1.0000000      -1.0000000      -1.0000000
      -1.0000000      -1.0000000      -1.0000000       88.719429       7.7688336
       58.891205
       1.0000000       109.00000      0.38016787      -1.0000000       1.0000000
     0.017093269      0.11940189      -1.0000000      -1.0000000      -1.0000000
      -1.0000000      -1.0000000      -1.0000000      -1.0000000      -1.0000000
      -1.0000000
       0.0000000       108.00000      0.39992696      -1.0000000       161881.00
       1.1817969       1.0385529      -1.0000000      -1.0000000      -1.0000000
      -1.0000000      -1.0000000      -1.0000000       88.732010       7.9557471
       58.763233
       0.0000000       107.00000      0.41996893      -1.0000000       157122.00
       1.1673616       1.0112256      -1.0000000      -1.0000000      -1.0000000
      -1.0000000      -1.0000000      -1.0000000       88.554848       8.1194010
       58.366566
       0.0000000       106.00000      0.44029784      -1.0000000       153707.00
       1.1465347       1.1070828      -1.0000000      -1.0000000      -1.0000000
      -1.0000000      -1.0000000      -1.0000000       86.977287       8.1612377
       60.076851
       0.0000000       105.00000      0.46091780      -1.0000000       150344.00
       1.1343381       1.1083702      -1.0000000      -1.0000000      -1.0000000
      -1.0000000      -1.0000000      -1.0000000       87.977966       8.0707874
       54.988976
       1.0000000       105.00000      0.46091780      -1.0000000       1.0000000
   0.00070498959     0.017916650      -1.0000000      -1.0000000      -1.0000000
      -1.0000000      -1.0000000      -1.0000000      -1.0000000      -1.0000000
      -1.0000000
       0.0000000       104.00000      0.48183295      -1.0000000       144716.00
       1.0944536       1.0554402      -1.0000000      -1.0000000      -1.0000000
      -1.0000000      -1.0000000      -1.0000000       87.788040       8.0487375
       50.796768
       0.0000000       103.00000      0.50304753      -1.0000000       140834.00
       1.0819594      0.92922217      -1.0000000      -1.0000000      -1.0000000
      -1.0000000      -1.0000000      -1.0000000       88.067978       7.8016686
       48.674286
       0.0000000       102.00000      0.52456582      -1.0000000       139344.00
       1.0718315       1.0160407      -1.0000000      -1.0000000      -1.0000000
      -1.0000000      -1.0000000      -1.0000000       88.453590       7.8558049
       53.206974
       1.0000000       102.00000      0.52456582      -1.0000000       1.0000000
       0.0000000       0.0000000      -1.0000000      -1.0000000      -1.0000000
      -1.0000000      -1.0000000      -1.0000000      -1.0000000      -1.0000000
      -1.0000000
       0.0000000       101.00000      0.54639220      -1.0000000       137770.00
       1.0479770      0.97780728      -1.0000000      -1.0000000      -1.0000000
      -1.0000000      -1.0000000      -1.0000000       94.305656       7.9584236
       42.658371
       0.0000000       100.00000      0.57598084      -1.0000000       142187.00
       1.0293001       1.0680201      -1.0000000      -1.0000000      -1.0000000
      -1.0000000      -1.0000000      -1.0000000       91.946159       8.0443459
       46.163857
       0.0000000       99.000000      0.59854329      -1.0000000       138636.00
       1.0064855       1.1161739      -1.0000000      -1.0000000      -1.0000000
      -1.0000000      -1.0000000      -1.0000000       90.460556       7.9438043
       55.288933
       0.0000000       98.000000      0.62142873      -1.0000000       136961.00
      0.98510814       1.1119236      -1.0000000      -1.0000000      -1.0000000
      -1.0000000      -1.0000000      -1.0000000       91.139809       7.9952078
       56.818577
       0.0000000       97.000000      0.64464182      -1.0000000       135464.00
      0.97765112       1.0677981      -1.0000000      -1.0000000      -1.0000000
      -1.0000000      -1.0000000      -1.0000000       90.501160       8.0169001
       61.199574
       1.0000000       97.000000      0.64464182      -1.0000000       1.0000000
   0.00075258629       0.0000000      -1.0000000      -1.0000000      -1.0000000
      -1.0000000      -1.0000000      -1.0000000      -1.0000000      -1.0000000
      -1.0000000
       0.0000000       96.000000      0.67611039      -1.0000000       131768.00
      0.96273124       1.2984780      -1.0000000      -1.0000000      -1.0000000
      -1.0000000      -1.0000000      -1.0000000       91.542480       8.6027870
       60.347134
       0.0000000       95.000000      0.70010638      -1.0000000       129176.00
      0.92946279       1.1937524      -1.0000000      -1.0000000      -1.0000000
      -1.0000000      -1.0000000      -1.0000000       91.274361       8.2042627
       63.687668
       0.0000000       94.000000      0.73263615      -1.0000000       128499.00
      0.90845889       1.2511623      -1.0000000      -1.0000000      -1.0000000
      -1.0000000      -1.0000000      -1.0000000       89.517693       8.3321056
       71.545120
       1.0000000       94.000000      0.73263615      -1.0000000       1.0000000
       0.0000000       0.0000000      -1.0000000      -1.0000000      -1.0000000
      -1.0000000      -1.0000000      -1.0000000      -1.0000000      -1.0000000
      -1.0000000
       0.0000000       93.000000      0.75744140      -1.0000000       122681.00
      0.89169246       1.3452492      -1.0000000      -1.0000000      -1.0000000
      -1.0000000      -1.0000000      -1.0000000       88.806969       8.6073284
       72.156380
       0.0000000       92.000000      0.79106826      -1.0000000       120198.00
      0.84673488       1.2506214      -1.0000000      -1.0000000      -1.0000000
      -1.0000000      -1.0000000      -1.0000000       87.544388       7.8727832
       81.365746
       0.0000000       91.000000      0.81671000      -1.0000000       117682.00
      0.85789710       1.0417079      -1.0000000      -1.0000000      -1.0000000
      -1.0000000      -1.0000000      -1.0000000       87.498421       8.1666565
       81.994049
       0.0000000       90.000000      0.85147089      -1.0000000       340681.00
      0.82779956       1.0169432      -1.0000000      -1.0000000      -1.0000000
      -1.0000000      -1.0000000      -1.0000000       89.279022       7.9301758
       86.817978
       0.0000000       89.000000      0.88689691      -1.0000000       338986.00
      0.85321492       1.3029548      -1.0000000      -1.0000000      -1.0000000
      -1.0000000      -1.0000000      -1.0000000       92.126137       9.3757839
       84.362007
       0.0000000       88.000000      0.92300081      -1.0000000       334870.00
      0.80407530       1.3601168      -1.0000000      -1.0000000      -1.0000000
      -1.0000000      -1.0000000      -1.0000000       95.942429       8.6905212
       82.133904
       0.0000000       87.000000      0.95053136      -1.0000000       331538.00
      0.76951683      0.99367934      -1.0000000      -1.0000000      -1.0000000
      -1.0000000      -1.0000000      -1.0000000       92.288551       8.7009869
       87.023865
       1.0000000       87.000000      0.95053136      -1.0000000       1.0000000
    0.0059588170    0.0053814151      -1.0000000      -1.0000000      -1.0000000
      -1.0000000      -1.0000000      -1.0000000      -1.0000000      -1.0000000
      -1.0000000
       0.0000000       86.000000      0.98785281      -1.0000000       323771.00
      0.84522468       1.0041245      -1.0000000      -1.0000000      -1.0000000
      -1.0000000      -1.0000000      -1.0000000       91.795189       8.6931992
       95.083900
       0.0000000       85.000000      0.99729425      -1.0000000       322417.00
      0.82743990      0.92935967      -1.0000000      -1.0000000      -1.0000000
      -1.0000000      -1.0000000      -1.0000000       91.693344       8.1597528
       95.365395
       0.0000000       84.000000       1.0355104      -1.0000000       315641.00
      0.70579869      0.76071328      -1.0000000      -1.0000000      -1.0000000
      -1.0000000      -1.0000000      -1.0000000       87.303009       6.6775084
       101.68109
       2.0000000       84.000000       1.0355104      0.27162141       77.000000
      0.14149845      0.45640224      -1.0000000      -1.0000000      -1.0000000
      -1.0000000      -1.0000000      -1.0000000      -1.0000000      -1.0000000
      -1.0000000
       0.0000000       83.000000       1.0744579      -1.0000000       309705.00
      0.69179946      0.66056538      -1.0000000      -1.0000000      -1.0000000
      -1.0000000      -1.0000000      -1.0000000       87.976379       6.0992889
       103.40290
       0.0000000       82.000000       1.1141505      -1.0000000       307343.00
      0.67735296      0.75087088      -1.0000000      -1.0000000      -1.0000000
      -1.0000000      -1.0000000      -1.0000000       91.556221       5.9609385
       99.046806
       1.0000000       82.000000       1.1141505      -1.0000000       1.0000000
   0.00061184820     0.031101052      -1.0000000      -1.0000000      -1.0000000
      -1.0000000      -1.0000000      -1.0000000      -1.0000000      -1.0000000
      -1.0000000
       0.0000000       81.000000       1.1546028      -1.0000000       300611.00
      0.66720074      0.92554951      -1.0000000      -1.0000000      -1.0000000
      -1.0000000      -1.0000000      -1.0000000       96.123329       6.4203925
       92.810043
       0.0000000       80.000000       1.2062581      -1.0000000       292013.00
      0.63921010      0.98216653      -1.0000000      -1.0000000      -1.0000000
      -1.0000000      -1.0000000      -1.0000000       100.55798       6.8441582
       85.556526
       0.0000000       79.000000       1.2484726      -1.0000000       288374.00
      0.62158477       1.2650969      -1.0000000      -1.0000000      -1.0000000
      -1.0000000      -1.0000000      -1.0000000       105.18498       6.8664336
       77.757767
       1.0000000       79.000000       1.2484726      -1.0000000       2.0000000
       0.0000000       0.0000000      -1.0000000      -1.0000000      -1.0000000
      -1.0000000      -1.0000000      -1.0000000      -1.0000000      -1.0000000
      -1.0000000
       0.0000000       78.000000       1.3023784      -1.0000000       279936.00
      0.55695188       1.3021668      -1.0000000      -1.0000000      -1.0000000
      -1.0000000      -1.0000000      -1.0000000       100.53638       6.7574081
       88.316872
       0.0000000       77.000000       1.3575766      -1.0000000       273875.00
      0.52093995      0.93604964      -1.0000000      -1.0000000      -1.0000000
      -1.0000000      -1.0000000      -1.0000000       90.426743       5.7916050
       95.043495
       0.0000000       76.000000       1.4140983      -1.0000000       265983.00
      0.49046117       1.0367701      -1.0000000      -1.0000000      -1.0000000
      -1.0000000      -1.0000000      -1.0000000       85.242241       5.7196727
       95.536987
       0.0000000       75.000000       1.4719748      -1.0000000       258125.00
      0.46749431      0.75848424      -1.0000000      -1.0000000      -1.0000000
      -1.0000000      -1.0000000      -1.0000000       83.666382       4.9656196
       92.944382
       0.0000000       74.000000       1.5312390      -1.0000000       250497.00
      0.45085800      0.67699277      -1.0000000      -1.0000000      -1.0000000
      -1.0000000      -1.0000000      -1.0000000       84.154594       5.1117363
       91.525185
       0.0000000       73.000000       1.6042346      -1.0000000       241108.00
      0.45721233      0.54536104      -1.0000000      -1.0000000      -1.0000000
      -1.0000000      -1.0000000      -1.0000000       88.777084       5.2306819
       85.461792
       1.0000000       73.000000       1.6042346      -1.0000000       1.0000000
   0.00042745451       0.0000000      -1.0000000      -1.0000000      -1.0000000
      -1.0000000      -1.0000000      -1.0000000      -1.0000000      -1.0000000
      -1.0000000
       0.0000000       72.000000       1.6666696      -1.0000000       229926.00
      0.43822351      0.90716046      -1.0000000      -1.0000000      -1.0000000
      -1.0000000      -1.0000000      -1.0000000       91.101891       5.3780575
       78.778893
       1.0000000       72.000000       1.6666696      -1.0000000       1.0000000
     0.010657233      0.30008817      -1.0000000      -1.0000000      -1.0000000
      -1.0000000      -1.0000000      -1.0000000      -1.0000000      -1.0000000
      -1.0000000
       0.0000000       71.000000       1.7435706      -1.0000000       252183.00
      0.37837109      0.94061750      -1.0000000      -1.0000000      -1.0000000
      -1.0000000      -1.0000000      -1.0000000       93.789627       5.1661177
       72.258286
       1.0000000       71.000000       1.7435706      -1.0000000       1.0000000
    0.0056872247     0.041291673      -1.0000000      -1.0000000      -1.0000000
      -1.0000000      -1.0000000      -1.0000000      -1.0000000      -1.0000000
      -1.0000000
       0.0000000       70.000000       1.8226893      -1.0000000       244364.00
      0.36402479      0.72662771      -1.0000000      -1.0000000      -1.0000000
      -1.0000000      -1.0000000      -1.0000000       100.33283       4.9727621
       65.526993
       0.0000000       69.000000       1.9040896      -1.0000000       238172.00
      0.31848520      0.65295017      -1.0000000      -1.0000000      -1.0000000
      -1.0000000      -1.0000000      -1.0000000       93.170280       4.0888305
       75.350868
       1.0000000       69.000000       1.9040896      -1.0000000       1.0000000
   0.00075426919     0.012421672      -1.0000000      -1.0000000      -1.0000000
      -1.0000000      -1.0000000      -1.0000000      -1.0000000      -1.0000000
      -1.0000000
       0.0000000       68.000000       2.0020282      -1.0000000       229483.00
      0.30453748      0.62404263      -1.0000000      -1.0000000      -1.0000000
      -1.0000000      -1.0000000      -1.0000000       86.325089       3.9250865
       75.907425
       1.0000000       68.000000       2.0020282      -1.0000000       1.0000000
   0.00094968488     0.051088881      -1.0000000      -1.0000000      -1.0000000
      -1.0000000      -1.0000000      -1.0000000      -1.0000000      -1.0000000
      -1.0000000
       0.0000000       67.000000       2.1032696      -1.0000000       221870.00
      0.28326058      0.71137881      -1.0000000      -1.0000000      -1.0000000
      -1.0000000      -1.0000000      -1.0000000       86.898918       3.9278610
       68.759064
       0.0000000       66.000000       2.2079256      -1.0000000       208812.00
      0.26095587      0.72734779      -1.0000000      -1.0000000      -1.0000000
      -1.0000000      -1.0000000      -1.0000000       88.021919       4.3335786
       63.947346
       0.0000000       65.000000       2.3161108      -1.0000000       213314.00
      0.22589259      0.83688843      -1.0000000      -1.0000000      -1.0000000
      -1.0000000      -1.0000000      -1.0000000       86.384880       3.6408515
       64.015869
       1.0000000       65.000000       2.3161108      -1.0000000       2.0000000
    0.0012136744     0.040263384      -1.0000000      -1.0000000      -1.0000000
      -1.0000000      -1.0000000      -1.0000000      -1.0000000      -1.0000000
      -1.0000000
       0.0000000       64.000000       2.4442258      -1.0000000       200770.00
      0.19388023      0.71424973      -1.0000000      -1.0000000      -1.0000000
      -1.0000000      -1.0000000      -1.0000000       80.435959       3.7805083
       69.029343
       1.0000000       64.000000       2.4442258      -1.0000000       1.0000000
   0.00081006624     0.041344080      -1.0000000      -1.0000000      -1.0000000
      -1.0000000      -1.0000000      -1.0000000      -1.0000000      -1.0000000
      -1.0000000
       0.0000000       63.000000       2.5772903      -1.0000000       190689.00
      0.17838709      0.72799206      -1.0000000      -1.0000000      -1.0000000
      -1.0000000      -1.0000000      -1.0000000       78.381798       3.8344769
       72.195755
       0.0000000       62.000000       2.7331426      -1.0000000       176077.00
      0.16202575      0.85740095      -1.0000000      -1.0000000      -1.0000000
      -1.0000000      -1.0000000      -1.0000000       77.983856       4.6176062
       74.599861
       0.0000000       61.000000       2.8957851      -1.0000000       163726.00
      0.13478169      0.75809109      -1.0000000      -1.0000000      -1.0000000
      -1.0000000      -1.0000000      -1.0000000       83.078026       3.3674791
       72.945694
       1.0000000       61.000000       2.8957851      -1.0000000       1.0000000
   0.00026420553     0.022060545      -1.0000000      -1.0000000      -1.0000000
      -1.0000000      -1.0000000      -1.0000000      -1.0000000      -1.0000000
      -1.0000000
       0.0000000       60.000000       3.0081310      -1.0000000       155014.00
      0.13095553       1.1159118      -1.0000000      -1.0000000      -1.0000000
      -1.0000000      -1.0000000      -1.0000000       86.381470       5.9992070
       70.784111
       0.0000000       59.000000       3.0848227      -1.0000000       147656.00
      0.10560662      0.66667235      -1.0000000      -1.0000000      -1.0000000
      -1.0000000      -1.0000000      -1.0000000       90.859116       3.9150834
       67.321358
       2.0000000       59.000000       3.0848227      0.30682042       57.000000
     0.017987194      0.11986940      -1.0000000      -1.0000000      -1.0000000
      -1.0000000      -1.0000000      -1.0000000      -1.0000000      -1.0000000
      -1.0000000
       1.0000000       59.000000       3.0848227      -1.0000000       2.0000000
       0.0000000       0.0000000      -1.0000000      -1.0000000      -1.0000000
      -1.0000000      -1.0000000      -1.0000000      -1.0000000      -1.0000000
      -1.0000000
       0.0000000       58.000000       3.2830331      -1.0000000       132854.00
     0.045150328     0.092408851      -1.0000000      -1.0000000      -1.0000000
      -1.0000000      -1.0000000      -1.0000000       48.966801      0.54916167
       11.054109
       2.0000000       58.000000       3.2830331       1.2581064       58.000000
     0.056803916       1.5334241      -1.0000000      -1.0000000      -1.0000000
      -1.0000000      -1.0000000      -1.0000000      -1.0000000      -1.0000000
      -1.0000000
       1.0000000       58.000000       3.2830331      -1.0000000       2.0000000
   0.00022600988    0.0062706745      -1.0000000      -1.0000000      -1.0000000
      -1.0000000      -1.0000000      -1.0000000      -1.0000000      -1.0000000
      -1.0000000
       0.0000000       57.000000       3.4908614      -1.0000000       116984.00
     0.058624499      0.23838149      -1.0000000      -1.0000000      -1.0000000
      -1.0000000      -1.0000000      -1.0000000       73.174637       1.4043926
       84.937607
