       0.0000000       135.00000       0.0000000       0.0000000       94.000000
       1.6701276       0.0000000      0.35745707      0.39999998      0.34000990
      -47.758305       12.190157       35.144405       71.364700       6.7817717
       12.413557
       0.0000000       134.00000    0.0095216669       0.0000000       100.00000
       1.5976448       0.0000000      0.34751210      0.39999998      0.31785166
      -45.336475       11.420255       31.237059       68.524529       6.1193390
       11.929179
       0.0000000       133.00000     0.023974428       0.0000000       103.00000
       1.5756934       0.0000000      0.35456768      0.45161289      0.33543825
      -46.907349       10.040970       31.838083       67.037231       5.9921741
       12.447076
       0.0000000       132.00000     0.033724371       0.0000000       106.00000
       1.5712321       0.0000000      0.34747553      0.41935480      0.34008303
      -49.212650       9.2135582       29.634274       66.545914       6.0014906
       12.727793
       0.0000000       131.00000     0.048523631       0.0000000       76.000000
       1.6529424       0.0000000      0.35626382      0.37931031      0.33948421
      -54.728695       9.6190357       33.680172       68.583382       6.4777536
       13.280353
       0.0000000       130.00000     0.058507323       0.0000000       76.000000
       1.7006522       0.0000000      0.36002854      0.37931031      0.32974344
      -57.444195       7.9504457       37.329853       71.717117       6.8805599
       13.496153
       0.0000000       129.00000     0.073661387       0.0000000       76.000000
       1.6318651       0.0000000      0.36369839      0.35714281      0.31437436
      -53.291656       2.4846156       37.112278       71.800339       6.3696237
       12.622353
       0.0000000       128.00000     0.083884433       0.0000000       80.000000
       1.5601678       0.0000000      0.35609037      0.37931031      0.33067909
      -49.496113    0.0025595906       35.405914       70.012909       5.8795757
       12.413273
       0.0000000       127.00000     0.099401802       0.0000000       79.000000
       1.5571581       0.0000000      0.35723689      0.43333334      0.32526803
      -52.744682       1.1276140       32.666382       68.831696       5.9467087
       13.550811
       0.0000000       126.00000      0.10986994       0.0000000       78.000000
       1.6189933       0.0000000      0.35614949      0.43333334      0.33154589
      -54.971260       2.2130809       34.070751       69.537247       6.2127090
       13.303448
       0.0000000       125.00000      0.12575933       0.0000000       73.000000
       1.7313406       0.0000000      0.36656609      0.45161289      0.36309326
      -61.458786       6.3532596       37.981476       71.180885       7.0540390
       14.909484
       0.0000000       124.00000      0.14187621       0.0000000       69.000000
       1.7308714       0.0000000      0.36470047      0.50000000      0.36836669
      -61.331776       5.5682645       41.280087       71.439934       7.1781979
       15.215602
       0.0000000       123.00000      0.15274876       0.0000000       69.000000
       1.7240800       0.0000000      0.36343846      0.50000000      0.37860113
      -61.894787       3.5799153       43.560101       71.525070       7.1056480
       15.328984
       0.0000000       122.00000      0.16925204       0.0000000       71.000000
       1.7188488       0.0000000      0.36225230      0.45161289      0.36965883
      -62.327301       1.7290452       46.536095       70.422112       6.9507370
       15.523431
       0.0000000       121.00000      0.18038526       0.0000000       67.000000
       1.7453554       0.0000000      0.36294127      0.45161289      0.36264491
      -62.278908       1.1021757       48.971134       71.268448       7.1970663
       15.784318
       0.0000000       120.00000      0.19728418       0.0000000       63.000000
       1.7394712       0.0000000      0.35418293      0.45161289      0.36431280
      -60.920094      0.50644845       50.331047       70.858826       7.1266756
       16.085943
       0.0000000       119.00000      0.21442504       1.0000000       12122.000
       1.7340541       0.0000000      0.35661647      0.45161289      0.35781014
      -61.657207       1.0980648       49.056118       70.803001       7.0348325
       16.543737
       0.0000000       118.00000      0.22598839       1.0000000       11879.000
       1.7364508       0.0000000      0.35540038      0.52941173      0.37538213
      -61.831490       1.7140958       49.643036       70.658974       7.0228248
       16.611540
       0.0000000       117.00000      0.24354018       1.0000000       11490.000
       1.6232982       0.0000000      0.35951838      0.45161289      0.35824484
      -56.260693       1.2109073       49.451374       69.853615       6.1637807
       15.456667
       0.0000000       116.00000      0.26134327       0.0000000       52.000000
       1.5688881       0.0000000      0.36659297      0.51515150      0.36142552
      -53.663658      -3.6624365       51.946468       71.315323       5.8331842
       14.735086
       0.0000000       115.00000      0.27335334       0.0000000       48.000000
       1.6081005       0.0000000      0.36861935      0.48387092      0.34032828
      -54.884666      -7.7203884       57.544155       71.627693       5.9907622
       14.969708
       0.0000000       114.00000      0.29158324       0.0000000       50.000000
       1.5499955       0.0000000      0.37180859      0.45161289      0.37345666
      -53.970417      -8.8103781       56.624866       71.611519       5.7159667
       14.870382
       0.0000000       113.00000      0.31007412       0.0000000       48.000000
       1.6931359       0.0000000      0.37927157      0.45161289      0.37613583
      -62.677120      -7.5380692       65.421249       73.211090       6.6250396
       15.905428
       0.0000000       112.00000      0.32882974       0.0000000       41.000000
       1.6998419       0.0000000      0.37339383      0.50000000      0.38102669
      -62.070587      -6.1375570       67.641556       70.802048       6.6486549
       18.439533
       0.0000000       111.00000      0.34785384       0.0000000       40.000000
       1.6653370       0.0000000      0.37573174      0.51515150      0.39891481
      -61.304501      -8.9687576       65.462585       69.607063       6.3354583
       17.530958
       0.0000000       110.00000      0.36068764       0.0000000       45.000000
       1.7723936       0.0000000      0.37626567      0.50000000      0.37810552
      -69.293716      -13.053286       71.957474       73.254059       7.3105302
       18.916328
       0.0000000       109.00000      0.38016787       0.0000000       37.000000
       1.7881945       0.0000000      0.37892446      0.46875006      0.37215337
      -69.910706      -17.052673       72.117218       73.503677       7.4008574
       19.596355
       0.0000000       108.00000      0.39992696       0.0000000       37.000000
       1.7878489       0.0000000      0.37664068      0.50000000      0.35511470
      -69.277084      -20.331430       73.723228       73.764061       7.3710771
       20.095957
       0.0000000       107.00000      0.41996893       0.0000000       39.000000
       1.7172389       0.0000000      0.37536612      0.52941173      0.37194067
      -63.198952      -20.237061       71.950035       70.913887       6.7599931
       19.294439
       0.0000000       106.00000      0.44029784       0.0000000       35.000000
       1.7915617       0.0000000      0.38962901      0.51515150      0.38105008
      -66.138870      -27.247757       83.792877       72.971695       7.3390918
       21.068806
       0.0000000       105.00000      0.46091780       0.0000000       33.000000
       1.8132012       0.0000000      0.40353930      0.51515150      0.38523671
      -68.937477      -31.892487       90.909706       73.940033       7.3995609
       20.696007
       0.0000000       104.00000      0.48183295       0.0000000       37.000000
       1.7412473       0.0000000      0.40427235      0.50000000      0.43524516
      -69.316017      -33.274963       94.435738       73.926537       6.8196988
       19.344534
       0.0000000       103.00000      0.50304753       0.0000000       44.000000
       1.6887288       0.0000000      0.40900779      0.50000000      0.43791211
      -71.032967      -32.964268       92.416992       73.275002       6.3983049
       18.883080
       0.0000000       102.00000      0.52456582       0.0000000       36.000000
       1.7297307       0.0000000      0.40348402      0.54545456      0.41478202
      -76.537781      -34.522053       88.481468       75.065987       6.6578765
       19.318283
       0.0000000       101.00000      0.54639220       0.0000000       37.000000
       1.7733597    0.0035082544      0.39803025      0.50000000      0.42280081
      -78.820305      -31.555470       88.570793       76.792603       6.9918470
       20.931644
       0.0000000       100.00000      0.57598084       0.0000000       39.000000
       1.8228902     0.029191867      0.39632228      0.57142854      0.41252375
      -74.889397      -36.379101       91.945145       79.272141       7.5123420
       21.427370
       0.0000000       99.000000      0.59854329       0.0000000       35.000000
       1.8781935     0.039346002      0.38926166      0.55882359      0.41776440
      -75.074883      -41.975922       91.684914       78.806114       7.8521070
       23.273409
       0.0000000       98.000000      0.62142873       0.0000000       33.000000
       1.8684022     0.053154293      0.38106343      0.54545456      0.40844232
      -74.223351      -46.748779       90.016861       78.317062       7.9024687
       25.389183
       0.0000000       97.000000      0.64464182       0.0000000       33.000000
       1.8876506     0.069850482      0.38172591      0.55555552      0.39168656
      -74.002052      -49.667259       88.036972       79.524742       8.1538515
       26.164719
       0.0000000       96.000000      0.67611039       0.0000000       34.000000
       1.8920656     0.078232400      0.37318912      0.56756753      0.38862136
      -77.126953      -52.968597       77.851440       80.175758       8.0639391
       26.964237
       0.0000000       95.000000      0.70010638       0.0000000       37.000000
       1.9136342     0.077475697      0.37393466      0.51428568      0.36292407
      -83.833900      -53.878777       73.417236       81.203796       8.3634424
       26.694498
       0.0000000       94.000000      0.73263615       0.0000000       36.000000
       1.9032358     0.068233356      0.38618007      0.50000000      0.37017098
      -91.707535      -58.455502       72.923164       81.978645       8.0400591
       27.366825
       0.0000000       93.000000      0.75744140       0.0000000       35.000000
       1.9245273      0.19348659      0.38956717      0.52777779      0.39880109
      -93.890533      -71.919937       75.231163       81.889320       8.3137379
       28.524658
       0.0000000       92.000000      0.79106826       0.0000000       33.000000
       1.8874624      0.23281494      0.40014738      0.57142854      0.41699007
      -97.153519      -90.351624       74.460648       82.706551       7.9934692
       26.413885
       0.0000000       91.000000      0.81671000       0.0000000       33.000000
       1.9167842      0.31265602      0.39668506      0.53125000      0.44585288
      -98.800331      -96.434479       85.051453       85.777290       8.3293438
       27.263411
       0.0000000       90.000000      0.85147089       0.0000000       37.000000
       1.9156557      0.45750499      0.39595360      0.52777779      0.41510180
      -94.540024      -101.29953       88.698250       88.002678       8.5757732
       27.604824
       0.0000000       89.000000      0.88689691       0.0000000       34.000000
       1.9207532      0.58352327      0.40884939      0.55555552      0.43769166
      -106.26258      -105.30798       93.542213       90.187691       8.8478003
       29.172188
       0.0000000       88.000000      0.92300081       0.0000000       26.000000
       1.9197825      0.77212667      0.42748880      0.60000002      0.47086811
      -117.47746      -119.70370       98.470261       94.663803       9.2176790
       24.758125
       0.0000000       87.000000      0.95053136       0.0000000       24.000000
       1.8920313      0.78025419      0.42594203      0.53125000      0.43743742
      -117.94910      -130.59332       99.119934       92.549889       8.8335648
       25.577173
       0.0000000       86.000000      0.98785281       0.0000000       24.000000
       1.9053233      0.90063143      0.43489933      0.51724136      0.47794530
      -112.99382      -140.32594       118.92702       94.062431       9.2866325
       27.659334
       0.0000000       85.000000      0.99729425       0.0000000       27.000000
       1.8514564      0.89079064      0.44024584      0.54838705      0.47860771
      -110.35735      -136.07732       125.00237       94.253883       8.7695036
       24.124443
       0.0000000       84.000000       1.0355104       0.0000000       26.000000
       1.9226311       1.0629599      0.45567927      0.56250006      0.51294714
      -117.20875      -128.30910       166.57750       94.848305       9.8160267
       33.105934
       0.0000000       83.000000       1.0744579       0.0000000       26.000000
       1.9158362       1.0210757      0.47287399      0.63636363      0.52870935
      -139.73404      -106.26731       186.49455       93.649361       10.204393
       35.733410
       0.0000000       82.000000       1.1141505       1.0000000       4305.0000
       1.8964779      0.88586134      0.46808943      0.59375006      0.52563953
      -161.94545      -88.215500       182.19786       90.559235       9.4954739
       33.298019
       1.0000000       82.000000       1.1141505      -1.0000000       2.0000000
     0.022696503      0.12070715      -1.0000000      -1.0000000      -1.0000000
      -1.0000000      -1.0000000      -1.0000000      -1.0000000      -1.0000000
      -1.0000000
       0.0000000       81.000000       1.1546028       1.0000000       4151.0000
       1.9115416      0.95483494      0.49389309      0.64705884      0.55976933
      -183.50496      -125.49099       183.90596       87.009552       10.173158
       49.352543
       0.0000000       80.000000       1.2062581       0.0000000       14.000000
       1.8819100      0.49580932      0.51080394      0.61290324      0.55404574
      -179.30493      -137.66101       202.56841       87.065071       9.5391617
       59.714893
       1.0000000       80.000000       1.2062581      -1.0000000       3.0000000
     0.042018800      0.42880781      -1.0000000      -1.0000000      -1.0000000
      -1.0000000      -1.0000000      -1.0000000      -1.0000000      -1.0000000
      -1.0000000
       0.0000000       79.000000       1.2484726       0.0000000       14.000000
       2.0106335      0.26383054      0.51784635      0.67647058      0.57242227
      -166.21799      -141.26735       240.10793       93.098564       10.287631
       56.527302
       0.0000000       78.000000       1.3023784       0.0000000       15.000000
       1.8790642      0.87864166      0.48878297      0.71052635      0.59011573
      -121.35365      -118.17927       251.81714       106.22768       9.8695183
       46.194862
       1.0000000       78.000000       1.3023784      -1.0000000       1.0000000
     0.011209822      0.17136906      -1.0000000      -1.0000000      -1.0000000
      -1.0000000      -1.0000000      -1.0000000      -1.0000000      -1.0000000
      -1.0000000
       0.0000000       77.000000       1.3575766       0.0000000       15.000000
       1.8619608       1.8117404      0.50350046      0.64102566      0.59627283
      -169.23738      -104.74012       364.83014       122.42053       12.057749
       35.550900
       1.0000000       77.000000       1.3575766      -1.0000000       1.0000000
     0.012764099     0.065766945      -1.0000000      -1.0000000      -1.0000000
      -1.0000000      -1.0000000      -1.0000000      -1.0000000      -1.0000000
      -1.0000000
       0.0000000       76.000000       1.4140983       0.0000000       14.000000
       1.7053927       2.7149067      0.53690761      0.77499998      0.69277418
      -248.34340      -151.72147       430.17416       118.83467       13.707191
       35.718090
       0.0000000       75.000000       1.4719748      -1.0000000       15.000000
       1.5680177       2.4661016      -1.0000000      -1.0000000      -1.0000000
      -1.0000000      -1.0000000      -1.0000000       110.93734       13.101773
       48.874084
       1.0000000       75.000000       1.4719748      -1.0000000       3.0000000
    0.0032685054      0.13817119      -1.0000000      -1.0000000      -1.0000000
      -1.0000000      -1.0000000      -1.0000000      -1.0000000      -1.0000000
      -1.0000000
       0.0000000       74.000000       1.5312390      -1.0000000       12.000000
       1.4554089       2.6151571      -1.0000000      -1.0000000      -1.0000000
      -1.0000000      -1.0000000      -1.0000000       108.21428       12.978508
       65.585785
       0.0000000       73.000000       1.6042346      -1.0000000       9495.0000
       1.3070202       2.7028210      -1.0000000      -1.0000000      -1.0000000
      -1.0000000      -1.0000000      -1.0000000       112.10871       12.782495
       68.647392
       0.0000000       72.000000       1.6666696      -1.0000000       218839.00
       1.1946886       2.6948864      -1.0000000      -1.0000000      -1.0000000
      -1.0000000      -1.0000000      -1.0000000       110.55611       12.825049
       76.419670
       1.0000000       72.000000       1.6666696      -1.0000000       2.0000000
    0.0013306661     0.028235251      -1.0000000      -1.0000000      -1.0000000
      -1.0000000      -1.0000000      -1.0000000      -1.0000000      -1.0000000
      -1.0000000
       0.0000000       71.000000       1.7435706      -1.0000000       211111.00
       1.1358542       2.7022481      -1.0000000      -1.0000000      -1.0000000
      -1.0000000      -1.0000000      -1.0000000       115.06465       13.769945
       74.010918
       0.0000000       70.000000       1.8226893      -1.0000000       202553.00
       1.0538118       3.0676808      -1.0000000      -1.0000000      -1.0000000
      -1.0000000      -1.0000000      -1.0000000       116.29008       14.860584
       71.749489
       1.0000000       70.000000       1.8226893      -1.0000000       3.0000000
     0.013954820     0.088743456      -1.0000000      -1.0000000      -1.0000000
      -1.0000000      -1.0000000      -1.0000000      -1.0000000      -1.0000000
      -1.0000000
       0.0000000       69.000000       1.9040896      -1.0000000       194172.00
      0.91909558       2.5336082      -1.0000000      -1.0000000      -1.0000000
      -1.0000000      -1.0000000      -1.0000000       110.70436       12.396894
       77.285500
       0.0000000       68.000000       2.0020282      -1.0000000       184544.00
      0.81104684       2.2288840      -1.0000000      -1.0000000      -1.0000000
      -1.0000000      -1.0000000      -1.0000000       105.65018       12.492026
       78.785774
       1.0000000       68.000000       2.0020282      -1.0000000       2.0000000
    0.0082807979     0.063908018      -1.0000000      -1.0000000      -1.0000000
      -1.0000000      -1.0000000      -1.0000000      -1.0000000      -1.0000000
      -1.0000000
       0.0000000       67.000000       2.1032696      -1.0000000       177442.00
      0.73487455       2.1991942      -1.0000000      -1.0000000      -1.0000000
      -1.0000000      -1.0000000      -1.0000000       102.09445       11.704153
       82.303284
       1.0000000       67.000000       2.1032696      -1.0000000       1.0000000
   0.00082905148    0.0012747468      -1.0000000      -1.0000000      -1.0000000
      -1.0000000      -1.0000000      -1.0000000      -1.0000000      -1.0000000
      -1.0000000
       0.0000000       66.000000       2.2079256      -1.0000000       168200.00
      0.66416973       1.6885432      -1.0000000      -1.0000000      -1.0000000
      -1.0000000      -1.0000000      -1.0000000       99.408455       10.699435
       89.797005
       1.0000000       66.000000       2.2079256      -1.0000000       1.0000000
       0.0000000       0.0000000      -1.0000000      -1.0000000      -1.0000000
      -1.0000000      -1.0000000      -1.0000000      -1.0000000      -1.0000000
      -1.0000000
       0.0000000       65.000000       2.3161108      -1.0000000       155586.00
      0.62132555       1.5430073      -1.0000000      -1.0000000      -1.0000000
      -1.0000000      -1.0000000      -1.0000000       102.12858       9.1539049
       93.341370
       2.0000000       65.000000       2.3161108      0.31811187       62.000000
     0.096426688      0.23355410      -1.0000000      -1.0000000      -1.0000000
      -1.0000000      -1.0000000      -1.0000000      -1.0000000      -1.0000000
      -1.0000000
       0.0000000       64.000000       2.4442258      -1.0000000       139266.00
      0.56602854       2.0164435      -1.0000000      -1.0000000      -1.0000000
      -1.0000000      -1.0000000      -1.0000000       104.43803       11.793415
       94.272560
       1.0000000       64.000000       2.4442258      -1.0000000       1.0000000
     0.033300985     0.021001205      -1.0000000      -1.0000000      -1.0000000
      -1.0000000      -1.0000000      -1.0000000      -1.0000000      -1.0000000
      -1.0000000
       0.0000000       63.000000       2.5772903      -1.0000000       121246.00
      0.45178571       1.2387434      -1.0000000      -1.0000000      -1.0000000
      -1.0000000      -1.0000000      -1.0000000       106.41737       9.1417465
       102.66330
       0.0000000       62.000000       2.7331426      -1.0000000       110630.00
      0.30312195       1.5067185      -1.0000000      -1.0000000      -1.0000000
      -1.0000000      -1.0000000      -1.0000000       114.28336       7.5062065
       107.40983
       0.0000000       61.000000       2.8957851      -1.0000000       99005.000
      0.23496157       1.1307561      -1.0000000      -1.0000000      -1.0000000
      -1.0000000      -1.0000000      -1.0000000       119.13874       5.3272791
       102.48749
       1.0000000       61.000000       2.8957851      -1.0000000       3.0000000
   0.00015519401       0.0000000      -1.0000000      -1.0000000      -1.0000000
      -1.0000000      -1.0000000      -1.0000000      -1.0000000      -1.0000000
      -1.0000000
       0.0000000       60.000000       3.0081310      -1.0000000       91152.000
      0.19136822      0.98611689      -1.0000000      -1.0000000      -1.0000000
      -1.0000000      -1.0000000      -1.0000000       114.25809       4.5515742
       106.64886
       1.0000000       60.000000       3.0081310      -1.0000000       1.0000000
   0.00022588862    0.0054499442      -1.0000000      -1.0000000      -1.0000000
      -1.0000000      -1.0000000      -1.0000000      -1.0000000      -1.0000000
      -1.0000000
       0.0000000       59.000000       3.0848227      -1.0000000       85880.000
      0.17574407      0.87841660      -1.0000000      -1.0000000      -1.0000000
      -1.0000000      -1.0000000      -1.0000000       109.81293       4.5384579
       115.73150
       1.0000000       59.000000       3.0848227      -1.0000000       6.0000000
   0.00079690893     0.014115769      -1.0000000      -1.0000000      -1.0000000
      -1.0000000      -1.0000000      -1.0000000      -1.0000000      -1.0000000
      -1.0000000
       0.0000000       58.000000       3.2830331      -1.0000000       76795.000
      0.14036827      0.65872955      -1.0000000      -1.0000000      -1.0000000
      -1.0000000      -1.0000000      -1.0000000       97.773674       3.3733964
       130.83078
       1.0000000       58.000000       3.2830331      -1.0000000       1.0000000
       0.0000000       0.0000000      -1.0000000      -1.0000000      -1.0000000
      -1.0000000      -1.0000000      -1.0000000      -1.0000000      -1.0000000
      -1.0000000
       0.0000000       57.000000       3.4908614      -1.0000000       69015.000
      0.10908104      0.51759541      -1.0000000      -1.0000000      -1.0000000
      -1.0000000      -1.0000000      -1.0000000       84.289482       2.6466861
       95.677505
       1.0000000       57.000000       3.4908614      -1.0000000       1.0000000
       0.0000000       0.0000000      -1.0000000      -1.0000000      -1.0000000
      -1.0000000      -1.0000000      -1.0000000      -1.0000000      -1.0000000
      -1.0000000
