       0.0000000       135.00000       0.0000000       2077.0000       442732.00
       1.9321342       1.1172390      0.38571200      0.38709676      0.20611769
      -34.980167       16.778019      0.10692712       93.328743       10.209316
       80.114861
       0.0000000       134.00000    0.0095216669       2079.0000       440441.00
       1.9452953       1.1705486      0.38321841      0.45454544      0.20580414
      -34.472134       16.311584      -5.9401493       93.431343       10.829412
       80.713959
       1.0000000       134.00000    0.0095216669      -1.0000000       1.0000000
    0.0080012055      0.10769501      -1.0000000      -1.0000000      -1.0000000
      -1.0000000      -1.0000000      -1.0000000      -1.0000000      -1.0000000
      -1.0000000
       0.0000000       133.00000     0.023974428       2084.0000       436892.00
       1.9156743       1.1539528      0.39220184      0.45454544      0.21470819
      -36.847588       11.275105      -10.358179       93.785110       10.568383
       80.222961
       1.0000000       133.00000     0.023974428      -1.0000000       2.0000000
     0.031637887      0.16813308      -1.0000000      -1.0000000      -1.0000000
      -1.0000000      -1.0000000      -1.0000000      -1.0000000      -1.0000000
      -1.0000000
       0.0000000       132.00000     0.033724371       2081.0000       435865.00
       1.8993325       1.1685755      0.38514382      0.45454544      0.22097437
      -36.188442       4.5030913      -8.1556339       93.819603       10.437025
       80.493294
       0.0000000       131.00000     0.048523631       2101.0000       432488.00
       1.8630471       1.1365590      0.37456194      0.40625006      0.21526909
      -33.707737      -4.9006491       1.3185478       93.923859       10.189598
       80.420692
       1.0000000       131.00000     0.048523631      -1.0000000       1.0000000
       0.0000000       0.0000000      -1.0000000      -1.0000000      -1.0000000
      -1.0000000      -1.0000000      -1.0000000      -1.0000000      -1.0000000
      -1.0000000
       0.0000000       130.00000     0.058507323       2099.0000       429734.00
       1.8890862       1.1753824      0.36416975      0.42424244      0.22811969
      -32.678753      -5.1951804       9.2915516       94.358345       10.723517
       80.611252
       0.0000000       129.00000     0.073661387       2143.0000       428333.00
       1.8604288       1.2703012      0.36223704      0.47058821      0.21370173
      -30.556530      -8.2169142       11.659157       95.729111       10.623765
       79.822052
       0.0000000       128.00000     0.083884433       2136.0000       425685.00
       1.8188328       1.2020028      0.36627343      0.40625006      0.20261347
      -33.711823      -6.4760761       11.607303       95.880905       10.344119
       80.271820
       0.0000000       127.00000     0.099401802       2170.0000       424616.00
       1.8198068       1.2197634      0.37404752      0.42424244      0.20126475
      -33.931332    -0.026424633       14.369874       96.058029       10.530690
       79.348351
       1.0000000       127.00000     0.099401802      -1.0000000       1.0000000
   0.00029305165     0.010907415      -1.0000000      -1.0000000      -1.0000000
      -1.0000000      -1.0000000      -1.0000000      -1.0000000      -1.0000000
      -1.0000000
       0.0000000       126.00000      0.10986994       2172.0000       422741.00
       1.8016953       1.2508875      0.37686199      0.40625006      0.19739304
      -33.753765       1.6166828       14.589411       96.321175       10.445374
       80.595467
       0.0000000       125.00000      0.12575933       2166.0000       420369.00
       1.7682749       1.2500287      0.37377360      0.40625006      0.18252301
      -34.199829      -1.2494183       16.807543       95.179146       10.126136
       82.082626
       0.0000000       124.00000      0.14187621       2203.0000       418123.00
       1.7657899       1.1557300      0.37462893      0.35483867      0.18899517
      -27.681818       3.2027462       20.492914       94.862648       10.157732
       83.113083
       0.0000000       123.00000      0.15274876       2230.0000       417266.00
       1.7441148       1.1321205      0.36532870      0.40625006      0.18492121
      -22.084311       7.0555601       20.509312       94.928619       10.128104
       83.052269
       0.0000000       122.00000      0.16925204       2238.0000       414565.00
       1.7464144       1.1486843      0.35986787      0.40625006      0.16147302
      -17.934549       12.298636       17.746899       94.940338       10.269090
       83.640457
       0.0000000       121.00000      0.18038526       2245.0000       411958.00
       1.7163306       1.0844555      0.36684233      0.33333331      0.17021941
      -17.527679       17.308092       15.157683       94.939308       9.9630938
       83.973099
       0.0000000       120.00000      0.19728418       2250.0000       408945.00
       1.7124850       1.1617181      0.36547217      0.42424244      0.15670207
      -15.558622       18.617311       8.9416800       94.899033       10.292030
       84.128807
       0.0000000       119.00000      0.21442504       2277.0000       406894.00
       1.6987331       1.3115381      0.37098268      0.41176474      0.14441767
      -13.222254       13.051256       3.3069632       95.529678       10.228942
       84.983719
       0.0000000       118.00000      0.22598839       2276.0000       405015.00
       1.6860952       1.2036740      0.36717975      0.40625006      0.14262372
      -12.555264       11.755136       2.3274462       94.904114       10.273149
       85.981194
       0.0000000       117.00000      0.24354018       2298.0000       401549.00
       1.6742353       1.0232590      0.37124777      0.37500006      0.13646716
      -11.242987       8.5446444      0.40645728       93.904068       9.9349518
       87.536186
       0.0000000       116.00000      0.26134327       2290.0000       397954.00
       1.6457896      0.92209476      0.35423294      0.37500006      0.12520918
      -10.376621       5.5383115       1.3946556       93.824852       9.5949144
       88.982391
       0.0000000       115.00000      0.27335334       2293.0000       395441.00
       1.6479716       1.0233316      0.34049341      0.37500006      0.11269506
      -10.703798       5.0216603       4.5398650       93.700081       9.7340298
       90.136108
       0.0000000       114.00000      0.29158324       2296.0000       392217.00
       1.6242752       1.0136966      0.32531855      0.37500006      0.11482558
      -8.9846926       5.9902306       9.5412245       93.398674       9.5284719
       91.428810
       0.0000000       113.00000      0.31007412       2323.0000       390117.00
       1.6092557      0.87460828      0.32088116      0.37500006      0.12837969
      -7.3847609       10.498176       10.252358       93.318329       9.2778845
       92.331757
       0.0000000       112.00000      0.32882974       2401.0000       387803.00
       1.5910646      0.86094886      0.33938119      0.42424244      0.12399592
      -11.150138       11.038773       4.3470511       93.495125       9.1821051
       92.624146
       1.0000000       112.00000      0.32882974      -1.0000000       2.0000000
       0.0000000       0.0000000      -1.0000000      -1.0000000      -1.0000000
      -1.0000000      -1.0000000      -1.0000000      -1.0000000      -1.0000000
      -1.0000000
       0.0000000       111.00000      0.34785384       2417.0000       385176.00
       1.5980580      0.90068394      0.33638003      0.36363643      0.13724050
      -11.526287       5.1528702      -5.4458294       93.774117       9.3734522
       92.984245
       1.0000000       111.00000      0.34785384      -1.0000000       1.0000000
       0.0000000       0.0000000      -1.0000000      -1.0000000      -1.0000000
      -1.0000000      -1.0000000      -1.0000000      -1.0000000      -1.0000000
      -1.0000000
       0.0000000       110.00000      0.36068764       2435.0000       383926.00
       1.5863167      0.83363962      0.32302952      0.42424244      0.12865414
      -10.857161       2.7844799      -11.273424       94.328224       9.5526581
       92.147415
       0.0000000       109.00000      0.38016787       2436.0000       380853.00
       1.5749246      0.83626187      0.31606609      0.29032254      0.14041163
      -7.2137647       1.4662929      -16.165092       95.113983       9.6271572
       93.043610
       0.0000000       108.00000      0.39992696       2435.0000       378657.00
       1.5727608      0.89981949      0.31843871      0.44117647      0.12869127
      -3.8567882       2.0546882      -8.2557497       96.987030       9.4392910
       91.826416
       1.0000000       108.00000      0.39992696      -1.0000000       1.0000000
   0.00066315354       0.0000000      -1.0000000      -1.0000000      -1.0000000
      -1.0000000      -1.0000000      -1.0000000      -1.0000000      -1.0000000
      -1.0000000
       0.0000000       107.00000      0.41996893       2428.0000       374509.00
       1.5578567      0.73849756      0.33536416      0.39393944      0.12756468
       6.8036819       4.4628062       6.3218040       96.356110       9.4183760
       92.858604
       0.0000000       106.00000      0.44029784       2414.0000       371298.00
       1.5688469      0.67485398      0.34690589      0.45714289      0.14323303
       8.0511370       3.3596783       16.807487       95.320366       9.4346046
       95.250481
       0.0000000       105.00000      0.46091780       2406.0000       367063.00
       1.5501034      0.64472979      0.33507887      0.38888890      0.13779590
       2.5569978       1.3054459       9.6987944       94.803726       9.2667351
       95.229889
       0.0000000       104.00000      0.48183295       2380.0000       362268.00
       1.5610445      0.69536519      0.32560900      0.47500002      0.13134733
      -4.3658528      -8.1137342      -3.7247851       95.099266       9.6126156
       95.268318
       0.0000000       103.00000      0.50304753       2275.0000       354645.00
       1.5515299       1.0368314      0.32611278      0.50000000      0.15036783
      -11.552957      -7.1688991      0.46158901       96.324860       9.5963240
       95.498085
       1.0000000       103.00000      0.50304753      -1.0000000       1.0000000
   0.00024802025    0.0070734881      -1.0000000      -1.0000000      -1.0000000
      -1.0000000      -1.0000000      -1.0000000      -1.0000000      -1.0000000
      -1.0000000
       0.0000000       102.00000      0.52456582       2273.0000       352155.00
       1.5149862       1.1622434      0.29796538      0.48648649      0.14414006
      -11.071031      -9.8688688       6.9648705       96.614616       9.5642738
       94.275482
       0.0000000       101.00000      0.54639220       2267.0000       348501.00
       1.5232062       1.2808806      0.28653353      0.50000000      0.16147693
      -1.6661359      -14.016244       16.548729       96.836609       10.284172
       95.656418
       0.0000000       100.00000      0.57598084       2306.0000       345584.00
       1.4769659       1.0948844      0.27231526      0.50000000      0.15889911
      -7.0481524      -11.856886       13.210974       96.875130       9.6711445
       97.025192
       0.0000000       99.000000      0.59854329       2329.0000       341910.00
       1.4648790       1.0997132      0.29426306      0.51282048      0.17511578
      -5.0840359      -20.811953     -0.83769161       96.257484       9.5799532
       98.221397
       0.0000000       98.000000      0.62142873       2290.0000       337222.00
       1.4245332       1.2604675      0.30659258      0.50000000      0.15213427
       7.2329216      -27.583746      -8.4679108       96.081886       9.4341726
       101.82549
       0.0000000       97.000000      0.64464182       2325.0000       335536.00
       1.4208575       1.2243183      0.30813482      0.52777779      0.14767352
       9.2012186      -30.626915      -12.980469       96.316689       9.7581758
       102.42928
       0.0000000       96.000000      0.67611039       2293.0000       331152.00
       1.3992566       1.0868227      0.28427640      0.53846151      0.16535515
      -2.4324450      -21.204357       2.3130345       96.725571       9.4556227
       105.59486
       0.0000000       95.000000      0.70010638       2266.0000       326558.00
       1.3930761       1.1286243      0.28308731      0.50000000      0.15287954
      -4.6368933      -11.654181       10.256688       97.303474       9.5638704
       104.36055
       0.0000000       94.000000      0.73263615       2310.0000       324280.00
       1.3484995       1.1922134      0.31353149      0.52777779      0.16201884
      -32.212387      -10.114352      -5.7083745       99.213310       9.4976349
       100.58746
       0.0000000       93.000000      0.75744140       2209.0000       316787.00
       1.3577063       1.2647704      0.33215952      0.58536583      0.16567053
      -42.444782      -1.1456399       7.8862281       101.20254       9.8311176
       99.611336
       0.0000000       92.000000      0.79106826      -1.0000000       308170.00
       1.3158401       2.0313318      -1.0000000      -1.0000000      -1.0000000
      -1.0000000      -1.0000000      -1.0000000       102.70803       10.758691
       99.149994
       0.0000000       91.000000      0.81671000      -1.0000000       305134.00
       1.2819815       1.8044167      -1.0000000      -1.0000000      -1.0000000
      -1.0000000      -1.0000000      -1.0000000       103.22636       10.219163
       100.26388
       1.0000000       91.000000      0.81671000      -1.0000000       2.0000000
     0.019038606      0.20154147      -1.0000000      -1.0000000      -1.0000000
      -1.0000000      -1.0000000      -1.0000000      -1.0000000      -1.0000000
      -1.0000000
       0.0000000       90.000000      0.85147089      -1.0000000       301909.00
       1.2292166       1.8168397      -1.0000000      -1.0000000      -1.0000000
      -1.0000000      -1.0000000      -1.0000000       103.13650       10.801278
       100.94990
       1.0000000       90.000000      0.85147089      -1.0000000       1.0000000
    0.0019522994       0.0000000      -1.0000000      -1.0000000      -1.0000000
      -1.0000000      -1.0000000      -1.0000000      -1.0000000      -1.0000000
      -1.0000000
       0.0000000       89.000000      0.88689691      -1.0000000       296787.00
       1.1921802       1.7683046      -1.0000000      -1.0000000      -1.0000000
      -1.0000000      -1.0000000      -1.0000000       102.30765       10.775759
       106.35173
       1.0000000       89.000000      0.88689691      -1.0000000       1.0000000
       0.0000000       0.0000000      -1.0000000      -1.0000000      -1.0000000
      -1.0000000      -1.0000000      -1.0000000      -1.0000000      -1.0000000
      -1.0000000
       0.0000000       88.000000      0.92300081      -1.0000000       292405.00
       1.1539925       1.7294532      -1.0000000      -1.0000000      -1.0000000
      -1.0000000      -1.0000000      -1.0000000       101.40465       10.068036
       111.10244
       0.0000000       87.000000      0.95053136      -1.0000000       287246.00
       1.1011276       1.5203558      -1.0000000      -1.0000000      -1.0000000
      -1.0000000      -1.0000000      -1.0000000       101.05124       9.7628098
       115.42976
       1.0000000       87.000000      0.95053136      -1.0000000       1.0000000
       0.0000000       0.0000000      -1.0000000      -1.0000000      -1.0000000
      -1.0000000      -1.0000000      -1.0000000      -1.0000000      -1.0000000
      -1.0000000
       0.0000000       86.000000      0.98785281      -1.0000000       283799.00
       1.0636573       1.4755555      -1.0000000      -1.0000000      -1.0000000
      -1.0000000      -1.0000000      -1.0000000       100.18828       9.8940315
       116.76773
       0.0000000       85.000000      0.99729425      -1.0000000       283136.00
       1.0518724       1.3625232      -1.0000000      -1.0000000      -1.0000000
      -1.0000000      -1.0000000      -1.0000000       100.30246       9.5355988
       116.35937
       0.0000000       84.000000       1.0355104      -1.0000000       277308.00
       1.0315462       1.3655047      -1.0000000      -1.0000000      -1.0000000
      -1.0000000      -1.0000000      -1.0000000       100.55169       9.8876791
       119.84692
       1.0000000       84.000000       1.0355104      -1.0000000       1.0000000
       0.0000000       0.0000000      -1.0000000      -1.0000000      -1.0000000
      -1.0000000      -1.0000000      -1.0000000      -1.0000000      -1.0000000
      -1.0000000
       0.0000000       83.000000       1.0744579      -1.0000000       268670.00
       1.0178179       1.3019443      -1.0000000      -1.0000000      -1.0000000
      -1.0000000      -1.0000000      -1.0000000       101.85657       10.817435
       118.35021
       0.0000000       82.000000       1.1141505      -1.0000000       258686.00
       1.0877043       1.2221048      -1.0000000      -1.0000000      -1.0000000
      -1.0000000      -1.0000000      -1.0000000       104.07755       11.932270
       115.79781
       1.0000000       82.000000       1.1141505      -1.0000000       1.0000000
     0.018264173     0.089785330      -1.0000000      -1.0000000      -1.0000000
      -1.0000000      -1.0000000      -1.0000000      -1.0000000      -1.0000000
      -1.0000000
       0.0000000       81.000000       1.1546028      -1.0000000       252658.00
      0.98495138       2.2456322      -1.0000000      -1.0000000      -1.0000000
      -1.0000000      -1.0000000      -1.0000000       106.95387       9.8249969
       116.35948
       1.0000000       81.000000       1.1546028      -1.0000000       1.0000000
    0.0012875514     0.043692950      -1.0000000      -1.0000000      -1.0000000
      -1.0000000      -1.0000000      -1.0000000      -1.0000000      -1.0000000
      -1.0000000
       0.0000000       80.000000       1.2062581      -1.0000000       244554.00
      0.91409051       1.8435515      -1.0000000      -1.0000000      -1.0000000
      -1.0000000      -1.0000000      -1.0000000       105.50602       10.569368
       120.94039
       1.0000000       80.000000       1.2062581      -1.0000000       1.0000000
   0.00019403156       0.0000000      -1.0000000      -1.0000000      -1.0000000
      -1.0000000      -1.0000000      -1.0000000      -1.0000000      -1.0000000
      -1.0000000
       0.0000000       79.000000       1.2484726      -1.0000000       238549.00
      0.86916000       1.6846161      -1.0000000      -1.0000000      -1.0000000
      -1.0000000      -1.0000000      -1.0000000       105.69694       10.475024
       122.83392
       1.0000000       79.000000       1.2484726      -1.0000000       2.0000000
    0.0017960067     0.027461190      -1.0000000      -1.0000000      -1.0000000
      -1.0000000      -1.0000000      -1.0000000      -1.0000000      -1.0000000
      -1.0000000
       0.0000000       78.000000       1.3023784      -1.0000000       236654.00
      0.85340500       1.6044962      -1.0000000      -1.0000000      -1.0000000
      -1.0000000      -1.0000000      -1.0000000       107.83828       10.370343
       120.02545
       1.0000000       78.000000       1.3023784      -1.0000000       2.0000000
       0.0000000       0.0000000      -1.0000000      -1.0000000      -1.0000000
      -1.0000000      -1.0000000      -1.0000000      -1.0000000      -1.0000000
      -1.0000000
       0.0000000       77.000000       1.3575766      -1.0000000       230930.00
      0.75074524       1.8491660      -1.0000000      -1.0000000      -1.0000000
      -1.0000000      -1.0000000      -1.0000000       110.10139       9.3223925
       118.66634
       1.0000000       77.000000       1.3575766      -1.0000000       3.0000000
    0.0030989651     0.057497481      -1.0000000      -1.0000000      -1.0000000
      -1.0000000      -1.0000000      -1.0000000      -1.0000000      -1.0000000
      -1.0000000
       0.0000000       76.000000       1.4140983      -1.0000000       226240.00
      0.78180647       2.2509015      -1.0000000      -1.0000000      -1.0000000
      -1.0000000      -1.0000000      -1.0000000       111.71101       12.149386
       113.26325
       1.0000000       76.000000       1.4140983      -1.0000000       2.0000000
   0.00022953034    0.0050809169      -1.0000000      -1.0000000      -1.0000000
      -1.0000000      -1.0000000      -1.0000000      -1.0000000      -1.0000000
      -1.0000000
       0.0000000       75.000000       1.4719748      -1.0000000       219310.00
      0.71010953       1.6927382      -1.0000000      -1.0000000      -1.0000000
      -1.0000000      -1.0000000      -1.0000000       110.92696       9.1164885
       120.58776
       1.0000000       75.000000       1.4719748      -1.0000000       1.0000000
    0.0026691980     0.063415512      -1.0000000      -1.0000000      -1.0000000
      -1.0000000      -1.0000000      -1.0000000      -1.0000000      -1.0000000
      -1.0000000
       0.0000000       74.000000       1.5312390      -1.0000000       212006.00
      0.58702755       1.4021155      -1.0000000      -1.0000000      -1.0000000
      -1.0000000      -1.0000000      -1.0000000       109.54672       7.1897068
       134.15691
       1.0000000       74.000000       1.5312390      -1.0000000       2.0000000
     0.021129591      0.19058524      -1.0000000      -1.0000000      -1.0000000
      -1.0000000      -1.0000000      -1.0000000      -1.0000000      -1.0000000
      -1.0000000
       0.0000000       73.000000       1.6042346      -1.0000000       203644.00
      0.52904493      0.64671093      -1.0000000      -1.0000000      -1.0000000
      -1.0000000      -1.0000000      -1.0000000       109.88444       4.9559321
       132.01775
       1.0000000       73.000000       1.6042346      -1.0000000       4.0000000
     0.038724326      0.25953579      -1.0000000      -1.0000000      -1.0000000
      -1.0000000      -1.0000000      -1.0000000      -1.0000000      -1.0000000
      -1.0000000
       0.0000000       72.000000       1.6666696      -1.0000000       195176.00
      0.57177830      0.61694705      -1.0000000      -1.0000000      -1.0000000
      -1.0000000      -1.0000000      -1.0000000       116.62012       7.2735877
       115.91515
       1.0000000       72.000000       1.6666696      -1.0000000       2.0000000
    0.0011269161     0.050344631      -1.0000000      -1.0000000      -1.0000000
      -1.0000000      -1.0000000      -1.0000000      -1.0000000      -1.0000000
      -1.0000000
       0.0000000       71.000000       1.7435706      -1.0000000       189075.00
      0.53760779       1.4492447      -1.0000000      -1.0000000      -1.0000000
      -1.0000000      -1.0000000      -1.0000000       123.98636       5.5207663
       94.352806
       1.0000000       71.000000       1.7435706      -1.0000000       3.0000000
    0.0013107635     0.023604629      -1.0000000      -1.0000000      -1.0000000
      -1.0000000      -1.0000000      -1.0000000      -1.0000000      -1.0000000
      -1.0000000
       0.0000000       70.000000       1.8226893      -1.0000000       182497.00
      0.46281680      0.77566618      -1.0000000      -1.0000000      -1.0000000
      -1.0000000      -1.0000000      -1.0000000       111.84791       4.3947129
       118.77591
       1.0000000       70.000000       1.8226893      -1.0000000       4.0000000
    0.0020871366     0.021266091      -1.0000000      -1.0000000      -1.0000000
      -1.0000000      -1.0000000      -1.0000000      -1.0000000      -1.0000000
      -1.0000000
       0.0000000       69.000000       1.9040896      -1.0000000       175343.00
      0.42829666      0.81748635      -1.0000000      -1.0000000      -1.0000000
      -1.0000000      -1.0000000      -1.0000000       100.72930       4.0963478
       108.14597
       0.0000000       68.000000       2.0020282      -1.0000000       167309.00
      0.38174367      0.61763859      -1.0000000      -1.0000000      -1.0000000
      -1.0000000      -1.0000000      -1.0000000       92.820572       3.4014745
       117.83807
       1.0000000       68.000000       2.0020282      -1.0000000       2.0000000
    0.0015582799     0.096525146      -1.0000000      -1.0000000      -1.0000000
      -1.0000000      -1.0000000      -1.0000000      -1.0000000      -1.0000000
      -1.0000000
       0.0000000       67.000000       2.1032696      -1.0000000       170437.00
      0.37029111      0.63670993      -1.0000000      -1.0000000      -1.0000000
      -1.0000000      -1.0000000      -1.0000000       89.937874       3.8925221
       102.73934
       0.0000000       66.000000       2.2079256      -1.0000000       191087.00
      0.34542283      0.71488160      -1.0000000      -1.0000000      -1.0000000
      -1.0000000      -1.0000000      -1.0000000       93.731270       3.6151068
       85.903839
       0.0000000       65.000000       2.3161108      -1.0000000       181148.00
      0.30468106      0.30262867      -1.0000000      -1.0000000      -1.0000000
      -1.0000000      -1.0000000      -1.0000000       96.233360       2.7374613
       78.874855
       1.0000000       65.000000       2.3161108      -1.0000000       1.0000000
       0.0000000       0.0000000      -1.0000000      -1.0000000      -1.0000000
      -1.0000000      -1.0000000      -1.0000000      -1.0000000      -1.0000000
      -1.0000000
       0.0000000       64.000000       2.4442258      -1.0000000       172640.00
      0.26171374      0.65363699      -1.0000000      -1.0000000      -1.0000000
      -1.0000000      -1.0000000      -1.0000000       92.668495       2.9978051
       78.937370
       1.0000000       64.000000       2.4442258      -1.0000000       2.0000000
   0.00026006909       0.0000000      -1.0000000      -1.0000000      -1.0000000
      -1.0000000      -1.0000000      -1.0000000      -1.0000000      -1.0000000
      -1.0000000
       0.0000000       63.000000       2.5772903      -1.0000000       162351.00
      0.21970648      0.54495174      -1.0000000      -1.0000000      -1.0000000
      -1.0000000      -1.0000000      -1.0000000       90.883186       2.4174247
       77.188049
       1.0000000       63.000000       2.5772903      -1.0000000       1.0000000
   0.00037405867       0.0000000      -1.0000000      -1.0000000      -1.0000000
      -1.0000000      -1.0000000      -1.0000000      -1.0000000      -1.0000000
      -1.0000000
       0.0000000       62.000000       2.7331426      -1.0000000       164555.00
      0.18131396      0.34014413      -1.0000000      -1.0000000      -1.0000000
      -1.0000000      -1.0000000      -1.0000000       89.449928       2.1415825
       75.865463
       1.0000000       62.000000       2.7331426      -1.0000000       1.0000000
       0.0000000       0.0000000      -1.0000000      -1.0000000      -1.0000000
      -1.0000000      -1.0000000      -1.0000000      -1.0000000      -1.0000000
      -1.0000000
       0.0000000       61.000000       2.8957851      -1.0000000       147008.00
      0.15032233      0.57093620      -1.0000000      -1.0000000      -1.0000000
      -1.0000000      -1.0000000      -1.0000000       86.815796       2.3738058
       82.279053
       1.0000000       61.000000       2.8957851      -1.0000000       1.0000000
       0.0000000       0.0000000      -1.0000000      -1.0000000      -1.0000000
      -1.0000000      -1.0000000      -1.0000000      -1.0000000      -1.0000000
      -1.0000000
