       0.0000000       135.00000       0.0000000       4686.0000       496709.00
       1.5727365       1.7528481      0.36951596      0.25806451      0.15760621
      -17.734400      -21.360559      -9.3473740       74.930740       8.1319847
       37.386272
       0.0000000       134.00000    0.0095216669       4690.0000       494757.00
       1.5948329       1.7756920      0.39423874      0.19354838      0.15016413
      -18.244268      -21.247852      -9.9623194       72.751740       8.5896397
       37.998844
       0.0000000       133.00000     0.023974428       4696.0000       491321.00
       1.5691211       1.3998810      0.39581046      0.28125006      0.16268194
      -22.421257      -22.159098      -12.828028       72.083801       8.2801781
       38.313614
       0.0000000       132.00000     0.033724371       4726.0000       490694.00
       1.5484260       1.2788662      0.38946337      0.25806451      0.14318478
      -22.974669      -25.434734      -10.614614       73.625244       8.0752144
       37.435223
       0.0000000       131.00000     0.048523631       4769.0000       488036.00
       1.5194480       1.5916313      0.37025625      0.19999999      0.14567283
      -19.387388      -33.158360      -1.7872312       76.316093       8.2274818
       36.488029
       0.0000000       130.00000     0.058507323       4799.0000       485768.00
       1.5212055       1.9164867      0.35378975      0.29411763      0.12999003
      -14.654036      -39.329323       8.3680248       76.007019       8.7331991
       36.684940
       0.0000000       129.00000     0.073661387       4705.0000       481532.00
       1.4665740       1.8644035      0.36094132      0.25000006      0.22709203
      -8.2341547      -44.468552       22.472696       74.328392       8.6421328
       38.341339
       0.0000000       128.00000     0.083884433      -1.0000000       479518.00
       1.4535595       1.8268402      -1.0000000      -1.0000000      -1.0000000
      -1.0000000      -1.0000000      -1.0000000       73.643669       8.6466646
       38.886169
       0.0000000       127.00000     0.099401802      -1.0000000       477613.00
       1.4395605       1.8505051      -1.0000000      -1.0000000      -1.0000000
      -1.0000000      -1.0000000      -1.0000000       74.197418       8.5598812
       39.692390
       0.0000000       126.00000      0.10986994      -1.0000000       475686.00
       1.4214480       1.8666675      -1.0000000      -1.0000000      -1.0000000
      -1.0000000      -1.0000000      -1.0000000       74.439705       8.5785971
       40.033119
       1.0000000       126.00000      0.10986994      -1.0000000       1.0000000
   0.00064160395     0.027473474      -1.0000000      -1.0000000      -1.0000000
      -1.0000000      -1.0000000      -1.0000000      -1.0000000      -1.0000000
      -1.0000000
       0.0000000       125.00000      0.12575933      -1.0000000       474272.00
       1.3863651       1.8273059      -1.0000000      -1.0000000      -1.0000000
      -1.0000000      -1.0000000      -1.0000000       73.511597       8.7584190
       40.549477
       1.0000000       125.00000      0.12575933      -1.0000000       1.0000000
   0.00064160395     0.027473474      -1.0000000      -1.0000000      -1.0000000
      -1.0000000      -1.0000000      -1.0000000      -1.0000000      -1.0000000
      -1.0000000
       0.0000000       124.00000      0.14187621      -1.0000000       471394.00
       1.3814964       1.7737447      -1.0000000      -1.0000000      -1.0000000
      -1.0000000      -1.0000000      -1.0000000       74.139992       8.6718044
       41.432659
       0.0000000       123.00000      0.15274876      -1.0000000       469722.00
       1.3691964       1.8482293      -1.0000000      -1.0000000      -1.0000000
      -1.0000000      -1.0000000      -1.0000000       74.603935       8.5724106
       42.163822
       0.0000000       122.00000      0.16925204      -1.0000000       466468.00
       1.3165804       1.7866726      -1.0000000      -1.0000000      -1.0000000
      -1.0000000      -1.0000000      -1.0000000       74.086250       8.4901752
       42.798679
       0.0000000       121.00000      0.18038526      -1.0000000       462609.00
       1.2961818       1.6565511      -1.0000000      -1.0000000      -1.0000000
      -1.0000000      -1.0000000      -1.0000000       73.230087       8.5350523
       43.208172
       1.0000000       121.00000      0.18038526      -1.0000000       1.0000000
   0.00055585412     0.033178784      -1.0000000      -1.0000000      -1.0000000
      -1.0000000      -1.0000000      -1.0000000      -1.0000000      -1.0000000
      -1.0000000
       0.0000000       120.00000      0.19728418      -1.0000000       458157.00
       1.3535535       1.4185053      -1.0000000      -1.0000000      -1.0000000
      -1.0000000      -1.0000000      -1.0000000       75.369621       8.9549732
       40.402576
       0.0000000       119.00000      0.21442504      -1.0000000       455222.00
       1.2808646       1.9990861      -1.0000000      -1.0000000      -1.0000000
      -1.0000000      -1.0000000      -1.0000000       78.629684       8.6818914
       39.488327
       0.0000000       118.00000      0.22598839      -1.0000000       453873.00
       1.2669346       2.4544876      -1.0000000      -1.0000000      -1.0000000
      -1.0000000      -1.0000000      -1.0000000       76.767830       9.2949390
       39.708004
       0.0000000       117.00000      0.24354018      -1.0000000       450878.00
       1.1898465       2.1138003      -1.0000000      -1.0000000      -1.0000000
      -1.0000000      -1.0000000      -1.0000000       75.414200       8.9247475
       40.963955
       0.0000000       116.00000      0.26134327      -1.0000000       450133.00
       1.2122260       2.0398209      -1.0000000      -1.0000000      -1.0000000
      -1.0000000      -1.0000000      -1.0000000       75.818626       8.9745970
       40.932346
       0.0000000       115.00000      0.27335334      -1.0000000       447435.00
       1.1426625       2.1123400      -1.0000000      -1.0000000      -1.0000000
      -1.0000000      -1.0000000      -1.0000000       77.052917       8.6055346
       42.798523
       0.0000000       114.00000      0.29158324      -1.0000000       444140.00
       1.1227336       2.1720531      -1.0000000      -1.0000000      -1.0000000
      -1.0000000      -1.0000000      -1.0000000       74.557312       8.7586470
       45.442513
       0.0000000       113.00000      0.31007412      -1.0000000       441191.00
       1.1017843       1.8434561      -1.0000000      -1.0000000      -1.0000000
      -1.0000000      -1.0000000      -1.0000000       72.395981       8.4516697
       48.942291
       0.0000000       112.00000      0.32882974      -1.0000000       436538.00
       1.0828487       1.6780430      -1.0000000      -1.0000000      -1.0000000
      -1.0000000      -1.0000000      -1.0000000       71.024155       8.5378714
       50.543785
       0.0000000       111.00000      0.34785384      -1.0000000       434022.00
       1.0783899       1.6144787      -1.0000000      -1.0000000      -1.0000000
      -1.0000000      -1.0000000      -1.0000000       72.984329       8.5569000
       49.538860
       0.0000000       110.00000      0.36068764      -1.0000000       431914.00
       1.0580037       1.7010460      -1.0000000      -1.0000000      -1.0000000
      -1.0000000      -1.0000000      -1.0000000       76.235191       8.4546108
       48.616085
       0.0000000       109.00000      0.38016787      -1.0000000       427417.00
       1.0668892       2.0351598      -1.0000000      -1.0000000      -1.0000000
      -1.0000000      -1.0000000      -1.0000000       78.535454       9.1320362
       45.930721
       0.0000000       108.00000      0.39992696      -1.0000000       425313.00
      0.99730712       2.4615166      -1.0000000      -1.0000000      -1.0000000
      -1.0000000      -1.0000000      -1.0000000       79.875656       9.3572855
       45.217113
       1.0000000       108.00000      0.39992696      -1.0000000       1.0000000
   0.00033832635    0.0099546639      -1.0000000      -1.0000000      -1.0000000
      -1.0000000      -1.0000000      -1.0000000      -1.0000000      -1.0000000
      -1.0000000
       0.0000000       107.00000      0.41996893      -1.0000000       421878.00
      0.98763531       2.4705453      -1.0000000      -1.0000000      -1.0000000
      -1.0000000      -1.0000000      -1.0000000       78.099571       9.8551502
       46.337898
       0.0000000       106.00000      0.44029784      -1.0000000       420142.00
      0.90024090       2.2506220      -1.0000000      -1.0000000      -1.0000000
      -1.0000000      -1.0000000      -1.0000000       79.733490       9.3693438
       45.894863
       1.0000000       106.00000      0.44029784      -1.0000000       1.0000000
     0.039179496      0.24153861      -1.0000000      -1.0000000      -1.0000000
      -1.0000000      -1.0000000      -1.0000000      -1.0000000      -1.0000000
      -1.0000000
       0.0000000       105.00000      0.46091780      -1.0000000       417300.00
      0.83325040       2.5439668      -1.0000000      -1.0000000      -1.0000000
      -1.0000000      -1.0000000      -1.0000000       83.362694       9.7522573
       43.223972
       1.0000000       105.00000      0.46091780      -1.0000000       1.0000000
       0.0000000       0.0000000      -1.0000000      -1.0000000      -1.0000000
      -1.0000000      -1.0000000      -1.0000000      -1.0000000      -1.0000000
      -1.0000000
       0.0000000       104.00000      0.48183295      -1.0000000       414891.00
      0.82474446       2.1128790      -1.0000000      -1.0000000      -1.0000000
      -1.0000000      -1.0000000      -1.0000000       89.871765       8.5836639
       42.463631
       1.0000000       104.00000      0.48183295      -1.0000000       1.0000000
    0.0015650989     0.044694372      -1.0000000      -1.0000000      -1.0000000
      -1.0000000      -1.0000000      -1.0000000      -1.0000000      -1.0000000
      -1.0000000
       0.0000000       103.00000      0.50304753      -1.0000000       411263.00
      0.79998648       2.3724990      -1.0000000      -1.0000000      -1.0000000
      -1.0000000      -1.0000000      -1.0000000       87.242203       10.263961
       44.620743
       1.0000000       103.00000      0.50304753      -1.0000000       2.0000000
   0.00056785921      0.14641321      -1.0000000      -1.0000000      -1.0000000
      -1.0000000      -1.0000000      -1.0000000      -1.0000000      -1.0000000
      -1.0000000
       0.0000000       102.00000      0.52456582      -1.0000000       409235.00
      0.75511551       1.8133351      -1.0000000      -1.0000000      -1.0000000
      -1.0000000      -1.0000000      -1.0000000       77.518555       8.6190596
       53.208817
       1.0000000       102.00000      0.52456582      -1.0000000       1.0000000
    0.0024194301     0.066144943      -1.0000000      -1.0000000      -1.0000000
      -1.0000000      -1.0000000      -1.0000000      -1.0000000      -1.0000000
      -1.0000000
       0.0000000       101.00000      0.54639220      -1.0000000       406850.00
      0.74675673       1.8329242      -1.0000000      -1.0000000      -1.0000000
      -1.0000000      -1.0000000      -1.0000000       75.178497       8.1511898
       50.608418
       0.0000000       100.00000      0.57598084      -1.0000000       402960.00
      0.69731951       2.1328917      -1.0000000      -1.0000000      -1.0000000
      -1.0000000      -1.0000000      -1.0000000       73.761238       8.1731310
       49.370934
       0.0000000       99.000000      0.59854329      -1.0000000       399400.00
      0.67738414       1.9887947      -1.0000000      -1.0000000      -1.0000000
      -1.0000000      -1.0000000      -1.0000000       71.421989       8.2333040
       49.334396
       0.0000000       98.000000      0.62142873      -1.0000000       396224.00
      0.66942334       1.7517540      -1.0000000      -1.0000000      -1.0000000
      -1.0000000      -1.0000000      -1.0000000       71.881477       7.8567843
       49.041821
       0.0000000       97.000000      0.64464182      -1.0000000       394307.00
      0.65492857       2.0135484      -1.0000000      -1.0000000      -1.0000000
      -1.0000000      -1.0000000      -1.0000000       73.029495       8.0151539
       47.471161
       0.0000000       96.000000      0.67611039      -1.0000000       392101.00
      0.60626942       2.0757124      -1.0000000      -1.0000000      -1.0000000
      -1.0000000      -1.0000000      -1.0000000       71.489426       7.9478693
       47.806503
       1.0000000       96.000000      0.67611039      -1.0000000       1.0000000
    0.0010809820     0.015982820      -1.0000000      -1.0000000      -1.0000000
      -1.0000000      -1.0000000      -1.0000000      -1.0000000      -1.0000000
      -1.0000000
       0.0000000       95.000000      0.70010638      -1.0000000       389762.00
      0.58539295       1.9060067      -1.0000000      -1.0000000      -1.0000000
      -1.0000000      -1.0000000      -1.0000000       71.816345       7.9245019
       47.894516
       0.0000000       94.000000      0.73263615      -1.0000000       405321.00
      0.54933178       1.6743685      -1.0000000      -1.0000000      -1.0000000
      -1.0000000      -1.0000000      -1.0000000       73.530182       7.2215414
       46.979965
       0.0000000       93.000000      0.75744140      -1.0000000       403107.00
      0.54980314       1.8513211      -1.0000000      -1.0000000      -1.0000000
      -1.0000000      -1.0000000      -1.0000000       73.245255       7.8937211
       46.449646
       1.0000000       93.000000      0.75744140      -1.0000000       1.0000000
   0.00042558837     0.040096726      -1.0000000      -1.0000000      -1.0000000
      -1.0000000      -1.0000000      -1.0000000      -1.0000000      -1.0000000
      -1.0000000
       0.0000000       92.000000      0.79106826      -1.0000000       399239.00
      0.52701283       1.8570931      -1.0000000      -1.0000000      -1.0000000
      -1.0000000      -1.0000000      -1.0000000       75.184509       7.9318128
       45.354347
       1.0000000       92.000000      0.79106826      -1.0000000       1.0000000
       0.0000000       0.0000000      -1.0000000      -1.0000000      -1.0000000
      -1.0000000      -1.0000000      -1.0000000      -1.0000000      -1.0000000
      -1.0000000
       0.0000000       91.000000      0.81671000      -1.0000000       396964.00
      0.48514745       2.0251403      -1.0000000      -1.0000000      -1.0000000
      -1.0000000      -1.0000000      -1.0000000       74.994194       7.7479897
       46.102264
       1.0000000       91.000000      0.81671000      -1.0000000       1.0000000
   0.00031825955       0.0000000      -1.0000000      -1.0000000      -1.0000000
      -1.0000000      -1.0000000      -1.0000000      -1.0000000      -1.0000000
      -1.0000000
       0.0000000       90.000000      0.85147089      -1.0000000       393514.00
      0.45975569       1.8008521      -1.0000000      -1.0000000      -1.0000000
      -1.0000000      -1.0000000      -1.0000000       70.890656       7.5039468
       49.244675
       1.0000000       90.000000      0.85147089      -1.0000000       1.0000000
       0.0000000       0.0000000      -1.0000000      -1.0000000      -1.0000000
      -1.0000000      -1.0000000      -1.0000000      -1.0000000      -1.0000000
      -1.0000000
       0.0000000       89.000000      0.88689691      -1.0000000       391385.00
      0.44351625       1.5561241      -1.0000000      -1.0000000      -1.0000000
      -1.0000000      -1.0000000      -1.0000000       69.768036       7.0519648
       51.431152
       0.0000000       88.000000      0.92300081      -1.0000000       386975.00
      0.44030729       1.7201812      -1.0000000      -1.0000000      -1.0000000
      -1.0000000      -1.0000000      -1.0000000       70.731537       7.5585160
       50.185318
       0.0000000       87.000000      0.95053136      -1.0000000       385503.00
      0.41995049       1.6952168      -1.0000000      -1.0000000      -1.0000000
      -1.0000000      -1.0000000      -1.0000000       72.921997       7.3084035
       48.195107
       0.0000000       86.000000      0.98785281      -1.0000000       380966.00
      0.38123643       2.0303309      -1.0000000      -1.0000000      -1.0000000
      -1.0000000      -1.0000000      -1.0000000       73.905205       7.5215096
       47.077217
       0.0000000       85.000000      0.99729425      -1.0000000       379637.00
      0.38024563       2.1075687      -1.0000000      -1.0000000      -1.0000000
      -1.0000000      -1.0000000      -1.0000000       72.893173       7.7912745
       47.449162
       0.0000000       84.000000       1.0355104      -1.0000000       377858.00
      0.36203671       1.6375586      -1.0000000      -1.0000000      -1.0000000
      -1.0000000      -1.0000000      -1.0000000       71.121918       7.1195569
       48.723785
       0.0000000       83.000000       1.0744579      -1.0000000       372893.00
      0.34047538       1.7793864      -1.0000000      -1.0000000      -1.0000000
      -1.0000000      -1.0000000      -1.0000000       71.528336       7.2692585
       50.015362
       0.0000000       82.000000       1.1141505      -1.0000000       370993.00
      0.31782722       1.8245059      -1.0000000      -1.0000000      -1.0000000
      -1.0000000      -1.0000000      -1.0000000       71.071388       7.1840105
       49.922287
       0.0000000       81.000000       1.1546028      -1.0000000       366119.00
      0.31134710       1.6294525      -1.0000000      -1.0000000      -1.0000000
      -1.0000000      -1.0000000      -1.0000000       69.142578       7.0413470
       52.526073
       0.0000000       80.000000       1.2062581      -1.0000000       359658.00
      0.29737222       1.5447888      -1.0000000      -1.0000000      -1.0000000
      -1.0000000      -1.0000000      -1.0000000       69.767174       6.8393731
       53.609966
       0.0000000       79.000000       1.2484726      -1.0000000       351569.00
      0.27108899       1.5382279      -1.0000000      -1.0000000      -1.0000000
      -1.0000000      -1.0000000      -1.0000000       69.909363       6.6092529
       54.031040
       0.0000000       78.000000       1.3023784      -1.0000000       348055.00
      0.26326057       1.6003808      -1.0000000      -1.0000000      -1.0000000
      -1.0000000      -1.0000000      -1.0000000       70.786659       6.9466529
       53.003284
       0.0000000       77.000000       1.3575766      -1.0000000       342628.00
      0.23788205       1.4121927      -1.0000000      -1.0000000      -1.0000000
      -1.0000000      -1.0000000      -1.0000000       71.732437       6.1738243
       53.253895
       0.0000000       76.000000       1.4140983      -1.0000000       332752.00
      0.20989187       1.4459708      -1.0000000      -1.0000000      -1.0000000
      -1.0000000      -1.0000000      -1.0000000       70.696388       6.3612309
       54.450859
       0.0000000       75.000000       1.4719748      -1.0000000       327061.00
      0.18970442       1.0594507      -1.0000000      -1.0000000      -1.0000000
      -1.0000000      -1.0000000      -1.0000000       71.322021       5.4027767
       55.931950
       0.0000000       74.000000       1.5312390      -1.0000000       319650.00
      0.17578135       1.1507859      -1.0000000      -1.0000000      -1.0000000
      -1.0000000      -1.0000000      -1.0000000       70.398064       5.3599439
       58.358376
       0.0000000       73.000000       1.6042346      -1.0000000       311315.00
      0.16497077       1.0773469      -1.0000000      -1.0000000      -1.0000000
      -1.0000000      -1.0000000      -1.0000000       70.430801       5.1610866
       59.827702
       0.0000000       72.000000       1.6666696      -1.0000000       300989.00
      0.14487696       1.0558919      -1.0000000      -1.0000000      -1.0000000
      -1.0000000      -1.0000000      -1.0000000       70.513443       4.9122400
       60.535458
       0.0000000       71.000000       1.7435706      -1.0000000       290139.00
      0.13424934      0.95673066      -1.0000000      -1.0000000      -1.0000000
      -1.0000000      -1.0000000      -1.0000000       72.925980       4.9983001
       63.212402
       2.0000000       71.000000       1.7435706      0.38677797       69.000000
     0.030170098      0.11498056      -1.0000000      -1.0000000      -1.0000000
      -1.0000000      -1.0000000      -1.0000000      -1.0000000      -1.0000000
      -1.0000000
       0.0000000       70.000000       1.8226893      -1.0000000       283019.00
      0.10931575      0.92876559      -1.0000000      -1.0000000      -1.0000000
      -1.0000000      -1.0000000      -1.0000000       69.861481       4.3894343
       70.498360
       0.0000000       69.000000       1.9040896      -1.0000000       275513.00
     0.078003660      0.60407770      -1.0000000      -1.0000000      -1.0000000
      -1.0000000      -1.0000000      -1.0000000       67.989098       2.6819313
       81.044022
       0.0000000       68.000000       2.0020282      -1.0000000       267138.00
     0.068383634      0.47566375      -1.0000000      -1.0000000      -1.0000000
      -1.0000000      -1.0000000      -1.0000000       69.933502       2.3403463
       78.458672
       0.0000000       67.000000       2.1032696      -1.0000000       262537.00
     0.060475007      0.39559916      -1.0000000      -1.0000000      -1.0000000
      -1.0000000      -1.0000000      -1.0000000       73.833115       2.0331697
       76.006920
       0.0000000       66.000000       2.2079256      -1.0000000       249936.00
     0.046427399      0.42752397      -1.0000000      -1.0000000      -1.0000000
      -1.0000000      -1.0000000      -1.0000000       74.129662       1.9564698
       74.014153
       0.0000000       65.000000       2.3161108      -1.0000000       241608.00
     0.038976528      0.42082044      -1.0000000      -1.0000000      -1.0000000
      -1.0000000      -1.0000000      -1.0000000       69.897926       1.9141332
       75.203560
       0.0000000       64.000000       2.4442258      -1.0000000       231248.00
     0.030192815      0.32196754      -1.0000000      -1.0000000      -1.0000000
      -1.0000000      -1.0000000      -1.0000000       58.415855       1.5929374
       74.374588
       1.0000000       64.000000       2.4442258      -1.0000000       1.0000000
   0.00063999282     0.043115132      -1.0000000      -1.0000000      -1.0000000
      -1.0000000      -1.0000000      -1.0000000      -1.0000000      -1.0000000
      -1.0000000
       0.0000000       63.000000       2.5772903      -1.0000000       221246.00
     0.024851004      0.27188882      -1.0000000      -1.0000000      -1.0000000
      -1.0000000      -1.0000000      -1.0000000       52.903160       1.2863810
       83.486443
       0.0000000       62.000000       2.7331426      -1.0000000       208604.00
     0.025245016      0.13201368      -1.0000000      -1.0000000      -1.0000000
      -1.0000000      -1.0000000      -1.0000000       50.604767       1.2439723
       68.046265
       0.0000000       61.000000       2.8957851      -1.0000000       275363.00
     0.022153039      0.19917573      -1.0000000      -1.0000000      -1.0000000
      -1.0000000      -1.0000000      -1.0000000       59.921314      0.96784669
       52.936424
