       0.0000000       135.00000       0.0000000       50.000000       191220.00
       68.419762      0.34901649      0.27320507      0.50000000     0.041007772
      -1.7595463       7.5431428      -54.888210       284.55972       330.80209
       334.54767
       0.0000000       134.00000    0.0095216669       49.000000       188789.00
       68.195389      0.29206258      0.26425171      0.46875006     0.036872078
      -6.9245625      -8.9604368      -50.886318       283.54639       331.93295
       336.78479
       1.0000000       134.00000    0.0095216669      -1.0000000       6.0000000
    0.0022154202     0.025894416      -1.0000000      -1.0000000      -1.0000000
      -1.0000000      -1.0000000      -1.0000000      -1.0000000      -1.0000000
      -1.0000000
       0.0000000       133.00000     0.023974428       48.000000       185011.00
       68.026024      0.23627703      0.26561689      0.46875006     0.041572563
      -12.083602      -20.062456      -48.524204       283.33545       329.89038
       342.22021
       1.0000000       133.00000     0.023974428      -1.0000000       1.0000000
       0.0000000       0.0000000      -1.0000000      -1.0000000      -1.0000000
      -1.0000000      -1.0000000      -1.0000000      -1.0000000      -1.0000000
      -1.0000000
       0.0000000       132.00000     0.033724371       48.000000       183909.00
       68.422142      0.18034571      0.26999015      0.48484850     0.051740911
      -9.5946646      -26.087606      -51.868156       283.65720       328.15390
       349.26648
       1.0000000       132.00000     0.033724371      -1.0000000       5.0000000
    0.0023382581       0.0000000      -1.0000000      -1.0000000      -1.0000000
      -1.0000000      -1.0000000      -1.0000000      -1.0000000      -1.0000000
      -1.0000000
       0.0000000       131.00000     0.048523631       47.000000       178395.00
       69.036110     0.098664366      0.27513668      0.51428568     0.050921623
      -7.1819510      -28.013685      -70.149582       284.21930       334.57187
       355.82251
       1.0000000       131.00000     0.048523631      -1.0000000       3.0000000
    0.0056236409     0.011023981      -1.0000000      -1.0000000      -1.0000000
      -1.0000000      -1.0000000      -1.0000000      -1.0000000      -1.0000000
      -1.0000000
       0.0000000       130.00000     0.058507323       47.000000       177327.00
       68.318657      0.12485556      0.28248468      0.51428568     0.052644212
      -2.0120845      -43.243477      -77.884209       284.35760       326.21817
       358.61017
       1.0000000       130.00000     0.058507323      -1.0000000       4.0000000
   0.00039284778       0.0000000      -1.0000000      -1.0000000      -1.0000000
      -1.0000000      -1.0000000      -1.0000000      -1.0000000      -1.0000000
      -1.0000000
       0.0000000       129.00000     0.073661387       46.000000       171544.00
       69.020348      0.12634638      0.28695825      0.48484850     0.073855221
      -10.789718      -51.519100      -85.616333       282.65887       331.78854
       364.31473
       1.0000000       129.00000     0.073661387      -1.0000000       3.0000000
     0.017316475      0.13053206      -1.0000000      -1.0000000      -1.0000000
      -1.0000000      -1.0000000      -1.0000000      -1.0000000      -1.0000000
      -1.0000000
       0.0000000       128.00000     0.083884433       46.000000       172967.00
       67.799744     0.091650546      0.28404212      0.51515150     0.074605219
      -11.160414      -24.226000      -100.87622       282.34393       319.59784
       368.42963
       1.0000000       128.00000     0.083884433      -1.0000000       9.0000000
      0.11383809      0.21787830      -1.0000000      -1.0000000      -1.0000000
      -1.0000000      -1.0000000      -1.0000000      -1.0000000      -1.0000000
      -1.0000000
       0.0000000       127.00000     0.099401802       46.000000       169953.00
       67.646095      0.65985858      0.29726297      0.55263156      0.10277646
      -6.6970272      0.31500447      -151.08194       282.97336       325.22299
       373.44019
       1.0000000       127.00000     0.099401802      -1.0000000       6.0000000
     0.044050202     0.067871898      -1.0000000      -1.0000000      -1.0000000
      -1.0000000      -1.0000000      -1.0000000      -1.0000000      -1.0000000
      -1.0000000
       0.0000000       126.00000      0.10986994       44.000000       166318.00
       71.536636      0.75624174      0.30834305      0.55263156     0.090532452
      -46.080196       1.5521401      -128.89935       283.77762       354.05917
       376.87180
       1.0000000       126.00000      0.10986994      -1.0000000       4.0000000
     0.017039749     0.020191683      -1.0000000      -1.0000000      -1.0000000
      -1.0000000      -1.0000000      -1.0000000      -1.0000000      -1.0000000
      -1.0000000
       0.0000000       125.00000      0.12575933       44.000000       162743.00
       62.556469      0.47058418      0.32365265      0.67441857      0.27606001
      -68.968857      -258.31940       213.55527       285.05661       288.70343
       380.99713
       2.0000000       125.00000      0.12575933      0.71092618       99.000000
       21.692625      0.82773834      0.39966908      0.29032254      0.19107921
       2.7476375      -23.382673       2.8225214      -46354.613       29225.094
       87458.258
       2.0000000       125.00000      0.12575933      0.41574764       106.00000
       14.587937       1.9319646      0.60661197      0.65517241      0.71132660
      -163.80473      -56.870155       103.92841       71082.547       30555.256
       15073.231
       1.0000000       125.00000      0.12575933      -1.0000000       5.0000000
     0.012159036     0.019423049      -1.0000000      -1.0000000      -1.0000000
      -1.0000000      -1.0000000      -1.0000000      -1.0000000      -1.0000000
      -1.0000000
       0.0000000       124.00000      0.14187621       42.000000       157178.00
       62.272522      0.57789046      0.33541954      0.39393944     0.099770620
      -12.394716      -54.759014       60.505299       284.72760       502.62762
       384.86102
       1.0000000       124.00000      0.14187621      -1.0000000       6.0000000
    0.0017431507     0.018292511      -1.0000000      -1.0000000      -1.0000000
      -1.0000000      -1.0000000      -1.0000000      -1.0000000      -1.0000000
      -1.0000000
       0.0000000       123.00000      0.15274876       43.000000       156567.00
       62.567875      0.50378478      0.37057549      0.48571426      0.20029999
      -179.31271      -197.07321       247.51187       289.10904       381.18961
       383.18909
       1.0000000       123.00000      0.15274876      -1.0000000       6.0000000
    0.0057873402       0.0000000      -1.0000000      -1.0000000      -1.0000000
      -1.0000000      -1.0000000      -1.0000000      -1.0000000      -1.0000000
      -1.0000000
       0.0000000       122.00000      0.16925204       42.000000       153416.00
       45.623032      0.25660864        Infinity      0.71052635      0.26247290
       28.530317       66.786072      -43.790962       284.58597       243.12683
       382.56616
       1.0000000       122.00000      0.16925204      -1.0000000       8.0000000
       2.5494389      0.72870672      -1.0000000      -1.0000000      -1.0000000
      -1.0000000      -1.0000000      -1.0000000      -1.0000000      -1.0000000
      -1.0000000
       0.0000000       121.00000      0.18038526       39.000000       146421.00
       43.273876      0.22223698      0.28899133      0.23333335     0.045497250
       4.4124274      -4.6974812       5.5213394       285.03629       350.94800
       383.96399
       1.0000000       121.00000      0.18038526      -1.0000000       5.0000000
   0.00097507035       0.0000000      -1.0000000      -1.0000000      -1.0000000
      -1.0000000      -1.0000000      -1.0000000      -1.0000000      -1.0000000
      -1.0000000
       0.0000000       120.00000      0.19728418       38.000000       142232.00
       42.962849      0.15214124      0.29518828      0.33333337     0.047458917
       5.5652833      -2.6788123       2.1224134       292.23605       428.13086
       390.06265
       1.0000000       120.00000      0.19728418      -1.0000000       4.0000000
   0.00015918529       0.0000000      -1.0000000      -1.0000000      -1.0000000
      -1.0000000      -1.0000000      -1.0000000      -1.0000000      -1.0000000
      -1.0000000
       0.0000000       119.00000      0.21442504       38.000000       139682.00
       46.457043     0.092228092      0.30131477      0.30303037     0.088029012
       13.961065       1.1571943       7.7862797       302.83670       453.38763
       404.42834
       1.0000000       119.00000      0.21442504      -1.0000000       3.0000000
     0.043971326     0.023918856      -1.0000000      -1.0000000      -1.0000000
      -1.0000000      -1.0000000      -1.0000000      -1.0000000      -1.0000000
      -1.0000000
       0.0000000       118.00000      0.22598839       35.000000       135055.00
       55.013390     0.071028806      0.30063125      0.50000000      0.26435027
       66.718506       4.3637495      0.83360779       309.81821       407.32303
       414.31198
       1.0000000       118.00000      0.22598839      -1.0000000       7.0000000
     0.027174434      0.16349678      -1.0000000      -1.0000000      -1.0000000
      -1.0000000      -1.0000000      -1.0000000      -1.0000000      -1.0000000
      -1.0000000
       0.0000000       117.00000      0.24354018       35.000000       132431.00
       38.457790     0.043268606      0.29058877      0.38235301     0.056096949
       14.907273      0.93434870       2.8404109       292.61581       261.27032
       434.90878
       1.0000000       117.00000      0.24354018      -1.0000000       3.0000000
    0.0065302257     0.048166577      -1.0000000      -1.0000000      -1.0000000
      -1.0000000      -1.0000000      -1.0000000      -1.0000000      -1.0000000
      -1.0000000
       0.0000000       116.00000      0.26134327       34.000000       127289.00
       36.482006      0.10133610      0.29004043      0.36111116     0.054903541
       13.019162       2.8611701       5.6489487       287.44089       212.76088
       452.22473
       1.0000000       116.00000      0.26134327      -1.0000000       7.0000000
    0.0055032475     0.054331850      -1.0000000      -1.0000000      -1.0000000
      -1.0000000      -1.0000000      -1.0000000      -1.0000000      -1.0000000
      -1.0000000
       0.0000000       115.00000      0.27335334       32.000000       123894.00
       36.069782      0.27089971      0.29309827      0.38888890     0.057930809
       9.2934618       6.2529187       8.9426613       287.06232       206.10666
       461.42291
       1.0000000       115.00000      0.27335334      -1.0000000       4.0000000
   0.00024167962    0.0054429709      -1.0000000      -1.0000000      -1.0000000
      -1.0000000      -1.0000000      -1.0000000      -1.0000000      -1.0000000
      -1.0000000
       0.0000000       114.00000      0.29158324       32.000000       121529.00
       36.082779      0.17587462      0.29143804      0.42857140     0.069195122
       7.0390267       1.3468043       8.0289412       289.96732       201.72046
       473.11121
       1.0000000       114.00000      0.29158324      -1.0000000       7.0000000
       0.0000000       0.0000000      -1.0000000      -1.0000000      -1.0000000
      -1.0000000      -1.0000000      -1.0000000      -1.0000000      -1.0000000
      -1.0000000
       0.0000000       113.00000      0.31007412       32.000000       117838.00
       36.153706      0.37871101      0.30038220      0.38888890     0.049526300
       6.6027513       4.6136265       9.8521099       294.98160       214.65469
       476.42798
       1.0000000       113.00000      0.31007412      -1.0000000       7.0000000
     0.078304461      0.11213822      -1.0000000      -1.0000000      -1.0000000
      -1.0000000      -1.0000000      -1.0000000      -1.0000000      -1.0000000
      -1.0000000
       0.0000000       112.00000      0.32882974       33.000000       114426.00
       36.504696      0.40422130      0.29767370      0.43243247     0.053143173
       8.7151937      -2.0838354       9.1491470       300.02115       212.78464
       473.57236
       1.0000000       112.00000      0.32882974      -1.0000000       6.0000000
   0.00096611574     0.010648465      -1.0000000      -1.0000000      -1.0000000
      -1.0000000      -1.0000000      -1.0000000      -1.0000000      -1.0000000
      -1.0000000
       0.0000000       111.00000      0.34785384       32.000000       110489.00
       39.356335      0.58425397      0.29972041      0.43243247     0.060571998
      0.52893490      0.43570313       14.223602       302.40768       242.35175
       464.58994
       1.0000000       111.00000      0.34785384      -1.0000000       5.0000000
    0.0019527118    0.0044542071      -1.0000000      -1.0000000      -1.0000000
      -1.0000000      -1.0000000      -1.0000000      -1.0000000      -1.0000000
      -1.0000000
       0.0000000       110.00000      0.36068764       32.000000       109988.00
       35.388016      0.36332637      0.29948738      0.40000004     0.056540940
      -2.0478995       4.2145143       11.715963       298.98560       186.84473
       459.91125
       0.0000000       109.00000      0.38016787       30.000000       104422.00
       35.046612      0.36653420      0.29567996      0.41666669     0.054720491
      -6.3668976       2.6550076       12.736850       301.15146       176.29875
       455.11841
       1.0000000       109.00000      0.38016787      -1.0000000       7.0000000
    0.0012574867     0.053169670      -1.0000000      -1.0000000      -1.0000000
      -1.0000000      -1.0000000      -1.0000000      -1.0000000      -1.0000000
      -1.0000000
       0.0000000       108.00000      0.39992696       32.000000       102511.00
       35.183102      0.71355492      0.29866260      0.45945948     0.064911880
      -11.784203     -0.94387984       9.0842514       309.71393       177.70877
       453.97330
       1.0000000       108.00000      0.39992696      -1.0000000       2.0000000
    0.0028742556     0.076185794      -1.0000000      -1.0000000      -1.0000000
      -1.0000000      -1.0000000      -1.0000000      -1.0000000      -1.0000000
      -1.0000000
       0.0000000       107.00000      0.41996893       31.000000       99120.000
       35.050323      0.75461793      0.29974991      0.44444448     0.083929025
      -13.649343      -5.0529547       6.0664349       317.32797       180.85333
       450.23709
       1.0000000       107.00000      0.41996893      -1.0000000       8.0000000
    0.0086855856      0.29444109      -1.0000000      -1.0000000      -1.0000000
      -1.0000000      -1.0000000      -1.0000000      -1.0000000      -1.0000000
      -1.0000000
       0.0000000       106.00000      0.44029784       31.000000       97497.000
       35.088444      0.86870849      0.29942164      0.44117647     0.098918632
      -15.747867      -10.117082       4.0392804       325.75339       180.47694
       436.11041
       1.0000000       106.00000      0.44029784      -1.0000000       10.000000
    0.0052719838      0.10919298      -1.0000000      -1.0000000      -1.0000000
      -1.0000000      -1.0000000      -1.0000000      -1.0000000      -1.0000000
      -1.0000000
       0.0000000       105.00000      0.46091780       31.000000       94185.000
       36.292484      0.88899386      0.29730687      0.45945948      0.11315742
      -3.9449801      -13.397523       4.4230552       335.61417       199.61987
       409.67221
       1.0000000       105.00000      0.46091780      -1.0000000       14.000000
    0.0058923463     0.085028894      -1.0000000      -1.0000000      -1.0000000
      -1.0000000      -1.0000000      -1.0000000      -1.0000000      -1.0000000
      -1.0000000
       0.0000000       104.00000      0.48183295       30.000000       91182.000
       35.774128      0.95317084      0.29143375      0.45714289      0.13555032
       3.9839926      -16.003933      0.44671649       340.25146       201.38753
       391.52090
       1.0000000       104.00000      0.48183295      -1.0000000       15.000000
     0.041595422      0.39221956      -1.0000000      -1.0000000      -1.0000000
      -1.0000000      -1.0000000      -1.0000000      -1.0000000      -1.0000000
      -1.0000000
       0.0000000       103.00000      0.50304753       28.000000       84827.000
       35.835033       1.0235816      0.29286155      0.47222227     0.069318034
       4.8184762      -17.469482       9.7728167       335.91580       196.87683
       396.18414
       1.0000000       103.00000      0.50304753      -1.0000000       7.0000000
     0.083457526     0.020273701      -1.0000000      -1.0000000      -1.0000000
      -1.0000000      -1.0000000      -1.0000000      -1.0000000      -1.0000000
      -1.0000000
       0.0000000       102.00000      0.52456582       28.000000       83074.000
       35.014458      0.85539210      0.29896989      0.50000000     0.065582529
       1.3266186      -19.527910       5.9711800       321.45105       173.69951
       422.32397
       1.0000000       102.00000      0.52456582      -1.0000000       14.000000
       1.4402343      0.69105747      -1.0000000      -1.0000000      -1.0000000
      -1.0000000      -1.0000000      -1.0000000      -1.0000000      -1.0000000
      -1.0000000
       0.0000000       101.00000      0.54639220       26.000000       78130.000
       34.230537      0.96992022      0.30202636      0.47058821     0.077995695
      0.95183957      -16.112349      0.22408679       308.45004       161.74641
       449.99207
       1.0000000       101.00000      0.54639220      -1.0000000       11.000000
    0.0019337634     0.027964493      -1.0000000      -1.0000000      -1.0000000
      -1.0000000      -1.0000000      -1.0000000      -1.0000000      -1.0000000
      -1.0000000
       0.0000000       100.00000      0.57598084       25.000000       72727.000
       34.217823      0.62744075      0.29925323      0.50000000     0.066796497
       3.7035882      -13.585932      -2.5556443       300.29639       159.60905
       479.45132
       1.0000000       100.00000      0.57598084      -1.0000000       4.0000000
    0.0016739040      0.10801433      -1.0000000      -1.0000000      -1.0000000
      -1.0000000      -1.0000000      -1.0000000      -1.0000000      -1.0000000
      -1.0000000
       0.0000000       99.000000      0.59854329       23.000000       65984.000
       30.513189      0.55350751      0.29886305      0.52777779     0.074182719
       5.2571731      -11.441147      -2.5126114       264.14966       109.01118
       105.31949
       1.0000000       99.000000      0.59854329      -1.0000000       15.000000
     0.011517313     0.068845383      -1.0000000      -1.0000000      -1.0000000
      -1.0000000      -1.0000000      -1.0000000      -1.0000000      -1.0000000
      -1.0000000
       0.0000000       98.000000      0.62142873       26.000000       67614.000
       34.163902      0.88434947      0.30847320      0.48648649     0.075936154
      -1.3230374      -19.871284      -8.2938976       291.71054       155.90085
       488.61169
       1.0000000       98.000000      0.62142873      -1.0000000       1.0000000
      0.12950419      0.35205171      -1.0000000      -1.0000000      -1.0000000
      -1.0000000      -1.0000000      -1.0000000      -1.0000000      -1.0000000
      -1.0000000
       0.0000000       97.000000      0.64464182       25.000000       65269.000
       33.756542      0.95268899      0.30586323      0.51428568     0.069832332
      -3.5597303      -21.571804      -15.572583       285.62756       152.76834
       459.52161
       1.0000000       97.000000      0.64464182      -1.0000000       2.0000000
       0.0000000       0.0000000      -1.0000000      -1.0000000      -1.0000000
      -1.0000000      -1.0000000      -1.0000000      -1.0000000      -1.0000000
      -1.0000000
       0.0000000       96.000000      0.67611039       26.000000       64849.000
       33.494083      0.69449812      0.28592753      0.53846151     0.090915412
      -6.2630091      -24.939989      -14.368634       282.05106       136.86984
       418.63589
       1.0000000       96.000000      0.67611039      -1.0000000       9.0000000
    0.0060914897   0.00013126367      -1.0000000      -1.0000000      -1.0000000
      -1.0000000      -1.0000000      -1.0000000      -1.0000000      -1.0000000
      -1.0000000
       0.0000000       95.000000      0.70010638       27.000000       64872.000
       33.247074      0.63003170      0.29200917      0.45714289     0.095657371
      -2.2193785      -12.331244      -25.410002       281.63245       149.11378
       396.57962
       1.0000000       95.000000      0.70010638      -1.0000000       8.0000000
    0.0035191596      0.10445152      -1.0000000      -1.0000000      -1.0000000
      -1.0000000      -1.0000000      -1.0000000      -1.0000000      -1.0000000
      -1.0000000
       0.0000000       94.000000      0.73263615       25.000000       61735.000
       32.897461       1.6426327      0.35363331      0.19999999     0.089995369
       7.8286462       15.850705      -11.664866       282.58035       222.00232
       377.26181
       2.0000000       94.000000      0.73263615      0.97804075       88.000000
       15.765800       2.5330493      0.56479615      0.63636363      0.62224001
       13.641553       251.34361       111.45522       11252.390       5766.8105
      -7977.0293
       1.0000000       94.000000      0.73263615      -1.0000000       11.000000
     0.020588368     0.082031669      -1.0000000      -1.0000000      -1.0000000
      -1.0000000      -1.0000000      -1.0000000      -1.0000000      -1.0000000
      -1.0000000
       0.0000000       93.000000      0.75744140       24.000000       59450.000
       26.505825       1.1708294      0.38258651      0.11111099     0.091520876
       2.9279110       21.034191       3.8123772       279.91394       211.70239
       388.36194
       1.0000000       93.000000      0.75744140      -1.0000000       7.0000000
    0.0027022739     0.023605363      -1.0000000      -1.0000000      -1.0000000
      -1.0000000      -1.0000000      -1.0000000      -1.0000000      -1.0000000
      -1.0000000
       0.0000000       92.000000      0.79106826       24.000000       57816.000
       24.938637       6.5570345      0.39946902     0.096774161      0.10859815
      -6.3004603       27.543053       12.276830       277.83231       321.06256
       425.75220
       1.0000000       92.000000      0.79106826      -1.0000000       11.000000
     0.012229238      0.10722987      -1.0000000      -1.0000000      -1.0000000
      -1.0000000      -1.0000000      -1.0000000      -1.0000000      -1.0000000
      -1.0000000
       0.0000000       91.000000      0.81671000       23.000000       54504.000
       26.926758       5.2223282      0.39648905     0.066666663     0.091951951
      -4.6896973       25.678644       10.797327       277.63846       265.41107
       445.52841
       1.0000000       91.000000      0.81671000      -1.0000000       5.0000000
    0.0012430762     0.021963395      -1.0000000      -1.0000000      -1.0000000
      -1.0000000      -1.0000000      -1.0000000      -1.0000000      -1.0000000
      -1.0000000
       0.0000000       90.000000      0.85147089       22.000000       52003.000
       17.236950       1.2463868      0.39980623     0.068965554      0.10377637
      -8.8951445       27.740004       20.317104       259.60519       79.185699
       451.63779
       1.0000000       90.000000      0.85147089      -1.0000000       7.0000000
    0.0039948963      0.11053136      -1.0000000      -1.0000000      -1.0000000
      -1.0000000      -1.0000000      -1.0000000      -1.0000000      -1.0000000
      -1.0000000
       0.0000000       89.000000      0.88689691       23.000000       51589.000
       16.359003      0.66685885      0.40285864     0.071428597      0.11096146
     0.023221584       33.121418       22.262814       249.96071       57.711761
       444.29602
       1.0000000       89.000000      0.88689691      -1.0000000       7.0000000
    0.0080172747      0.14745960      -1.0000000      -1.0000000      -1.0000000
      -1.0000000      -1.0000000      -1.0000000      -1.0000000      -1.0000000
      -1.0000000
       0.0000000       88.000000      0.92300081       46.000000       71365.000
       16.119778      0.72798246      0.40352985     0.068965554      0.10995740
       11.070245       35.666256       20.884438       249.63396       53.775654
       447.89432
       1.0000000       88.000000      0.92300081      -1.0000000       4.0000000
    0.0051767394     0.058934694      -1.0000000      -1.0000000      -1.0000000
      -1.0000000      -1.0000000      -1.0000000      -1.0000000      -1.0000000
      -1.0000000
       0.0000000       87.000000      0.95053136       45.000000       69517.000
       16.200424      0.79864377      0.40513039      0.10344827      0.10957396
       18.372372       34.727467       16.760550       251.43079       53.931644
       447.63803
       1.0000000       87.000000      0.95053136      -1.0000000       5.0000000
     0.011755388     0.080105450      -1.0000000      -1.0000000      -1.0000000
      -1.0000000      -1.0000000      -1.0000000      -1.0000000      -1.0000000
      -1.0000000
       0.0000000       86.000000      0.98785281       42.000000       64206.000
       16.194613      0.63079470      0.40576902     0.071428597      0.11190023
       27.224035       33.207123       9.3471231       255.50342       53.697117
       431.77704
       1.0000000       86.000000      0.98785281      -1.0000000       8.0000000
    0.0039235950     0.097775923      -1.0000000      -1.0000000      -1.0000000
      -1.0000000      -1.0000000      -1.0000000      -1.0000000      -1.0000000
      -1.0000000
       0.0000000       85.000000      0.99729425       41.000000       63430.000
       16.245872      0.64037174      0.40394938      0.12903231      0.11690004
       28.786631       32.320480       7.6378531       257.36026       54.249142
       425.80118
       1.0000000       85.000000      0.99729425      -1.0000000       2.0000000
   0.00090307303       0.0000000      -1.0000000      -1.0000000      -1.0000000
      -1.0000000      -1.0000000      -1.0000000      -1.0000000      -1.0000000
      -1.0000000
       0.0000000       84.000000       1.0355104       40.000000       59061.000
       16.382935      0.72975659      0.40656731     0.066666663      0.11487785
       34.375793       28.605556      0.69106668       266.08447       55.261326
       399.66458
       1.0000000       84.000000       1.0355104      -1.0000000       2.0000000
   0.00080844262       0.0000000      -1.0000000      -1.0000000      -1.0000000
      -1.0000000      -1.0000000      -1.0000000      -1.0000000      -1.0000000
      -1.0000000
       0.0000000       83.000000       1.0744579       40.000000       56404.000
       16.366671      0.75706059      0.40597183      0.10000008      0.11987032
       38.142548       26.682856      -6.1744924       278.05875       55.685631
       365.32181
       1.0000000       83.000000       1.0744579      -1.0000000       3.0000000
       0.0000000       0.0000000      -1.0000000      -1.0000000      -1.0000000
      -1.0000000      -1.0000000      -1.0000000      -1.0000000      -1.0000000
      -1.0000000
       0.0000000       82.000000       1.1141505       39.000000       53116.000
       16.565248      0.91045290      0.40480945     0.068965554      0.12379562
       37.375202       25.533949      -13.098582       299.34641       61.658497
       330.13974
       1.0000000       82.000000       1.1141505      -1.0000000       11.000000
     0.010418427     0.066991382      -1.0000000      -1.0000000      -1.0000000
      -1.0000000      -1.0000000      -1.0000000      -1.0000000      -1.0000000
      -1.0000000
       0.0000000       81.000000       1.1546028       36.000000       49032.000
       10.687562     0.033663027      0.40880188     0.035714328      0.12445491
       37.766022       26.216839      -20.603916       227.82367       15.466829
       19.539606
       1.0000000       81.000000       1.1546028      -1.0000000       25.000000
       1.2581322       2.1609230      -1.0000000      -1.0000000      -1.0000000
      -1.0000000      -1.0000000      -1.0000000      -1.0000000      -1.0000000
      -1.0000000
       0.0000000       80.000000       1.2062581       34.000000       43851.000
       16.542021      0.46118218      0.39402339     0.068965554      0.11501227
       27.104456       26.018375      -18.940849       300.19019       55.646015
       303.76083
       0.0000000       79.000000       1.2484726       49.000000       51839.000
       15.702875      0.15234762      0.41102481      0.10000008      0.13489234
       23.473076       31.715347      -24.525219       263.42026       44.043251
       329.09592
       1.0000000       79.000000       1.2484726      -1.0000000       7.0000000
    0.0029424657     0.017540808      -1.0000000      -1.0000000      -1.0000000
      -1.0000000      -1.0000000      -1.0000000      -1.0000000      -1.0000000
      -1.0000000
       0.0000000       78.000000       1.3023784       49.000000       50722.000
       15.704545      0.12432431      0.40861273     0.071428597      0.12837957
       12.849185       36.848362      -26.709488       250.84674       42.041969
       299.04837
       1.0000000       78.000000       1.3023784      -1.0000000       15.000000
     0.038538936      0.11993716      -1.0000000      -1.0000000      -1.0000000
      -1.0000000      -1.0000000      -1.0000000      -1.0000000      -1.0000000
      -1.0000000
       0.0000000       77.000000       1.3575766       44.000000       44754.000
       15.216409     0.060155008      0.41295314     0.068965554      0.13536833
       6.0371103       44.991489      -31.752680       250.16058       37.245979
       272.84195
       1.0000000       77.000000       1.3575766      -1.0000000       10.000000
      0.33843368      0.48230188      -1.0000000      -1.0000000      -1.0000000
      -1.0000000      -1.0000000      -1.0000000      -1.0000000      -1.0000000
      -1.0000000
       0.0000000       76.000000       1.4140983       43.000000       43272.000
       15.646120      0.10842291      0.40550452     0.071428597      0.14956637
      -2.7225540       49.531757      -29.312742       259.12097       37.236897
       240.78085
       1.0000000       76.000000       1.4140983      -1.0000000       15.000000
     0.014895300      0.24423020      -1.0000000      -1.0000000      -1.0000000
      -1.0000000      -1.0000000      -1.0000000      -1.0000000      -1.0000000
      -1.0000000
       0.0000000       75.000000       1.4719748       38.000000       38853.000
       15.331954      0.49447200      0.41540474     0.035714328      0.14807174
      -10.741365       57.245770      -21.041582       251.77347       37.028011
       255.99460
       1.0000000       75.000000       1.4719748      -1.0000000       14.000000
      0.98021869      0.94801992      -1.0000000      -1.0000000      -1.0000000
      -1.0000000      -1.0000000      -1.0000000      -1.0000000      -1.0000000
      -1.0000000
       0.0000000       74.000000       1.5312390       36.000000       36674.000
       15.078616      0.59888196      0.41262579     0.035714328      0.15581354
      -18.847710       55.105484      -10.335403       239.25978       33.885292
       273.31647
       1.0000000       74.000000       1.5312390      -1.0000000       7.0000000
     0.034776708      0.27675411      -1.0000000      -1.0000000      -1.0000000
      -1.0000000      -1.0000000      -1.0000000      -1.0000000      -1.0000000
      -1.0000000
       0.0000000       73.000000       1.6042346       33.000000       32881.000
       14.695468      0.55621356      0.41879436     0.033333361      0.16677018
      -25.963333       48.617458     -0.99180919       228.39859       31.088383
       266.17102
       1.0000000       73.000000       1.6042346      -1.0000000       12.000000
     0.014778655      0.29744116      -1.0000000      -1.0000000      -1.0000000
      -1.0000000      -1.0000000      -1.0000000      -1.0000000      -1.0000000
      -1.0000000
       0.0000000       72.000000       1.6666696       34.000000       30195.000
       14.698404      0.57504457      0.42743441     0.064516127      0.15987183
      -30.146936       42.708931       8.4708986       226.37878       30.463730
       273.96368
       1.0000000       72.000000       1.6666696      -1.0000000       10.000000
     0.073373380      0.53100372      -1.0000000      -1.0000000      -1.0000000
      -1.0000000      -1.0000000      -1.0000000      -1.0000000      -1.0000000
      -1.0000000
       0.0000000       71.000000       1.7435706       61.000000       38206.000
       14.459836       1.2889080      0.44126844     0.068965554      0.15519895
      -39.338306       35.982883       22.629026       228.05591       28.995108
       281.37048
       1.0000000       71.000000       1.7435706      -1.0000000       8.0000000
    0.0042753282     0.059806549      -1.0000000      -1.0000000      -1.0000000
      -1.0000000      -1.0000000      -1.0000000      -1.0000000      -1.0000000
      -1.0000000
       0.0000000       70.000000       1.8226893       55.000000       34101.000
       14.334073       1.2574666      0.42440626     0.066666663      0.17573544
      -52.498440       31.520041       43.909546       238.06648       28.306112
       267.79535
       1.0000000       70.000000       1.8226893      -1.0000000       11.000000
     0.064036789      0.32719278      -1.0000000      -1.0000000      -1.0000000
      -1.0000000      -1.0000000      -1.0000000      -1.0000000      -1.0000000
      -1.0000000
       0.0000000       69.000000       1.9040896       55.000000       32205.000
       14.273481      0.60369045      0.40690425     0.066666663      0.15440992
      -65.306053       37.304943       58.093307       251.20522       27.037031
       257.87396
       1.0000000       69.000000       1.9040896      -1.0000000       3.0000000
   0.00013345457     0.010554462      -1.0000000      -1.0000000      -1.0000000
      -1.0000000      -1.0000000      -1.0000000      -1.0000000      -1.0000000
      -1.0000000
       0.0000000       68.000000       2.0020282       44.000000       26482.000
       14.222406      0.39751959      0.42328432      0.13333338      0.15168525
      -77.733559       48.927570       79.099739       261.12500       26.083693
       275.21332
       1.0000000       68.000000       2.0020282      -1.0000000       6.0000000
    0.0021346809      0.12617526      -1.0000000      -1.0000000      -1.0000000
      -1.0000000      -1.0000000      -1.0000000      -1.0000000      -1.0000000
      -1.0000000
       0.0000000       67.000000       2.1032696       35.000000       20357.000
       13.871724       1.6907082      0.44598028      0.13333338      0.29185456
      -94.125893       94.397125       80.172707       273.83621       25.836758
       269.44458
       1.0000000       67.000000       2.1032696      -1.0000000       11.000000
     0.054480397      0.28994957      -1.0000000      -1.0000000      -1.0000000
      -1.0000000      -1.0000000      -1.0000000      -1.0000000      -1.0000000
      -1.0000000
       0.0000000       66.000000       2.2079256       34.000000       18149.000
       13.424194       1.5045804      0.46347994      0.23333335      0.31669605
      -153.97743       64.254829      -19.410841       277.83572       25.618238
       264.42157
       1.0000000       66.000000       2.2079256      -1.0000000       12.000000
     0.024347797      0.44042112      -1.0000000      -1.0000000      -1.0000000
      -1.0000000      -1.0000000      -1.0000000      -1.0000000      -1.0000000
      -1.0000000
       0.0000000       65.000000       2.3161108       33.000000       16414.000
       12.283702       4.6421399      0.41760457      0.27999997      0.35233757
      -119.18487      -3.1247623      -106.46407       283.45276       26.654016
       250.61011
       1.0000000       65.000000       2.3161108      -1.0000000       14.000000
    0.0097887201      0.18792861      -1.0000000      -1.0000000      -1.0000000
      -1.0000000      -1.0000000      -1.0000000      -1.0000000      -1.0000000
      -1.0000000
       0.0000000       64.000000       2.4442258       36.000000       15895.000
       8.1366358       1.9298090      0.48164803      0.25806451      0.36230981
      -58.474659      -54.592072       82.351379       268.99075       16.477392
       210.80780
       2.0000000       64.000000       2.4442258      0.35733095       64.000000
       2.9074719      0.76421332      0.64325988      0.73170733      0.75551575
       49.476128       227.73476      -60.340866      -3203.9583       112.25327
      -1232.5154
       1.0000000       64.000000       2.4442258      -1.0000000       12.000000
     0.047598442      0.46035725      -1.0000000      -1.0000000      -1.0000000
      -1.0000000      -1.0000000      -1.0000000      -1.0000000      -1.0000000
      -1.0000000
       0.0000000       63.000000       2.5772903       35.000000       14304.000
       7.0149140       5.7350249      0.48084420      0.28125006      0.39640424
      -22.330425      -161.67657       103.31844       288.24521       35.266758
       172.18547
       1.0000000       63.000000       2.5772903      -1.0000000       25.000000
     0.064006990      0.25268302      -1.0000000      -1.0000000      -1.0000000
      -1.0000000      -1.0000000      -1.0000000      -1.0000000      -1.0000000
      -1.0000000
       0.0000000       62.000000       2.7331426       47.000000       15337.000
       5.1754427       2.3333580      0.55460709      0.45454544      0.54806590
      -7.8539119      -219.38591      -54.569302       213.19781       14.292174
       236.14682
       1.0000000       62.000000       2.7331426      -1.0000000       25.000000
      0.29802814      0.76848401      -1.0000000      -1.0000000      -1.0000000
      -1.0000000      -1.0000000      -1.0000000      -1.0000000      -1.0000000
      -1.0000000
       0.0000000       61.000000       2.8957851       52.000000       14802.000
       4.5738239       2.7574515      0.49139494      0.24000001      0.40532508
      -46.322487      -142.71933      -54.040039       205.22177       14.372707
       209.49463
       2.0000000       61.000000       2.8957851      0.40039831       58.000000
      0.66961038      0.74390119      -1.0000000      -1.0000000      -1.0000000
      -1.0000000      -1.0000000      -1.0000000      -1.0000000      -1.0000000
      -1.0000000
       1.0000000       61.000000       2.8957851      -1.0000000       8.0000000
   0.00030365208    0.0035517137      -1.0000000      -1.0000000      -1.0000000
      -1.0000000      -1.0000000      -1.0000000      -1.0000000      -1.0000000
      -1.0000000
       0.0000000       60.000000       3.0081310       53.000000       13564.000
       3.4692063       3.7855587      0.46246517      0.16129035      0.41019607
       30.292521      -32.621593       93.020920       222.01947       15.216244
       163.73308
       1.0000000       60.000000       3.0081310      -1.0000000       7.0000000
     0.056284220      0.38063971      -1.0000000      -1.0000000      -1.0000000
      -1.0000000      -1.0000000      -1.0000000      -1.0000000      -1.0000000
      -1.0000000
       0.0000000       59.000000       3.0848227       116.00000       20996.000
       2.6912751       4.4690681      0.46606931      0.21875006      0.43343061
      -47.105461       55.732357       121.17048       236.47586       23.061615
       141.58327
       1.0000000       59.000000       3.0848227      -1.0000000       5.0000000
      0.17911508      0.51748866      -1.0000000      -1.0000000      -1.0000000
      -1.0000000      -1.0000000      -1.0000000      -1.0000000      -1.0000000
      -1.0000000
       0.0000000       58.000000       3.2830331       104.00000       17671.000
       1.6723607       2.9468851      0.44456831      0.71052635      0.54822606
      -189.28015      -76.133652       316.00208       220.54626       14.413473
       153.48163
       1.0000000       58.000000       3.2830331      -1.0000000       19.000000
      0.15449969      0.70161335      -1.0000000      -1.0000000      -1.0000000
      -1.0000000      -1.0000000      -1.0000000      -1.0000000      -1.0000000
      -1.0000000
       0.0000000       57.000000       3.4908614       90.000000       13518.000
       1.1287981       2.2952023      0.44376370      0.48571426      0.46624511
      -45.606266       8.4394827       167.64124       174.43732       8.8329058
       167.86098
       1.0000000       57.000000       3.4908614      -1.0000000       9.0000000
     0.011760891      0.18605221      -1.0000000      -1.0000000      -1.0000000
      -1.0000000      -1.0000000      -1.0000000      -1.0000000      -1.0000000
      -1.0000000
