       0.0000000       135.00000       0.0000000       0.0000000       48.000000
       2.9282200     0.079072550      0.43568033      0.39393944      0.39973164
      -55.889816       60.335007      -6.8224268       88.512825       9.4989367
       22.558958
       0.0000000       134.00000    0.0095216669       0.0000000       48.000000
       2.9291372     0.081977770      0.43690628      0.34375006      0.37357929
      -57.034084       59.757919      -8.0334444       87.561600       9.4507771
       22.735538
       0.0000000       133.00000     0.023974428       0.0000000       47.000000
       2.9425418     0.086674109      0.43884236      0.34375006      0.38590458
      -59.360558       58.444439      -7.6008682       89.352013       9.6442337
       23.622887
       0.0000000       132.00000     0.033724371       0.0000000       45.000000
       2.9266670     0.088369556      0.43686503      0.32258064      0.36799499
      -60.172634       58.658520      -6.4761848       89.294418       9.4659691
       24.247660
       0.0000000       131.00000     0.048523631       0.0000000       34.000000
       2.9341092     0.094217926      0.43602103      0.36363643      0.38660443
      -61.677513       59.432655      -4.8407464       88.727615       9.5606737
       25.252542
       0.0000000       130.00000     0.058507323       0.0000000       35.000000
       2.9390779      0.10266009      0.44029367      0.39393944      0.39153421
      -63.243877       60.187061      -2.9731717       88.900650       9.5615578
       25.312237
       0.0000000       129.00000     0.073661387       0.0000000       36.000000
       2.9216361      0.10296108      0.43883941      0.39393944      0.38946143
      -63.565521       60.807083     -0.93811369       89.811279       9.5181112
       25.015148
       0.0000000       128.00000     0.083884433       0.0000000       34.000000
       2.9459250      0.10364437      0.43560424      0.36363643      0.38882592
      -63.921436       62.095203     -0.21710005       89.427773       9.5443363
       25.764774
       0.0000000       127.00000     0.099401802       0.0000000       37.000000
       2.9388652      0.10342637      0.42952910      0.36363643      0.39466265
      -64.766380       62.352276     -0.12004999       89.438461       9.5439463
       26.212151
       0.0000000       126.00000      0.10986994       0.0000000       35.000000
       2.9509678      0.10572001      0.43204588      0.39393944      0.38920429
      -64.605446       62.117950     -0.65322798       90.180801       9.5890284
       26.251347
       0.0000000       125.00000      0.12575933       0.0000000       37.000000
       2.9567642      0.11018878      0.43230757      0.39393944      0.37454614
      -65.954254       62.436111      -1.7590181       90.895988       9.6863432
       26.130617
       0.0000000       124.00000      0.14187621       0.0000000       36.000000
       2.9522448      0.11152545      0.42991409      0.41176474      0.38688508
      -66.136589       64.131454      -1.7441798       90.940430       9.6443291
       26.675682
       0.0000000       123.00000      0.15274876       0.0000000       37.000000
       2.9488280      0.11154954      0.42834449      0.41176474      0.39095256
      -64.941597       64.690392      -3.3898816       91.355965       9.4812346
       26.460033
       0.0000000       122.00000      0.16925204       0.0000000       33.000000
       2.9334838      0.10852709      0.42580456      0.36363643      0.37716910
      -63.878460       66.216812      -5.4801364       87.871109       9.3952217
       29.055555
       0.0000000       121.00000      0.18038526       0.0000000       32.000000
       2.9667284      0.10672055      0.42198896      0.34375006      0.37990636
      -65.180832       65.208160      -6.9286051       88.021187       9.5400114
       30.438524
       0.0000000       120.00000      0.19728418       0.0000000       33.000000
       2.9597328      0.10280354      0.42422926      0.41176474      0.38240284
      -68.493195       63.766178      -8.5743294       90.171005       9.6192770
       29.632015
       0.0000000       119.00000      0.21442504       1.0000000       12104.000
       2.9938014      0.10276008      0.42844093      0.41176474      0.40368205
      -72.575745       61.829964      -4.7846217       91.483047       9.7184305
       28.845392
       0.0000000       118.00000      0.22598839       1.0000000       11862.000
       2.9269238     0.098945446      0.42999762      0.41176474      0.38255751
      -74.724510       61.147160      -3.0611675       91.502533       9.3007812
       25.625298
       0.0000000       117.00000      0.24354018       1.0000000       11467.000
       2.9701478      0.10533047      0.42507252      0.41176474      0.39654163
      -76.547722       60.105251       1.5343081       91.474815       9.5476599
       29.048843
       0.0000000       116.00000      0.26134327       0.0000000       29.000000
       2.9471402      0.10562900      0.42658207      0.41176474      0.38305011
      -76.422501       61.895237       7.8689566       90.198082       9.3019924
       26.938629
       0.0000000       115.00000      0.27335334       0.0000000       26.000000
       2.9639812      0.10593495      0.42646572      0.36363643      0.38389394
      -77.033691       63.856701       9.4537001       90.727638       9.4199667
       27.935680
       0.0000000       114.00000      0.29158324       0.0000000       26.000000
       2.9835951      0.11276511      0.42355931      0.36363643      0.37627235
      -73.146896       69.639496       7.6868081       91.069183       9.5691490
       29.871502
       0.0000000       113.00000      0.31007412       0.0000000       28.000000
       2.9716949      0.12857214      0.42202973      0.42857140      0.38555333
      -71.132042       69.063492       5.5032921       90.529488       9.4377384
       29.399647
       0.0000000       112.00000      0.32882974       0.0000000       25.000000
       2.9578271      0.15342189      0.42573941      0.41176474      0.38644058
      -73.966423       71.486435       1.8231493       93.488586       9.4223614
       27.886843
       0.0000000       111.00000      0.34785384       0.0000000       25.000000
       2.9773049      0.16848888      0.42947829      0.45714289      0.40537119
      -77.255661       75.837593     -0.81401396       92.962502       9.5351315
       28.985525
       0.0000000       110.00000      0.36068764       0.0000000       27.000000
       2.9720607      0.17643981      0.43438095      0.41176474      0.41396937
      -78.087944       77.821602      -1.5899123       92.980316       9.5440369
       29.141947
       0.0000000       109.00000      0.38016787       0.0000000       21.000000
       2.9701846      0.18521030      0.42643839      0.41176474      0.39537966
      -78.619087       76.919266      -2.9770176       93.508797       9.5584030
       30.047892
       0.0000000       108.00000      0.39992696       0.0000000       21.000000
       2.9798126      0.19799431      0.42987031      0.41176474      0.39556751
      -80.646225       78.603416     -0.64362425       93.396507       9.5601072
       31.825928
       0.0000000       107.00000      0.41996893       0.0000000       22.000000
       2.9752095      0.20971537      0.43540996      0.45714289      0.40037930
      -82.330193       81.390739       2.0738931       93.358498       9.6285334
       32.857708
       0.0000000       106.00000      0.44029784       0.0000000       21.000000
       3.0084913      0.22386688      0.43267801      0.44117647      0.41800311
      -83.309235       85.243370       4.9507356       93.158813       9.7228937
       33.959904
       0.0000000       105.00000      0.46091780       0.0000000       22.000000
       2.9932590      0.25736851      0.42924428      0.39393944      0.37656277
      -80.484421       85.397202       7.8762169       92.698883       9.6614962
       33.207729
       0.0000000       104.00000      0.48183295       0.0000000       25.000000
       2.9685829      0.29912296      0.43066528      0.45714289      0.39709505
      -80.871078       90.637375       15.067431       94.436363       9.5770082
       29.955637
       0.0000000       103.00000      0.50304753       0.0000000       24.000000
       3.0047472      0.34880614      0.44714355      0.42857140      0.41843235
      -79.222198       101.58417       23.769726       96.314972       9.8575916
       33.897724
       0.0000000       102.00000      0.52456582       0.0000000       21.000000
       3.0220997      0.34448239      0.44648373      0.47222227      0.43314248
      -73.690872       108.60003       32.544689       96.529655       9.9933701
       33.624645
       0.0000000       101.00000      0.54639220       0.0000000       22.000000
       3.0128834      0.36261848      0.43387669      0.39393944      0.41682082
      -65.698845       108.58559       39.633610       95.848495       9.8914394
       35.791534
       0.0000000       100.00000      0.57598084       0.0000000       23.000000
       3.0251122      0.39197394      0.45208809      0.45714289      0.44098589
      -56.874630       122.66376       49.857101       97.617905       10.129470
       34.916920
       0.0000000       99.000000      0.59854329       0.0000000       24.000000
       3.0162787      0.43425477      0.45377439      0.45714289      0.45536092
      -49.783970       129.10335       62.723225       99.724632       10.054564
       33.688770
       0.0000000       98.000000      0.62142873       0.0000000       21.000000
       3.0161209      0.53724921      0.42938763      0.44117647      0.42748144
      -42.394890       118.56271       72.938042       100.60739       10.103498
       33.912487
       0.0000000       97.000000      0.64464182       0.0000000       20.000000
       2.9867990      0.48939624      0.41745406      0.45714289      0.42144492
      -35.426064       112.48231       72.461914       96.636330       9.8208523
       34.391083
       0.0000000       96.000000      0.67611039       0.0000000       22.000000
       3.0370524      0.57522029      0.45882797      0.51351351      0.49200606
      -18.306511       135.69514       92.558434       98.585899       10.313199
       37.431023
       0.0000000       95.000000      0.70010638       0.0000000       23.000000
       3.0239434      0.55549186      0.45045415      0.50000000      0.48950881
      -4.9961472       133.04468       111.68218       97.348518       10.259625
       42.634769
       0.0000000       94.000000      0.73263615       0.0000000       24.000000
       3.0249293      0.56789541      0.43886119      0.45714289      0.46101969
      0.54222476       121.75701       119.61274       98.099686       10.338712
       44.269299
       0.0000000       93.000000      0.75744140       0.0000000       24.000000
       3.0387454      0.46002051      0.46527985      0.50000000      0.48878855
       2.2418056       128.39902       133.91345       98.240715       10.158784
       45.939995
       0.0000000       92.000000      0.79106826       0.0000000       25.000000
       3.0403171      0.26941785      0.48198271      0.48571426      0.53912199
       10.133246       138.21782       152.77429       100.46797       9.9959497
       44.642410
       0.0000000       91.000000      0.81671000       0.0000000       24.000000
       3.0177402      0.19265871      0.46417585      0.48571426      0.49468118
       20.151915       144.30656       138.24628       104.00713       9.8057547
       41.923313
       1.0000000       91.000000      0.81671000      -1.0000000       1.0000000
   0.00055254030     0.031694494      -1.0000000      -1.0000000      -1.0000000
      -1.0000000      -1.0000000      -1.0000000      -1.0000000      -1.0000000
      -1.0000000
       0.0000000       90.000000      0.85147089       0.0000000       27.000000
       3.0391843      0.39521661      0.48632705      0.51351351      0.52197593
       34.673210       166.84450       141.95290       114.62891       10.083475
       30.493074
       0.0000000       89.000000      0.88689691       0.0000000       29.000000
       2.9961541      0.90667731      0.49736381      0.48648649      0.50315773
       32.245247       165.47739       159.37529       114.72069       10.169121
       21.375387
       0.0000000       88.000000      0.92300081       0.0000000       16.000000
       3.0405610       1.2036899      0.48379347      0.53846151      0.52693570
       71.099670       186.01860       126.80364       120.48650       11.181811
       27.364796
       0.0000000       87.000000      0.95053136       0.0000000       17.000000
       3.0040026       1.5587943      0.49932826      0.44444448      0.52730775
       67.601501       234.76006       84.873405       124.99123       11.860415
       23.193249
       0.0000000       86.000000      0.98785281       0.0000000       15.000000
       2.8846643       2.2039495      0.49939504      0.45714289      0.53336471
       4.0552683       255.00066       55.760738       127.67607       12.310980
       26.123596
       0.0000000       85.000000      0.99729425       0.0000000       14.000000
       2.9101188       2.3758829      0.50256306      0.54285711      0.56391084
      -29.371386       257.90881       58.188599       126.36079       12.963640
       31.573914
       0.0000000       84.000000       1.0355104       0.0000000       10.000000
       2.7396853       2.5547853      0.51236272      0.61290324      0.56105685
      -169.77237       217.26743       112.46767       114.42423       12.832966
       64.211273
       0.0000000       83.000000       1.0744579       0.0000000       9.0000000
       2.6597853       1.8654748      0.50014412      0.59375006      0.60167092
      -141.90851       160.29875       176.76888       111.51119       12.476410
       81.668251
       0.0000000       82.000000       1.1141505       1826.0000       254557.00
       2.6372101       1.5984495      0.50791073      0.55172414      0.55455697
      -75.469467       191.91234       188.09991       111.27853       12.621381
       95.708023
       0.0000000       81.000000       1.1546028       1670.0000       243141.00
       2.5718374       1.8296750      0.49800891      0.55172414      0.54036844
      -63.508160       223.82387       151.10106       114.49441       12.636276
       93.139336
       0.0000000       80.000000       1.2062581       1644.0000       234233.00
       2.4784336       2.3161767      0.49779382      0.65714288      0.53842187
      -114.36022       228.57616       124.62034       119.28087       13.425074
       88.809097
       0.0000000       79.000000       1.2484726       1587.0000       227207.00
       2.3782790       2.5679371      0.48956633      0.63636363      0.52071351
      -148.79317       192.89987       179.87408       118.75056       13.671775
       93.268631
       0.0000000       78.000000       1.3023784       1607.0000       221536.00
       2.2665401       2.0536134      0.48633465      0.71428573      0.57121062
      -74.210487       184.07428       193.95555       110.57379       13.046901
       102.22707
       1.0000000       78.000000       1.3023784      -1.0000000       1.0000000
       0.0000000       0.0000000      -1.0000000      -1.0000000      -1.0000000
      -1.0000000      -1.0000000      -1.0000000      -1.0000000      -1.0000000
      -1.0000000
       0.0000000       77.000000       1.3575766       1608.0000       214947.00
       2.2170408       1.7335536      0.47602323      0.63888896      0.52888399
      -16.823902       206.88286       149.37561       110.09682       12.658543
       106.49948
       0.0000000       76.000000       1.4140983       1665.0000       211166.00
       2.1236618       1.7561522      0.48743558      0.64516127      0.52603954
      -33.250660       247.42003       67.633286       111.82468       12.562075
       105.55458
       1.0000000       76.000000       1.4140983      -1.0000000       2.0000000
    0.0022050682     0.011263276      -1.0000000      -1.0000000      -1.0000000
      -1.0000000      -1.0000000      -1.0000000      -1.0000000      -1.0000000
      -1.0000000
       0.0000000       75.000000       1.4719748       1830.0000       210606.00
       2.0750220       1.7365365      0.47413304      0.71428573      0.51482677
      -98.067009       238.05798       22.500616       112.99645       11.977136
       108.14439
       1.0000000       75.000000       1.4719748      -1.0000000       1.0000000
   0.00022968890     0.023892906      -1.0000000      -1.0000000      -1.0000000
      -1.0000000      -1.0000000      -1.0000000      -1.0000000      -1.0000000
      -1.0000000
       0.0000000       74.000000       1.5312390       1837.0000       205164.00
       2.0205877       1.4808171      0.48261544      0.69444442      0.53433383
      -152.03282       200.28253       45.753670       112.59026       12.049541
       106.77724
       1.0000000       74.000000       1.5312390      -1.0000000       2.0000000
   0.00014640127       0.0000000      -1.0000000      -1.0000000      -1.0000000
      -1.0000000      -1.0000000      -1.0000000      -1.0000000      -1.0000000
      -1.0000000
       0.0000000       73.000000       1.6042346       1714.0000       192449.00
       1.9950956      0.90065336      0.49900594      0.67647058      0.52813250
      -173.14246       190.93839       91.547226       116.76276       11.876014
       102.32461
       1.0000000       73.000000       1.6042346      -1.0000000       2.0000000
   0.00068794934     0.019256044      -1.0000000      -1.0000000      -1.0000000
      -1.0000000      -1.0000000      -1.0000000      -1.0000000      -1.0000000
      -1.0000000
       0.0000000       72.000000       1.6666696       1493.0000       177634.00
       2.0798016       1.0946586      0.47353315      0.75675678      0.54577011
      -155.54488       175.72688       118.67580       119.30882       12.609401
       98.642685
       1.0000000       72.000000       1.6666696      -1.0000000       2.0000000
    0.0071795388      0.14275385      -1.0000000      -1.0000000      -1.0000000
      -1.0000000      -1.0000000      -1.0000000      -1.0000000      -1.0000000
      -1.0000000
       0.0000000       71.000000       1.7435706       1477.0000       168828.00
       1.8828615       2.5105488      0.44263306      0.68750000      0.47709745
      -101.63782       91.529221       180.95876       118.02938       12.235702
       100.21291
       1.0000000       71.000000       1.7435706      -1.0000000       2.0000000
    0.0043718361     0.032379013      -1.0000000      -1.0000000      -1.0000000
      -1.0000000      -1.0000000      -1.0000000      -1.0000000      -1.0000000
      -1.0000000
       0.0000000       70.000000       1.8226893       1439.0000       160164.00
       1.6950599       2.2834373      0.44037458      0.68571424      0.44755659
      -28.539486       154.33214       147.48146       120.24754       10.952750
       101.02973
       1.0000000       70.000000       1.8226893      -1.0000000       3.0000000
    0.0042542923     0.027827725      -1.0000000      -1.0000000      -1.0000000
      -1.0000000      -1.0000000      -1.0000000      -1.0000000      -1.0000000
      -1.0000000
       0.0000000       69.000000       1.9040896       1544.0000       157577.00
       1.5713197       2.2765255      0.48229328      0.69696975      0.51460427
      -23.340853       212.85696       90.441536       122.07462       11.004915
       101.81826
       0.0000000       68.000000       2.0020282      -1.0000000       149493.00
       1.4206803       2.0543964      -1.0000000      -1.0000000      -1.0000000
      -1.0000000      -1.0000000      -1.0000000       119.17138       9.9093819
       111.78156
       0.0000000       67.000000       2.1032696      -1.0000000       140203.00
       1.2985451       1.6943887      -1.0000000      -1.0000000      -1.0000000
      -1.0000000      -1.0000000      -1.0000000       118.19937       8.7126179
       116.00224
       0.0000000       66.000000       2.2079256      -1.0000000       130915.00
       1.1423694       1.9236991      -1.0000000      -1.0000000      -1.0000000
      -1.0000000      -1.0000000      -1.0000000       122.49458       8.6929932
       112.13364
       1.0000000       66.000000       2.2079256      -1.0000000       2.0000000
    0.0014768699     0.050912607      -1.0000000      -1.0000000      -1.0000000
      -1.0000000      -1.0000000      -1.0000000      -1.0000000      -1.0000000
      -1.0000000
       0.0000000       65.000000       2.3161108      -1.0000000       121385.00
      0.96167618       1.6338329      -1.0000000      -1.0000000      -1.0000000
      -1.0000000      -1.0000000      -1.0000000       122.86865       7.7619858
       115.87305
       0.0000000       64.000000       2.4442258      -1.0000000       111574.00
      0.80668467       1.2795520      -1.0000000      -1.0000000      -1.0000000
      -1.0000000      -1.0000000      -1.0000000       117.46928       6.1628380
       125.56146
       1.0000000       64.000000       2.4442258      -1.0000000       3.0000000
   0.00085865171      0.10970001      -1.0000000      -1.0000000      -1.0000000
      -1.0000000      -1.0000000      -1.0000000      -1.0000000      -1.0000000
      -1.0000000
       0.0000000       63.000000       2.5772903      -1.0000000       102347.00
      0.71452355      0.70933056      -1.0000000      -1.0000000      -1.0000000
      -1.0000000      -1.0000000      -1.0000000       115.61660       5.1069832
       124.32556
       1.0000000       63.000000       2.5772903      -1.0000000       1.0000000
   0.00024381801     0.012357436      -1.0000000      -1.0000000      -1.0000000
      -1.0000000      -1.0000000      -1.0000000      -1.0000000      -1.0000000
      -1.0000000
       0.0000000       62.000000       2.7331426      -1.0000000       96014.000
      0.59343797      0.75282496      -1.0000000      -1.0000000      -1.0000000
      -1.0000000      -1.0000000      -1.0000000       122.81217       4.7929149
       109.88000
       2.0000000       62.000000       2.7331426      0.55238414       58.000000
      0.11474431      0.57149398      -1.0000000      -1.0000000      -1.0000000
      -1.0000000      -1.0000000      -1.0000000      -1.0000000      -1.0000000
      -1.0000000
       1.0000000       62.000000       2.7331426      -1.0000000       2.0000000
   0.00033333953       0.0000000      -1.0000000      -1.0000000      -1.0000000
      -1.0000000      -1.0000000      -1.0000000      -1.0000000      -1.0000000
      -1.0000000
       0.0000000       61.000000       2.8957851      -1.0000000       88631.000
      0.51852953       2.2804539      -1.0000000      -1.0000000      -1.0000000
      -1.0000000      -1.0000000      -1.0000000       133.56502       9.7904253
       90.373367
       1.0000000       61.000000       2.8957851      -1.0000000       2.0000000
       0.0000000       0.0000000      -1.0000000      -1.0000000      -1.0000000
      -1.0000000      -1.0000000      -1.0000000      -1.0000000      -1.0000000
      -1.0000000
       0.0000000       60.000000       3.0081310      -1.0000000       81166.000
      0.31224424       1.0212629      -1.0000000      -1.0000000      -1.0000000
      -1.0000000      -1.0000000      -1.0000000       119.06235       6.0029407
       111.87435
       1.0000000       60.000000       3.0081310      -1.0000000       2.0000000
    0.0033994382     0.014053122      -1.0000000      -1.0000000      -1.0000000
      -1.0000000      -1.0000000      -1.0000000      -1.0000000      -1.0000000
      -1.0000000
       0.0000000       59.000000       3.0848227      -1.0000000       77551.000
      0.26992244      0.71954423      -1.0000000      -1.0000000      -1.0000000
      -1.0000000      -1.0000000      -1.0000000       112.80872       4.4451094
       132.58385
       1.0000000       59.000000       3.0848227      -1.0000000       1.0000000
    0.0059840572     0.031775311      -1.0000000      -1.0000000      -1.0000000
      -1.0000000      -1.0000000      -1.0000000      -1.0000000      -1.0000000
      -1.0000000
       0.0000000       58.000000       3.2830331      -1.0000000       69042.000
      0.20772555      0.75978482      -1.0000000      -1.0000000      -1.0000000
      -1.0000000      -1.0000000      -1.0000000       93.381645       3.3921733
       94.236092
       1.0000000       58.000000       3.2830331      -1.0000000       3.0000000
   0.00070853962       0.0000000      -1.0000000      -1.0000000      -1.0000000
      -1.0000000      -1.0000000      -1.0000000      -1.0000000      -1.0000000
      -1.0000000
       0.0000000       57.000000       3.4908614      -1.0000000       58696.000
      0.16996855      0.63253486      -1.0000000      -1.0000000      -1.0000000
      -1.0000000      -1.0000000      -1.0000000       91.426605       3.1350646
       88.704903
       1.0000000       57.000000       3.4908614      -1.0000000       1.0000000
       0.0000000       0.0000000      -1.0000000      -1.0000000      -1.0000000
      -1.0000000      -1.0000000      -1.0000000      -1.0000000      -1.0000000
      -1.0000000
