       0.0000000       135.00000       0.0000000       814.00000       381657.00
       4.1513276       3.7509654      0.51576334      0.61290324      0.67109376
       251.89662      -177.31874      -6.3774390       105.37891       25.440611
       86.797104
       0.0000000       134.00000    0.0095216669       813.00000       379204.00
       4.1411204       3.5619857      0.51614803      0.61290324      0.66973817
       251.00395      -177.83983      -9.4771709       103.11427       25.428663
       82.589798
       1.0000000       134.00000    0.0095216669      -1.0000000       4.0000000
     0.019996240      0.22911108      -1.0000000      -1.0000000      -1.0000000
      -1.0000000      -1.0000000      -1.0000000      -1.0000000      -1.0000000
      -1.0000000
       0.0000000       133.00000     0.023974428       815.00000       375845.00
       4.1370912       3.9627359      0.51061255      0.65625000      0.68004018
       251.59282      -171.49263      -7.6441193       101.85966       25.656908
       78.770332
       0.0000000       132.00000     0.033724371       815.00000       374692.00
       4.0465727       4.0140066      0.50525606      0.58620685      0.64156717
       252.24294      -169.84273      -7.6350827       101.01408       25.588223
       79.194199
       1.0000000       132.00000     0.033724371      -1.0000000       2.0000000
     0.015843261      0.10956617      -1.0000000      -1.0000000      -1.0000000
      -1.0000000      -1.0000000      -1.0000000      -1.0000000      -1.0000000
      -1.0000000
       0.0000000       131.00000     0.048523631       815.00000       370460.00
       3.9470048       4.0375853      0.50412571      0.56666672      0.62951350
       254.71973      -166.50699     -0.40943536       99.935051       24.932917
       77.736076
       1.0000000       131.00000     0.048523631      -1.0000000       1.0000000
    0.0068891705     0.044194695      -1.0000000      -1.0000000      -1.0000000
      -1.0000000      -1.0000000      -1.0000000      -1.0000000      -1.0000000
      -1.0000000
       0.0000000       130.00000     0.058507323       807.00000       367089.00
       3.8992262       3.7713897      0.50745964      0.61290324      0.65285498
       256.71576      -161.53549       8.1480141       99.245987       24.481785
       77.986816
       1.0000000       130.00000     0.058507323      -1.0000000       1.0000000
    0.0068891705     0.044194695      -1.0000000      -1.0000000      -1.0000000
      -1.0000000      -1.0000000      -1.0000000      -1.0000000      -1.0000000
      -1.0000000
       0.0000000       129.00000     0.073661387       832.00000       366367.00
       3.8791490       3.8442645      0.50715065      0.61290324      0.65081656
       253.31248      -164.18124       20.967150       99.448517       24.865873
       74.657471
       1.0000000       129.00000     0.073661387      -1.0000000       1.0000000
       0.0000000       0.0000000      -1.0000000      -1.0000000      -1.0000000
      -1.0000000      -1.0000000      -1.0000000      -1.0000000      -1.0000000
      -1.0000000
       0.0000000       128.00000     0.083884433       828.00000       363801.00
       3.8376548       3.8928275      0.50199032      0.60000002      0.64963704
       249.44878      -172.39737       30.382032       99.701561       24.777121
       75.154518
       1.0000000       128.00000     0.083884433      -1.0000000       1.0000000
       0.0000000       0.0000000      -1.0000000      -1.0000000      -1.0000000
      -1.0000000      -1.0000000      -1.0000000      -1.0000000      -1.0000000
      -1.0000000
       0.0000000       127.00000     0.099401802       829.00000       361525.00
       3.7813735       4.3093987      0.49700683      0.55172414      0.61305201
       244.13190      -174.57617       31.329880       99.455147       24.740974
       72.479355
       1.0000000       127.00000     0.099401802      -1.0000000       3.0000000
    0.0065954649     0.061513606      -1.0000000      -1.0000000      -1.0000000
      -1.0000000      -1.0000000      -1.0000000      -1.0000000      -1.0000000
      -1.0000000
       0.0000000       126.00000      0.10986994       839.00000       360136.00
       3.6843812       4.3523178      0.49112567      0.55172414      0.61226970
       235.91473      -182.48201       30.210238       99.084953       24.395681
       73.650749
       1.0000000       126.00000      0.10986994      -1.0000000       1.0000000
   0.00013348959       0.0000000      -1.0000000      -1.0000000      -1.0000000
      -1.0000000      -1.0000000      -1.0000000      -1.0000000      -1.0000000
      -1.0000000
       0.0000000       125.00000      0.12575933       919.00000       363787.00
       3.6555343       3.8074970      0.48670465      0.55172414      0.61500865
       227.78563      -184.11128       11.060852       98.781311       23.823889
       74.483543
       1.0000000       125.00000      0.12575933      -1.0000000       1.0000000
   0.00035435054   0.00060834707      -1.0000000      -1.0000000      -1.0000000
      -1.0000000      -1.0000000      -1.0000000      -1.0000000      -1.0000000
      -1.0000000
       0.0000000       124.00000      0.14187621       935.00000       361567.00
       3.6166911       4.0886664      0.46723390      0.55172414      0.59412193
       222.83809      -180.52859       3.9120293       98.876305       24.183302
       77.593895
       1.0000000       124.00000      0.14187621      -1.0000000       1.0000000
       0.0000000       0.0000000      -1.0000000      -1.0000000      -1.0000000
      -1.0000000      -1.0000000      -1.0000000      -1.0000000      -1.0000000
      -1.0000000
       0.0000000       123.00000      0.15274876       932.00000       359597.00
       3.5519164       3.8474615      0.45762995      0.62500000      0.60848814
       222.11136      -171.28928       3.7252233       98.343422       23.567307
       80.560158
       1.0000000       123.00000      0.15274876      -1.0000000       3.0000000
    0.0019313694      0.18026049      -1.0000000      -1.0000000      -1.0000000
      -1.0000000      -1.0000000      -1.0000000      -1.0000000      -1.0000000
      -1.0000000
       0.0000000       122.00000      0.16925204       943.00000       356960.00
       3.5129325       3.7975221      0.44732565      0.68421054      0.62581241
       220.25992      -164.57553       6.8286948       97.738411       23.512182
       84.647430
       1.0000000       122.00000      0.16925204      -1.0000000       1.0000000
       0.0000000       0.0000000      -1.0000000      -1.0000000      -1.0000000
      -1.0000000      -1.0000000      -1.0000000      -1.0000000      -1.0000000
      -1.0000000
       0.0000000       121.00000      0.18038526       964.00000       355470.00
       3.5311818       4.0245800      0.41403481      0.67500001      0.59653342
       203.37506      -157.78816      -1.8493654       98.603394       24.017998
       81.146729
       0.0000000       120.00000      0.19728418       957.00000       351887.00
       3.4210324       4.1626897      0.40715414      0.61111116      0.55558407
       166.35841      -182.61249      -36.139336       99.520584       23.504827
       77.817253
       0.0000000       119.00000      0.21442504       958.00000       348892.00
       3.2428606       3.1323578      0.42989904      0.65714288      0.58797836
       184.37192      -180.07527      -33.044395       101.27274       21.344372
       76.544144
       1.0000000       119.00000      0.21442504      -1.0000000       5.0000000
       0.0000000       0.0000000      -1.0000000      -1.0000000      -1.0000000
      -1.0000000      -1.0000000      -1.0000000      -1.0000000      -1.0000000
      -1.0000000
       0.0000000       118.00000      0.22598839       1653.0000       383632.00
       3.1503518       3.1225264      0.44076821      0.64999998      0.62172735
       218.56757      -165.14601      -39.555687       103.47382       21.111765
       72.143768
       1.0000000       118.00000      0.22598839      -1.0000000       1.0000000
       0.0000000       0.0000000      -1.0000000      -1.0000000      -1.0000000
      -1.0000000      -1.0000000      -1.0000000      -1.0000000      -1.0000000
      -1.0000000
       0.0000000       117.00000      0.24354018       1651.0000       379140.00
       3.2969952       3.7454889      0.50516385      0.75609756      0.74807930
       306.77997      -168.50224      -75.665192       104.67329       26.155060
       70.180847
       1.0000000       117.00000      0.24354018      -1.0000000       3.0000000
      0.46343577       1.1430367      -1.0000000      -1.0000000      -1.0000000
      -1.0000000      -1.0000000      -1.0000000      -1.0000000      -1.0000000
      -1.0000000
       0.0000000       116.00000      0.26134327       1633.0000       375136.00
       3.4054918       4.2786088      0.55982387      0.69999999      0.78306413
       402.17902      -204.25279      -19.137869       110.11263       24.643549
       74.623077
       1.0000000       116.00000      0.26134327      -1.0000000       1.0000000
    0.0010197258     0.040383905      -1.0000000      -1.0000000      -1.0000000
      -1.0000000      -1.0000000      -1.0000000      -1.0000000      -1.0000000
      -1.0000000
       0.0000000       115.00000      0.27335334       1639.0000       372812.00
       3.0865240       4.2957158      0.57644790      0.65625000      0.72966105
       375.07358      -159.18982       26.266394       105.12223       22.566685
       78.635445
       1.0000000       115.00000      0.27335334      -1.0000000       1.0000000
   0.00038513652     0.054281507      -1.0000000      -1.0000000      -1.0000000
      -1.0000000      -1.0000000      -1.0000000      -1.0000000      -1.0000000
      -1.0000000
       0.0000000       114.00000      0.29158324       1661.0000       370315.00
       2.8505356       3.3486824      0.57148010      0.68571424      0.73287469
       336.11667      -130.25722       45.968163       99.909607       19.144110
       86.827011
       1.0000000       114.00000      0.29158324      -1.0000000       3.0000000
       0.0000000       0.0000000      -1.0000000      -1.0000000      -1.0000000
      -1.0000000      -1.0000000      -1.0000000      -1.0000000      -1.0000000
      -1.0000000
       0.0000000       113.00000      0.31007412       1662.0000       367127.00
       2.7685771       3.0045879      0.56346047      0.68750000      0.70111847
       340.12894      -107.46219       39.045704       100.29186       18.275276
       89.886581
       1.0000000       113.00000      0.31007412      -1.0000000       3.0000000
    0.0032111245     0.079198502      -1.0000000      -1.0000000      -1.0000000
      -1.0000000      -1.0000000      -1.0000000      -1.0000000      -1.0000000
      -1.0000000
       0.0000000       112.00000      0.32882974       1657.0000       361951.00
       2.7866409       3.0300963      0.54585141      0.69696975      0.69950396
       346.01245      -74.996620       42.086964       102.26984       19.058472
       88.858002
       1.0000000       112.00000      0.32882974      -1.0000000       3.0000000
    0.0011604714     0.045719741      -1.0000000      -1.0000000      -1.0000000
      -1.0000000      -1.0000000      -1.0000000      -1.0000000      -1.0000000
      -1.0000000
       0.0000000       111.00000      0.34785384       1632.0000       358310.00
       2.6904244       3.3727996      0.51790708      0.72222221      0.70685184
       329.51718      -55.881058       53.131351       106.04083       18.504580
       85.799965
       1.0000000       111.00000      0.34785384      -1.0000000       1.0000000
   0.00042664268     0.020714454      -1.0000000      -1.0000000      -1.0000000
      -1.0000000      -1.0000000      -1.0000000      -1.0000000      -1.0000000
      -1.0000000
       0.0000000       110.00000      0.36068764       1615.0000       355676.00
       2.6659219       3.9875734      0.50456989      0.67647058      0.67331290
       311.20129      -67.658005       78.037857       107.40117       19.284605
       83.748260
       0.0000000       109.00000      0.38016787       1628.0000       352756.00
       2.6335042       3.7359037      0.48837492      0.76923072      0.71571279
       302.58356      -78.176468       79.526039       108.41099       19.332439
       82.093796
       0.0000000       108.00000      0.39992696       1633.0000       350869.00
       2.5332389       3.1997812      0.46439672      0.76315790      0.67807752
       278.91794      -63.106815       89.332832       110.03667       18.771196
       81.884789
       1.0000000       108.00000      0.39992696      -1.0000000       2.0000000
       0.0000000       0.0000000      -1.0000000      -1.0000000      -1.0000000
      -1.0000000      -1.0000000      -1.0000000      -1.0000000      -1.0000000
      -1.0000000
       0.0000000       107.00000      0.41996893       1654.0000       347766.00
       2.5053771       3.0941510      0.49048945      0.74358976      0.68548238
       282.09753      -96.403267       104.73586       113.52768       18.730391
       78.381897
       1.0000000       107.00000      0.41996893      -1.0000000       2.0000000
    0.0015809605     0.023952169      -1.0000000      -1.0000000      -1.0000000
      -1.0000000      -1.0000000      -1.0000000      -1.0000000      -1.0000000
      -1.0000000
       0.0000000       106.00000      0.44029784       1659.0000       345367.00
       2.4132621       3.5212150      0.50257993      0.72222221      0.68688083
       292.59109      -132.11002       138.55896       116.90192       18.481649
       75.651314
       1.0000000       106.00000      0.44029784      -1.0000000       2.0000000
     0.019849043      0.27530929      -1.0000000      -1.0000000      -1.0000000
      -1.0000000      -1.0000000      -1.0000000      -1.0000000      -1.0000000
      -1.0000000
       0.0000000       105.00000      0.46091780       1692.0000       342540.00
       2.3842838       3.5800037      0.55748338      0.68750000      0.73411965
       330.89948      -119.43611       165.06828       114.92822       19.061951
       76.809738
       0.0000000       104.00000      0.48183295       1706.0000       339178.00
       2.3018703       3.0046244      0.57369691      0.62500000      0.71552449
       347.33643      -103.80535       160.58534       107.33221       17.362036
       80.503181
       0.0000000       103.00000      0.50304753       1719.0000       335166.00
       2.2745712       2.8415215      0.55792773      0.75675678      0.73817825
       332.24268      -105.73994       188.95332       102.35073       17.143450
       79.826180
       1.0000000       103.00000      0.50304753      -1.0000000       3.0000000
     0.011361818      0.17729542      -1.0000000      -1.0000000      -1.0000000
      -1.0000000      -1.0000000      -1.0000000      -1.0000000      -1.0000000
      -1.0000000
       0.0000000       102.00000      0.52456582       1742.0000       333312.00
       2.2039447       2.9255934      0.56735200      0.68750000      0.71075910
       324.82675      -125.69459       181.58257       100.74471       16.583227
       80.144409
       1.0000000       102.00000      0.52456582      -1.0000000       1.0000000
   0.00020017399    0.0045843907      -1.0000000      -1.0000000      -1.0000000
      -1.0000000      -1.0000000      -1.0000000      -1.0000000      -1.0000000
      -1.0000000
       0.0000000       101.00000      0.54639220       1761.0000       330661.00
       2.1209006       3.1651266      0.56364805      0.69696975      0.71250147
       329.93225      -154.16968       141.01224       99.050934       16.587532
       80.753944
       1.0000000       101.00000      0.54639220      -1.0000000       1.0000000
   0.00020017399    0.0045843907      -1.0000000      -1.0000000      -1.0000000
      -1.0000000      -1.0000000      -1.0000000      -1.0000000      -1.0000000
      -1.0000000
       0.0000000       100.00000      0.57598084       1762.0000       326464.00
       2.1173310       3.0293214      0.56721610      0.73529410      0.71552134
       332.02759      -148.87859       133.56931       96.965744       16.892813
       81.084999
       0.0000000       99.000000      0.59854329       1785.0000       322826.00
       2.0662673       2.8832693      0.56636715      0.72727275      0.71337640
       329.43533      -151.07906       142.88109       96.989998       16.628685
       78.252823
       1.0000000       99.000000      0.59854329      -1.0000000       1.0000000
   0.00073142996     0.014335222      -1.0000000      -1.0000000      -1.0000000
      -1.0000000      -1.0000000      -1.0000000      -1.0000000      -1.0000000
      -1.0000000
       0.0000000       98.000000      0.62142873       1790.0000       319619.00
       1.9710325       2.7783599      0.54696369      0.73529410      0.71601611
       336.06540      -141.44876       138.87692       97.564949       16.002674
       76.984756
       1.0000000       98.000000      0.62142873      -1.0000000       1.0000000
   0.00073142996     0.014335222      -1.0000000      -1.0000000      -1.0000000
      -1.0000000      -1.0000000      -1.0000000      -1.0000000      -1.0000000
      -1.0000000
       0.0000000       97.000000      0.64464182       1806.0000       317686.00
       1.9746238       3.2528920      0.56077170      0.71428573      0.75567228
       350.89493      -116.43145       157.76501       97.942543       17.409561
       75.947105
       1.0000000       97.000000      0.64464182      -1.0000000       1.0000000
   0.00073142996     0.014335222      -1.0000000      -1.0000000      -1.0000000
      -1.0000000      -1.0000000      -1.0000000      -1.0000000      -1.0000000
      -1.0000000
       0.0000000       96.000000      0.67611039       1788.0000       313644.00
       1.8952794       3.0900989      0.55528766      0.72222221      0.72001374
       323.13757      -135.66730       150.51250       97.968353       15.942430
       73.907608
       1.0000000       96.000000      0.67611039      -1.0000000       1.0000000
       0.0000000       0.0000000      -1.0000000      -1.0000000      -1.0000000
      -1.0000000      -1.0000000      -1.0000000      -1.0000000      -1.0000000
      -1.0000000
       0.0000000       95.000000      0.70010638       1825.0000       311420.00
       1.8396201       2.6087880      0.55139577      0.65625000      0.68463844
       316.18286      -126.17416       148.91171       95.670334       15.729870
       75.861374
       1.0000000       95.000000      0.70010638      -1.0000000       3.0000000
       0.0000000       0.0000000      -1.0000000      -1.0000000      -1.0000000
      -1.0000000      -1.0000000      -1.0000000      -1.0000000      -1.0000000
      -1.0000000
       0.0000000       94.000000      0.73263615       1846.0000       308602.00
       1.7879612       2.1466296      0.52796257      0.77499998      0.73423249
       309.66153      -115.20519       162.90631       95.698334       14.787681
       78.420166
       1.0000000       94.000000      0.73263615      -1.0000000       2.0000000
       0.0000000       0.0000000      -1.0000000      -1.0000000      -1.0000000
      -1.0000000      -1.0000000      -1.0000000      -1.0000000      -1.0000000
      -1.0000000
       0.0000000       93.000000      0.75744140       1896.0000       306225.00
       1.7644850       2.2602932      0.55200249      0.68571424      0.69207692
       312.34985      -123.51244       182.90860       96.311852       14.402527
       79.291412
       1.0000000       93.000000      0.75744140      -1.0000000       2.0000000
       0.0000000       0.0000000      -1.0000000      -1.0000000      -1.0000000
      -1.0000000      -1.0000000      -1.0000000      -1.0000000      -1.0000000
      -1.0000000
       0.0000000       92.000000      0.79106826       1945.0000       302252.00
       1.7361082       2.3077955      0.56978405      0.70588237      0.72585988
       292.16077      -130.34209       203.48308       96.960800       14.801173
       76.850807
       1.0000000       92.000000      0.79106826      -1.0000000       1.0000000
    0.0029622372     0.054350901      -1.0000000      -1.0000000      -1.0000000
      -1.0000000      -1.0000000      -1.0000000      -1.0000000      -1.0000000
      -1.0000000
       0.0000000       91.000000      0.81671000       2605.0000       320152.00
       1.6907084       2.1369636      0.55222887      0.69696975      0.67735207
       285.06052      -144.81799       203.01553       99.003777       15.124790
       75.396271
       1.0000000       91.000000      0.81671000      -1.0000000       2.0000000
     0.012302604      0.13782135      -1.0000000      -1.0000000      -1.0000000
      -1.0000000      -1.0000000      -1.0000000      -1.0000000      -1.0000000
      -1.0000000
       0.0000000       90.000000      0.85147089       2647.0000       317052.00
       1.6367335       2.2656295      0.53464818      0.65625000      0.64973015
       279.74039      -159.29007       178.87675       99.869637       14.000793
       73.680733
       1.0000000       90.000000      0.85147089      -1.0000000       1.0000000
   0.00029339816    0.0072682272      -1.0000000      -1.0000000      -1.0000000
      -1.0000000      -1.0000000      -1.0000000      -1.0000000      -1.0000000
      -1.0000000
       0.0000000       89.000000      0.88689691      -1.0000000       313698.00
       1.6243545       2.3435552      -1.0000000      -1.0000000      -1.0000000
      -1.0000000      -1.0000000      -1.0000000       99.406944       14.822878
       72.070358
       1.0000000       89.000000      0.88689691      -1.0000000       3.0000000
     0.014328509      0.19526088      -1.0000000      -1.0000000      -1.0000000
      -1.0000000      -1.0000000      -1.0000000      -1.0000000      -1.0000000
      -1.0000000
       0.0000000       88.000000      0.92300081      -1.0000000       308118.00
       1.5907542       2.5390308      -1.0000000      -1.0000000      -1.0000000
      -1.0000000      -1.0000000      -1.0000000       101.07456       14.660343
       72.380989
       1.0000000       88.000000      0.92300081      -1.0000000       2.0000000
     0.020414537      0.11776038      -1.0000000      -1.0000000      -1.0000000
      -1.0000000      -1.0000000      -1.0000000      -1.0000000      -1.0000000
      -1.0000000
       0.0000000       87.000000      0.95053136      -1.0000000       305088.00
       1.5375143       2.8480034      -1.0000000      -1.0000000      -1.0000000
      -1.0000000      -1.0000000      -1.0000000       100.64413       14.362450
       72.595139
       0.0000000       86.000000      0.98785281      -1.0000000       300422.00
       1.4791827       2.4454906      -1.0000000      -1.0000000      -1.0000000
      -1.0000000      -1.0000000      -1.0000000       97.530495       13.690551
       74.477608
       0.0000000       85.000000      0.99729425      -1.0000000       298932.00
       1.4719664       2.1894095      -1.0000000      -1.0000000      -1.0000000
      -1.0000000      -1.0000000      -1.0000000       96.803886       13.512426
       75.767403
       0.0000000       84.000000       1.0355104      -1.0000000       295764.00
       1.4199654       1.8332629      -1.0000000      -1.0000000      -1.0000000
      -1.0000000      -1.0000000      -1.0000000       97.047020       12.734151
       76.093468
       1.0000000       84.000000       1.0355104      -1.0000000       1.0000000
     0.010207268     0.058880188      -1.0000000      -1.0000000      -1.0000000
      -1.0000000      -1.0000000      -1.0000000      -1.0000000      -1.0000000
      -1.0000000
       0.0000000       83.000000       1.0744579      -1.0000000       289697.00
       1.3900427       2.4337664      -1.0000000      -1.0000000      -1.0000000
      -1.0000000      -1.0000000      -1.0000000       98.446396       12.884501
       76.304886
       1.0000000       83.000000       1.0744579      -1.0000000       2.0000000
   0.00041351269     0.015999548      -1.0000000      -1.0000000      -1.0000000
      -1.0000000      -1.0000000      -1.0000000      -1.0000000      -1.0000000
      -1.0000000
       0.0000000       82.000000       1.1141505      -1.0000000       285194.00
       1.3469892       2.4162145      -1.0000000      -1.0000000      -1.0000000
      -1.0000000      -1.0000000      -1.0000000       98.864861       12.913450
       77.629509
       1.0000000       82.000000       1.1141505      -1.0000000       1.0000000
    0.0075646830     0.069450170      -1.0000000      -1.0000000      -1.0000000
      -1.0000000      -1.0000000      -1.0000000      -1.0000000      -1.0000000
      -1.0000000
       0.0000000       81.000000       1.1546028      -1.0000000       278669.00
       1.2864275       2.4289367      -1.0000000      -1.0000000      -1.0000000
      -1.0000000      -1.0000000      -1.0000000       97.909218       12.910077
       79.060005
       1.0000000       81.000000       1.1546028      -1.0000000       1.0000000
   0.00095542718     0.031112887      -1.0000000      -1.0000000      -1.0000000
      -1.0000000      -1.0000000      -1.0000000      -1.0000000      -1.0000000
      -1.0000000
       0.0000000       80.000000       1.2062581      -1.0000000       270449.00
       1.2581415       1.9729384      -1.0000000      -1.0000000      -1.0000000
      -1.0000000      -1.0000000      -1.0000000       98.288956       11.995543
       80.675537
       0.0000000       79.000000       1.2484726      -1.0000000       266079.00
       1.2013390       1.9943082      -1.0000000      -1.0000000      -1.0000000
      -1.0000000      -1.0000000      -1.0000000       99.043587       11.697700
       82.113297
       0.0000000       78.000000       1.3023784      -1.0000000       265645.00
       1.1604334       2.2578998      -1.0000000      -1.0000000      -1.0000000
      -1.0000000      -1.0000000      -1.0000000       99.812958       11.795758
       84.386108
       1.0000000       78.000000       1.3023784      -1.0000000       2.0000000
     0.013133275     0.061153205      -1.0000000      -1.0000000      -1.0000000
      -1.0000000      -1.0000000      -1.0000000      -1.0000000      -1.0000000
      -1.0000000
       0.0000000       77.000000       1.3575766      -1.0000000       259102.00
       1.0711126       2.1468415      -1.0000000      -1.0000000      -1.0000000
      -1.0000000      -1.0000000      -1.0000000       99.725471       10.927144
       87.436073
       1.0000000       77.000000       1.3575766      -1.0000000       3.0000000
    0.0011263677     0.020565746      -1.0000000      -1.0000000      -1.0000000
      -1.0000000      -1.0000000      -1.0000000      -1.0000000      -1.0000000
      -1.0000000
       0.0000000       76.000000       1.4140983      -1.0000000       252785.00
       1.0128759       1.8977745      -1.0000000      -1.0000000      -1.0000000
      -1.0000000      -1.0000000      -1.0000000       101.41071       10.529656
       87.060249
       1.0000000       76.000000       1.4140983      -1.0000000       1.0000000
    0.0011263677     0.020565746      -1.0000000      -1.0000000      -1.0000000
      -1.0000000      -1.0000000      -1.0000000      -1.0000000      -1.0000000
      -1.0000000
       0.0000000       75.000000       1.4719748      -1.0000000       245872.00
      0.94020241       1.7818724      -1.0000000      -1.0000000      -1.0000000
      -1.0000000      -1.0000000      -1.0000000       103.80221       9.8795176
       86.222176
       1.0000000       75.000000       1.4719748      -1.0000000       1.0000000
   0.00038588591    0.0029771733      -1.0000000      -1.0000000      -1.0000000
      -1.0000000      -1.0000000      -1.0000000      -1.0000000      -1.0000000
      -1.0000000
       0.0000000       74.000000       1.5312390      -1.0000000       239944.00
      0.90484357       1.8386333      -1.0000000      -1.0000000      -1.0000000
      -1.0000000      -1.0000000      -1.0000000       106.77287       9.9203329
       84.643776
       1.0000000       74.000000       1.5312390      -1.0000000       1.0000000
   0.00020921430     0.037126262      -1.0000000      -1.0000000      -1.0000000
      -1.0000000      -1.0000000      -1.0000000      -1.0000000      -1.0000000
      -1.0000000
       0.0000000       73.000000       1.6042346      -1.0000000       232717.00
      0.80693191       1.5853454      -1.0000000      -1.0000000      -1.0000000
      -1.0000000      -1.0000000      -1.0000000       103.78312       8.8213587
       85.516914
       0.0000000       72.000000       1.6666696      -1.0000000       226560.00
      0.78661257       1.6007653      -1.0000000      -1.0000000      -1.0000000
      -1.0000000      -1.0000000      -1.0000000       100.18819       8.6385927
       86.071404
       0.0000000       71.000000       1.7435706      -1.0000000       218990.00
      0.70536476       1.4286416      -1.0000000      -1.0000000      -1.0000000
      -1.0000000      -1.0000000      -1.0000000       96.442970       7.5460124
       85.968758
       1.0000000       71.000000       1.7435706      -1.0000000       1.0000000
   0.00092463236     0.035749909      -1.0000000      -1.0000000      -1.0000000
      -1.0000000      -1.0000000      -1.0000000      -1.0000000      -1.0000000
      -1.0000000
       0.0000000       70.000000       1.8226893      -1.0000000       211744.00
      0.64193219       1.0342103      -1.0000000      -1.0000000      -1.0000000
      -1.0000000      -1.0000000      -1.0000000       93.907379       6.6290889
       86.414314
       1.0000000       70.000000       1.8226893      -1.0000000       1.0000000
   0.00025424073   0.00035815607      -1.0000000      -1.0000000      -1.0000000
      -1.0000000      -1.0000000      -1.0000000      -1.0000000      -1.0000000
      -1.0000000
       0.0000000       69.000000       1.9040896      -1.0000000       203855.00
      0.60853344       1.0453387      -1.0000000      -1.0000000      -1.0000000
      -1.0000000      -1.0000000      -1.0000000       94.836220       6.2473364
       87.454399
       0.0000000       68.000000       2.0020282      -1.0000000       207440.00
      0.55131507       1.0139656      -1.0000000      -1.0000000      -1.0000000
      -1.0000000      -1.0000000      -1.0000000       93.538414       5.8142915
       87.476059
       0.0000000       67.000000       2.1032696      -1.0000000       193617.00
      0.51180160      0.72644371      -1.0000000      -1.0000000      -1.0000000
      -1.0000000      -1.0000000      -1.0000000       93.307922       4.9279871
       93.675102
       1.0000000       67.000000       2.1032696      -1.0000000       1.0000000
       0.0000000       0.0000000      -1.0000000      -1.0000000      -1.0000000
      -1.0000000      -1.0000000      -1.0000000      -1.0000000      -1.0000000
      -1.0000000
       0.0000000       66.000000       2.2079256      -1.0000000       180430.00
      0.48725817      0.66559321      -1.0000000      -1.0000000      -1.0000000
      -1.0000000      -1.0000000      -1.0000000       95.726952       4.3910141
       92.657043
       0.0000000       65.000000       2.3161108      -1.0000000       168794.00
      0.45442078      0.57964939      -1.0000000      -1.0000000      -1.0000000
      -1.0000000      -1.0000000      -1.0000000       100.81116       4.1274891
       86.744209
       0.0000000       64.000000       2.4442258      -1.0000000       150238.00
      0.42453530      0.76917839      -1.0000000      -1.0000000      -1.0000000
      -1.0000000      -1.0000000      -1.0000000       103.87287       4.0358901
       86.410309
       1.0000000       64.000000       2.4442258      -1.0000000       1.0000000
     0.011132919     0.093297124      -1.0000000      -1.0000000      -1.0000000
      -1.0000000      -1.0000000      -1.0000000      -1.0000000      -1.0000000
      -1.0000000
       0.0000000       63.000000       2.5772903      -1.0000000       137765.00
      0.38411444      0.75082916      -1.0000000      -1.0000000      -1.0000000
      -1.0000000      -1.0000000      -1.0000000       99.715889       4.0177274
       94.717850
       1.0000000       63.000000       2.5772903      -1.0000000       2.0000000
   0.00024641154       0.0000000      -1.0000000      -1.0000000      -1.0000000
      -1.0000000      -1.0000000      -1.0000000      -1.0000000      -1.0000000
      -1.0000000
       0.0000000       62.000000       2.7331426      -1.0000000       129132.00
      0.33255437      0.79704422      -1.0000000      -1.0000000      -1.0000000
      -1.0000000      -1.0000000      -1.0000000       98.995926       4.1118822
       91.085915
       1.0000000       62.000000       2.7331426      -1.0000000       1.0000000
       0.0000000       0.0000000      -1.0000000      -1.0000000      -1.0000000
      -1.0000000      -1.0000000      -1.0000000      -1.0000000      -1.0000000
      -1.0000000
       0.0000000       61.000000       2.8957851      -1.0000000       121778.00
      0.28899911      0.77184451      -1.0000000      -1.0000000      -1.0000000
      -1.0000000      -1.0000000      -1.0000000       99.349144       3.7255602
       85.524940
       1.0000000       61.000000       2.8957851      -1.0000000       2.0000000
       0.0000000       0.0000000      -1.0000000      -1.0000000      -1.0000000
      -1.0000000      -1.0000000      -1.0000000      -1.0000000      -1.0000000
      -1.0000000
       0.0000000       60.000000       3.0081310      -1.0000000       116253.00
      0.25270247      0.83076590      -1.0000000      -1.0000000      -1.0000000
      -1.0000000      -1.0000000      -1.0000000       99.097305       3.6924038
       78.906052
       1.0000000       60.000000       3.0081310      -1.0000000       1.0000000
       0.0000000       0.0000000      -1.0000000      -1.0000000      -1.0000000
      -1.0000000      -1.0000000      -1.0000000      -1.0000000      -1.0000000
      -1.0000000
       0.0000000       59.000000       3.0848227      -1.0000000       112428.00
      0.23236980      0.83761615      -1.0000000      -1.0000000      -1.0000000
      -1.0000000      -1.0000000      -1.0000000       98.707573       3.9012220
       74.536194
       1.0000000       59.000000       3.0848227      -1.0000000       1.0000000
    0.0015538280     0.026704760      -1.0000000      -1.0000000      -1.0000000
      -1.0000000      -1.0000000      -1.0000000      -1.0000000      -1.0000000
      -1.0000000
       0.0000000       58.000000       3.2830331      -1.0000000       100011.00
      0.18236636      0.58763307      -1.0000000      -1.0000000      -1.0000000
      -1.0000000      -1.0000000      -1.0000000       88.313904       3.0675960
       84.160561
       0.0000000       57.000000       3.4908614      -1.0000000       89909.000
      0.16444127      0.37868246      -1.0000000      -1.0000000      -1.0000000
      -1.0000000      -1.0000000      -1.0000000       82.593033       2.5463405
       94.833679
       1.0000000       57.000000       3.4908614      -1.0000000       1.0000000
   0.00016988558       0.0000000      -1.0000000      -1.0000000      -1.0000000
      -1.0000000      -1.0000000      -1.0000000      -1.0000000      -1.0000000
      -1.0000000
