       0.0000000       135.00000       0.0000000       3.0000000       41089.000
       36.222614      0.13667539      0.28284886      0.72222221      0.23430821
       96.953613      -16.374271      -43.882164       291.74783       207.30760
       284.49948
       0.0000000       134.00000    0.0095216669       3.0000000       40583.000
       31.685328     0.072356552      0.33080116      0.75862068      0.51916361
       70.865913      -185.07449      -48.834545       293.01593       131.16241
       300.63663
       1.0000000       134.00000    0.0095216669      -1.0000000       8.0000000
     0.065502759      0.12818573      -1.0000000      -1.0000000      -1.0000000
      -1.0000000      -1.0000000      -1.0000000      -1.0000000      -1.0000000
      -1.0000000
       0.0000000       133.00000     0.023974428       3.0000000       39834.000
       24.796448      0.26497674      0.34068164      0.63157892      0.38926134
       78.683456      -29.261255      -39.362377       288.08368       260.77081
       321.15186
       1.0000000       133.00000     0.023974428      -1.0000000       10.000000
    0.0011475983    0.0025194869      -1.0000000      -1.0000000      -1.0000000
      -1.0000000      -1.0000000      -1.0000000      -1.0000000      -1.0000000
      -1.0000000
       0.0000000       132.00000     0.033724371       3.0000000       39641.000
       26.539684      0.22363491      0.33962089      0.61111116      0.39348871
       85.526611      -25.391466      -45.852680       289.59683       283.75534
       335.51920
       1.0000000       132.00000     0.033724371      -1.0000000       12.000000
    0.0046095630    0.0087630320      -1.0000000      -1.0000000      -1.0000000
      -1.0000000      -1.0000000      -1.0000000      -1.0000000      -1.0000000
      -1.0000000
       0.0000000       131.00000     0.048523631       3.0000000       36649.000
       28.849558      0.14355423      0.34561518      0.46875006      0.39032489
       132.40050      -174.02136      -111.46499       288.19882       214.16870
       352.22214
       1.0000000       131.00000     0.048523631      -1.0000000       3.0000000
    0.0096615211     0.033745710      -1.0000000      -1.0000000      -1.0000000
      -1.0000000      -1.0000000      -1.0000000      -1.0000000      -1.0000000
      -1.0000000
       0.0000000       130.00000     0.058507323       3.0000000       36261.000
       21.526825      0.37870055      0.34209847      0.63888896      0.38786474
       72.365303      -9.0507116      -57.659081       281.04324       178.30156
       351.36090
       1.0000000       130.00000     0.058507323      -1.0000000       9.0000000
    0.0067573210     0.015050793      -1.0000000      -1.0000000      -1.0000000
      -1.0000000      -1.0000000      -1.0000000      -1.0000000      -1.0000000
      -1.0000000
       0.0000000       129.00000     0.073661387       3.0000000       35926.000
       20.286039      0.26228714      0.35141376      0.58823532      0.39076942
       85.221581      -2.7441452      -68.788651       275.22223       115.55379
       344.58337
       1.0000000       129.00000     0.073661387      -1.0000000       6.0000000
    0.0054841438     0.018043077      -1.0000000      -1.0000000      -1.0000000
      -1.0000000      -1.0000000      -1.0000000      -1.0000000      -1.0000000
      -1.0000000
       0.0000000       128.00000     0.083884433       3.0000000       35767.000
       19.169212      0.22064707      0.34961462      0.60000002      0.40360841
       75.746910      -3.2151141      -62.382553       273.44025       104.80583
       374.13068
       1.0000000       128.00000     0.083884433      -1.0000000       5.0000000
     0.021386074     0.063765310      -1.0000000      -1.0000000      -1.0000000
      -1.0000000      -1.0000000      -1.0000000      -1.0000000      -1.0000000
      -1.0000000
       0.0000000       127.00000     0.099401802       3.0000000       35543.000
       18.682690      0.20749283      0.34730861      0.64864868      0.40560299
       69.898521      0.76129085      -60.584709       272.40607       97.377853
       391.64453
       1.0000000       127.00000     0.099401802      -1.0000000       6.0000000
     0.038672866      0.15580441      -1.0000000      -1.0000000      -1.0000000
      -1.0000000      -1.0000000      -1.0000000      -1.0000000      -1.0000000
      -1.0000000
       0.0000000       126.00000      0.10986994       3.0000000       35475.000
       18.860672      0.48312655      0.34042376      0.63888896      0.38642561
       68.504204       1.6727396      -55.298161       272.58112       102.64029
       424.57684
       1.0000000       126.00000      0.10986994      -1.0000000       3.0000000
   0.00040053335       0.0000000      -1.0000000      -1.0000000      -1.0000000
      -1.0000000      -1.0000000      -1.0000000      -1.0000000      -1.0000000
      -1.0000000
       0.0000000       125.00000      0.12575933       19.000000       113002.00
       19.441696      0.50816792      0.34685326      0.64864868      0.40764597
       81.302948       5.7190113      -59.919689       271.29419       117.23978
       466.21140
       1.0000000       125.00000      0.12575933      -1.0000000       11.000000
    0.0083879880      0.11361735      -1.0000000      -1.0000000      -1.0000000
      -1.0000000      -1.0000000      -1.0000000      -1.0000000      -1.0000000
      -1.0000000
       0.0000000       124.00000      0.14187621       19.000000       112156.00
       11.824738     0.022265419      0.33805785      0.65789473      0.38202524
       61.517666       1.2760993      -43.155540       209.68419       19.773333
       13.923587
       1.0000000       124.00000      0.14187621      -1.0000000       10.000000
    0.0064224428     0.063965742      -1.0000000      -1.0000000      -1.0000000
      -1.0000000      -1.0000000      -1.0000000      -1.0000000      -1.0000000
      -1.0000000
       0.0000000       123.00000      0.15274876       19.000000       110431.00
       12.124850     0.014831079      0.34070873      0.64864868      0.39184505
       67.229195       1.4606327      -45.868877       210.60870       20.938789
       16.882637
       0.0000000       122.00000      0.16925204       19.000000       109549.00
       18.392637      0.19546528      0.35136646      0.66666663      0.41570431
       84.630127     -0.92430180      -56.370747       249.05002       86.006409
       493.48059
       0.0000000       121.00000      0.18038526       19.000000       107877.00
       17.875109      0.16820690      0.35495996      0.64864868      0.43650222
       88.735580      -2.3095534      -56.109409       244.00903       73.060150
       477.85208
       1.0000000       121.00000      0.18038526      -1.0000000       2.0000000
    0.0020492664    0.0035445325      -1.0000000      -1.0000000      -1.0000000
      -1.0000000      -1.0000000      -1.0000000      -1.0000000      -1.0000000
      -1.0000000
       0.0000000       120.00000      0.19728418       19.000000       105631.00
       17.603102     0.084465772      0.35315087      0.64705884      0.43145227
       92.161858      -3.8168464      -52.801338       242.64082       65.827919
       459.43597
       1.0000000       120.00000      0.19728418      -1.0000000       8.0000000
    0.0019760935     0.056514362      -1.0000000      -1.0000000      -1.0000000
      -1.0000000      -1.0000000      -1.0000000      -1.0000000      -1.0000000
      -1.0000000
       0.0000000       119.00000      0.21442504       20.000000       104396.00
       17.571331     0.088776678      0.35319799      0.63888896      0.42994076
       93.187553      -10.105891      -49.601589       242.50137       66.320892
       461.37607
       1.0000000       119.00000      0.21442504      -1.0000000       7.0000000
    0.0017638032     0.019546414      -1.0000000      -1.0000000      -1.0000000
      -1.0000000      -1.0000000      -1.0000000      -1.0000000      -1.0000000
      -1.0000000
       0.0000000       118.00000      0.22598839       21.000000       106364.00
       17.573055     0.076857105      0.36053827      0.64705884      0.44977376
       100.14390      -10.424510      -50.585022       243.67014       65.001160
       453.98651
       1.0000000       118.00000      0.22598839      -1.0000000       7.0000000
    0.0015806240     0.031232583      -1.0000000      -1.0000000      -1.0000000
      -1.0000000      -1.0000000      -1.0000000      -1.0000000      -1.0000000
      -1.0000000
       0.0000000       117.00000      0.24354018       20.000000       102672.00
       17.432514     0.044397175      0.36313871      0.64705884      0.45066893
       102.21928      -13.316155      -50.830681       245.34399       62.852757
       446.96707
       1.0000000       117.00000      0.24354018      -1.0000000       4.0000000
   0.00082296695       0.0000000      -1.0000000      -1.0000000      -1.0000000
      -1.0000000      -1.0000000      -1.0000000      -1.0000000      -1.0000000
      -1.0000000
       0.0000000       116.00000      0.26134327       20.000000       99701.000
       17.336805      0.14003354      0.36314476      0.63888896      0.44833583
       105.11576      -17.535025      -48.485466       248.73032       60.942844
       433.14413
       1.0000000       116.00000      0.26134327      -1.0000000       6.0000000
    0.0013878585       0.0000000      -1.0000000      -1.0000000      -1.0000000
      -1.0000000      -1.0000000      -1.0000000      -1.0000000      -1.0000000
      -1.0000000
       0.0000000       115.00000      0.27335334       19.000000       96635.000
       17.414232      0.11497718      0.37321830      0.63636363      0.46704873
       117.33611      -22.168911      -48.001530       250.92606       61.922066
       430.15927
       1.0000000       115.00000      0.27335334      -1.0000000       2.0000000
    0.0027642869     0.057821246      -1.0000000      -1.0000000      -1.0000000
      -1.0000000      -1.0000000      -1.0000000      -1.0000000      -1.0000000
      -1.0000000
       0.0000000       114.00000      0.29158324       46.000000       140857.00
       17.549141      0.39074653      0.37112543      0.66666663      0.45735347
       120.08155      -27.596170      -41.085922       253.78093       64.016037
       417.36169
       1.0000000       114.00000      0.29158324      -1.0000000       1.0000000
       0.0000000       0.0000000      -1.0000000      -1.0000000      -1.0000000
      -1.0000000      -1.0000000      -1.0000000      -1.0000000      -1.0000000
      -1.0000000
       0.0000000       113.00000      0.31007412       43.000000       133492.00
       17.232061      0.31301266      0.37457407      0.63888896      0.46242383
       120.97773      -32.375801      -32.936611       254.48830       58.530506
       416.01477
       1.0000000       113.00000      0.31007412      -1.0000000       8.0000000
     0.013496493      0.13143519      -1.0000000      -1.0000000      -1.0000000
      -1.0000000      -1.0000000      -1.0000000      -1.0000000      -1.0000000
      -1.0000000
       0.0000000       112.00000      0.32882974       41.000000       125497.00
       17.239456      0.29593283      0.38044953      0.63636363      0.48482573
       124.64246      -42.060429      -29.198273       258.58063       58.261242
       417.28949
       1.0000000       112.00000      0.32882974      -1.0000000       6.0000000
   0.00075466328     0.044859861      -1.0000000      -1.0000000      -1.0000000
      -1.0000000      -1.0000000      -1.0000000      -1.0000000      -1.0000000
      -1.0000000
       0.0000000       111.00000      0.34785384       42.000000       124615.00
       17.567245      0.23114851      0.38994405      0.64705884      0.49497351
       130.55258      -55.796627      -22.777468       263.39197       62.695854
       413.19089
       1.0000000       111.00000      0.34785384      -1.0000000       6.0000000
   0.00033079574    0.0082612345      -1.0000000      -1.0000000      -1.0000000
      -1.0000000      -1.0000000      -1.0000000      -1.0000000      -1.0000000
      -1.0000000
       0.0000000       110.00000      0.36068764       42.000000       124149.00
       17.310308      0.19573103      0.39309746      0.67567563      0.50747526
       132.16942      -61.056870      -18.512070       264.81790       59.123497
       409.00479
       1.0000000       110.00000      0.36068764      -1.0000000       4.0000000
   0.00099694298    0.0020506056      -1.0000000      -1.0000000      -1.0000000
      -1.0000000      -1.0000000      -1.0000000      -1.0000000      -1.0000000
      -1.0000000
       0.0000000       109.00000      0.38016787       41.000000       119630.00
       17.360977      0.11953820      0.39836708      0.67567563      0.50706989
       137.73174      -75.280746      -4.6841183       267.50229       58.914471
       402.31714
       1.0000000       109.00000      0.38016787      -1.0000000       6.0000000
    0.0011883167     0.024209688      -1.0000000      -1.0000000      -1.0000000
      -1.0000000      -1.0000000      -1.0000000      -1.0000000      -1.0000000
      -1.0000000
       0.0000000       108.00000      0.39992696       43.000000       117428.00
       17.164062     0.099361815      0.41018704      0.66666669      0.51201987
       145.45486      -87.036392       1.8243375       267.53107       56.840244
       402.35547
       1.0000000       108.00000      0.39992696      -1.0000000       5.0000000
    0.0049781312     0.013715288      -1.0000000      -1.0000000      -1.0000000
      -1.0000000      -1.0000000      -1.0000000      -1.0000000      -1.0000000
      -1.0000000
       0.0000000       107.00000      0.41996893       47.000000       119338.00
       17.195387     0.079036921      0.42029950      0.64705884      0.53391981
       155.12885      -99.211304       14.263289       267.34332       55.777519
       408.42419
       1.0000000       107.00000      0.41996893      -1.0000000       4.0000000
   0.00067918963       0.0000000      -1.0000000      -1.0000000      -1.0000000
      -1.0000000      -1.0000000      -1.0000000      -1.0000000      -1.0000000
      -1.0000000
       0.0000000       106.00000      0.44029784       46.000000       116668.00
       17.167074     0.063279487      0.42041019      0.66666669      0.52633852
       148.43246      -93.024483       24.616186       268.90051       56.148041
       414.72375
       1.0000000       106.00000      0.44029784      -1.0000000       9.0000000
    0.0067291139      0.12112046      -1.0000000      -1.0000000      -1.0000000
      -1.0000000      -1.0000000      -1.0000000      -1.0000000      -1.0000000
      -1.0000000
       0.0000000       105.00000      0.46091780       45.000000       112137.00
       17.275871     0.076204345      0.42651114      0.66666669      0.53586495
       151.63417      -100.43854       36.911343       268.46509       56.940506
       420.97760
       1.0000000       105.00000      0.46091780      -1.0000000       9.0000000
      0.15394246      0.47094519      -1.0000000      -1.0000000      -1.0000000
      -1.0000000      -1.0000000      -1.0000000      -1.0000000      -1.0000000
      -1.0000000
       0.0000000       104.00000      0.48183295       47.000000       112482.00
       17.190569     0.072203696      0.42916086      0.63636363      0.54074615
       149.58931      -96.084267       51.213825       263.59644       55.331230
       431.70505
       1.0000000       104.00000      0.48183295      -1.0000000       4.0000000
   0.00057262208       0.0000000      -1.0000000      -1.0000000      -1.0000000
      -1.0000000      -1.0000000      -1.0000000      -1.0000000      -1.0000000
      -1.0000000
       0.0000000       103.00000      0.50304753       50.000000       112063.00
       16.886354      0.19446839      0.43618152      0.65625000      0.55111533
       148.91606      -92.994736       63.368771       256.91553       51.268917
       438.29211
       1.0000000       103.00000      0.50304753      -1.0000000       10.000000
      0.10162885      0.61578903      -1.0000000      -1.0000000      -1.0000000
      -1.0000000      -1.0000000      -1.0000000      -1.0000000      -1.0000000
      -1.0000000
       0.0000000       102.00000      0.52456582       45.000000       104798.00
       16.882746      0.16318013      0.43857062      0.61290324      0.55670482
       152.37317      -85.623337       78.058838       255.69525       50.553368
       447.42633
       1.0000000       102.00000      0.52456582      -1.0000000       11.000000
    0.0088872301     0.086445548      -1.0000000      -1.0000000      -1.0000000
      -1.0000000      -1.0000000      -1.0000000      -1.0000000      -1.0000000
      -1.0000000
       0.0000000       101.00000      0.54639220       44.000000       101064.00
       16.976793      0.18590930      0.44357833      0.66666663      0.57287341
       156.85004      -78.230515       87.913002       256.01083       51.758442
       456.02054
       1.0000000       101.00000      0.54639220      -1.0000000       10.000000
    0.0071550083      0.12797897      -1.0000000      -1.0000000      -1.0000000
      -1.0000000      -1.0000000      -1.0000000      -1.0000000      -1.0000000
      -1.0000000
       0.0000000       100.00000      0.57598084       45.000000       97876.000
       16.875626      0.25264546      0.45354652      0.66666669      0.57590127
       162.12616      -61.128574       109.84595       255.54150       49.693539
       459.63037
       1.0000000       100.00000      0.57598084      -1.0000000       10.000000
     0.027714968      0.30925639      -1.0000000      -1.0000000      -1.0000000
      -1.0000000      -1.0000000      -1.0000000      -1.0000000      -1.0000000
      -1.0000000
       0.0000000       99.000000      0.59854329       56.000000       104376.00
       16.782993      0.18455905      0.46040332      0.65625000      0.58373135
       157.83371      -52.502697       125.88069       255.43272       49.508583
       444.77423
       1.0000000       99.000000      0.59854329      -1.0000000       13.000000
       1.9987821      0.90955284      -1.0000000      -1.0000000      -1.0000000
      -1.0000000      -1.0000000      -1.0000000      -1.0000000      -1.0000000
      -1.0000000
       0.0000000       98.000000      0.62142873       55.000000       100206.00
       16.811411      0.10846397      0.47499257      0.66666669      0.59651268
       171.59781      -39.407097       157.89046       254.40114       48.296665
       432.48325
       1.0000000       98.000000      0.62142873      -1.0000000       8.0000000
     0.011892882      0.36698057      -1.0000000      -1.0000000      -1.0000000
      -1.0000000      -1.0000000      -1.0000000      -1.0000000      -1.0000000
      -1.0000000
       0.0000000       97.000000      0.64464182       55.000000       99204.000
       16.212317     0.043609299      0.46935627      0.66666669      0.60186684
       147.61714      -17.827585       162.38742       251.39990       42.777843
       412.18564
       1.0000000       97.000000      0.64464182      -1.0000000       7.0000000
     0.016453685     0.057524678      -1.0000000      -1.0000000      -1.0000000
      -1.0000000      -1.0000000      -1.0000000      -1.0000000      -1.0000000
      -1.0000000
       0.0000000       96.000000      0.67611039       52.000000       93714.000
       16.220387     0.038672734      0.47711420      0.64705884      0.59708142
       139.37274       2.1887374       169.89851       251.37431       42.249115
       407.07056
       1.0000000       96.000000      0.67611039      -1.0000000       4.0000000
    0.0065844124    0.0058542648      -1.0000000      -1.0000000      -1.0000000
      -1.0000000      -1.0000000      -1.0000000      -1.0000000      -1.0000000
      -1.0000000
       0.0000000       95.000000      0.70010638       52.000000       91482.000
       16.324785     0.032858934      0.49026898      0.65625000      0.60990357
       144.76210       11.355304       189.09248       249.20558       43.893681
       394.85995
       1.0000000       95.000000      0.70010638      -1.0000000       10.000000
     0.023163119      0.41342265      -1.0000000      -1.0000000      -1.0000000
      -1.0000000      -1.0000000      -1.0000000      -1.0000000      -1.0000000
      -1.0000000
       0.0000000       94.000000      0.73263615       70.000000       102713.00
       15.436281     0.074922115      0.51419723      0.61290324      0.62478065
       136.92261       33.315048       203.87120       243.96121       35.261650
       383.09439
       1.0000000       94.000000      0.73263615      -1.0000000       12.000000
    0.0096251718      0.12803199      -1.0000000      -1.0000000      -1.0000000
      -1.0000000      -1.0000000      -1.0000000      -1.0000000      -1.0000000
      -1.0000000
       0.0000000       93.000000      0.75744140       70.000000       100765.00
       15.183786     0.054870818      0.51530671      0.64705884      0.63823748
       139.95438       42.231014       205.34517       237.56270       33.446632
       377.42014
       1.0000000       93.000000      0.75744140      -1.0000000       7.0000000
    0.0064895740      0.10431234      -1.0000000      -1.0000000      -1.0000000
      -1.0000000      -1.0000000      -1.0000000      -1.0000000      -1.0000000
      -1.0000000
       0.0000000       92.000000      0.79106826       65.000000       94492.000
       15.193413     0.090463921      0.51601905      0.64516127      0.62896347
       148.21762       51.709484       201.05516       236.58154       33.327869
       369.55176
       1.0000000       92.000000      0.79106826      -1.0000000       3.0000000
    0.0071604378      0.32836589      -1.0000000      -1.0000000      -1.0000000
      -1.0000000      -1.0000000      -1.0000000      -1.0000000      -1.0000000
      -1.0000000
       0.0000000       91.000000      0.81671000       62.000000       89549.000
       15.193897     0.077086739      0.51544482      0.64516127      0.62993032
       151.67805       64.011734       200.04924       240.30191       33.139740
       370.53506
       1.0000000       91.000000      0.81671000      -1.0000000       6.0000000
    0.0059229680     0.050353991      -1.0000000      -1.0000000      -1.0000000
      -1.0000000      -1.0000000      -1.0000000      -1.0000000      -1.0000000
      -1.0000000
       0.0000000       90.000000      0.85147089       62.000000       87344.000
       15.240707      0.41218558      0.51065588      0.63333333      0.63382787
       154.60992       74.962975       195.74602       242.55859       33.480015
       353.49777
       1.0000000       90.000000      0.85147089      -1.0000000       9.0000000
    0.0070543999     0.041653034      -1.0000000      -1.0000000      -1.0000000
      -1.0000000      -1.0000000      -1.0000000      -1.0000000      -1.0000000
      -1.0000000
       0.0000000       89.000000      0.88689691       66.000000       87718.000
       15.171679      0.26349255      0.51860267      0.64516127      0.64141095
       163.62248       89.572418       196.07101       246.39507       33.062225
       332.59320
       1.0000000       89.000000      0.88689691      -1.0000000       6.0000000
    0.0080107658     0.083161157      -1.0000000      -1.0000000      -1.0000000
      -1.0000000      -1.0000000      -1.0000000      -1.0000000      -1.0000000
      -1.0000000
       0.0000000       88.000000      0.92300081       67.000000       85631.000
       15.210750     0.096386418      0.52484095      0.65625000      0.64436805
       178.71678       99.486137       191.22508       251.01160       33.078281
       293.27420
       1.0000000       88.000000      0.92300081      -1.0000000       6.0000000
     0.094288603      0.30322037      -1.0000000      -1.0000000      -1.0000000
      -1.0000000      -1.0000000      -1.0000000      -1.0000000      -1.0000000
      -1.0000000
       0.0000000       87.000000      0.95053136       65.000000       82866.000
       15.277459      0.13166074      0.53612673      0.68750000      0.65843451
       191.05614       107.46305       190.66551       250.95090       33.295536
       275.75226
       1.0000000       87.000000      0.95053136      -1.0000000       5.0000000
    0.0017333785     0.098490393      -1.0000000      -1.0000000      -1.0000000
      -1.0000000      -1.0000000      -1.0000000      -1.0000000      -1.0000000
      -1.0000000
       0.0000000       86.000000      0.98785281       67.000000       80153.000
       15.236773      0.13003530      0.54807401      0.64516127      0.66720629
       221.83855       112.97702       185.25230       244.63751       32.388294
       272.25626
       1.0000000       86.000000      0.98785281      -1.0000000       10.000000
     0.012101490     0.072235649      -1.0000000      -1.0000000      -1.0000000
      -1.0000000      -1.0000000      -1.0000000      -1.0000000      -1.0000000
      -1.0000000
       0.0000000       85.000000      0.99729425       64.000000       78293.000
       15.196108     0.077566616      0.55099237      0.64516127      0.66711676
       226.54349       117.50980       181.03970       241.07420       32.198055
       278.48474
       1.0000000       85.000000      0.99729425      -1.0000000       5.0000000
    0.0026954193     0.019855308      -1.0000000      -1.0000000      -1.0000000
      -1.0000000      -1.0000000      -1.0000000      -1.0000000      -1.0000000
      -1.0000000
       0.0000000       84.000000       1.0355104       71.000000       78150.000
       14.921195     0.074891217      0.55654770      0.66666669      0.67875743
       242.90323       117.10043       161.65289       222.96394       30.550966
       303.26492
       1.0000000       84.000000       1.0355104      -1.0000000       10.000000
     0.031717978      0.32465776      -1.0000000      -1.0000000      -1.0000000
      -1.0000000      -1.0000000      -1.0000000      -1.0000000      -1.0000000
      -1.0000000
       0.0000000       83.000000       1.0744579       99.000000       88082.000
       14.832442     0.040078577      0.57268202      0.62068963      0.67226797
       259.78439       131.49330       142.46643       213.77667       29.743183
       279.53714
       1.0000000       83.000000       1.0744579      -1.0000000       8.0000000
    0.0052326896     0.088684243      -1.0000000      -1.0000000      -1.0000000
      -1.0000000      -1.0000000      -1.0000000      -1.0000000      -1.0000000
      -1.0000000
       0.0000000       82.000000       1.1141505       97.000000       83848.000
       14.829153     0.038672283      0.58154541      0.62068963      0.67827374
       275.61838       140.97641       130.43291       211.40048       29.580919
       264.21091
       1.0000000       82.000000       1.1141505      -1.0000000       6.0000000
    0.0083162315     0.081169856      -1.0000000      -1.0000000      -1.0000000
      -1.0000000      -1.0000000      -1.0000000      -1.0000000      -1.0000000
      -1.0000000
       0.0000000       81.000000       1.1546028       95.000000       80208.000
       14.965779      0.13621454      0.58597451      0.66666663      0.68866432
       286.43124       149.46230       117.28355       211.66078       29.896549
       256.38351
       1.0000000       81.000000       1.1546028      -1.0000000       4.0000000
    0.0075196919      0.12881221      -1.0000000      -1.0000000      -1.0000000
      -1.0000000      -1.0000000      -1.0000000      -1.0000000      -1.0000000
      -1.0000000
       0.0000000       80.000000       1.2062581       100.00000       76737.000
       14.965140      0.16878299      0.58823466      0.66666663      0.68332916
       302.54526       156.54268       89.739861       209.77118       29.495218
       272.36792
       1.0000000       80.000000       1.2062581      -1.0000000       2.0000000
      0.92375904      0.16659711      -1.0000000      -1.0000000      -1.0000000
      -1.0000000      -1.0000000      -1.0000000      -1.0000000      -1.0000000
      -1.0000000
       0.0000000       79.000000       1.2484726       94.000000       72875.000
       14.937120      0.18237968      0.58957398      0.66666669      0.69814718
       306.90991       151.46881       71.466469       208.51482       29.065773
       279.63113
       1.0000000       79.000000       1.2484726      -1.0000000       5.0000000
     0.020717469      0.11600544      -1.0000000      -1.0000000      -1.0000000
      -1.0000000      -1.0000000      -1.0000000      -1.0000000      -1.0000000
      -1.0000000
       0.0000000       78.000000       1.3023784       110.00000       76334.000
       14.961452      0.20560074      0.59730488      0.68750000      0.70827681
       337.57721       154.94054       57.170971       209.20807       28.835283
       303.37018
       1.0000000       78.000000       1.3023784      -1.0000000       5.0000000
    0.0047509245      0.26407495      -1.0000000      -1.0000000      -1.0000000
      -1.0000000      -1.0000000      -1.0000000      -1.0000000      -1.0000000
      -1.0000000
       0.0000000       77.000000       1.3575766       110.00000       72455.000
       14.752397      0.30250940      0.59028524      0.68750000      0.69915783
       338.17007       140.34988       29.961283       210.38046       27.865553
       275.13260
       1.0000000       77.000000       1.3575766      -1.0000000       3.0000000
    0.0077779143     0.051479994      -1.0000000      -1.0000000      -1.0000000
      -1.0000000      -1.0000000      -1.0000000      -1.0000000      -1.0000000
      -1.0000000
       0.0000000       76.000000       1.4140983       114.00000       71211.000
       14.932184      0.38361186      0.59048659      0.67741930      0.71148157
       346.82901       137.00862       5.1314769       212.43037       28.145576
       275.04514
       1.0000000       76.000000       1.4140983      -1.0000000       3.0000000
    0.0020721296     0.054954547      -1.0000000      -1.0000000      -1.0000000
      -1.0000000      -1.0000000      -1.0000000      -1.0000000      -1.0000000
      -1.0000000
       0.0000000       75.000000       1.4719748       109.00000       66512.000
       15.105644      0.45717600      0.59423107      0.69696975      0.71145838
       360.90851       138.82645      -31.395855       216.36890       28.761894
       276.08157
       2.0000000       75.000000       1.4719748      0.77183598       58.000000
     0.021709187      0.29076385      -1.0000000      -1.0000000      -1.0000000
      -1.0000000      -1.0000000      -1.0000000      -1.0000000      -1.0000000
      -1.0000000
       1.0000000       75.000000       1.4719748      -1.0000000       7.0000000
     0.010815380      0.14713202      -1.0000000      -1.0000000      -1.0000000
      -1.0000000      -1.0000000      -1.0000000      -1.0000000      -1.0000000
      -1.0000000
       0.0000000       74.000000       1.5312390       103.00000       62360.000
       14.896761       1.5814071      0.59467274      0.68750000      0.71354234
       364.11334       136.23048      -43.178394       212.00438       28.577206
       274.22314
       1.0000000       74.000000       1.5312390      -1.0000000       9.0000000
    0.0099606466      0.17314597      -1.0000000      -1.0000000      -1.0000000
      -1.0000000      -1.0000000      -1.0000000      -1.0000000      -1.0000000
      -1.0000000
       0.0000000       73.000000       1.6042346       154.00000       70730.000
       14.780957       1.5966915      0.58208025      0.67647058      0.71755248
       365.16855       123.43621      -52.259941       217.36566       28.207495
       259.37430
       1.0000000       73.000000       1.6042346      -1.0000000       6.0000000
     0.014475783      0.15973586      -1.0000000      -1.0000000      -1.0000000
      -1.0000000      -1.0000000      -1.0000000      -1.0000000      -1.0000000
      -1.0000000
       0.0000000       72.000000       1.6666696       150.00000       65834.000
       14.584128       1.9978048      0.56991833      0.70588237      0.71121186
       364.35043       106.44456      -55.183319       223.43565       28.448187
       255.06854
       1.0000000       72.000000       1.6666696      -1.0000000       5.0000000
    0.0039434943     0.090028428      -1.0000000      -1.0000000      -1.0000000
      -1.0000000      -1.0000000      -1.0000000      -1.0000000      -1.0000000
      -1.0000000
       0.0000000       71.000000       1.7435706       140.00000       59031.000
       14.678423       2.2303925      0.58849591      0.70588237      0.71630943
       369.39825       99.451103      -109.49316       229.33344       29.042883
       247.58076
       1.0000000       71.000000       1.7435706      -1.0000000       7.0000000
     0.027702861     0.092383651      -1.0000000      -1.0000000      -1.0000000
      -1.0000000      -1.0000000      -1.0000000      -1.0000000      -1.0000000
      -1.0000000
       0.0000000       70.000000       1.8226893       134.00000       54613.000
       14.256109       2.6921196      0.58303398      0.69696975      0.71714395
       351.78079       47.901043      -155.11710       238.56712       28.970589
       239.13831
       1.0000000       70.000000       1.8226893      -1.0000000       5.0000000
   0.00094035669       0.0000000      -1.0000000      -1.0000000      -1.0000000
      -1.0000000      -1.0000000      -1.0000000      -1.0000000      -1.0000000
      -1.0000000
       0.0000000       69.000000       1.9040896       124.00000       50061.000
       13.638954       2.4958806      0.55881548      0.68750000      0.69893748
       307.25113       29.111170      -180.12085       239.21658       27.393057
       241.81421
       1.0000000       69.000000       1.9040896      -1.0000000       8.0000000
     0.080288134      0.30263219      -1.0000000      -1.0000000      -1.0000000
      -1.0000000      -1.0000000      -1.0000000      -1.0000000      -1.0000000
      -1.0000000
       0.0000000       68.000000       2.0020282       92.000000       39050.000
       13.076068       3.9168448      0.57112294      0.63636363      0.68240571
       286.66177      -16.587450      -189.94402       247.28940       28.800699
       228.23840
       1.0000000       68.000000       2.0020282      -1.0000000       9.0000000
      0.26386705       1.4837401      -1.0000000      -1.0000000      -1.0000000
      -1.0000000      -1.0000000      -1.0000000      -1.0000000      -1.0000000
      -1.0000000
       0.0000000       67.000000       2.1032696       87.000000       34082.000
       11.391225       1.7710965      0.55511379      0.68571424      0.68919456
       231.16002      -52.268337      -197.01366       238.10088       21.311157
       227.89883
       1.0000000       67.000000       2.1032696      -1.0000000       17.000000
      0.39897763       1.3918463      -1.0000000      -1.0000000      -1.0000000
      -1.0000000      -1.0000000      -1.0000000      -1.0000000      -1.0000000
      -1.0000000
       0.0000000       66.000000       2.2079256       84.000000       30996.000
       10.238817       1.9891145      0.59026909      0.60000002      0.69613266
       257.46838      -57.483356      -157.60667       233.13324       18.375607
       232.30986
       1.0000000       66.000000       2.2079256      -1.0000000       15.000000
      0.18706249       1.1932651      -1.0000000      -1.0000000      -1.0000000
      -1.0000000      -1.0000000      -1.0000000      -1.0000000      -1.0000000
      -1.0000000
       0.0000000       65.000000       2.3161108       76.000000       26418.000
       9.0124779       2.1649411      0.58262336      0.61111116      0.69301397
       269.88043      -67.164284      -72.448959       234.93768       15.827155
       200.47130
       1.0000000       65.000000       2.3161108      -1.0000000       18.000000
      0.59996833       1.6300667      -1.0000000      -1.0000000      -1.0000000
      -1.0000000      -1.0000000      -1.0000000      -1.0000000      -1.0000000
      -1.0000000
       0.0000000       64.000000       2.4442258       71.000000       23333.000
       6.9862714       2.0059912      0.52540529      0.41176474      0.53042841
       174.73334      -86.376701      -31.611059       236.05429       13.139257
       196.86864
       1.0000000       64.000000       2.4442258      -1.0000000       14.000000
     0.029167498      0.24117173      -1.0000000      -1.0000000      -1.0000000
      -1.0000000      -1.0000000      -1.0000000      -1.0000000      -1.0000000
      -1.0000000
       0.0000000       63.000000       2.5772903       62.000000       19937.000
       5.9111390       1.1698945      0.52441603      0.29411763      0.47431466
       150.99829       1.1884804      -79.436813       204.36208       9.9624882
       238.67010
       1.0000000       63.000000       2.5772903      -1.0000000       16.000000
    0.0058556182      0.20536368      -1.0000000      -1.0000000      -1.0000000
      -1.0000000      -1.0000000      -1.0000000      -1.0000000      -1.0000000
      -1.0000000
       0.0000000       62.000000       2.7331426       63.000000       18147.000
       4.9762316       1.5456470      0.48773608      0.37142855      0.44717467
       93.568672      -64.415993       87.361961       200.36514       9.3456993
       226.00412
       1.0000000       62.000000       2.7331426      -1.0000000       9.0000000
     0.018718025      0.11208589      -1.0000000      -1.0000000      -1.0000000
      -1.0000000      -1.0000000      -1.0000000      -1.0000000      -1.0000000
      -1.0000000
       0.0000000       61.000000       2.8957851       82.000000       19277.000
       4.2471170       1.1348209      0.47302461      0.29032254      0.31848216
       19.822300      -6.5314126       106.04817       205.12442       7.8351932
       182.28697
       1.0000000       61.000000       2.8957851      -1.0000000       10.000000
      0.47037383      0.42211579      -1.0000000      -1.0000000      -1.0000000
      -1.0000000      -1.0000000      -1.0000000      -1.0000000      -1.0000000
      -1.0000000
       0.0000000       60.000000       3.0081310       134.00000       23536.000
       3.7190897       1.6947373      0.44931346      0.47368419      0.39836034
      -65.617813      -56.274021       75.031456       216.04771       7.9801984
       160.00023
       1.0000000       60.000000       3.0081310      -1.0000000       8.0000000
    0.0039967536     0.036515966      -1.0000000      -1.0000000      -1.0000000
      -1.0000000      -1.0000000      -1.0000000      -1.0000000      -1.0000000
      -1.0000000
       0.0000000       59.000000       3.0848227       130.00000       22320.000
       2.9605508       1.9555563      0.51431245      0.54838705      0.40673652
       1.9301246       19.160795      -132.71953       216.73820       8.6296940
       153.28183
       1.0000000       59.000000       3.0848227      -1.0000000       9.0000000
     0.013034123      0.23858603      -1.0000000      -1.0000000      -1.0000000
      -1.0000000      -1.0000000      -1.0000000      -1.0000000      -1.0000000
      -1.0000000
       0.0000000       58.000000       3.2830331      -1.0000000       19137.000
     0.028126685       0.0000000      -1.0000000      -1.0000000      -1.0000000
      -1.0000000      -1.0000000      -1.0000000       35.755997     0.049426332
       1.4275420
       2.0000000       58.000000       3.2830331       74.607727       58.000000
       2.0984681       2.7759953      0.47149202      0.69444442      0.59813470
      -77.475609       55.969479      -293.42862      -94.121674      -18.940716
      -359.28787
       1.0000000       58.000000       3.2830331      -1.0000000       12.000000
     0.015455428      0.17084100      -1.0000000      -1.0000000      -1.0000000
      -1.0000000      -1.0000000      -1.0000000      -1.0000000      -1.0000000
      -1.0000000
