       0.0000000       135.00000       0.0000000       2822.0000       462991.00
       1.7923124       1.8624841      0.38223583      0.33333337      0.21550177
      -23.570200      -37.631660       15.178252       83.003815       10.423908
       63.276569
       0.0000000       134.00000    0.0095216669       2828.0000       460969.00
       1.7317578       1.9065197      0.38075677      0.36363643      0.19365972
      -24.612602      -28.752846       17.891048       83.758659       10.156237
       63.470997
       0.0000000       133.00000     0.023974428       2823.0000       457086.00
       1.7316579       1.8180088      0.38283291      0.41666669      0.19764186
      -27.982107      -23.347490       14.783760       83.170746       10.743996
       64.387856
       0.0000000       132.00000     0.033724371       2821.0000       456135.00
       1.6953439       1.9702367      0.37409717      0.47222227      0.23962416
      -27.692163      -24.483704       5.4518204       83.446167       10.427777
       65.107437
       0.0000000       131.00000     0.048523631       2836.0000       452898.00
       1.6529133       2.2600274      0.36850795      0.37500006      0.19984703
      -27.257763      -16.016783       1.1053990       82.899628       10.987021
       66.353546
       0.0000000       130.00000     0.058507323       2821.0000       449753.00
       1.6073468       2.1229665      0.37015554      0.39393944      0.19488907
      -17.495724      -15.168246       7.2737069       84.005203       10.550126
       66.468178
       0.0000000       129.00000     0.073661387       2806.0000       446406.00
       1.5626066       1.9714252      0.35153115      0.39393944      0.14125176
      -9.6344995      -13.002497       6.1136079       84.628761       10.902455
       66.769867
       1.0000000       129.00000     0.073661387      -1.0000000       1.0000000
       0.0000000       0.0000000      -1.0000000      -1.0000000      -1.0000000
      -1.0000000      -1.0000000      -1.0000000      -1.0000000      -1.0000000
      -1.0000000
       0.0000000       128.00000     0.083884433       2792.0000       443694.00
       1.5403551       1.8167684      0.35672054      0.45714289      0.17321014
      -12.466531      -9.0466900       8.0870714       82.934357       10.455612
       68.160782
       1.0000000       128.00000     0.083884433      -1.0000000       2.0000000
    0.0018114651     0.027916411      -1.0000000      -1.0000000      -1.0000000
      -1.0000000      -1.0000000      -1.0000000      -1.0000000      -1.0000000
      -1.0000000
       0.0000000       127.00000     0.099401802       2772.0000       441258.00
       1.5250189       2.2648811      0.32484505      0.61904758      0.18708555
      -17.607006      -7.1879401       14.709570       83.931808       11.430725
       69.298363
       0.0000000       126.00000      0.10986994       2794.0000       439705.00
       1.4737055       2.3705332      0.31746748      0.50000000      0.16709468
      -23.253851      -7.5229216       21.344196       84.607758       10.852525
       69.692841
       0.0000000       125.00000      0.12575933       2610.0000       432855.00
       1.4045566       2.1537695      0.34220690      0.52777779      0.22043036
      -36.429832      -21.204475       1.1003411       81.373695       10.721918
       73.641357
       0.0000000       124.00000      0.14187621       2636.0000       430390.00
       1.3525736       2.1291616      0.34614661      0.47058821      0.26279315
      -49.612865      -38.626656      -1.7575817       81.681671       10.798745
       79.446556
       1.0000000       124.00000      0.14187621      -1.0000000       1.0000000
       0.0000000       0.0000000      -1.0000000      -1.0000000      -1.0000000
      -1.0000000      -1.0000000      -1.0000000      -1.0000000      -1.0000000
      -1.0000000
       0.0000000       123.00000      0.15274876       2617.0000       428147.00
       1.3777895       2.2947810      0.34433743      0.56410253      0.29788885
      -48.007206      -45.599663      -5.9338078       82.995987       11.264497
       81.894417
       0.0000000       122.00000      0.16925204       2590.0000       424327.00
       1.2464969       2.5500085      0.33446953      0.39393944      0.27885419
      -41.450249      -51.646969      -14.978658       81.808266       10.775282
       86.533211
       2.0000000       122.00000      0.16925204      0.30349851       106.00000
      0.15579423      0.53942549      -1.0000000      -1.0000000      -1.0000000
      -1.0000000      -1.0000000      -1.0000000      -1.0000000      -1.0000000
      -1.0000000
       1.0000000       122.00000      0.16925204      -1.0000000       1.0000000
   0.00026857754     0.023561805      -1.0000000      -1.0000000      -1.0000000
      -1.0000000      -1.0000000      -1.0000000      -1.0000000      -1.0000000
      -1.0000000
       0.0000000       121.00000      0.18038526      -1.0000000       421165.00
       1.2190377       2.3407676      -1.0000000      -1.0000000      -1.0000000
      -1.0000000      -1.0000000      -1.0000000       80.103722       11.037707
       87.944092
       0.0000000       120.00000      0.19728418      -1.0000000       417177.00
       1.1708519       1.9252740      -1.0000000      -1.0000000      -1.0000000
      -1.0000000      -1.0000000      -1.0000000       80.878998       10.034797
       87.484947
       1.0000000       120.00000      0.19728418      -1.0000000       1.0000000
       0.0000000       0.0000000      -1.0000000      -1.0000000      -1.0000000
      -1.0000000      -1.0000000      -1.0000000      -1.0000000      -1.0000000
      -1.0000000
       0.0000000       119.00000      0.21442504      -1.0000000       414284.00
       1.1204147       1.7223518      -1.0000000      -1.0000000      -1.0000000
      -1.0000000      -1.0000000      -1.0000000       82.852638       9.8916616
       84.841774
       1.0000000       119.00000      0.21442504      -1.0000000       1.0000000
       0.0000000       0.0000000      -1.0000000      -1.0000000      -1.0000000
      -1.0000000      -1.0000000      -1.0000000      -1.0000000      -1.0000000
      -1.0000000
       0.0000000       118.00000      0.22598839      -1.0000000       413354.00
       1.2878191       1.9873297      -1.0000000      -1.0000000      -1.0000000
      -1.0000000      -1.0000000      -1.0000000       85.090240       12.627478
       81.391418
       1.0000000       118.00000      0.22598839      -1.0000000       1.0000000
     0.044427298      0.10446899      -1.0000000      -1.0000000      -1.0000000
      -1.0000000      -1.0000000      -1.0000000      -1.0000000      -1.0000000
      -1.0000000
       0.0000000       117.00000      0.24354018      -1.0000000       410030.00
       1.1657355       2.1016672      -1.0000000      -1.0000000      -1.0000000
      -1.0000000      -1.0000000      -1.0000000       87.441544       10.664306
       77.533173
       0.0000000       116.00000      0.26134327      -1.0000000       407528.00
       1.0632135       2.5450692      -1.0000000      -1.0000000      -1.0000000
      -1.0000000      -1.0000000      -1.0000000       91.783455       12.675409
       72.887535
       1.0000000       116.00000      0.26134327      -1.0000000       1.0000000
    0.0027309426       0.0000000      -1.0000000      -1.0000000      -1.0000000
      -1.0000000      -1.0000000      -1.0000000      -1.0000000      -1.0000000
      -1.0000000
       0.0000000       115.00000      0.27335334      -1.0000000       405220.00
       1.0309970       3.3605616      -1.0000000      -1.0000000      -1.0000000
      -1.0000000      -1.0000000      -1.0000000       96.949455       15.871009
       70.134659
       0.0000000       114.00000      0.29158324      -1.0000000       401390.00
       1.0620073       3.5249083      -1.0000000      -1.0000000      -1.0000000
      -1.0000000      -1.0000000      -1.0000000       103.42462       14.217520
       64.741348
       1.0000000       114.00000      0.29158324      -1.0000000       2.0000000
   0.00023410226     0.022301840      -1.0000000      -1.0000000      -1.0000000
      -1.0000000      -1.0000000      -1.0000000      -1.0000000      -1.0000000
      -1.0000000
       0.0000000       113.00000      0.31007412      -1.0000000       398013.00
      0.67459190       1.7601764      -1.0000000      -1.0000000      -1.0000000
      -1.0000000      -1.0000000      -1.0000000       98.694099       8.8123102
       79.241547
       2.0000000       113.00000      0.31007412      0.33206186       112.00000
      0.18580484      0.22613694      -1.0000000      -1.0000000      -1.0000000
      -1.0000000      -1.0000000      -1.0000000      -1.0000000      -1.0000000
      -1.0000000
       0.0000000       112.00000      0.32882974      -1.0000000       394960.00
      0.53937787      0.73251086      -1.0000000      -1.0000000      -1.0000000
      -1.0000000      -1.0000000      -1.0000000       73.156380       3.5310566
       12.429171
       0.0000000       111.00000      0.34785384      -1.0000000       391961.00
      0.55954891      0.74094516      -1.0000000      -1.0000000      -1.0000000
      -1.0000000      -1.0000000      -1.0000000       67.974274       4.3287253
       18.051380
       0.0000000       110.00000      0.36068764      -1.0000000       390770.00
      0.54165453      0.66810656      -1.0000000      -1.0000000      -1.0000000
      -1.0000000      -1.0000000      -1.0000000       69.737930       3.9210987
       18.805054
       0.0000000       109.00000      0.38016787      -1.0000000       387966.00
      0.55093312       1.0037990      -1.0000000      -1.0000000      -1.0000000
      -1.0000000      -1.0000000      -1.0000000       76.921463       4.6743994
       111.52209
       0.0000000       108.00000      0.39992696      -1.0000000       385637.00
      0.53771389       1.0633423      -1.0000000      -1.0000000      -1.0000000
      -1.0000000      -1.0000000      -1.0000000       75.659599       4.8065233
       112.23203
       0.0000000       107.00000      0.41996893      -1.0000000       381376.00
      0.51332784      0.94618613      -1.0000000      -1.0000000      -1.0000000
      -1.0000000      -1.0000000      -1.0000000       74.980759       4.4783516
       106.37363
       0.0000000       106.00000      0.44029784      -1.0000000       378679.00
      0.50544673      0.88471937      -1.0000000      -1.0000000      -1.0000000
      -1.0000000      -1.0000000      -1.0000000       74.544884       4.5843606
       102.11522
       0.0000000       105.00000      0.46091780      -1.0000000       374219.00
      0.48455283      0.88198125      -1.0000000      -1.0000000      -1.0000000
      -1.0000000      -1.0000000      -1.0000000       76.598495       4.7417212
       96.975067
       0.0000000       104.00000      0.48183295      -1.0000000       371073.00
      0.49216098      0.85513735      -1.0000000      -1.0000000      -1.0000000
      -1.0000000      -1.0000000      -1.0000000       69.948837       4.5258350
       15.635010
       0.0000000       103.00000      0.50304753      -1.0000000       366201.00
      0.46990588       1.1464797      -1.0000000      -1.0000000      -1.0000000
      -1.0000000      -1.0000000      -1.0000000       77.779488       4.8337517
       85.809120
       0.0000000       102.00000      0.52456582      -1.0000000       362605.00
      0.45980012       1.1396792      -1.0000000      -1.0000000      -1.0000000
      -1.0000000      -1.0000000      -1.0000000       78.322662       5.1600432
       87.154091
       1.0000000       102.00000      0.52456582      -1.0000000       1.0000000
       0.0000000       0.0000000      -1.0000000      -1.0000000      -1.0000000
      -1.0000000      -1.0000000      -1.0000000      -1.0000000      -1.0000000
      -1.0000000
       0.0000000       101.00000      0.54639220      -1.0000000       360577.00
      0.45549357       1.0107553      -1.0000000      -1.0000000      -1.0000000
      -1.0000000      -1.0000000      -1.0000000       78.090515       5.0925717
       86.033630
       0.0000000       100.00000      0.57598084      -1.0000000       357093.00
      0.42591941       1.0375409      -1.0000000      -1.0000000      -1.0000000
      -1.0000000      -1.0000000      -1.0000000       72.787666       4.7277970
       78.729561
       0.0000000       99.000000      0.59854329      -1.0000000       380366.00
      0.42020932       1.1500052      -1.0000000      -1.0000000      -1.0000000
      -1.0000000      -1.0000000      -1.0000000       70.827499       5.1389203
       73.968575
       0.0000000       98.000000      0.62142873      -1.0000000       377402.00
      0.40073484       1.0539191      -1.0000000      -1.0000000      -1.0000000
      -1.0000000      -1.0000000      -1.0000000       69.359413       4.5987463
       68.702690
       1.0000000       98.000000      0.62142873      -1.0000000       1.0000000
       0.0000000       0.0000000      -1.0000000      -1.0000000      -1.0000000
      -1.0000000      -1.0000000      -1.0000000      -1.0000000      -1.0000000
      -1.0000000
       0.0000000       97.000000      0.64464182      -1.0000000       374886.00
      0.38769662       1.0686913      -1.0000000      -1.0000000      -1.0000000
      -1.0000000      -1.0000000      -1.0000000       66.871033       4.6449456
       64.509644
       0.0000000       96.000000      0.67611039      -1.0000000       373433.00
      0.37877733      0.87678176      -1.0000000      -1.0000000      -1.0000000
      -1.0000000      -1.0000000      -1.0000000       65.534073       4.5530887
       64.503609
       1.0000000       96.000000      0.67611039      -1.0000000       1.0000000
       0.0000000       0.0000000      -1.0000000      -1.0000000      -1.0000000
      -1.0000000      -1.0000000      -1.0000000      -1.0000000      -1.0000000
      -1.0000000
       0.0000000       95.000000      0.70010638      -1.0000000       371452.00
      0.36176166      0.83082294      -1.0000000      -1.0000000      -1.0000000
      -1.0000000      -1.0000000      -1.0000000       66.113060       4.3222728
       61.881042
       0.0000000       94.000000      0.73263615      -1.0000000       370452.00
      0.35995156      0.83661562      -1.0000000      -1.0000000      -1.0000000
      -1.0000000      -1.0000000      -1.0000000       66.820938       4.2867999
       57.067303
       0.0000000       93.000000      0.75744140      -1.0000000       378492.00
      0.34327412       1.0532341      -1.0000000      -1.0000000      -1.0000000
      -1.0000000      -1.0000000      -1.0000000       67.319756       4.5092869
       56.912933
       0.0000000       92.000000      0.79106826      -1.0000000       375118.00
      0.32637557      0.92783546      -1.0000000      -1.0000000      -1.0000000
      -1.0000000      -1.0000000      -1.0000000       67.091743       4.2148051
       55.185410
       0.0000000       91.000000      0.81671000      -1.0000000       372748.00
      0.32117411      0.99705738      -1.0000000      -1.0000000      -1.0000000
      -1.0000000      -1.0000000      -1.0000000       65.953545       4.4529295
       55.066002
       0.0000000       90.000000      0.85147089      -1.0000000       371267.00
      0.30005494      0.78071994      -1.0000000      -1.0000000      -1.0000000
      -1.0000000      -1.0000000      -1.0000000       65.974396       4.0438743
       53.585541
       0.0000000       89.000000      0.88689691      -1.0000000       369120.00
      0.29870322      0.83720762      -1.0000000      -1.0000000      -1.0000000
      -1.0000000      -1.0000000      -1.0000000       66.910072       4.0914946
       52.953487
       0.0000000       88.000000      0.92300081      -1.0000000       365147.00
      0.29255605       1.0420432      -1.0000000      -1.0000000      -1.0000000
      -1.0000000      -1.0000000      -1.0000000       66.880112       4.5644903
       52.078011
       0.0000000       87.000000      0.95053136      -1.0000000       362539.00
      0.27577719       1.0488844      -1.0000000      -1.0000000      -1.0000000
      -1.0000000      -1.0000000      -1.0000000       66.518860       4.1668901
       52.885418
       0.0000000       86.000000      0.98785281      -1.0000000       404487.00
      0.26972497      0.86186200      -1.0000000      -1.0000000      -1.0000000
      -1.0000000      -1.0000000      -1.0000000       65.118881       4.2130518
       53.322044
       0.0000000       85.000000      0.99729425      -1.0000000       403066.00
      0.26614374      0.77063072      -1.0000000      -1.0000000      -1.0000000
      -1.0000000      -1.0000000      -1.0000000       64.833855       4.0311875
       54.054470
       0.0000000       84.000000       1.0355104      -1.0000000       400305.00
      0.25407353      0.74779117      -1.0000000      -1.0000000      -1.0000000
      -1.0000000      -1.0000000      -1.0000000       64.799713       3.8465984
       55.043739
       0.0000000       83.000000       1.0744579      -1.0000000       395776.00
      0.24585903      0.77144837      -1.0000000      -1.0000000      -1.0000000
      -1.0000000      -1.0000000      -1.0000000       65.528740       3.9321835
       54.437805
       0.0000000       82.000000       1.1141505      -1.0000000       392043.00
      0.24100475      0.80063170      -1.0000000      -1.0000000      -1.0000000
      -1.0000000      -1.0000000      -1.0000000       67.061501       3.7354381
       53.653648
       0.0000000       81.000000       1.1546028      -1.0000000       387711.00
      0.21942973      0.80846465      -1.0000000      -1.0000000      -1.0000000
      -1.0000000      -1.0000000      -1.0000000       65.998863       3.5939364
       55.366009
       0.0000000       80.000000       1.2062581      -1.0000000       380731.00
      0.21028775      0.58738035      -1.0000000      -1.0000000      -1.0000000
      -1.0000000      -1.0000000      -1.0000000       64.070335       3.4344790
       58.030712
       1.0000000       80.000000       1.2062581      -1.0000000       1.0000000
       0.0000000       0.0000000      -1.0000000      -1.0000000      -1.0000000
      -1.0000000      -1.0000000      -1.0000000      -1.0000000      -1.0000000
      -1.0000000
       0.0000000       79.000000       1.2484726      -1.0000000       377114.00
      0.20738474      0.57313383      -1.0000000      -1.0000000      -1.0000000
      -1.0000000      -1.0000000      -1.0000000       66.091904       3.3860159
       56.373337
       0.0000000       78.000000       1.3023784      -1.0000000       371150.00
      0.19819112      0.68169987      -1.0000000      -1.0000000      -1.0000000
      -1.0000000      -1.0000000      -1.0000000       68.911728       3.2674453
       55.281075
       0.0000000       77.000000       1.3575766      -1.0000000       363681.00
      0.18244772      0.75638252      -1.0000000      -1.0000000      -1.0000000
      -1.0000000      -1.0000000      -1.0000000       66.665245       3.4027896
       57.773792
       0.0000000       76.000000       1.4140983      -1.0000000       357191.00
      0.16850528      0.59445077      -1.0000000      -1.0000000      -1.0000000
      -1.0000000      -1.0000000      -1.0000000       66.654930       3.2287941
       59.624165
       0.0000000       75.000000       1.4719748      -1.0000000       350227.00
      0.16364330      0.72735775      -1.0000000      -1.0000000      -1.0000000
      -1.0000000      -1.0000000      -1.0000000       67.230568       3.3236468
       60.478607
       0.0000000       74.000000       1.5312390      -1.0000000       343445.00
      0.14739336      0.70500046      -1.0000000      -1.0000000      -1.0000000
      -1.0000000      -1.0000000      -1.0000000       67.770767       3.2123919
       59.559731
       0.0000000       73.000000       1.6042346      -1.0000000       339969.00
      0.13677099      0.67422092      -1.0000000      -1.0000000      -1.0000000
      -1.0000000      -1.0000000      -1.0000000       67.868134       3.2611732
       60.109409
       0.0000000       72.000000       1.6666696      -1.0000000       334220.00
      0.12271170      0.60299456      -1.0000000      -1.0000000      -1.0000000
      -1.0000000      -1.0000000      -1.0000000       69.544601       2.9184892
       61.156452
       0.0000000       71.000000       1.7435706      -1.0000000       326894.00
      0.11263789      0.62073720      -1.0000000      -1.0000000      -1.0000000
      -1.0000000      -1.0000000      -1.0000000       69.120605       2.8535106
       62.187939
       0.0000000       70.000000       1.8226893      -1.0000000       318709.00
      0.10216206      0.51870418      -1.0000000      -1.0000000      -1.0000000
      -1.0000000      -1.0000000      -1.0000000       68.211372       2.9132268
       63.624088
       0.0000000       69.000000       1.9040896      -1.0000000       310262.00
     0.098160565      0.48114398      -1.0000000      -1.0000000      -1.0000000
      -1.0000000      -1.0000000      -1.0000000       68.669113       2.7996435
       62.839054
       0.0000000       68.000000       2.0020282      -1.0000000       297603.00
     0.083209485      0.54039890      -1.0000000      -1.0000000      -1.0000000
      -1.0000000      -1.0000000      -1.0000000       67.806488       2.5564878
       66.036812
       0.0000000       67.000000       2.1032696      -1.0000000       290138.00
     0.077590510      0.48174208      -1.0000000      -1.0000000      -1.0000000
      -1.0000000      -1.0000000      -1.0000000       65.338562       2.5942948
       70.052658
       1.0000000       67.000000       2.1032696      -1.0000000       1.0000000
    0.0024236778      0.10026567      -1.0000000      -1.0000000      -1.0000000
      -1.0000000      -1.0000000      -1.0000000      -1.0000000      -1.0000000
      -1.0000000
       0.0000000       66.000000       2.2079256      -1.0000000       278192.00
     0.075065970      0.49706677      -1.0000000      -1.0000000      -1.0000000
      -1.0000000      -1.0000000      -1.0000000       67.878960       2.7141874
       67.822639
       0.0000000       65.000000       2.3161108      -1.0000000       272721.00
     0.066866852      0.60328716      -1.0000000      -1.0000000      -1.0000000
      -1.0000000      -1.0000000      -1.0000000       72.570793       2.9011397
       58.764355
       0.0000000       64.000000       2.4442258      -1.0000000       258805.00
     0.049612116      0.41658142      -1.0000000      -1.0000000      -1.0000000
      -1.0000000      -1.0000000      -1.0000000       71.837669       2.3164048
       59.164127
       0.0000000       63.000000       2.5772903      -1.0000000       247579.00
     0.035790019      0.32888547      -1.0000000      -1.0000000      -1.0000000
      -1.0000000      -1.0000000      -1.0000000       64.556015       1.7821318
       61.456406
       1.0000000       63.000000       2.5772903      -1.0000000       1.0000000
    0.0014773221     0.011609001      -1.0000000      -1.0000000      -1.0000000
      -1.0000000      -1.0000000      -1.0000000      -1.0000000      -1.0000000
      -1.0000000
       0.0000000       62.000000       2.7331426      -1.0000000       233197.00
     0.027530063      0.25241140      -1.0000000      -1.0000000      -1.0000000
      -1.0000000      -1.0000000      -1.0000000       62.591183       1.4136958
       64.615524
       1.0000000       62.000000       2.7331426      -1.0000000       1.0000000
       0.0000000       0.0000000      -1.0000000      -1.0000000      -1.0000000
      -1.0000000      -1.0000000      -1.0000000      -1.0000000      -1.0000000
      -1.0000000
       0.0000000       61.000000       2.8957851      -1.0000000       241099.00
     0.027150767      0.21027279      -1.0000000      -1.0000000      -1.0000000
      -1.0000000      -1.0000000      -1.0000000       63.867916       1.2434182
       58.229782
