       0.0000000       135.00000       0.0000000       31.000000       157171.00
       1.7326961      0.38082689      0.37313429      0.21875006      0.20889525
      -33.615292       1.5155908       21.134468       75.447083       6.3348312
       13.801190
       0.0000000       134.00000    0.0095216669       32.000000       158674.00
       1.7409816      0.38242641      0.38160113      0.19354838      0.20808758
      -33.470139       1.2360840       20.476692       76.790924       6.4856267
       13.010885
       0.0000000       133.00000     0.023974428       32.000000       156921.00
       1.6997552      0.42219007      0.38366359      0.21212131      0.21787554
      -33.806328     -0.29461172       20.588694       79.724419       6.1628838
       11.457461
       0.0000000       132.00000     0.033724371       31.000000       153970.00
       1.7120879      0.50440341      0.38608181      0.13333338      0.24881333
      -35.657993      -1.5129801       20.963665       80.897057       6.3755732
       11.078125
       0.0000000       131.00000     0.048523631       31.000000       149569.00
       1.7243152      0.47608119      0.38484100      0.10344827      0.23408182
      -38.034336      -1.0031676       20.184885       80.056740       6.5168915
       12.607966
       0.0000000       130.00000     0.058507323       30.000000       146818.00
       1.7231252      0.47614819      0.38632509      0.19354838      0.25410521
      -38.702179      -1.7283603       20.611115       79.990021       6.5658689
       12.929523
       0.0000000       129.00000     0.073661387       29.000000       141404.00
       1.7321185      0.50045466      0.38031322      0.13333338      0.23925619
      -39.641739      -1.0595808       19.599491       78.634315       6.7526040
       15.699232
       0.0000000       128.00000     0.083884433       29.000000       141673.00
       1.7350163      0.47666678      0.38362327     0.068965554      0.25115889
      -39.533909      -1.0439510       18.332272       75.285057       6.6515493
       15.949026
       0.0000000       127.00000     0.099401802       29.000000       139523.00
       1.7635174      0.54079938      0.37386769      0.16666669      0.24985233
      -41.056332      -1.7144427       16.842566       78.635681       7.0554385
       17.872534
       0.0000000       126.00000      0.10986994       29.000000       138912.00
       1.7425486      0.56107444      0.37632018      0.13793099      0.24332096
      -41.366318      -1.2905290       16.180901       77.481804       7.0190449
       18.718586
       0.0000000       125.00000      0.12575933       32.000000       141558.00
       1.7528006      0.57459676      0.37875777      0.18750012      0.24064784
      -42.717094     0.040208224       13.857305       76.063927       6.9532604
       19.271412
       0.0000000       124.00000      0.14187621       31.000000       137884.00
       1.7395531      0.54920942      0.37198526      0.19354838      0.25533700
      -44.844685      0.61214370       10.367836       76.616280       7.0204630
       21.166353
       0.0000000       123.00000      0.15274876       31.000000       135762.00
       1.7423476      0.54542124      0.36875242      0.10344827      0.24710660
      -45.662354       1.5609715       9.4032087       76.954826       6.9512019
       20.982470
       0.0000000       122.00000      0.16925204       30.000000       133257.00
       1.7284682      0.56241590      0.37738740      0.14705890      0.13737199
      -45.646542       3.5638101       10.401667       77.714432       6.9818678
       20.949928
       0.0000000       121.00000      0.18038526       28.000000       127387.00
       1.7235255      0.55228037      0.37303671     0.062500060      0.19176933
      -45.374638       5.4809976       9.9976406       74.988045       6.8208656
       20.403654
       0.0000000       120.00000      0.19728418       29.000000       126404.00
       1.7418958      0.54570079      0.37041646     0.068965554      0.20400792
      -46.739372       5.6355991       8.1748428       77.621613       7.0505967
       19.726261
       0.0000000       119.00000      0.21442504       29.000000       123635.00
       1.7359562      0.56468028      0.36874741     0.035714328      0.21543024
      -48.749485       5.3505387       4.8340149       77.713867       7.0655088
       20.961260
       0.0000000       118.00000      0.22598839       31.000000       127235.00
       1.7185526      0.53411359      0.36630154      0.10344827      0.25605336
      -50.536057       4.2027917       3.5324519       77.408394       6.9530263
       20.790861
       0.0000000       117.00000      0.24354018       29.000000       121551.00
       1.7306169      0.54362720      0.37305999     0.071428597      0.29075062
      -50.819973       2.2404969       2.8565984       77.761940       7.0635338
       21.205378
       0.0000000       116.00000      0.26134327       30.000000       120162.00
       1.7221115      0.51486295      0.36850911      0.20689654      0.24487357
      -51.409367     -0.15424325       2.9417689       74.987915       6.9611139
       24.473494
       0.0000000       115.00000      0.27335334       30.000000       119839.00
       1.7104270      0.46282047      0.35951525      0.20689654      0.26890486
      -51.346600      -1.5931457       2.8302906       74.154388       6.9706593
       25.381351
       0.0000000       114.00000      0.29158324       29.000000       116081.00
       1.7317450      0.44327772      0.36012778      0.19999999      0.26908126
      -50.580334      -3.8139691      0.97789443       74.437462       6.9749365
       26.213396
       0.0000000       113.00000      0.31007412       30.000000       114016.00
       1.7240437      0.47589391      0.34226766     0.090909123      0.22136801
      -51.265709      -4.4898047     -0.57151508       74.934593       6.9635234
       26.378960
       0.0000000       112.00000      0.32882974       27.000000       104503.00
       1.7142403      0.47349870      0.33833909      0.19999999      0.19125122
      -51.241886      -2.5453341       1.4091022       76.752800       6.9751196
       26.458063
       0.0000000       111.00000      0.34785384       28.000000       104317.00
       1.7176154      0.52158630      0.35413584     0.090909123      0.18552034
      -55.673244       1.8536354       6.2580452       78.847198       6.8775187
       26.578362
       0.0000000       110.00000      0.36068764       28.000000       103853.00
       1.7135655      0.60545272      0.36450467      0.10714287      0.26546314
      -57.888741       6.1741176       8.3505650       79.040337       7.1702480
       27.956120
       0.0000000       109.00000      0.38016787       27.000000       99126.000
       1.7292672      0.67223167      0.35386279      0.29032254      0.26493007
      -59.891651       15.574690       4.3131633       83.381660       7.3115611
       26.950966
       0.0000000       108.00000      0.39992696       28.000000       95540.000
       1.6894823      0.81106341      0.34767219      0.24242431      0.19463700
      -60.835930       33.036781       3.6106515       90.223717       7.5219970
       21.122869
       0.0000000       107.00000      0.41996893       27.000000       92559.000
       1.5879927      0.61776984      0.37297517      0.29411763      0.16647674
      -57.606346       23.707342       11.209310       91.903053       6.3347254
       11.353973
       0.0000000       106.00000      0.44029784       28.000000       92628.000
       1.6898109      0.72462237      0.37447351     0.066666663      0.34859508
      -69.508934       53.699875      -6.5807695       86.636086       7.4777465
       21.921965
       0.0000000       105.00000      0.46091780       29.000000       91023.000
       1.7267832      0.67489815      0.38983050      0.14705890      0.28634405
      -71.981331       64.041862      -5.2663369       84.473999       7.8500915
       28.598652
       0.0000000       104.00000      0.48183295       27.000000       86151.000
       1.7080436      0.63305736      0.38511518      0.27272731      0.22771366
      -70.239975       74.139763      -11.297000       90.758179       7.7750921
       26.773306
       0.0000000       103.00000      0.50304753       26.000000       81539.000
       1.7140722      0.86712801      0.40325427      0.40000004      0.27729881
      -59.356125       93.367142      -28.078194       99.560501       8.3320608
       23.129927
       0.0000000       102.00000      0.52456582       26.000000       79877.000
       1.6843660       1.1737067      0.42673093      0.47368419      0.43066087
      -59.131287       110.32567      -58.817959       101.84359       8.4804449
       15.313745
       0.0000000       101.00000      0.54639220       25.000000       76697.000
       1.6171180       1.5471923      0.48192096      0.52631581      0.49002269
      -104.44643       88.737671      -100.20150       97.234131       8.9838057
       20.535818
       0.0000000       100.00000      0.57598084       23.000000       69808.000
       1.5521363       1.3552257      0.48281184      0.39999998      0.50557160
      -131.46925       72.896828      -109.29966       99.245956       9.2009077
       24.672779
       0.0000000       99.000000      0.59854329       21.000000       63095.000
       1.5375634       2.0723639      0.49054959      0.45454544      0.49235013
      -155.57602       68.796867      -104.41246       108.61878       10.522167
       26.961725
       0.0000000       98.000000      0.62142873       21.000000       59843.000
       1.4512765       2.6579809      0.48688620      0.50000000      0.54124641
      -181.73642       69.370750      -79.281555       101.28416       11.042124
       40.332413
       0.0000000       97.000000      0.64464182      -1.0000000       57542.000
       1.3978739       1.6980109      -1.0000000      -1.0000000      -1.0000000
      -1.0000000      -1.0000000      -1.0000000       90.536339       10.110790
       51.502754
       1.0000000       97.000000      0.64464182      -1.0000000       1.0000000
       0.0000000       0.0000000      -1.0000000      -1.0000000      -1.0000000
      -1.0000000      -1.0000000      -1.0000000      -1.0000000      -1.0000000
      -1.0000000
       0.0000000       96.000000      0.67611039      -1.0000000       55967.000
       1.3710225       1.6068325      -1.0000000      -1.0000000      -1.0000000
      -1.0000000      -1.0000000      -1.0000000       90.392036       10.035972
       51.686867
       1.0000000       96.000000      0.67611039      -1.0000000       1.0000000
       0.0000000       0.0000000      -1.0000000      -1.0000000      -1.0000000
      -1.0000000      -1.0000000      -1.0000000      -1.0000000      -1.0000000
      -1.0000000
       0.0000000       95.000000      0.70010638      -1.0000000       71052.000
       1.3460641       1.6428674      -1.0000000      -1.0000000      -1.0000000
      -1.0000000      -1.0000000      -1.0000000       90.453735       10.146000
       57.517551
       0.0000000       94.000000      0.73263615      -1.0000000       352108.00
       1.2890575       2.1703105      -1.0000000      -1.0000000      -1.0000000
      -1.0000000      -1.0000000      -1.0000000       90.954483       10.461746
       59.682423
       1.0000000       94.000000      0.73263615      -1.0000000       1.0000000
   0.00040210874    0.0040892018      -1.0000000      -1.0000000      -1.0000000
      -1.0000000      -1.0000000      -1.0000000      -1.0000000      -1.0000000
      -1.0000000
       0.0000000       93.000000      0.75744140      -1.0000000       348274.00
       1.2340025       1.7449292      -1.0000000      -1.0000000      -1.0000000
      -1.0000000      -1.0000000      -1.0000000       90.233482       9.9368439
       59.695721
       1.0000000       93.000000      0.75744140      -1.0000000       2.0000000
       0.0000000       0.0000000      -1.0000000      -1.0000000      -1.0000000
      -1.0000000      -1.0000000      -1.0000000      -1.0000000      -1.0000000
      -1.0000000
       0.0000000       92.000000      0.79106826      -1.0000000       343072.00
       1.1948127       1.8248804      -1.0000000      -1.0000000      -1.0000000
      -1.0000000      -1.0000000      -1.0000000       91.516388       10.027081
       59.636112
       0.0000000       91.000000      0.81671000      -1.0000000       340891.00
       1.1306716       1.7935314      -1.0000000      -1.0000000      -1.0000000
      -1.0000000      -1.0000000      -1.0000000       91.867767       9.6109390
       59.644650
       0.0000000       90.000000      0.85147089      -1.0000000       339013.00
       1.1039863       1.8488860      -1.0000000      -1.0000000      -1.0000000
      -1.0000000      -1.0000000      -1.0000000       90.904091       9.8863573
       60.236889
       0.0000000       89.000000      0.88689691      -1.0000000       343155.00
       1.0394764       2.0734546      -1.0000000      -1.0000000      -1.0000000
      -1.0000000      -1.0000000      -1.0000000       91.921028       9.6130352
       61.040028
       1.0000000       89.000000      0.88689691      -1.0000000       1.0000000
   0.00025327897     0.015113113      -1.0000000      -1.0000000      -1.0000000
      -1.0000000      -1.0000000      -1.0000000      -1.0000000      -1.0000000
      -1.0000000
       0.0000000       88.000000      0.92300081      -1.0000000       340680.00
      0.99721736       1.7288662      -1.0000000      -1.0000000      -1.0000000
      -1.0000000      -1.0000000      -1.0000000       88.936096       9.2142859
       62.837467
       1.0000000       88.000000      0.92300081      -1.0000000       2.0000000
       0.0000000       0.0000000      -1.0000000      -1.0000000      -1.0000000
      -1.0000000      -1.0000000      -1.0000000      -1.0000000      -1.0000000
      -1.0000000
       0.0000000       87.000000      0.95053136      -1.0000000       337560.00
      0.94667739       1.6276628      -1.0000000      -1.0000000      -1.0000000
      -1.0000000      -1.0000000      -1.0000000       87.847862       8.6805162
       65.646690
       1.0000000       87.000000      0.95053136      -1.0000000       1.0000000
   0.00098615256     0.038717084      -1.0000000      -1.0000000      -1.0000000
      -1.0000000      -1.0000000      -1.0000000      -1.0000000      -1.0000000
      -1.0000000
       0.0000000       86.000000      0.98785281      -1.0000000       332415.00
      0.93246418       1.6796886      -1.0000000      -1.0000000      -1.0000000
      -1.0000000      -1.0000000      -1.0000000       87.530251       8.9043283
       66.620667
       0.0000000       85.000000      0.99729425      -1.0000000       331510.00
      0.91413391       1.5836531      -1.0000000      -1.0000000      -1.0000000
      -1.0000000      -1.0000000      -1.0000000       87.938629       8.5269270
       66.575470
       0.0000000       84.000000       1.0355104      -1.0000000       327754.00
      0.86537975       1.6243854      -1.0000000      -1.0000000      -1.0000000
      -1.0000000      -1.0000000      -1.0000000       89.090622       8.6328840
       66.748108
       0.0000000       83.000000       1.0744579      -1.0000000       321876.00
      0.83279997       1.5962572      -1.0000000      -1.0000000      -1.0000000
      -1.0000000      -1.0000000      -1.0000000       89.302361       8.3454580
       69.622681
       0.0000000       82.000000       1.1141505      -1.0000000       317234.00
      0.76200223       1.5342127      -1.0000000      -1.0000000      -1.0000000
      -1.0000000      -1.0000000      -1.0000000       87.914139       7.6909208
       71.930763
       0.0000000       81.000000       1.1546028      -1.0000000       312274.00
      0.74184829       1.2363505      -1.0000000      -1.0000000      -1.0000000
      -1.0000000      -1.0000000      -1.0000000       86.353394       7.5263400
       74.996811
       0.0000000       80.000000       1.2062581      -1.0000000       304839.00
      0.71141142       1.1726351      -1.0000000      -1.0000000      -1.0000000
      -1.0000000      -1.0000000      -1.0000000       88.374283       7.4328012
       73.687981
       0.0000000       79.000000       1.2484726      -1.0000000       296826.00
      0.71965760       1.1287298      -1.0000000      -1.0000000      -1.0000000
      -1.0000000      -1.0000000      -1.0000000       90.881195       8.3828878
       71.767281
       0.0000000       78.000000       1.3023784      -1.0000000       288699.00
      0.68730551       1.6246089      -1.0000000      -1.0000000      -1.0000000
      -1.0000000      -1.0000000      -1.0000000       93.761406       8.3604174
       67.389580
       0.0000000       77.000000       1.3575766      -1.0000000       284738.00
      0.60965210       1.5481242      -1.0000000      -1.0000000      -1.0000000
      -1.0000000      -1.0000000      -1.0000000       93.670616       7.6733170
       67.040024
       1.0000000       77.000000       1.3575766      -1.0000000       1.0000000
     0.041504387      0.17894945      -1.0000000      -1.0000000      -1.0000000
      -1.0000000      -1.0000000      -1.0000000      -1.0000000      -1.0000000
      -1.0000000
       0.0000000       76.000000       1.4140983      -1.0000000       277137.00
      0.56248999       1.4625256      -1.0000000      -1.0000000      -1.0000000
      -1.0000000      -1.0000000      -1.0000000       94.571991       7.1841998
       67.777756
       0.0000000       75.000000       1.4719748      -1.0000000       269712.00
      0.49188069       1.2402159      -1.0000000      -1.0000000      -1.0000000
      -1.0000000      -1.0000000      -1.0000000       90.827675       6.4284472
       74.515343
       0.0000000       74.000000       1.5312390      -1.0000000       261286.00
      0.43791267       1.2575290      -1.0000000      -1.0000000      -1.0000000
      -1.0000000      -1.0000000      -1.0000000       88.525009       6.0016069
       87.198166
       0.0000000       73.000000       1.6042346      -1.0000000       253693.00
      0.41457218      0.87373155      -1.0000000      -1.0000000      -1.0000000
      -1.0000000      -1.0000000      -1.0000000       87.122726       5.7303700
       90.654068
       1.0000000       73.000000       1.6042346      -1.0000000       3.0000000
    0.0021951356       0.0000000      -1.0000000      -1.0000000      -1.0000000
      -1.0000000      -1.0000000      -1.0000000      -1.0000000      -1.0000000
      -1.0000000
       0.0000000       72.000000       1.6666696      -1.0000000       247850.00
      0.37786764       1.0505490      -1.0000000      -1.0000000      -1.0000000
      -1.0000000      -1.0000000      -1.0000000       91.434875       5.7721529
       88.018547
       0.0000000       71.000000       1.7435706      -1.0000000       238689.00
      0.33401853       1.2616878      -1.0000000      -1.0000000      -1.0000000
      -1.0000000      -1.0000000      -1.0000000       97.656853       5.9425364
       84.129372
       0.0000000       70.000000       1.8226893      -1.0000000       228564.00
      0.31463858       1.0455054      -1.0000000      -1.0000000      -1.0000000
      -1.0000000      -1.0000000      -1.0000000       102.02193       6.2098465
       81.561897
       1.0000000       70.000000       1.8226893      -1.0000000       2.0000000
    0.0037310378     0.079111882      -1.0000000      -1.0000000      -1.0000000
      -1.0000000      -1.0000000      -1.0000000      -1.0000000      -1.0000000
      -1.0000000
       0.0000000       69.000000       1.9040896      -1.0000000       218207.00
      0.23596884      0.56952405      -1.0000000      -1.0000000      -1.0000000
      -1.0000000      -1.0000000      -1.0000000       94.997337       3.7913606
       91.191597
       1.0000000       69.000000       1.9040896      -1.0000000       2.0000000
     0.039635919      0.17982022      -1.0000000      -1.0000000      -1.0000000
      -1.0000000      -1.0000000      -1.0000000      -1.0000000      -1.0000000
      -1.0000000
       0.0000000       68.000000       2.0020282      -1.0000000       209579.00
      0.19213930      0.63063532      -1.0000000      -1.0000000      -1.0000000
      -1.0000000      -1.0000000      -1.0000000       94.313057       3.0101321
       87.176018
       0.0000000       67.000000       2.1032696      -1.0000000       201014.00
      0.17870262      0.74711019      -1.0000000      -1.0000000      -1.0000000
      -1.0000000      -1.0000000      -1.0000000       94.785278       3.9579685
       79.984268
       0.0000000       66.000000       2.2079256      -1.0000000       190982.00
      0.13790727      0.48307735      -1.0000000      -1.0000000      -1.0000000
      -1.0000000      -1.0000000      -1.0000000       83.601753       2.4236884
       87.622841
       1.0000000       66.000000       2.2079256      -1.0000000       3.0000000
    0.0049320370     0.054972129      -1.0000000      -1.0000000      -1.0000000
      -1.0000000      -1.0000000      -1.0000000      -1.0000000      -1.0000000
      -1.0000000
       0.0000000       65.000000       2.3161108      -1.0000000       182114.00
      0.12415436      0.42836571      -1.0000000      -1.0000000      -1.0000000
      -1.0000000      -1.0000000      -1.0000000       70.139175       2.5524647
       71.233025
       1.0000000       65.000000       2.3161108      -1.0000000       2.0000000
   0.00020990193       0.0000000      -1.0000000      -1.0000000      -1.0000000
      -1.0000000      -1.0000000      -1.0000000      -1.0000000      -1.0000000
      -1.0000000
       0.0000000       64.000000       2.4442258      -1.0000000       192243.00
      0.10918102      0.51140064      -1.0000000      -1.0000000      -1.0000000
      -1.0000000      -1.0000000      -1.0000000       66.592140       2.7313147
       70.819214
       0.0000000       63.000000       2.5772903      -1.0000000       176486.00
     0.097405449      0.39516547      -1.0000000      -1.0000000      -1.0000000
      -1.0000000      -1.0000000      -1.0000000       68.018326       2.5419116
       71.475746
       1.0000000       63.000000       2.5772903      -1.0000000       1.0000000
   0.00039142708       0.0000000      -1.0000000      -1.0000000      -1.0000000
      -1.0000000      -1.0000000      -1.0000000      -1.0000000      -1.0000000
      -1.0000000
       0.0000000       62.000000       2.7331426      -1.0000000       203987.00
     0.087307312      0.37354484      -1.0000000      -1.0000000      -1.0000000
      -1.0000000      -1.0000000      -1.0000000       72.254532       2.2402458
       67.448105
       1.0000000       62.000000       2.7331426      -1.0000000       1.0000000
    0.0010968118     0.018660739      -1.0000000      -1.0000000      -1.0000000
      -1.0000000      -1.0000000      -1.0000000      -1.0000000      -1.0000000
      -1.0000000
       0.0000000       61.000000       2.8957851      -1.0000000       185413.00
     0.068476737      0.38896188      -1.0000000      -1.0000000      -1.0000000
      -1.0000000      -1.0000000      -1.0000000       74.649857       2.1510327
       69.241249
       0.0000000       60.000000       3.0081310      -1.0000000       173942.00
     0.065965258      0.37205631      -1.0000000      -1.0000000      -1.0000000
      -1.0000000      -1.0000000      -1.0000000       75.728386       2.3407910
       70.854439
       0.0000000       59.000000       3.0848227      -1.0000000       164047.00
     0.066926785      0.45481285      -1.0000000      -1.0000000      -1.0000000
      -1.0000000      -1.0000000      -1.0000000       77.347229       2.9086182
       70.574692
       1.0000000       59.000000       3.0848227      -1.0000000       1.0000000
       0.0000000       0.0000000      -1.0000000      -1.0000000      -1.0000000
      -1.0000000      -1.0000000      -1.0000000      -1.0000000      -1.0000000
      -1.0000000
       0.0000000       58.000000       3.2830331      -1.0000000       152278.00
     0.050820623      0.67642999      -1.0000000      -1.0000000      -1.0000000
      -1.0000000      -1.0000000      -1.0000000       81.992989       3.3928213
       57.191887
       0.0000000       57.000000       3.4908614      -1.0000000       142177.00
     0.030777197      0.41294155      -1.0000000      -1.0000000      -1.0000000
      -1.0000000      -1.0000000      -1.0000000       83.915543       2.6846759
       52.639473
