       0.0000000       135.00000       0.0000000       1032.0000       397541.00
       6.4178348       2.1742136      0.53875059      0.50000000      0.55861032
       251.23846      -16.043001      -19.571327       117.74203       20.744020
       96.075272
       0.0000000       134.00000    0.0095216669      -1.0000000       391806.00
       6.2756991       2.3017838      -1.0000000      -1.0000000      -1.0000000
      -1.0000000      -1.0000000      -1.0000000       117.61981       20.620420
       96.792061
       1.0000000       134.00000    0.0095216669      -1.0000000       1.0000000
   0.00034890350       0.0000000      -1.0000000      -1.0000000      -1.0000000
      -1.0000000      -1.0000000      -1.0000000      -1.0000000      -1.0000000
      -1.0000000
       0.0000000       132.00000     0.033724371       1041.0000       391364.00
       6.2503319       2.5234613      0.53483248      0.50000000      0.53765893
       231.81529      -30.486025      -97.918472       118.11750       20.823599
       96.775772
       1.0000000       132.00000     0.033724371      -1.0000000       3.0000000
       0.0000000       0.0000000      -1.0000000      -1.0000000      -1.0000000
      -1.0000000      -1.0000000      -1.0000000      -1.0000000      -1.0000000
      -1.0000000
       0.0000000       131.00000     0.048523631       1051.0000       387553.00
       6.1736860       2.1069808      0.52972215      0.41935480      0.52434409
       236.27281       5.1195598      -93.332558       118.00882       20.770739
       95.828415
       1.0000000       131.00000     0.048523631      -1.0000000       1.0000000
       0.0000000       0.0000000      -1.0000000      -1.0000000      -1.0000000
      -1.0000000      -1.0000000      -1.0000000      -1.0000000      -1.0000000
      -1.0000000
       0.0000000       130.00000     0.058507323       1048.0000       384679.00
       6.1366720       2.0124257      0.53999114      0.50000000      0.52956706
       243.33105       10.427557      -86.715736       118.01307       20.529566
       95.037178
       1.0000000       130.00000     0.058507323      -1.0000000       3.0000000
    0.0098376097     0.042978670      -1.0000000      -1.0000000      -1.0000000
      -1.0000000      -1.0000000      -1.0000000      -1.0000000      -1.0000000
      -1.0000000
       0.0000000       129.00000     0.073661387       1055.0000       382381.00
       6.0764642       1.7689053      0.53840983      0.54545456      0.55862159
       249.17937      0.21406053      -81.722176       118.47739       20.160072
       94.698845
       0.0000000       128.00000     0.083884433       1049.0000       379628.00
       6.0389109       1.8108174      0.54173434      0.53125000      0.54939973
       251.60280      -17.928026      -86.329117       118.86313       20.152527
       94.219009
       0.0000000       127.00000     0.099401802       1053.0000       377538.00
       5.9458566       2.0931215      0.53720909      0.54545456      0.54519105
       233.99333      -39.630207      -124.24064       117.91766       20.339268
       95.045265
       1.0000000       127.00000     0.099401802      -1.0000000       1.0000000
   0.00044488526     0.015663693      -1.0000000      -1.0000000      -1.0000000
      -1.0000000      -1.0000000      -1.0000000      -1.0000000      -1.0000000
      -1.0000000
       0.0000000       126.00000      0.10986994       1062.0000       375961.00
       5.9297829       2.0968773      0.53196520      0.62162161      0.55540586
       224.20325      -28.634005      -145.08128       117.01991       20.495417
       95.214256
       1.0000000       126.00000      0.10986994      -1.0000000       1.0000000
       0.0000000       0.0000000      -1.0000000      -1.0000000      -1.0000000
      -1.0000000      -1.0000000      -1.0000000      -1.0000000      -1.0000000
      -1.0000000
       0.0000000       125.00000      0.12575933       1073.0000       374333.00
       5.8479986       2.2969823      0.53866786      0.55882359      0.55141270
       215.32545       9.4868498      -165.80974       115.85329       20.637531
       95.557076
       0.0000000       124.00000      0.14187621       1094.0000       372002.00
       5.7664881       2.9577315      0.52346557      0.54545456      0.51339096
       229.05508       18.720425      -142.44104       116.81979       21.063328
       93.999535
       0.0000000       123.00000      0.15274876       1090.0000       370062.00
       5.6045179       3.2927103      0.52175301      0.54545456      0.54574662
       227.62587       9.5940590      -137.41318       115.80869       21.039679
       94.077240
       0.0000000       122.00000      0.16925204       1102.0000       367308.00
       5.5180550       2.6916916      0.51657677      0.51515150      0.52149934
       205.44168       40.400181      -151.03076       114.75516       20.764259
       93.534889
       0.0000000       121.00000      0.18038526       1155.0000       367487.00
       5.4962511       2.4366686      0.51346838      0.48484850      0.50560749
       208.30246       53.959938      -140.05447       114.87858       20.888231
       90.529259
       0.0000000       120.00000      0.19728418       1142.0000       363696.00
       5.4163413       2.4121184      0.51588583      0.59459460      0.53616685
       217.99185       52.102505      -131.88889       115.68238       20.845737
       88.751999
       1.0000000       120.00000      0.19728418      -1.0000000       1.0000000
       0.0000000       0.0000000      -1.0000000      -1.0000000      -1.0000000
      -1.0000000      -1.0000000      -1.0000000      -1.0000000      -1.0000000
      -1.0000000
       0.0000000       119.00000      0.21442504       1169.0000       362149.00
       5.3272610       2.6745811      0.51898801      0.60000002      0.54624975
       231.07246       28.019524      -120.43476       116.20246       20.881319
       87.783485
       0.0000000       118.00000      0.22598839       1146.0000       358992.00
       5.2650228       2.6852283      0.52695274      0.54285711      0.55039054
       229.78236       20.777781      -126.91817       115.04220       20.834726
       89.146461
       0.0000000       117.00000      0.24354018       1180.0000       356492.00
       5.1691751       2.5196500      0.51733732      0.56250006      0.54171431
       217.62358       1.9540281      -150.78482       114.93330       20.664721
       89.047104
       0.0000000       116.00000      0.26134327       1181.0000       353099.00
       5.1257563       2.6229224      0.51039279      0.61538458      0.54933167
       188.66875       16.480330      -176.86082       113.95960       20.554823
       90.880104
       0.0000000       115.00000      0.27335334       1186.0000       350861.00
       5.0093455       3.0193076      0.50341350      0.56756753      0.54061931
       170.83684       40.747997      -182.12930       113.81607       20.388247
       90.880302
       1.0000000       115.00000      0.27335334      -1.0000000       1.0000000
       0.0000000       0.0000000      -1.0000000      -1.0000000      -1.0000000
      -1.0000000      -1.0000000      -1.0000000      -1.0000000      -1.0000000
      -1.0000000
       0.0000000       114.00000      0.29158324       1195.0000       347989.00
       4.9155850       2.6604166      0.50906730      0.50000000      0.49967378
       178.57596       59.877304      -162.35501       114.04150       20.135969
       91.189049
       0.0000000       113.00000      0.31007412       1208.0000       345428.00
       4.8524537       2.8326499      0.50962853      0.48571426      0.48938990
       181.07874       48.647305      -165.36771       115.32175       20.526871
       89.750664
       0.0000000       112.00000      0.32882974       1219.0000       340967.00
       4.7072492       3.1133406      0.50232148      0.51428568      0.49111357
       175.02325       23.637886      -169.09480       115.90688       20.303486
       90.756645
       1.0000000       112.00000      0.32882974      -1.0000000       1.0000000
    0.0088567352     0.051245015      -1.0000000      -1.0000000      -1.0000000
      -1.0000000      -1.0000000      -1.0000000      -1.0000000      -1.0000000
      -1.0000000
       0.0000000       111.00000      0.34785384       1228.0000       338727.00
       4.6263080       3.1083829      0.47369334      0.50000000      0.46569335
       176.97064      -2.9135435      -152.29904       116.87142       20.322754
       89.139595
       1.0000000       111.00000      0.34785384      -1.0000000       1.0000000
       0.0000000       0.0000000      -1.0000000      -1.0000000      -1.0000000
      -1.0000000      -1.0000000      -1.0000000      -1.0000000      -1.0000000
      -1.0000000
       0.0000000       110.00000      0.36068764       1440.0000       347839.00
       4.5188622       3.4102266      0.47680625      0.41176474      0.45522639
       175.45964      -11.541238      -142.17516       117.85134       20.490221
       88.447678
       0.0000000       109.00000      0.38016787       1464.0000       345287.00
       4.4328403       2.6568511      0.46520191      0.44117647      0.47717321
       182.33270      -6.8411956      -131.72292       114.95966       19.534286
       89.858231
       0.0000000       108.00000      0.39992696       1470.0000       343329.00
       4.4177794       2.4205449      0.46809313      0.48571426      0.46240976
       187.98717      0.64445823      -132.57314       114.84626       19.619825
       90.691612
       1.0000000       108.00000      0.39992696      -1.0000000       1.0000000
   0.00021562364       0.0000000      -1.0000000      -1.0000000      -1.0000000
      -1.0000000      -1.0000000      -1.0000000      -1.0000000      -1.0000000
      -1.0000000
       0.0000000       107.00000      0.41996893       1475.0000       339560.00
       4.3717761       2.3647346      0.47841746      0.40625006      0.47830406
       197.53091       10.865767      -116.05468       115.53697       19.725294
       89.227020
       0.0000000       106.00000      0.44029784       1453.0000       335962.00
       4.3450375       2.9324455      0.47131211      0.41176474      0.46663636
       201.90759      -5.0952616      -106.12506       117.22079       19.888569
       88.409966
       1.0000000       106.00000      0.44029784      -1.0000000       2.0000000
    0.0065190919     0.053545710      -1.0000000      -1.0000000      -1.0000000
      -1.0000000      -1.0000000      -1.0000000      -1.0000000      -1.0000000
      -1.0000000
       0.0000000       105.00000      0.46091780       1426.0000       330521.00
       4.1820364       3.5547919      0.46644670      0.38709676      0.41012776
       201.97784      -47.987232      -81.808601       117.92883       20.119925
       89.639816
       0.0000000       104.00000      0.48183295       1464.0000       328450.00
       4.0331159       3.5695274      0.46499339      0.48571426      0.36503136
       179.22963      -90.499016      -66.850006       117.29775       20.121609
       88.062828
       0.0000000       103.00000      0.50304753       1474.0000       324414.00
       3.9067955       3.2607257      0.45433152      0.45161289      0.39736122
       152.50960      -113.23674      -77.620522       118.31164       19.724670
       87.268524
       0.0000000       102.00000      0.52456582       1494.0000       322261.00
       3.8133736       3.5478849      0.45592901      0.45454544      0.41630250
       131.31116      -122.31361      -96.499420       119.42343       20.291653
       87.924469
       0.0000000       101.00000      0.54639220       1505.0000       319292.00
       3.6402135       3.9313908      0.44042045      0.39393944      0.36910972
       110.43039      -121.58314      -83.075531       118.62942       20.130564
       89.348434
       0.0000000       100.00000      0.57598084       1494.0000       314672.00
       3.4647541       4.0120502      0.43763006      0.44117647      0.32084295
       90.465996      -132.67599      -71.959068       117.25171       19.689430
       94.236237
       1.0000000       100.00000      0.57598084      -1.0000000       1.0000000
       0.0000000       0.0000000      -1.0000000      -1.0000000      -1.0000000
      -1.0000000      -1.0000000      -1.0000000      -1.0000000      -1.0000000
      -1.0000000
       0.0000000       99.000000      0.59854329       1511.0000       310800.00
       3.3921404       2.7401221      0.44181433      0.51515150      0.32456726
       71.140434      -137.14276      -84.183945       115.37363       18.542788
       96.472404
       1.0000000       99.000000      0.59854329      -1.0000000       1.0000000
       0.0000000       0.0000000      -1.0000000      -1.0000000      -1.0000000
      -1.0000000      -1.0000000      -1.0000000      -1.0000000      -1.0000000
      -1.0000000
       0.0000000       98.000000      0.62142873       1512.0000       307503.00
       3.3584776       2.4702027      0.44056886      0.48387092      0.34843245
       81.331345      -121.04169      -101.46729       115.39542       18.432724
       98.035065
       1.0000000       98.000000      0.62142873      -1.0000000       1.0000000
   0.00040032269       0.0000000      -1.0000000      -1.0000000      -1.0000000
      -1.0000000      -1.0000000      -1.0000000      -1.0000000      -1.0000000
      -1.0000000
       0.0000000       97.000000      0.64464182       1583.0000       308251.00
       3.2697721       2.5781775      0.44634935      0.54545456      0.38900414
       93.382347      -95.837204      -111.22455       115.18198       17.944084
       97.326538
       1.0000000       97.000000      0.64464182      -1.0000000       2.0000000
   0.00078545997     0.037966810      -1.0000000      -1.0000000      -1.0000000
      -1.0000000      -1.0000000      -1.0000000      -1.0000000      -1.0000000
      -1.0000000
       0.0000000       96.000000      0.67611039       1599.0000       305571.00
       3.1786985       2.7848666      0.44119775      0.50000000      0.34415406
       113.57568      -72.700432      -107.27325       117.40429       17.593746
       96.249680
       0.0000000       95.000000      0.70010638       1572.0000       300745.00
       3.1101501       2.7627304      0.42339149      0.55882359      0.38057923
       136.96292      -64.416252      -54.484291       119.04461       17.960230
       94.480179
       0.0000000       94.000000      0.73263615       1635.0000       299677.00
       2.9453015       3.8945086      0.42728373      0.53125000      0.20396501
       96.397858      -103.07679      0.83314335       121.05147       17.910084
       92.783394
       1.0000000       94.000000      0.73263615      -1.0000000       1.0000000
    0.0037567555     0.042407732      -1.0000000      -1.0000000      -1.0000000
      -1.0000000      -1.0000000      -1.0000000      -1.0000000      -1.0000000
      -1.0000000
       0.0000000       93.000000      0.75744140       1665.0000       296673.00
       2.7961886       3.0734818      0.40388781      0.56250006      0.21956089
       45.457958      -119.71658      -23.727839       118.83938       17.208611
       92.819633
       1.0000000       93.000000      0.75744140      -1.0000000       1.0000000
       0.0000000       0.0000000      -1.0000000      -1.0000000      -1.0000000
      -1.0000000      -1.0000000      -1.0000000      -1.0000000      -1.0000000
      -1.0000000
       0.0000000       92.000000      0.79106826       1683.0000       291725.00
       2.7420723       2.6722524      0.41360649      0.57575762      0.26209420
       48.160233      -116.07826      -33.471699       116.03988       16.808977
       94.976738
       1.0000000       92.000000      0.79106826      -1.0000000       2.0000000
       0.0000000       0.0000000      -1.0000000      -1.0000000      -1.0000000
      -1.0000000      -1.0000000      -1.0000000      -1.0000000      -1.0000000
      -1.0000000
       0.0000000       91.000000      0.81671000       1634.0000       286164.00
       2.6284552       2.6008310      0.41759789      0.56250006      0.28389990
       54.955780      -120.53994      -31.980185       115.11752       16.364656
       100.71333
       0.0000000       90.000000      0.85147089       1698.0000       284304.00
       2.5406497       2.4017513      0.40815681      0.54545456      0.31943080
       48.398640      -126.62254      -53.714867       111.23254       15.377591
       108.06476
       0.0000000       89.000000      0.88689691       1708.0000       280910.00
       2.4561892       2.5070763      0.40025169      0.50000000      0.29108453
       64.021675      -114.40587      -48.626118       108.12913       15.040202
       111.81197
       0.0000000       88.000000      0.92300081       1716.0000       276073.00
       2.3758321       2.3600445      0.37344021      0.57575762      0.28818861
       69.987801      -120.87025      -27.982647       107.34891       14.730678
       113.36705
       0.0000000       87.000000      0.95053136       1702.0000       272005.00
       2.3511899       2.3420680      0.35799098      0.55882359      0.24220210
       67.444489      -103.64715      -23.011473       109.10895       15.171484
       112.15769
       0.0000000       86.000000      0.98785281       1697.0000       266554.00
       2.3030205       2.3345551      0.34211677      0.50000000      0.21950459
       50.613972      -102.80344      -8.5449648       114.11362       15.510928
       109.32875
       1.0000000       86.000000      0.98785281      -1.0000000       2.0000000
   0.00082880545     0.026719173      -1.0000000      -1.0000000      -1.0000000
      -1.0000000      -1.0000000      -1.0000000      -1.0000000      -1.0000000
      -1.0000000
       0.0000000       85.000000      0.99729425       1680.0000       264501.00
       2.3163037       2.4487271      0.34319651      0.50000000      0.23565765
       41.524082      -108.26917      -8.1172342       115.08988       15.992814
       109.18475
       0.0000000       84.000000       1.0355104       1649.0000       258297.00
       2.2049274       2.6449237      0.32307005      0.48571426      0.17096002
       31.854971      -71.105316      -12.010277       120.12028       15.898996
       106.00768
       1.0000000       84.000000       1.0355104      -1.0000000       1.0000000
   0.00062315288     0.026719173      -1.0000000      -1.0000000      -1.0000000
      -1.0000000      -1.0000000      -1.0000000      -1.0000000      -1.0000000
      -1.0000000
       0.0000000       83.000000       1.0744579       1540.0000       247842.00
       2.0699635       3.0717897      0.28993136      0.51351351      0.21106201
     -0.78610373       8.0509281      -29.775511       121.58792       15.995306
       105.14200
       1.0000000       83.000000       1.0744579      -1.0000000       1.0000000
   0.00062315288     0.026719173      -1.0000000      -1.0000000      -1.0000000
      -1.0000000      -1.0000000      -1.0000000      -1.0000000      -1.0000000
      -1.0000000
       0.0000000       82.000000       1.1141505       1503.0000       240230.00
       1.9202374       3.7123482      0.34296617      0.62500000      0.17768879
      -9.7439280       27.030928      -74.308685       123.48686       17.205479
       110.50405
       1.0000000       82.000000       1.1141505      -1.0000000       1.0000000
    0.0018072433       0.0000000      -1.0000000      -1.0000000      -1.0000000
      -1.0000000      -1.0000000      -1.0000000      -1.0000000      -1.0000000
      -1.0000000
       0.0000000       81.000000       1.1546028       1466.0000       233937.00
       1.7256930       3.2111390      0.28908908      0.65116274      0.16458981
      -5.0489407      -51.454422      -40.392593       125.32656       15.338938
       120.05305
       1.0000000       81.000000       1.1546028      -1.0000000       1.0000000
    0.0054291543      0.11413031      -1.0000000      -1.0000000      -1.0000000
      -1.0000000      -1.0000000      -1.0000000      -1.0000000      -1.0000000
      -1.0000000
       0.0000000       80.000000       1.2062581       1453.0000       225352.00
       1.4980645       2.7764518      0.26551551      0.56818187      0.20011896
      -6.7514539      -29.535204      -35.777748       120.67297       14.158967
       129.99051
       1.0000000       80.000000       1.2062581      -1.0000000       3.0000000
      0.12808276      0.50247204      -1.0000000      -1.0000000      -1.0000000
      -1.0000000      -1.0000000      -1.0000000      -1.0000000      -1.0000000
      -1.0000000
       0.0000000       79.000000       1.2484726       1451.0000       220640.00
       1.4047732       2.2263200      0.33403876      0.67346936      0.25954491
      -28.349182      -87.749176       56.756557       119.32747       15.215725
       133.26520
       1.0000000       79.000000       1.2484726      -1.0000000       2.0000000
   0.00073457934       0.0000000      -1.0000000      -1.0000000      -1.0000000
      -1.0000000      -1.0000000      -1.0000000      -1.0000000      -1.0000000
      -1.0000000
       0.0000000       78.000000       1.3023784      -1.0000000       214573.00
       1.3410800       1.9029559      -1.0000000      -1.0000000      -1.0000000
      -1.0000000      -1.0000000      -1.0000000       125.08797       14.429561
       131.59164
       2.0000000       78.000000       1.3023784      0.26130694       73.000000
      0.20445365      0.64117908      -1.0000000      -1.0000000      -1.0000000
      -1.0000000      -1.0000000      -1.0000000      -1.0000000      -1.0000000
      -1.0000000
       1.0000000       78.000000       1.3023784      -1.0000000       2.0000000
   0.00036927807     0.010554942      -1.0000000      -1.0000000      -1.0000000
      -1.0000000      -1.0000000      -1.0000000      -1.0000000      -1.0000000
      -1.0000000
       0.0000000       77.000000       1.3575766      -1.0000000       209758.00
       1.4572337       1.8088531      -1.0000000      -1.0000000      -1.0000000
      -1.0000000      -1.0000000      -1.0000000       132.56364       16.038939
       121.45944
       0.0000000       76.000000       1.4140983      -1.0000000       203753.00
       1.2514077       4.3193274      -1.0000000      -1.0000000      -1.0000000
      -1.0000000      -1.0000000      -1.0000000       140.52972       21.716930
       104.87685
       1.0000000       76.000000       1.4140983      -1.0000000       2.0000000
   0.00034113269    0.0070362063      -1.0000000      -1.0000000      -1.0000000
      -1.0000000      -1.0000000      -1.0000000      -1.0000000      -1.0000000
      -1.0000000
       0.0000000       75.000000       1.4719748      -1.0000000       198233.00
      0.91304952       4.5514054      -1.0000000      -1.0000000      -1.0000000
      -1.0000000      -1.0000000      -1.0000000       139.20338       19.040995
       100.59425
       1.0000000       75.000000       1.4719748      -1.0000000       2.0000000
    0.0019586618     0.053661332      -1.0000000      -1.0000000      -1.0000000
      -1.0000000      -1.0000000      -1.0000000      -1.0000000      -1.0000000
      -1.0000000
       0.0000000       74.000000       1.5312390      -1.0000000       192589.00
      0.78242719       3.1761689      -1.0000000      -1.0000000      -1.0000000
      -1.0000000      -1.0000000      -1.0000000       138.26427       17.060499
       96.953697
       2.0000000       74.000000       1.5312390      0.50520957       71.000000
      0.12792021      0.47994274      -1.0000000      -1.0000000      -1.0000000
      -1.0000000      -1.0000000      -1.0000000      -1.0000000      -1.0000000
      -1.0000000
       0.0000000       73.000000       1.6042346      -1.0000000       185793.00
      0.40687710       1.2264074      -1.0000000      -1.0000000      -1.0000000
      -1.0000000      -1.0000000      -1.0000000       119.08406       7.0026937
       103.88629
       1.0000000       73.000000       1.6042346      -1.0000000       1.0000000
    0.0028184399     0.064907379      -1.0000000      -1.0000000      -1.0000000
      -1.0000000      -1.0000000      -1.0000000      -1.0000000      -1.0000000
      -1.0000000
       0.0000000       72.000000       1.6666696      -1.0000000       181294.00
      0.35495618       1.1334027      -1.0000000      -1.0000000      -1.0000000
      -1.0000000      -1.0000000      -1.0000000       109.42110       5.4761205
       108.00120
       0.0000000       71.000000       1.7435706      -1.0000000       172327.00
      0.29901755       1.2657480      -1.0000000      -1.0000000      -1.0000000
      -1.0000000      -1.0000000      -1.0000000       91.043770       5.2900786
       91.634163
       1.0000000       71.000000       1.7435706      -1.0000000       1.0000000
   0.00030412609       0.0000000      -1.0000000      -1.0000000      -1.0000000
      -1.0000000      -1.0000000      -1.0000000      -1.0000000      -1.0000000
      -1.0000000
       0.0000000       70.000000       1.8226893      -1.0000000       163938.00
      0.25320226       1.3131943      -1.0000000      -1.0000000      -1.0000000
      -1.0000000      -1.0000000      -1.0000000       85.889412       5.2253156
       84.382050
       0.0000000       69.000000       1.9040896      -1.0000000       157049.00
      0.22354646       1.1483221      -1.0000000      -1.0000000      -1.0000000
      -1.0000000      -1.0000000      -1.0000000       80.353287       5.2769070
       83.900040
       1.0000000       69.000000       1.9040896      -1.0000000       1.0000000
    0.0018379929       0.0000000      -1.0000000      -1.0000000      -1.0000000
      -1.0000000      -1.0000000      -1.0000000      -1.0000000      -1.0000000
      -1.0000000
       0.0000000       68.000000       2.0020282      -1.0000000       191336.00
      0.19061263      0.95117676      -1.0000000      -1.0000000      -1.0000000
      -1.0000000      -1.0000000      -1.0000000       77.117744       4.4167929
       84.050385
       1.0000000       68.000000       2.0020282      -1.0000000       2.0000000
    0.0018856179     0.014239682      -1.0000000      -1.0000000      -1.0000000
      -1.0000000      -1.0000000      -1.0000000      -1.0000000      -1.0000000
      -1.0000000
       0.0000000       67.000000       2.1032696      -1.0000000       180559.00
      0.17268325      0.69487894      -1.0000000      -1.0000000      -1.0000000
      -1.0000000      -1.0000000      -1.0000000       72.085670       3.9377692
       91.755013
       0.0000000       66.000000       2.2079256      -1.0000000       170886.00
      0.16241202      0.88956887      -1.0000000      -1.0000000      -1.0000000
      -1.0000000      -1.0000000      -1.0000000       71.681770       4.5204830
       97.761719
       0.0000000       65.000000       2.3161108      -1.0000000       203444.00
      0.14548083      0.57074922      -1.0000000      -1.0000000      -1.0000000
      -1.0000000      -1.0000000      -1.0000000       76.414093       3.5515454
       95.126633
       0.0000000       64.000000       2.4442258      -1.0000000       191355.00
      0.13674735      0.63477957      -1.0000000      -1.0000000      -1.0000000
      -1.0000000      -1.0000000      -1.0000000       86.676094       3.6149435
       86.255280
       0.0000000       63.000000       2.5772903      -1.0000000       178690.00
      0.13441525       1.6901494      -1.0000000      -1.0000000      -1.0000000
      -1.0000000      -1.0000000      -1.0000000       97.813309       9.0606632
       69.240211
       1.0000000       63.000000       2.5772903      -1.0000000       1.0000000
   0.00025938361       0.0000000      -1.0000000      -1.0000000      -1.0000000
      -1.0000000      -1.0000000      -1.0000000      -1.0000000      -1.0000000
      -1.0000000
       0.0000000       62.000000       2.7331426      -1.0000000       165851.00
     0.054585494       1.1026297      -1.0000000      -1.0000000      -1.0000000
      -1.0000000      -1.0000000      -1.0000000       101.55798       5.1009936
       69.813362
       2.0000000       62.000000       2.7331426      0.48363885       61.000000
     0.026399666      0.24604562      -1.0000000      -1.0000000      -1.0000000
      -1.0000000      -1.0000000      -1.0000000      -1.0000000      -1.0000000
      -1.0000000
       1.0000000       62.000000       2.7331426      -1.0000000       1.0000000
       0.0000000       0.0000000      -1.0000000      -1.0000000      -1.0000000
      -1.0000000      -1.0000000      -1.0000000      -1.0000000      -1.0000000
      -1.0000000
       0.0000000       61.000000       2.8957851      -1.0000000       154113.00
     0.021897791      0.20611669      -1.0000000      -1.0000000      -1.0000000
      -1.0000000      -1.0000000      -1.0000000       66.648102       1.0322841
       83.008072
       1.0000000       61.000000       2.8957851      -1.0000000       1.0000000
       0.0000000       0.0000000      -1.0000000      -1.0000000      -1.0000000
      -1.0000000      -1.0000000      -1.0000000      -1.0000000      -1.0000000
      -1.0000000
