       0.0000000       135.00000       0.0000000       10.000000       93165.000
       133.62939       3.4998033      0.30665764      0.48484850     0.064744398
       25.367819       22.319229       1.8292315       422.27094       1047.5713
       567.05389
       0.0000000       134.00000    0.0095216669       10.000000       92093.000
       130.80135       4.7036638      0.29835060      0.57499999      0.13405441
      -2.4946425       19.632248      -2.3463702       421.55930       1044.6091
       566.17664
       1.0000000       134.00000    0.0095216669      -1.0000000       40.000000
     0.026250877      0.13734436      -1.0000000      -1.0000000      -1.0000000
      -1.0000000      -1.0000000      -1.0000000      -1.0000000      -1.0000000
      -1.0000000
       0.0000000       133.00000     0.023974428       10.000000       90753.000
       127.68881       3.2243826      0.31772542      0.48648649     0.067376547
       2.3845294       31.591944       3.9685719       417.82153       995.98492
       566.32495
       1.0000000       133.00000     0.023974428      -1.0000000       25.000000
     0.013970306     0.074393009      -1.0000000      -1.0000000      -1.0000000
      -1.0000000      -1.0000000      -1.0000000      -1.0000000      -1.0000000
      -1.0000000
       0.0000000       132.00000     0.033724371       10.000000       90333.000
       126.64149       3.1098983      0.30230317      0.50000000     0.056299243
       3.5065024       22.151875      -5.5286736       416.46634       972.94592
       560.29956
       1.0000000       132.00000     0.033724371      -1.0000000       13.000000
      0.22992908     0.016564848      -1.0000000      -1.0000000      -1.0000000
      -1.0000000      -1.0000000      -1.0000000      -1.0000000      -1.0000000
      -1.0000000
       0.0000000       131.00000     0.048523631       10.000000       86440.000
       126.41351       3.1411018      0.31929597      0.50000000     0.052442733
       1.6516759       27.470236       4.7558932       414.32382       997.36029
       568.24585
       1.0000000       131.00000     0.048523631      -1.0000000       19.000000
     0.035109722     0.024576697      -1.0000000      -1.0000000      -1.0000000
      -1.0000000      -1.0000000      -1.0000000      -1.0000000      -1.0000000
      -1.0000000
       0.0000000       130.00000     0.058507323       10.000000       85639.000
       127.12994       3.3751314      0.30343679      0.45714289     0.054159202
       9.2620935       27.445219      -8.9919577       414.34177       1006.5630
       578.54443
       1.0000000       130.00000     0.058507323      -1.0000000       11.000000
    0.0023725486     0.019279065      -1.0000000      -1.0000000      -1.0000000
      -1.0000000      -1.0000000      -1.0000000      -1.0000000      -1.0000000
      -1.0000000
       0.0000000       129.00000     0.073661387       10.000000       84087.000
       130.93921       3.2622628      0.30548620      0.50000000     0.097140722
       7.1319823       28.537354      -7.0838733       415.76266       1032.8832
       581.26038
       1.0000000       129.00000     0.073661387      -1.0000000       20.000000
     0.025111145    0.0049931982      -1.0000000      -1.0000000      -1.0000000
      -1.0000000      -1.0000000      -1.0000000      -1.0000000      -1.0000000
      -1.0000000
       0.0000000       128.00000     0.083884433       10.000000       83593.000
       126.22737       3.1052175      0.31298146      0.48571426     0.088304214
       6.8397660       22.559336       3.1426334       413.42371       963.82050
       588.07971
       1.0000000       128.00000     0.083884433      -1.0000000       15.000000
     0.015944999      0.20102274      -1.0000000      -1.0000000      -1.0000000
      -1.0000000      -1.0000000      -1.0000000      -1.0000000      -1.0000000
      -1.0000000
       0.0000000       127.00000     0.099401802       10.000000       82445.000
       124.26652       3.3917661      0.31302384      0.50000000      0.10396802
       2.8612132       1.2232186       20.024542       410.42462       912.76025
       587.38776
       1.0000000       127.00000     0.099401802      -1.0000000       19.000000
     0.059252901      0.20410875      -1.0000000      -1.0000000      -1.0000000
      -1.0000000      -1.0000000      -1.0000000      -1.0000000      -1.0000000
      -1.0000000
       0.0000000       126.00000      0.10986994       10.000000       81864.000
       123.10414       2.5300112      0.31132922      0.48484850      0.10091607
       2.7363601       5.4570112       51.564156       410.04855       897.07458
       588.38104
       1.0000000       126.00000      0.10986994      -1.0000000       11.000000
     0.012462551    0.0044803680      -1.0000000      -1.0000000      -1.0000000
      -1.0000000      -1.0000000      -1.0000000      -1.0000000      -1.0000000
      -1.0000000
       0.0000000       125.00000      0.12575933       11.000000       84113.000
       123.42385       2.5341196      0.29619336      0.51428568     0.075431682
      -1.7228428      -21.076700       68.099274       412.91339       900.15192
       579.48749
       1.0000000       125.00000      0.12575933      -1.0000000       23.000000
     0.015512403     0.059175529      -1.0000000      -1.0000000      -1.0000000
      -1.0000000      -1.0000000      -1.0000000      -1.0000000      -1.0000000
      -1.0000000
       0.0000000       124.00000      0.14187621       11.000000       83406.000
       125.53506       2.6347599      0.30512279      0.50000000      0.20843887
      -9.5759640       7.5279379       98.643425       416.10162       857.74097
       578.60950
       1.0000000       124.00000      0.14187621      -1.0000000       15.000000
     0.057924148      0.14781364      -1.0000000      -1.0000000      -1.0000000
      -1.0000000      -1.0000000      -1.0000000      -1.0000000      -1.0000000
      -1.0000000
       0.0000000       123.00000      0.15274876       11.000000       81735.000
       121.83154       2.6227012      0.31300154      0.50000000     0.054739427
      -28.237255       30.444830       72.123421       416.78976       868.67798
       579.81799
       1.0000000       123.00000      0.15274876      -1.0000000       23.000000
     0.051113472     0.094232429      -1.0000000      -1.0000000      -1.0000000
      -1.0000000      -1.0000000      -1.0000000      -1.0000000      -1.0000000
      -1.0000000
       0.0000000       122.00000      0.16925204       11.000000       80920.000
       122.48294       2.6863291      0.31975511      0.51351351     0.046087895
      -10.431685       44.895634       89.401840       418.04099       891.64502
       582.32422
       1.0000000       122.00000      0.16925204      -1.0000000       23.000000
     0.070378553      0.13318622      -1.0000000      -1.0000000      -1.0000000
      -1.0000000      -1.0000000      -1.0000000      -1.0000000      -1.0000000
      -1.0000000
       0.0000000       121.00000      0.18038526       11.000000       80205.000
       121.66047       2.1304367      0.32812983      0.50000000     0.035149887
      -11.472633       67.061958       101.91965       419.19641       846.91785
       580.61597
       1.0000000       121.00000      0.18038526      -1.0000000       16.000000
     0.012105780     0.013234996      -1.0000000      -1.0000000      -1.0000000
      -1.0000000      -1.0000000      -1.0000000      -1.0000000      -1.0000000
      -1.0000000
       0.0000000       120.00000      0.19728418       11.000000       78783.000
       120.49445       1.9985828      0.32375047      0.55555552     0.050077621
      -10.492235       36.497646       74.010109       423.98007       852.11884
       565.87842
       1.0000000       120.00000      0.19728418      -1.0000000       27.000000
     0.042718710      0.26452369      -1.0000000      -1.0000000      -1.0000000
      -1.0000000      -1.0000000      -1.0000000      -1.0000000      -1.0000000
      -1.0000000
       0.0000000       119.00000      0.21442504       11.000000       74519.000
       122.10567       1.5507369      0.32839656      0.56756753      0.11207802
      -2.9790914       63.827656       86.355293       431.52090       903.15985
       556.51099
       1.0000000       119.00000      0.21442504      -1.0000000       24.000000
     0.075096631     0.083469066      -1.0000000      -1.0000000      -1.0000000
      -1.0000000      -1.0000000      -1.0000000      -1.0000000      -1.0000000
      -1.0000000
       0.0000000       118.00000      0.22598839       11.000000       74442.000
       124.09756       1.7312659      0.32306704      0.55555552     0.095917769
      -6.5518456       46.546116       71.493179       435.78952       921.28314
       544.41528
       1.0000000       118.00000      0.22598839      -1.0000000       13.000000
    0.0049723326       0.0000000      -1.0000000      -1.0000000      -1.0000000
      -1.0000000      -1.0000000      -1.0000000      -1.0000000      -1.0000000
      -1.0000000
       0.0000000       117.00000      0.24354018       11.000000       73531.000
       121.94618       2.4836879      0.33235124      0.38709676      0.20258243
       3.3356333       52.350616       47.126324       440.82443       789.68866
       535.67999
       1.0000000       117.00000      0.24354018      -1.0000000       25.000000
      0.12003241      0.18824494      -1.0000000      -1.0000000      -1.0000000
      -1.0000000      -1.0000000      -1.0000000      -1.0000000      -1.0000000
      -1.0000000
       0.0000000       116.00000      0.26134327       11.000000       71252.000
       118.32933       2.4144478      0.32599798      0.59459460     0.036898296
       13.637600       50.490883       41.742455       441.63882       824.07312
       529.87109
       1.0000000       116.00000      0.26134327      -1.0000000       25.000000
     0.017906964      0.15792970      -1.0000000      -1.0000000      -1.0000000
      -1.0000000      -1.0000000      -1.0000000      -1.0000000      -1.0000000
      -1.0000000
       0.0000000       115.00000      0.27335334       11.000000       70659.000
       118.12215       2.5944333      0.32325408      0.62500000     0.042629953
       28.075150       84.544220       7.3593102       443.93335       824.54797
       529.05084
       1.0000000       115.00000      0.27335334      -1.0000000       25.000000
      0.30254379      0.35077292      -1.0000000      -1.0000000      -1.0000000
      -1.0000000      -1.0000000      -1.0000000      -1.0000000      -1.0000000
      -1.0000000
       0.0000000       114.00000      0.29158324       11.000000       69850.000
       121.32005       3.0673695      0.33101901      0.55263156     0.073569193
       21.484280       115.64381      0.26606077       450.04932       877.41809
       528.09692
       1.0000000       114.00000      0.29158324      -1.0000000       22.000000
      0.13007787      0.43037638      -1.0000000      -1.0000000      -1.0000000
      -1.0000000      -1.0000000      -1.0000000      -1.0000000      -1.0000000
      -1.0000000
       0.0000000       113.00000      0.31007412       11.000000       64744.000
       123.44743       6.3718619      0.27351707      0.59459460     0.075924240
      -30.618114       40.241714      -28.101284       455.15042       876.37073
       531.39435
       1.0000000       113.00000      0.31007412      -1.0000000       21.000000
     0.098861112      0.48661345      -1.0000000      -1.0000000      -1.0000000
      -1.0000000      -1.0000000      -1.0000000      -1.0000000      -1.0000000
      -1.0000000
       0.0000000       112.00000      0.32882974       11.000000       62597.000
       121.13865       2.7745183      0.30581671      0.58333337     0.041417930
      -34.280994       116.44161      -10.720123       442.53372       838.68842
       547.42401
       1.0000000       112.00000      0.32882974      -1.0000000       33.000000
      0.11075496      0.38500630      -1.0000000      -1.0000000      -1.0000000
      -1.0000000      -1.0000000      -1.0000000      -1.0000000      -1.0000000
      -1.0000000
       0.0000000       111.00000      0.34785384      -1.0000000       60279.000
       117.36648       2.2168102      -1.0000000      -1.0000000      -1.0000000
      -1.0000000      -1.0000000      -1.0000000       434.23532       766.94678
       564.15857
       1.0000000       111.00000      0.34785384      -1.0000000       20.000000
    0.0051187752     0.051208893      -1.0000000      -1.0000000      -1.0000000
      -1.0000000      -1.0000000      -1.0000000      -1.0000000      -1.0000000
      -1.0000000
       0.0000000       110.00000      0.36068764      -1.0000000       60286.000
       116.66761       2.4028671      -1.0000000      -1.0000000      -1.0000000
      -1.0000000      -1.0000000      -1.0000000       431.11157       753.75885
       572.23395
       1.0000000       110.00000      0.36068764      -1.0000000       18.000000
      0.14946905      0.29851289      -1.0000000      -1.0000000      -1.0000000
      -1.0000000      -1.0000000      -1.0000000      -1.0000000      -1.0000000
      -1.0000000
       0.0000000       109.00000      0.38016787      -1.0000000       55786.000
       116.90277       2.5014150      -1.0000000      -1.0000000      -1.0000000
      -1.0000000      -1.0000000      -1.0000000       429.00238       746.59692
       568.25012
       1.0000000       109.00000      0.38016787      -1.0000000       25.000000
     0.015464400      0.21861522      -1.0000000      -1.0000000      -1.0000000
      -1.0000000      -1.0000000      -1.0000000      -1.0000000      -1.0000000
      -1.0000000
       0.0000000       108.00000      0.39992696      -1.0000000       51345.000
       119.15286       2.2971225      -1.0000000      -1.0000000      -1.0000000
      -1.0000000      -1.0000000      -1.0000000       429.71664       782.30615
       556.38293
       1.0000000       108.00000      0.39992696      -1.0000000       21.000000
     0.013632032     0.094265390      -1.0000000      -1.0000000      -1.0000000
      -1.0000000      -1.0000000      -1.0000000      -1.0000000      -1.0000000
      -1.0000000
       0.0000000       107.00000      0.41996893      -1.0000000       50817.000
       117.77460       2.2295983      -1.0000000      -1.0000000      -1.0000000
      -1.0000000      -1.0000000      -1.0000000       429.99530       777.33276
       556.98291
       1.0000000       107.00000      0.41996893      -1.0000000       33.000000
       1.8011331       1.0471548      -1.0000000      -1.0000000      -1.0000000
      -1.0000000      -1.0000000      -1.0000000      -1.0000000      -1.0000000
      -1.0000000
       0.0000000       106.00000      0.44029784      -1.0000000       50354.000
       119.15707       2.8227119      -1.0000000      -1.0000000      -1.0000000
      -1.0000000      -1.0000000      -1.0000000       428.95636       814.17072
       560.79797
       1.0000000       106.00000      0.44029784      -1.0000000       24.000000
     0.037915261      0.12690108      -1.0000000      -1.0000000      -1.0000000
      -1.0000000      -1.0000000      -1.0000000      -1.0000000      -1.0000000
      -1.0000000
       0.0000000       105.00000      0.46091780      -1.0000000       44939.000
       115.18896       1.8568144      -1.0000000      -1.0000000      -1.0000000
      -1.0000000      -1.0000000      -1.0000000       428.78583       691.84418
       565.38470
       1.0000000       105.00000      0.46091780      -1.0000000       14.000000
     0.054652756      0.21704961      -1.0000000      -1.0000000      -1.0000000
      -1.0000000      -1.0000000      -1.0000000      -1.0000000      -1.0000000
      -1.0000000
       0.0000000       104.00000      0.48183295      -1.0000000       44335.000
       113.92976       1.3643969      -1.0000000      -1.0000000      -1.0000000
      -1.0000000      -1.0000000      -1.0000000       428.22351       657.32343
       573.63031
       1.0000000       104.00000      0.48183295      -1.0000000       25.000000
      0.61014642       1.5442341      -1.0000000      -1.0000000      -1.0000000
      -1.0000000      -1.0000000      -1.0000000      -1.0000000      -1.0000000
      -1.0000000
       0.0000000       103.00000      0.50304753      -1.0000000       43373.000
       114.76261       1.0775940      -1.0000000      -1.0000000      -1.0000000
      -1.0000000      -1.0000000      -1.0000000       425.32764       645.28064
       575.95978
       1.0000000       103.00000      0.50304753      -1.0000000       17.000000
     0.027663912      0.22842658      -1.0000000      -1.0000000      -1.0000000
      -1.0000000      -1.0000000      -1.0000000      -1.0000000      -1.0000000
      -1.0000000
       0.0000000       102.00000      0.52456582      -1.0000000       42367.000
       112.79209      0.57331133      -1.0000000      -1.0000000      -1.0000000
      -1.0000000      -1.0000000      -1.0000000       422.10959       624.13928
       570.95386
       1.0000000       102.00000      0.52456582      -1.0000000       24.000000
      0.11619641       1.0434677      -1.0000000      -1.0000000      -1.0000000
      -1.0000000      -1.0000000      -1.0000000      -1.0000000      -1.0000000
      -1.0000000
       0.0000000       101.00000      0.54639220      -1.0000000       42113.000
       111.85752      0.24785948      -1.0000000      -1.0000000      -1.0000000
      -1.0000000      -1.0000000      -1.0000000       420.31305       616.13934
       562.82269
       1.0000000       101.00000      0.54639220      -1.0000000       18.000000
     0.035681438      0.39976033      -1.0000000      -1.0000000      -1.0000000
      -1.0000000      -1.0000000      -1.0000000      -1.0000000      -1.0000000
      -1.0000000
       0.0000000       100.00000      0.57598084      -1.0000000       40280.000
       112.42962      0.95101184      -1.0000000      -1.0000000      -1.0000000
      -1.0000000      -1.0000000      -1.0000000       411.17194       607.57715
       542.91815
       1.0000000       100.00000      0.57598084      -1.0000000       22.000000
     0.045379436      0.30299511      -1.0000000      -1.0000000      -1.0000000
      -1.0000000      -1.0000000      -1.0000000      -1.0000000      -1.0000000
      -1.0000000
       0.0000000       99.000000      0.59854329      -1.0000000       35327.000
       113.49577      0.62272727      -1.0000000      -1.0000000      -1.0000000
      -1.0000000      -1.0000000      -1.0000000       429.33939       620.76605
       561.74298
       1.0000000       99.000000      0.59854329      -1.0000000       17.000000
     0.029617351      0.14111262      -1.0000000      -1.0000000      -1.0000000
      -1.0000000      -1.0000000      -1.0000000      -1.0000000      -1.0000000
      -1.0000000
       0.0000000       98.000000      0.62142873      -1.0000000       30599.000
       112.72025       3.9877861      -1.0000000      -1.0000000      -1.0000000
      -1.0000000      -1.0000000      -1.0000000       433.53726       629.99396
       557.84424
       1.0000000       98.000000      0.62142873      -1.0000000       24.000000
     0.022180109      0.20835024      -1.0000000      -1.0000000      -1.0000000
      -1.0000000      -1.0000000      -1.0000000      -1.0000000      -1.0000000
      -1.0000000
       0.0000000       97.000000      0.64464182      -1.0000000       30109.000
       112.99757       4.1549473      -1.0000000      -1.0000000      -1.0000000
      -1.0000000      -1.0000000      -1.0000000       435.26758       614.70227
       549.35834
       1.0000000       97.000000      0.64464182      -1.0000000       29.000000
      0.42937051      0.61448296      -1.0000000      -1.0000000      -1.0000000
      -1.0000000      -1.0000000      -1.0000000      -1.0000000      -1.0000000
      -1.0000000
       0.0000000       96.000000      0.67611039      -1.0000000       29262.000
       113.26744       4.8275504      -1.0000000      -1.0000000      -1.0000000
      -1.0000000      -1.0000000      -1.0000000       435.87439       608.75238
       542.24536
       1.0000000       96.000000      0.67611039      -1.0000000       21.000000
     0.079793489      0.25272901      -1.0000000      -1.0000000      -1.0000000
      -1.0000000      -1.0000000      -1.0000000      -1.0000000      -1.0000000
      -1.0000000
       0.0000000       95.000000      0.70010638      -1.0000000       22210.000
       113.08799       5.0020738      -1.0000000      -1.0000000      -1.0000000
      -1.0000000      -1.0000000      -1.0000000       434.34766       613.22522
       559.32617
       1.0000000       95.000000      0.70010638      -1.0000000       18.000000
     0.041543174      0.29085066      -1.0000000      -1.0000000      -1.0000000
      -1.0000000      -1.0000000      -1.0000000      -1.0000000      -1.0000000
      -1.0000000
       0.0000000       94.000000      0.73263615      -1.0000000       22092.000
       116.38293       6.6925354      -1.0000000      -1.0000000      -1.0000000
      -1.0000000      -1.0000000      -1.0000000       433.05258       645.58191
       582.92780
       1.0000000       94.000000      0.73263615      -1.0000000       21.000000
     0.016517638     0.098411438      -1.0000000      -1.0000000      -1.0000000
      -1.0000000      -1.0000000      -1.0000000      -1.0000000      -1.0000000
      -1.0000000
       0.0000000       93.000000      0.75744140      -1.0000000       21489.000
       112.56656       4.7820034      -1.0000000      -1.0000000      -1.0000000
      -1.0000000      -1.0000000      -1.0000000       427.78970       572.18146
       588.49951
       1.0000000       93.000000      0.75744140      -1.0000000       25.000000
     0.031853218      0.33674306      -1.0000000      -1.0000000      -1.0000000
      -1.0000000      -1.0000000      -1.0000000      -1.0000000      -1.0000000
      -1.0000000
       0.0000000       92.000000      0.79106826      -1.0000000       23233.000
       111.70596       4.7484818      -1.0000000      -1.0000000      -1.0000000
      -1.0000000      -1.0000000      -1.0000000       425.60580       585.63794
       578.78796
       1.0000000       92.000000      0.79106826      -1.0000000       31.000000
     0.033564864      0.14311464      -1.0000000      -1.0000000      -1.0000000
      -1.0000000      -1.0000000      -1.0000000      -1.0000000      -1.0000000
      -1.0000000
       0.0000000       91.000000      0.81671000       5.0000000       20044.000
       111.19974       4.4904108      0.27489796      0.53846151     0.035527784
       4.9570670       12.166505      -5.6461492       424.62265       565.21484
       562.88782
       1.0000000       91.000000      0.81671000      -1.0000000       20.000000
     0.031369198      0.31195044      -1.0000000      -1.0000000      -1.0000000
      -1.0000000      -1.0000000      -1.0000000      -1.0000000      -1.0000000
      -1.0000000
       0.0000000       90.000000      0.85147089       5.0000000       19613.000
       111.34595       4.1362286      0.27350473      0.51351351     0.036267057
       11.398938       3.0236747     -0.51394826       424.13559       573.93536
       546.68927
       1.0000000       90.000000      0.85147089      -1.0000000       26.000000
     0.046173181      0.12461076      -1.0000000      -1.0000000      -1.0000000
      -1.0000000      -1.0000000      -1.0000000      -1.0000000      -1.0000000
      -1.0000000
       0.0000000       89.000000      0.88689691       4.0000000       16721.000
       112.42717       3.2780092      0.26060924      0.52631581     0.062980019
       22.309980       2.7783763       1.0085413       434.66956       576.72296
       537.58899
       1.0000000       89.000000      0.88689691      -1.0000000       28.000000
     0.071166812      0.42008428      -1.0000000      -1.0000000      -1.0000000
      -1.0000000      -1.0000000      -1.0000000      -1.0000000      -1.0000000
      -1.0000000
       0.0000000       88.000000      0.92300081       5.0000000       17564.000
       112.27818       3.6441329      0.29738021      0.57894731      0.10414000
       3.6886899      -20.380892      -4.1364207       441.70010       586.11139
       526.66840
       1.0000000       88.000000      0.92300081      -1.0000000       38.000000
      0.20974412      0.64837356      -1.0000000      -1.0000000      -1.0000000
      -1.0000000      -1.0000000      -1.0000000      -1.0000000      -1.0000000
      -1.0000000
       0.0000000       87.000000      0.95053136       5.0000000       17195.000
       112.02492       1.6196487      0.27201229      0.52631581     0.053887952
      -4.3508039      -13.857496       15.998426       430.48737       552.04633
       553.64612
       1.0000000       87.000000      0.95053136      -1.0000000       27.000000
      0.74631478      0.83478987      -1.0000000      -1.0000000      -1.0000000
      -1.0000000      -1.0000000      -1.0000000      -1.0000000      -1.0000000
      -1.0000000
       0.0000000       86.000000      0.98785281       4.0000000       14648.000
       109.83018       7.1124229      0.27488953      0.51351351     0.058051407
      -15.758265      -3.1559598       14.487050       418.79102       533.61896
       587.95770
       1.0000000       86.000000      0.98785281      -1.0000000       24.000000
     0.020533668      0.13524402      -1.0000000      -1.0000000      -1.0000000
      -1.0000000      -1.0000000      -1.0000000      -1.0000000      -1.0000000
      -1.0000000
       0.0000000       85.000000      0.99729425       4.0000000       14742.000
       109.98360       6.4092507      0.23621120      0.50000000     0.066114597
      -4.6406422       4.3347702      -3.2707496       417.72144       554.08887
       596.63550
       1.0000000       85.000000      0.99729425      -1.0000000       12.000000
     0.016279165      0.26967915      -1.0000000      -1.0000000      -1.0000000
      -1.0000000      -1.0000000      -1.0000000      -1.0000000      -1.0000000
      -1.0000000
       0.0000000       84.000000       1.0355104       3.0000000       10987.000
       113.40515       7.6181650      0.29734373      0.67391300      0.14909424
       40.244968       97.921288       30.893515       417.98016       573.02808
       610.71112
       2.0000000       84.000000       1.0355104      0.51164407       74.000000
       33.921783       6.3207088      0.46157068      0.34285718      0.40190178
       6.6359487       51.644939       137.30852      -21993594.      -4238.6987
       49942020.
       1.0000000       84.000000       1.0355104      -1.0000000       30.000000
       8.4494110       1.5628791      -1.0000000      -1.0000000      -1.0000000
      -1.0000000      -1.0000000      -1.0000000      -1.0000000      -1.0000000
      -1.0000000
       0.0000000       83.000000       1.0744579       2.0000000       8615.0000
       100.48067       12.599662      0.30188209      0.61363637      0.12231316
       1.4858459      -46.669445      -24.204464       423.96371       641.37921
       611.70502
       1.0000000       83.000000       1.0744579      -1.0000000       30.000000
      0.27317921      0.72014266      -1.0000000      -1.0000000      -1.0000000
      -1.0000000      -1.0000000      -1.0000000      -1.0000000      -1.0000000
      -1.0000000
       0.0000000       82.000000       1.1141505       2.0000000       7362.0000
       113.99249       16.473305      0.24921077      0.45945948     0.030890629
       4.3049889     -0.63090962     -0.32066855       433.30154       987.08069
       619.80023
       1.0000000       82.000000       1.1141505      -1.0000000       36.000000
      0.27597714      0.98095006      -1.0000000      -1.0000000      -1.0000000
      -1.0000000      -1.0000000      -1.0000000      -1.0000000      -1.0000000
      -1.0000000
       0.0000000       81.000000       1.1546028       2.0000000       7062.0000
       97.128738       12.091684      0.31792206      0.44117647     0.088716321
       7.4017963       3.8365748      -26.919085       433.73724       683.31464
       594.97748
       1.0000000       81.000000       1.1546028      -1.0000000       37.000000
      0.15318170      0.73254466      -1.0000000      -1.0000000      -1.0000000
      -1.0000000      -1.0000000      -1.0000000      -1.0000000      -1.0000000
      -1.0000000
       0.0000000       80.000000       1.2062581       2.0000000       5963.0000
       74.877281       2.7405922      0.32146835      0.48648649     0.069892608
       15.452158      -11.131054      -39.560940       436.28674       436.04761
       544.35547
       1.0000000       80.000000       1.2062581      -1.0000000       33.000000
      0.13948799      0.55788055      -1.0000000      -1.0000000      -1.0000000
      -1.0000000      -1.0000000      -1.0000000      -1.0000000      -1.0000000
      -1.0000000
       0.0000000       79.000000       1.2484726       2.0000000       6108.0000
       73.515717       3.1319938      0.31602103      0.47222227     0.061018124
       23.681061      -18.579134      -50.893795       452.82736       423.42123
       499.92371
       1.0000000       79.000000       1.2484726      -1.0000000       20.000000
      0.10394654      0.70367879      -1.0000000      -1.0000000      -1.0000000
      -1.0000000      -1.0000000      -1.0000000      -1.0000000      -1.0000000
      -1.0000000
       0.0000000       78.000000       1.3023784       2.0000000       5744.0000
       74.574593       1.1992531      0.30318516      0.51351351     0.072757781
       43.702068      -22.206600      -45.623425       481.27216       495.91653
       468.72446
       1.0000000       78.000000       1.3023784      -1.0000000       34.000000
      0.19410071      0.85292409      -1.0000000      -1.0000000      -1.0000000
      -1.0000000      -1.0000000      -1.0000000      -1.0000000      -1.0000000
      -1.0000000
       0.0000000       77.000000       1.3575766       1.0000000       2628.0000
       83.097961       7.3382063      0.26241943      0.45714289      0.13877161
       72.321770       3.2843018      -30.489231       506.97266       574.06598
       435.32355
       1.0000000       77.000000       1.3575766      -1.0000000       53.000000
      0.19696030      0.75694615      -1.0000000      -1.0000000      -1.0000000
      -1.0000000      -1.0000000      -1.0000000      -1.0000000      -1.0000000
      -1.0000000
       0.0000000       76.000000       1.4140983       1.0000000       2452.0000
       69.333054       2.0210445      0.30656254      0.52941173     0.057527646
       21.872946      -27.129950      0.86096352       426.78528       268.64859
       533.77783
       1.0000000       76.000000       1.4140983      -1.0000000       51.000000
      0.54182634       2.0999891      -1.0000000      -1.0000000      -1.0000000
      -1.0000000      -1.0000000      -1.0000000      -1.0000000      -1.0000000
      -1.0000000
       0.0000000       75.000000       1.4719748       1.0000000       2326.0000
       66.553123       3.9789162      0.27172190      0.51428568     0.057659533
      -11.001188      -22.599127       29.957541       386.31357       222.59744
       629.45532
       1.0000000       75.000000       1.4719748      -1.0000000       43.000000
     0.073032260      0.74581590      -1.0000000      -1.0000000      -1.0000000
      -1.0000000      -1.0000000      -1.0000000      -1.0000000      -1.0000000
      -1.0000000
       0.0000000       74.000000       1.5312390       1.0000000       2243.0000
       66.299576       3.3520105      0.27308553      0.54285711     0.071128249
       31.486473      -47.372784     -0.37819633       365.97577       218.04611
       638.59045
       1.0000000       74.000000       1.5312390      -1.0000000       33.000000
      0.23976434      0.84742458      -1.0000000      -1.0000000      -1.0000000
      -1.0000000      -1.0000000      -1.0000000      -1.0000000      -1.0000000
      -1.0000000
       0.0000000       73.000000       1.6042346       0.0000000       0.0000000
       51.737286       8.5727434      0.47467506      0.56666672      0.52283335
       226.44728      -480.76700      -52.474209       353.95255       345.41937
       578.98553
       2.0000000       73.000000       1.6042346      0.72829378       70.000000
       23.203297       1.2934959      0.54731184      0.83720928      0.77603245
       521.32574       69.660858      -465.91348       2803.9910      -14798.308
       6764.1592
       1.0000000       73.000000       1.6042346      -1.0000000       38.000000
      0.20383470       1.2748730      -1.0000000      -1.0000000      -1.0000000
      -1.0000000      -1.0000000      -1.0000000      -1.0000000      -1.0000000
      -1.0000000
       0.0000000       72.000000       1.6666696       0.0000000       0.0000000
       54.113979       7.7607780      0.43746054      0.53125000      0.60878652
       223.67424      -691.14764       51.700150       379.98956       264.84256
       534.14325
       1.0000000       72.000000       1.6666696      -1.0000000       31.000000
       1.7455379       1.1355997      -1.0000000      -1.0000000      -1.0000000
      -1.0000000      -1.0000000      -1.0000000      -1.0000000      -1.0000000
      -1.0000000
       0.0000000       71.000000       1.7435706       0.0000000       0.0000000
       33.142773       5.2536840      0.56034774      0.75000000      0.71994829
       604.51495      -299.97751      -35.984497       365.97766       145.10039
       462.42026
       2.0000000       71.000000       1.7435706      0.47720730       68.000000
       8.1496258      0.59677631      0.51067448      0.58064520      0.52725631
       50.343021       434.50177       197.70113      -67819.234      -189178.28
      -48744.367
       1.0000000       71.000000       1.7435706      -1.0000000       35.000000
      0.49498069       1.1375723      -1.0000000      -1.0000000      -1.0000000
      -1.0000000      -1.0000000      -1.0000000      -1.0000000      -1.0000000
      -1.0000000
       0.0000000       70.000000       1.8226893       0.0000000       0.0000000
       31.859804       10.984852      0.53779018      0.80555558      0.72678030
       655.67139      -368.25961       50.510429       395.03860       140.17323
       425.89581
       1.0000000       70.000000       1.8226893      -1.0000000       36.000000
      0.31003277      0.80137010      -1.0000000      -1.0000000      -1.0000000
      -1.0000000      -1.0000000      -1.0000000      -1.0000000      -1.0000000
      -1.0000000
       0.0000000       69.000000       1.9040896       4.0000000       5509.0000
       20.421135       6.5862427      0.58365804      0.76315790      0.74630743
       625.90179      -339.83502       48.044735       276.27310       42.930775
       26.858665
       1.0000000       69.000000       1.9040896      -1.0000000       98.000000
      0.42030403       3.1907017      -1.0000000      -1.0000000      -1.0000000
      -1.0000000      -1.0000000      -1.0000000      -1.0000000      -1.0000000
      -1.0000000
       0.0000000       68.000000       2.0020282       3.0000000       3550.0000
       17.077747       4.2291131      0.57644099      0.78947365      0.72966999
       453.87219      -349.01001       209.86327       275.06805       34.290333
       24.074381
       1.0000000       68.000000       2.0020282      -1.0000000       5.0000000
      0.24455012      0.73026552      -1.0000000      -1.0000000      -1.0000000
      -1.0000000      -1.0000000      -1.0000000      -1.0000000      -1.0000000
      -1.0000000
       0.0000000       67.000000       2.1032696       3.0000000       3291.0000
       20.898142       6.9579501      0.57768095      0.71875000      0.71665639
       419.65964      -378.21912       226.24588       312.32584       64.394112
       435.16858
       1.0000000       67.000000       2.1032696      -1.0000000       7.0000000
      0.20782198      0.98630783      -1.0000000      -1.0000000      -1.0000000
      -1.0000000      -1.0000000      -1.0000000      -1.0000000      -1.0000000
      -1.0000000
       0.0000000       66.000000       2.2079256       2.0000000       1936.0000
       19.361816       6.4849949      0.57326823      0.77142859      0.71469802
       423.03760      -378.70007       200.01050       297.57718       58.037312
       458.14224
       1.0000000       66.000000       2.2079256      -1.0000000       12.000000
       1.0357988       1.8667772      -1.0000000      -1.0000000      -1.0000000
      -1.0000000      -1.0000000      -1.0000000      -1.0000000      -1.0000000
      -1.0000000
       0.0000000       65.000000       2.3161108       1.0000000       1093.0000
       16.701206       7.5790653      0.57662916      0.72972977      0.73081666
       366.90970      -306.63373       260.24033       258.59705       46.455292
       363.53015
       1.0000000       65.000000       2.3161108      -1.0000000       47.000000
      0.13238919       1.2422057      -1.0000000      -1.0000000      -1.0000000
      -1.0000000      -1.0000000      -1.0000000      -1.0000000      -1.0000000
      -1.0000000
       0.0000000       64.000000       2.4442258       1.0000000       962.00000
       14.081188       5.1926684      0.57891738      0.78048778      0.76602203
       236.63318      -335.07324       301.66855       262.20251       41.449841
       398.97629
       1.0000000       64.000000       2.4442258      -1.0000000       31.000000
       1.7958910       3.5975676      -1.0000000      -1.0000000      -1.0000000
      -1.0000000      -1.0000000      -1.0000000      -1.0000000      -1.0000000
      -1.0000000
       0.0000000       63.000000       2.5772903       1.0000000       881.00000
       11.528878       5.8208575      0.53710151      0.81395346      0.79409987
       165.68904      -425.24103       204.26091       264.08911       30.158012
       324.90298
       1.0000000       63.000000       2.5772903      -1.0000000       34.000000
       1.7066052       2.9736582      -1.0000000      -1.0000000      -1.0000000
      -1.0000000      -1.0000000      -1.0000000      -1.0000000      -1.0000000
      -1.0000000
       0.0000000       62.000000       2.7331426       1.0000000       881.00000
       7.2866163       8.4732857      0.57121581      0.72727275      0.66407716
      -175.15475      -371.42783       40.730152       302.99744       30.651482
       181.81026
       1.0000000       62.000000       2.7331426      -1.0000000       47.000000
      0.27353862      0.98337749      -1.0000000      -1.0000000      -1.0000000
      -1.0000000      -1.0000000      -1.0000000      -1.0000000      -1.0000000
      -1.0000000
       0.0000000       61.000000       2.8957851       1.0000000       794.00000
       4.3988714       4.8311157      0.47501922      0.84313726      0.67340577
      -311.26434      -137.04333       34.399258       242.35184       23.971869
       260.40561
       1.0000000       61.000000       2.8957851      -1.0000000       31.000000
      0.38029911      0.94260412      -1.0000000      -1.0000000      -1.0000000
      -1.0000000      -1.0000000      -1.0000000      -1.0000000      -1.0000000
      -1.0000000
       0.0000000       60.000000       3.0081310       20.000000       7211.0000
       3.3466752       2.9565206      0.50229120      0.62857145      0.59886771
      -271.46759       40.233669      -7.8313394       216.42107       14.681157
       288.36844
       1.0000000       60.000000       3.0081310      -1.0000000       26.000000
      0.19589077      0.51114421      -1.0000000      -1.0000000      -1.0000000
      -1.0000000      -1.0000000      -1.0000000      -1.0000000      -1.0000000
      -1.0000000
       0.0000000       59.000000       3.0848227       21.000000       7179.0000
       2.9620736       3.6094398      0.51469630      0.47058821      0.54029721
      -218.66679       119.75111      -80.570122       204.96201       15.639091
       289.39456
       1.0000000       59.000000       3.0848227      -1.0000000       16.000000
     0.047184440      0.30558948      -1.0000000      -1.0000000      -1.0000000
      -1.0000000      -1.0000000      -1.0000000      -1.0000000      -1.0000000
      -1.0000000
       0.0000000       58.000000       3.2830331       21.000000       6636.0000
       1.7736095       2.3401041      0.55751711      0.50000000      0.57836431
      -84.308861       102.06438      -220.40701       188.24870       9.7870607
       264.66849
       1.0000000       58.000000       3.2830331      -1.0000000       25.000000
      0.42064421      0.61253055      -1.0000000      -1.0000000      -1.0000000
      -1.0000000      -1.0000000      -1.0000000      -1.0000000      -1.0000000
      -1.0000000
       0.0000000       57.000000       3.4908614       26.000000       5853.0000
       1.3160307       1.9122941      0.47207540      0.59459460      0.53539234
       70.985283       36.209286      -196.41344       181.15315       7.8821855
       230.85425
       1.0000000       57.000000       3.4908614      -1.0000000       15.000000
    0.0080032837     0.092022900      -1.0000000      -1.0000000      -1.0000000
      -1.0000000      -1.0000000      -1.0000000      -1.0000000      -1.0000000
      -1.0000000
