       0.0000000       135.00000       0.0000000       1439.0000       418845.00
       2.0280931       1.3537019      0.37149042      0.20689654      0.18865088
       2.3751001       39.793072      -8.2953558       90.531685       8.2629070
       111.84808
       0.0000000       134.00000    0.0095216669       1428.0000       415880.00
       2.0245678       1.4844935      0.37065977      0.14285707      0.21186616
       1.4688437       37.721729      -8.1925497       92.202980       8.4252348
       111.98136
       0.0000000       133.00000     0.023974428       1441.0000       413051.00
       1.9711623       1.4297761      0.36979803      0.14285707      0.16813533
      -9.3725519       37.664154      -9.9793482       94.048866       8.3978662
       108.69108
       0.0000000       132.00000     0.033724371       1433.0000       411710.00
       1.9299071       1.3760300      0.35813624      0.17241371      0.15401272
      -11.113541       32.192577      -7.8069878       94.645096       8.1206064
       107.74133
       0.0000000       131.00000     0.048523631       1473.0000       409506.00
       1.8940561       1.2121011      0.35957658      0.25806451      0.17893599
      -11.585636       30.780600      -18.929262       95.681587       7.7479620
       107.98879
       0.0000000       130.00000     0.058507323       1471.0000       406733.00
       1.8983805       1.2841282      0.35102260      0.11111099      0.16355623
      -8.7701216       26.205498      -17.896427       95.888138       8.1556110
       109.59109
       1.0000000       130.00000     0.058507323      -1.0000000       1.0000000
    0.0011497457   0.00089579524      -1.0000000      -1.0000000      -1.0000000
      -1.0000000      -1.0000000      -1.0000000      -1.0000000      -1.0000000
      -1.0000000
       0.0000000       129.00000     0.073661387       1480.0000       404381.00
       1.8609256       1.2694927      0.36449510      0.16666669      0.19630907
      -11.499965       25.651894      -28.284866       95.301483       7.9187622
       106.26912
       0.0000000       128.00000     0.083884433       1494.0000       402448.00
       1.8484153       1.3563734      0.36490920      0.26470590      0.17011479
      -13.660383       22.516363      -27.545151       94.275070       8.1427956
       105.57645
       0.0000000       127.00000     0.099401802       1598.0000       404654.00
       1.8115913       1.5179540      0.39574933      0.21875006      0.27840060
      -19.078983       18.998796      -48.441467       94.085037       8.1704683
       102.11503
       1.0000000       127.00000     0.099401802      -1.0000000       1.0000000
    0.0011497457   0.00089579524      -1.0000000      -1.0000000      -1.0000000
      -1.0000000      -1.0000000      -1.0000000      -1.0000000      -1.0000000
      -1.0000000
       0.0000000       126.00000      0.10986994       1608.0000       403086.00
       1.7936752       1.5430224      0.40836018      0.23333335      0.31333140
      -26.873772       18.133348      -43.359390       92.741966       8.0893164
       96.570908
       0.0000000       125.00000      0.12575933       1528.0000       397674.00
       1.7248981       1.1183844      0.40288800      0.31250006      0.29932287
      -35.101971       10.302169      -47.937420       90.939682       7.4612517
       95.543266
       1.0000000       125.00000      0.12575933      -1.0000000       1.0000000
     0.093760781      0.36147919      -1.0000000      -1.0000000      -1.0000000
      -1.0000000      -1.0000000      -1.0000000      -1.0000000      -1.0000000
      -1.0000000
       0.0000000       124.00000      0.14187621       1629.0000       398471.00
       1.6723160      0.97908306      0.41489133      0.25806451      0.28261295
      -46.895920       13.253385      -42.880196       92.378204       7.4785438
       87.739784
       0.0000000       123.00000      0.15274876       1537.0000       392852.00
       1.7249215       1.1735330      0.42171490      0.33333337      0.28194162
      -51.018707       6.8232131      -39.149357       94.534958       8.2472849
       89.958054
       0.0000000       122.00000      0.16925204       1523.0000       389386.00
       1.6533052       1.7824728      0.42020044      0.33333337      0.29090309
      -51.612434       3.9735537      -46.895737       95.381012       8.5854540
       94.014862
       0.0000000       121.00000      0.18038526       1529.0000       386639.00
       1.5875250       1.3824826      0.42484885      0.32258064      0.26465675
      -47.608444       3.6021330      -34.330276       88.909019       7.2358985
       94.818871
       1.0000000       121.00000      0.18038526      -1.0000000       1.0000000
       0.0000000       0.0000000      -1.0000000      -1.0000000      -1.0000000
      -1.0000000      -1.0000000      -1.0000000      -1.0000000      -1.0000000
      -1.0000000
       0.0000000       120.00000      0.19728418       1612.0000       386688.00
       1.5256702       1.2521032      0.42979139      0.31250006      0.25119400
      -51.085754       5.4535089      -28.728649       83.762123       6.9215364
       96.704552
       0.0000000       119.00000      0.21442504       1539.0000       380989.00
       1.4988651       1.0379465      0.42084533      0.28125006      0.26896214
      -49.685207       2.1148319      -30.572098       82.167587       6.6837034
       96.774872
       1.0000000       119.00000      0.21442504      -1.0000000       1.0000000
   0.00043519962     0.030092122      -1.0000000      -1.0000000      -1.0000000
      -1.0000000      -1.0000000      -1.0000000      -1.0000000      -1.0000000
      -1.0000000
       0.0000000       118.00000      0.22598839       1496.0000       377108.00
       1.4768049       1.0901469      0.43503588      0.21875006      0.27943486
      -50.412743       4.5342975      -28.125668       82.223724       6.6493354
       95.481331
       0.0000000       117.00000      0.24354018       1512.0000       373305.00
       1.4517761       1.0839425      0.41157281      0.28125006      0.22857963
      -41.010525       8.8258877      -32.540012       82.464317       6.5103755
       94.670547
       0.0000000       116.00000      0.26134327       1576.0000       372732.00
       1.4009720       1.0072154      0.40944654      0.23333335      0.24459323
      -31.514086       9.3878918      -41.274586       81.947876       6.3815660
       92.187576
       0.0000000       115.00000      0.27335334       1583.0000       370400.00
       1.4053499       1.1194084      0.41019478      0.19354838      0.23904087
      -24.857008       7.2094402      -44.153210       83.011269       6.6697192
       92.631752
       0.0000000       114.00000      0.29158324      -1.0000000       367574.00
       1.3752815       1.1358690      -1.0000000      -1.0000000      -1.0000000
      -1.0000000      -1.0000000      -1.0000000       82.921967       6.6272984
       88.714012
       0.0000000       113.00000      0.31007412      -1.0000000       365872.00
       1.3311741      0.98692238      -1.0000000      -1.0000000      -1.0000000
      -1.0000000      -1.0000000      -1.0000000       82.934311       6.4260993
       88.487579
       1.0000000       113.00000      0.31007412      -1.0000000       1.0000000
    0.0090900222     0.014092282      -1.0000000      -1.0000000      -1.0000000
      -1.0000000      -1.0000000      -1.0000000      -1.0000000      -1.0000000
      -1.0000000
       0.0000000       112.00000      0.32882974      -1.0000000       361987.00
       1.2894210       1.2157553      -1.0000000      -1.0000000      -1.0000000
      -1.0000000      -1.0000000      -1.0000000       83.505096       6.5367670
       86.449326
       0.0000000       111.00000      0.34785384      -1.0000000       359968.00
       1.2806331       1.0738851      -1.0000000      -1.0000000      -1.0000000
      -1.0000000      -1.0000000      -1.0000000       82.969589       6.5458002
       85.744926
       0.0000000       110.00000      0.36068764      -1.0000000       358711.00
       1.2536089       1.2386382      -1.0000000      -1.0000000      -1.0000000
      -1.0000000      -1.0000000      -1.0000000       83.512154       6.5914660
       86.367569
       0.0000000       109.00000      0.38016787      -1.0000000       355484.00
       1.2185482       1.2026445      -1.0000000      -1.0000000      -1.0000000
      -1.0000000      -1.0000000      -1.0000000       84.096642       6.4847116
       87.737900
       0.0000000       108.00000      0.39992696      -1.0000000       352748.00
       1.1977260       1.3022873      -1.0000000      -1.0000000      -1.0000000
      -1.0000000      -1.0000000      -1.0000000       85.233727       6.7119470
       89.262299
       0.0000000       107.00000      0.41996893      -1.0000000       349691.00
       1.1745721       1.3711729      -1.0000000      -1.0000000      -1.0000000
      -1.0000000      -1.0000000      -1.0000000       84.395386       6.9192119
       89.498634
       0.0000000       106.00000      0.44029784      -1.0000000       348990.00
       1.1372755       1.1462098      -1.0000000      -1.0000000      -1.0000000
      -1.0000000      -1.0000000      -1.0000000       83.953049       6.5586200
       86.557121
       1.0000000       106.00000      0.44029784      -1.0000000       1.0000000
    0.0010232923       0.0000000      -1.0000000      -1.0000000      -1.0000000
      -1.0000000      -1.0000000      -1.0000000      -1.0000000      -1.0000000
      -1.0000000
       0.0000000       105.00000      0.46091780      -1.0000000       346234.00
       1.1168424      0.97550070      -1.0000000      -1.0000000      -1.0000000
      -1.0000000      -1.0000000      -1.0000000       84.472618       6.4394975
       84.043198
       0.0000000       104.00000      0.48183295      -1.0000000       371954.00
       1.0924230       1.1365801      -1.0000000      -1.0000000      -1.0000000
      -1.0000000      -1.0000000      -1.0000000       86.825180       6.3206377
       81.770355
       1.0000000       104.00000      0.48183295      -1.0000000       1.0000000
   0.00016342766       0.0000000      -1.0000000      -1.0000000      -1.0000000
      -1.0000000      -1.0000000      -1.0000000      -1.0000000      -1.0000000
      -1.0000000
       0.0000000       103.00000      0.50304753      -1.0000000       368925.00
       1.0882927       1.2067610      -1.0000000      -1.0000000      -1.0000000
      -1.0000000      -1.0000000      -1.0000000       87.473976       6.6628742
       81.817154
       1.0000000       103.00000      0.50304753      -1.0000000       1.0000000
   0.00079611654    0.0012112211      -1.0000000      -1.0000000      -1.0000000
      -1.0000000      -1.0000000      -1.0000000      -1.0000000      -1.0000000
      -1.0000000
       0.0000000       102.00000      0.52456582      -1.0000000       367059.00
       1.0563599       1.3156093      -1.0000000      -1.0000000      -1.0000000
      -1.0000000      -1.0000000      -1.0000000       89.213951       6.5800881
       83.529129
       0.0000000       101.00000      0.54639220      -1.0000000       365461.00
      0.98569769       1.1804558      -1.0000000      -1.0000000      -1.0000000
      -1.0000000      -1.0000000      -1.0000000       88.411186       5.9484053
       83.103432
       1.0000000       101.00000      0.54639220      -1.0000000       1.0000000
     0.051642969     0.021924967      -1.0000000      -1.0000000      -1.0000000
      -1.0000000      -1.0000000      -1.0000000      -1.0000000      -1.0000000
      -1.0000000
       0.0000000       100.00000      0.57598084      -1.0000000       362577.00
      0.95632833       1.0708467      -1.0000000      -1.0000000      -1.0000000
      -1.0000000      -1.0000000      -1.0000000       86.206909       5.9390645
       83.562393
       1.0000000       100.00000      0.57598084      -1.0000000       1.0000000
   0.00029905295       0.0000000      -1.0000000      -1.0000000      -1.0000000
      -1.0000000      -1.0000000      -1.0000000      -1.0000000      -1.0000000
      -1.0000000
       0.0000000       99.000000      0.59854329      -1.0000000       358310.00
      0.95183742      0.98513526      -1.0000000      -1.0000000      -1.0000000
      -1.0000000      -1.0000000      -1.0000000       86.171448       5.9709854
       87.160011
       0.0000000       98.000000      0.62142873      -1.0000000       354525.00
      0.92061788       1.1304632      -1.0000000      -1.0000000      -1.0000000
      -1.0000000      -1.0000000      -1.0000000       86.365944       5.9554548
       93.112793
       0.0000000       97.000000      0.64464182      -1.0000000       352073.00
      0.86864448       1.0697650      -1.0000000      -1.0000000      -1.0000000
      -1.0000000      -1.0000000      -1.0000000       83.606979       5.2140002
       96.920700
       0.0000000       96.000000      0.67611039      -1.0000000       348834.00
      0.82989842       1.1666132      -1.0000000      -1.0000000      -1.0000000
      -1.0000000      -1.0000000      -1.0000000       82.283836       5.2182226
       100.23164
       1.0000000       96.000000      0.67611039      -1.0000000       1.0000000
    0.0021816811     0.030927788      -1.0000000      -1.0000000      -1.0000000
      -1.0000000      -1.0000000      -1.0000000      -1.0000000      -1.0000000
      -1.0000000
       0.0000000       95.000000      0.70010638      -1.0000000       345955.00
      0.80159903      0.95073235      -1.0000000      -1.0000000      -1.0000000
      -1.0000000      -1.0000000      -1.0000000       81.787071       5.0654736
       99.951775
       0.0000000       94.000000      0.73263615      -1.0000000       343127.00
      0.77939147      0.74783558      -1.0000000      -1.0000000      -1.0000000
      -1.0000000      -1.0000000      -1.0000000       83.003593       4.9023557
       97.260963
       0.0000000       93.000000      0.75744140      -1.0000000       339366.00
      0.76790881      0.77417690      -1.0000000      -1.0000000      -1.0000000
      -1.0000000      -1.0000000      -1.0000000       85.125320       4.8620834
       91.561630
       1.0000000       93.000000      0.75744140      -1.0000000       1.0000000
   0.00078741217     0.022356393      -1.0000000      -1.0000000      -1.0000000
      -1.0000000      -1.0000000      -1.0000000      -1.0000000      -1.0000000
      -1.0000000
       0.0000000       92.000000      0.79106826      -1.0000000       334362.00
      0.78205580      0.70243967      -1.0000000      -1.0000000      -1.0000000
      -1.0000000      -1.0000000      -1.0000000       90.725235       5.1257620
       81.974213
       0.0000000       91.000000      0.81671000      -1.0000000       330499.00
      0.73653960       1.0002714      -1.0000000      -1.0000000      -1.0000000
      -1.0000000      -1.0000000      -1.0000000       96.395676       4.9590745
       74.257675
       1.0000000       91.000000      0.81671000      -1.0000000       1.0000000
       0.0000000       0.0000000      -1.0000000      -1.0000000      -1.0000000
      -1.0000000      -1.0000000      -1.0000000      -1.0000000      -1.0000000
      -1.0000000
       0.0000000       90.000000      0.85147089      -1.0000000       324275.00
      0.69020241      0.89945805      -1.0000000      -1.0000000      -1.0000000
      -1.0000000      -1.0000000      -1.0000000       98.254250       4.8024845
       69.097168
       1.0000000       90.000000      0.85147089      -1.0000000       1.0000000
       0.0000000       0.0000000      -1.0000000      -1.0000000      -1.0000000
      -1.0000000      -1.0000000      -1.0000000      -1.0000000      -1.0000000
      -1.0000000
       0.0000000       89.000000      0.88689691      -1.0000000       339377.00
      0.67409664      0.87536287      -1.0000000      -1.0000000      -1.0000000
      -1.0000000      -1.0000000      -1.0000000       98.184082       4.9219656
       71.395378
       1.0000000       89.000000      0.88689691      -1.0000000       1.0000000
       0.0000000       0.0000000      -1.0000000      -1.0000000      -1.0000000
      -1.0000000      -1.0000000      -1.0000000      -1.0000000      -1.0000000
      -1.0000000
       0.0000000       88.000000      0.92300081      -1.0000000       335056.00
      0.64958477       1.1044699      -1.0000000      -1.0000000      -1.0000000
      -1.0000000      -1.0000000      -1.0000000       92.857063       5.0795817
       75.155571
       0.0000000       87.000000      0.95053136      -1.0000000       333718.00
      0.60546970       1.0457004      -1.0000000      -1.0000000      -1.0000000
      -1.0000000      -1.0000000      -1.0000000       86.837982       4.6491451
       76.208641
       0.0000000       86.000000      0.98785281      -1.0000000       327911.00
      0.57672691      0.93965167      -1.0000000      -1.0000000      -1.0000000
      -1.0000000      -1.0000000      -1.0000000       82.241646       4.6182890
       67.890945
       0.0000000       85.000000      0.99729425      -1.0000000       328695.00
      0.57620233      0.92823374      -1.0000000      -1.0000000      -1.0000000
      -1.0000000      -1.0000000      -1.0000000       82.148438       4.5963259
       66.590599
       0.0000000       84.000000       1.0355104      -1.0000000       322365.00
      0.55363017      0.93109709      -1.0000000      -1.0000000      -1.0000000
      -1.0000000      -1.0000000      -1.0000000       81.078300       4.8252454
       69.130730
       1.0000000       84.000000       1.0355104      -1.0000000       1.0000000
       0.0000000       0.0000000      -1.0000000      -1.0000000      -1.0000000
      -1.0000000      -1.0000000      -1.0000000      -1.0000000      -1.0000000
      -1.0000000
       0.0000000       83.000000       1.0744579      -1.0000000       317226.00
      0.50421780      0.96192175      -1.0000000      -1.0000000      -1.0000000
      -1.0000000      -1.0000000      -1.0000000       80.099091       4.3344412
       70.837982
       1.0000000       83.000000       1.0744579      -1.0000000       1.0000000
       0.0000000       0.0000000      -1.0000000      -1.0000000      -1.0000000
      -1.0000000      -1.0000000      -1.0000000      -1.0000000      -1.0000000
      -1.0000000
       0.0000000       82.000000       1.1141505      -1.0000000       321606.00
      0.47231224      0.86857474      -1.0000000      -1.0000000      -1.0000000
      -1.0000000      -1.0000000      -1.0000000       78.841454       4.1102209
       73.467003
       0.0000000       81.000000       1.1546028      -1.0000000       316142.00
      0.45165154      0.72629845      -1.0000000      -1.0000000      -1.0000000
      -1.0000000      -1.0000000      -1.0000000       78.685478       4.1583209
       76.927711
       0.0000000       80.000000       1.2062581      -1.0000000       308501.00
      0.44426340      0.88466740      -1.0000000      -1.0000000      -1.0000000
      -1.0000000      -1.0000000      -1.0000000       78.720566       4.3280835
       80.088020
       1.0000000       80.000000       1.2062581      -1.0000000       1.0000000
    0.0019938084     0.047802538      -1.0000000      -1.0000000      -1.0000000
      -1.0000000      -1.0000000      -1.0000000      -1.0000000      -1.0000000
      -1.0000000
       0.0000000       79.000000       1.2484726      -1.0000000       301786.00
      0.41333911      0.74945062      -1.0000000      -1.0000000      -1.0000000
      -1.0000000      -1.0000000      -1.0000000       77.170891       4.0373096
       81.705765
       0.0000000       78.000000       1.3023784      -1.0000000       312565.00
      0.41764766      0.59939015      -1.0000000      -1.0000000      -1.0000000
      -1.0000000      -1.0000000      -1.0000000       80.152847       4.2090716
       79.675453
       1.0000000       78.000000       1.3023784      -1.0000000       1.0000000
    0.0015337957     0.013768236      -1.0000000      -1.0000000      -1.0000000
      -1.0000000      -1.0000000      -1.0000000      -1.0000000      -1.0000000
      -1.0000000
       0.0000000       77.000000       1.3575766      -1.0000000       303387.00
      0.37476280       1.0576884      -1.0000000      -1.0000000      -1.0000000
      -1.0000000      -1.0000000      -1.0000000       84.228081       4.3338780
       80.525620
       0.0000000       76.000000       1.4140983      -1.0000000       300969.00
      0.34025547      0.76185906      -1.0000000      -1.0000000      -1.0000000
      -1.0000000      -1.0000000      -1.0000000       85.863251       3.8313031
       79.545174
       0.0000000       75.000000       1.4719748      -1.0000000       295253.00
      0.31334421      0.72435570      -1.0000000      -1.0000000      -1.0000000
      -1.0000000      -1.0000000      -1.0000000       86.834541       3.4925301
       76.382690
       1.0000000       75.000000       1.4719748      -1.0000000       2.0000000
     0.017572728      0.30373740      -1.0000000      -1.0000000      -1.0000000
      -1.0000000      -1.0000000      -1.0000000      -1.0000000      -1.0000000
      -1.0000000
       0.0000000       74.000000       1.5312390      -1.0000000       289134.00
      0.28113565      0.59934884      -1.0000000      -1.0000000      -1.0000000
      -1.0000000      -1.0000000      -1.0000000       91.775406       3.5074661
       67.417152
       1.0000000       74.000000       1.5312390      -1.0000000       1.0000000
       0.0000000       0.0000000      -1.0000000      -1.0000000      -1.0000000
      -1.0000000      -1.0000000      -1.0000000      -1.0000000      -1.0000000
      -1.0000000
       0.0000000       73.000000       1.6042346      -1.0000000       281264.00
      0.26765534       1.0391655      -1.0000000      -1.0000000      -1.0000000
      -1.0000000      -1.0000000      -1.0000000       101.47749       4.3538523
       59.442833
       0.0000000       72.000000       1.6666696      -1.0000000       272917.00
      0.22425976      0.73531431      -1.0000000      -1.0000000      -1.0000000
      -1.0000000      -1.0000000      -1.0000000       86.564171       3.6940157
       73.954239
       1.0000000       72.000000       1.6666696      -1.0000000       1.0000000
   0.00018627814       0.0000000      -1.0000000      -1.0000000      -1.0000000
      -1.0000000      -1.0000000      -1.0000000      -1.0000000      -1.0000000
      -1.0000000
       0.0000000       71.000000       1.7435706      -1.0000000       266785.00
      0.20131643      0.57633942      -1.0000000      -1.0000000      -1.0000000
      -1.0000000      -1.0000000      -1.0000000       73.896614       3.4551065
       80.424248
       0.0000000       70.000000       1.8226893      -1.0000000       258653.00
      0.19430257      0.65159070      -1.0000000      -1.0000000      -1.0000000
      -1.0000000      -1.0000000      -1.0000000       74.902527       3.4143724
       76.748840
       0.0000000       69.000000       1.9040896      -1.0000000       258252.00
      0.17557438      0.67676646      -1.0000000      -1.0000000      -1.0000000
      -1.0000000      -1.0000000      -1.0000000       75.669899       3.5266602
       67.175095
       0.0000000       68.000000       2.0020282      -1.0000000       281354.00
      0.15303938      0.74114728      -1.0000000      -1.0000000      -1.0000000
      -1.0000000      -1.0000000      -1.0000000       80.648560       3.6048300
       58.404972
       1.0000000       68.000000       2.0020282      -1.0000000       1.0000000
   0.00018627814       0.0000000      -1.0000000      -1.0000000      -1.0000000
      -1.0000000      -1.0000000      -1.0000000      -1.0000000      -1.0000000
      -1.0000000
       0.0000000       67.000000       2.1032696      -1.0000000       273683.00
      0.13516462      0.62524700      -1.0000000      -1.0000000      -1.0000000
      -1.0000000      -1.0000000      -1.0000000       79.796326       3.2349496
       57.460178
       1.0000000       67.000000       2.1032696      -1.0000000       1.0000000
       0.0000000       0.0000000      -1.0000000      -1.0000000      -1.0000000
      -1.0000000      -1.0000000      -1.0000000      -1.0000000      -1.0000000
      -1.0000000
       0.0000000       66.000000       2.2079256      -1.0000000       261081.00
      0.11619534      0.46250796      -1.0000000      -1.0000000      -1.0000000
      -1.0000000      -1.0000000      -1.0000000       71.715652       2.7363470
       69.570190
       0.0000000       65.000000       2.3161108      -1.0000000       247517.00
      0.11434617      0.49620190      -1.0000000      -1.0000000      -1.0000000
      -1.0000000      -1.0000000      -1.0000000       67.800705       3.1070058
       72.064018
       0.0000000       64.000000       2.4442258      -1.0000000       238295.00
      0.10367458      0.46227649      -1.0000000      -1.0000000      -1.0000000
      -1.0000000      -1.0000000      -1.0000000       68.903488       2.6202598
       69.165886
       1.0000000       64.000000       2.4442258      -1.0000000       1.0000000
       0.0000000       0.0000000      -1.0000000      -1.0000000      -1.0000000
      -1.0000000      -1.0000000      -1.0000000      -1.0000000      -1.0000000
      -1.0000000
       0.0000000       63.000000       2.5772903      -1.0000000       223139.00
     0.088966101      0.39365241      -1.0000000      -1.0000000      -1.0000000
      -1.0000000      -1.0000000      -1.0000000       70.054947       2.3659544
       65.609169
       1.0000000       63.000000       2.5772903      -1.0000000       1.0000000
    0.0017396340     0.040032715      -1.0000000      -1.0000000      -1.0000000
      -1.0000000      -1.0000000      -1.0000000      -1.0000000      -1.0000000
      -1.0000000
       0.0000000       62.000000       2.7331426      -1.0000000       221466.00
     0.076078855      0.44232824      -1.0000000      -1.0000000      -1.0000000
      -1.0000000      -1.0000000      -1.0000000       75.366646       2.4411983
       56.757427
       1.0000000       62.000000       2.7331426      -1.0000000       1.0000000
       0.0000000       0.0000000      -1.0000000      -1.0000000      -1.0000000
      -1.0000000      -1.0000000      -1.0000000      -1.0000000      -1.0000000
      -1.0000000
       0.0000000       61.000000       2.8957851      -1.0000000       204316.00
     0.058332894      0.41561896      -1.0000000      -1.0000000      -1.0000000
      -1.0000000      -1.0000000      -1.0000000       72.488045       2.1662743
       60.219910
