       0.0000000       135.00000       0.0000000       2.0000000       30458.000
       3.7695775       0.0000000      0.40223652      0.20689654      0.17888738
      -12.530829      -5.2998672       12.275011       96.632141       8.1967049
       13.576424
       0.0000000       134.00000    0.0095216669       2.0000000       30006.000
       3.7575598       0.0000000      0.40125555      0.20689654      0.18052891
      -11.926003      -6.6928744       12.203719       96.616852       8.1658993
       13.560714
       0.0000000       133.00000     0.023974428       2.0000000       29171.000
       3.7352288       0.0000000      0.40592620      0.17241371      0.18226399
      -10.918309      -8.3725500       12.331050       96.705498       8.0909605
       13.725254
       0.0000000       132.00000     0.033724371       2.0000000       28977.000
       3.7572062       0.0000000      0.40135625      0.23333335      0.18972470
      -9.8242960      -9.2780933       12.727306       96.863586       8.0954027
       13.946894
       0.0000000       131.00000     0.048523631       2.0000000       26108.000
       3.7461972       0.0000000      0.40218267      0.23333335      0.18494020
      -8.3420553      -10.103253       13.292244       97.240707       8.0756264
       13.842996
       0.0000000       130.00000     0.058507323       2.0000000       25897.000
       3.7406399       0.0000000      0.40433037      0.23333335      0.18151040
      -6.6392117      -11.027148       14.199433       97.344460       8.0418863
       13.966442
       0.0000000       129.00000     0.073661387       2.0000000       25573.000
       3.6458397       0.0000000      0.40332887      0.23333335      0.18256679
      -4.8253140      -12.144341       16.964897       104.27155       7.6139088
       10.304763
       0.0000000       128.00000     0.083884433       2.0000000       25555.000
       3.6921394       0.0000000      0.40580973      0.25806451      0.18582577
      -3.7505372      -11.894035       17.220999       105.12334       7.8111401
       11.121467
       0.0000000       127.00000     0.099401802       2.0000000       25614.000
       3.7594323       0.0000000      0.40813082      0.23333335      0.19643490
      -2.6134024      -10.399989       18.007881       107.90564       8.1640139
       12.634068
       0.0000000       126.00000      0.10986994       2.0000000       25528.000
       3.3781304       0.0000000      0.40537533      0.23333335      0.17845419
      -4.2468457      -8.3246441       23.016396       104.93964       6.5420637
       9.3457994
       0.0000000       125.00000      0.12575933       2.0000000       25550.000
       3.7579546       0.0000000      0.40673265      0.23333335      0.19499934
      -1.6494648      -4.0950022       19.858179       105.27904       8.0072203
       13.087996
       0.0000000       124.00000      0.14187621       2.0000000       25360.000
       3.8881292       0.0000000      0.40339658      0.17241371      0.18488012
      -1.5159541      -2.7389948       19.461557       104.32381       8.7979031
       17.649027
       0.0000000       123.00000      0.15274876       2.0000000       25161.000
       3.9036548       0.0000000      0.40642431      0.17241371      0.18427835
      -2.1705363      -1.6537312       19.525253       104.02565       8.8841982
       18.331722
       0.0000000       122.00000      0.16925204       2.0000000       24812.000
       3.8767169       0.0000000      0.40986502      0.20689654      0.17225692
      -4.9911294      0.35706398       19.038717       101.24328       8.6462059
       18.443699
       0.0000000       121.00000      0.18038526       2.0000000       24595.000
       3.9262435       0.0000000      0.40864113      0.20689654      0.18751618
      -6.2877040      0.98248565       18.422710       103.60979       8.9687881
       19.620647
       0.0000000       120.00000      0.19728418       2.0000000       24112.000
       3.9156933       0.0000000      0.40750396      0.20689654      0.18290192
      -8.3331175      0.76999670       17.660564       103.44478       8.8849640
       20.116417
       0.0000000       119.00000      0.21442504       2.0000000       20420.000
       3.9336898       0.0000000      0.41130105      0.20689654      0.18511131
      -9.4666128     -0.80725718       17.284462       104.19983       8.9555674
       20.150476
       0.0000000       118.00000      0.22598839       2.0000000       20260.000
       3.9485102       0.0000000      0.41022906      0.20689654      0.19314106
      -10.430979      -2.5984688       16.756863       104.31812       8.9440842
       20.018627
       0.0000000       117.00000      0.24354018       2.0000000       19962.000
       3.9427047       0.0000000      0.40823954      0.23333335      0.19528344
      -10.707919      -3.7437968       17.185061       104.36452       8.9188643
       20.503239
       0.0000000       116.00000      0.26134327       2.0000000       18388.000
       3.9229932       0.0000000      0.41293475      0.20689654      0.19039229
      -9.7924557      -6.0373778       17.478111       102.01033       8.7951908
       21.102001
       0.0000000       115.00000      0.27335334       1.0000000       8428.0000
       3.9155207       0.0000000      0.41336963      0.20689654      0.18665703
      -7.9288125      -6.8090591       18.330233       105.67220       8.7645464
       19.751690
       0.0000000       114.00000      0.29158324       2.0000000       17804.000
       3.9385362       0.0000000      0.41295993      0.20689654      0.19148046
      -5.6589246      -6.8398504       19.422644       105.67256       8.9228373
       21.450607
       0.0000000       113.00000      0.31007412       1.0000000       8446.0000
       3.9394991       0.0000000      0.41086012      0.20689654      0.19383663
      -2.9398704      -4.6922965       20.632507       107.08108       8.7584639
       20.557459
       0.0000000       112.00000      0.32882974       1.0000000       7814.0000
       3.8579683       0.0000000      0.40211943      0.19999999      0.18317325
      -1.4435644      -2.7392826       23.833340       107.41563       8.3813324
       18.850576
       0.0000000       111.00000      0.34785384       1.0000000       7594.0000
       3.8939397    0.0069550597      0.40303841      0.23333335      0.18833467
       1.0720882       1.1124809       24.871119       108.90879       8.5651703
       19.557840
       0.0000000       110.00000      0.36068764       1.0000000       8021.0000
       3.9604626     0.017916959      0.39750323      0.17241371      0.19438444
       2.5245578       3.1739621       23.584227       111.83246       8.9182138
       20.753185
       0.0000000       109.00000      0.38016787       1.0000000       7366.0000
       3.9717932     0.036379322      0.40192297      0.14285707      0.17376916
       1.5499541       6.6266923       23.244028       111.85459       9.0845098
       22.774597
       0.0000000       108.00000      0.39992696       1.0000000       7391.0000
       4.0229821     0.048359808      0.40626910      0.20689654      0.18818115
     -0.20246251       11.387328       21.227579       111.13047       9.3449202
       26.830462
       0.0000000       107.00000      0.41996893       1.0000000       7220.0000
       4.0241184     0.053068116      0.41104323      0.20689654      0.18898542
      -4.6248407       15.510920       17.330111       108.21063       9.2937231
       29.999992
       0.0000000       106.00000      0.44029784       1.0000000       7116.0000
       4.0432916     0.062778331      0.41792783      0.14285707      0.17114787
      -10.279480       17.086557       12.937405       108.15902       9.3582487
       29.859962
       0.0000000       105.00000      0.46091780       1.0000000       6958.0000
       4.0418262     0.065031931      0.41652709      0.19999999      0.17452601
      -17.231686       16.296200       7.7140923       109.21024       9.2337103
       29.618019
       0.0000000       104.00000      0.48183295       1.0000000       6993.0000
       4.0748525     0.073816270      0.41042155      0.17241371      0.17603365
      -22.753847       15.257197       3.4745331       108.08990       9.3098516
       30.861996
       0.0000000       103.00000      0.50304753       1.0000000       6975.0000
       4.0492306     0.080034360      0.39699990      0.23333335      0.18466160
      -28.394814       13.369200     -0.99491656       108.74827       9.2527390
       30.205135
       0.0000000       102.00000      0.52456582       1.0000000       6708.0000
       4.0817256     0.086320832      0.38831460      0.17241371      0.19485696
      -34.427513       11.522937      -5.2789316       108.50654       9.3314724
       30.608433
       0.0000000       101.00000      0.54639220       1.0000000       6730.0000
       4.0644822     0.088401623      0.38411158      0.17241371      0.17710026
      -38.734646       9.6336718      -8.9632711       107.58229       9.2454624
       31.955544
       0.0000000       100.00000      0.57598084       1.0000000       6816.0000
       4.1022201     0.093193568      0.38245124      0.14814812      0.19150294
      -43.225441       3.3069193      -12.818713       106.47571       9.3592367
       35.742313
       0.0000000       99.000000      0.59854329       1.0000000       6837.0000
       4.1037908     0.095855296      0.37506092      0.14814812      0.18238048
      -43.524853      -3.3193555      -13.304857       109.28200       9.3389635
       34.831848
       0.0000000       98.000000      0.62142873       1.0000000       6514.0000
       4.1573138      0.10264547      0.36486822      0.24137926      0.19416152
      -41.438919      -8.0996304      -12.512579       113.38448       9.4580622
       34.279842
       0.0000000       97.000000      0.64464182       1.0000000       6620.0000
       4.1206818      0.11085417      0.35334080      0.13793099      0.16665697
      -37.837326      -8.7983799      -11.174731       120.78918       9.4739952
       29.623468
       0.0000000       96.000000      0.67611039       1.0000000       6620.0000
       4.0776587      0.12844902      0.35674670      0.21212131      0.17267115
      -30.977806      -13.394524      -8.1637831       127.05840       9.0977039
       20.669855
       0.0000000       95.000000      0.70010638       1.0000000       6547.0000
       4.0056953      0.16491494      0.39733857      0.31428570      0.16078697
      -21.203806      -22.839870      -6.8045640       130.96880       8.7658501
       15.404269
       0.0000000       94.000000      0.73263615       1.0000000       6381.0000
       4.1554546      0.24095687      0.37191457      0.28947371      0.16412559
      -14.238613      -16.926670      -18.112434       131.66078       9.6747885
       22.537226
       0.0000000       93.000000      0.75744140       1.0000000       6426.0000
       4.1133184      0.40418494      0.36005291      0.22857147      0.16902541
      -8.0752745      -19.930954      -23.073339       124.05582       9.3645020
       26.740330
       0.0000000       92.000000      0.79106826       1.0000000       5961.0000
       4.2647986      0.62153494      0.32896322      0.25000006      0.15691723
      -29.999626      -13.823356      -31.215927       123.86898       10.679349
       42.279545
       0.0000000       91.000000      0.81671000       1.0000000       5871.0000
       4.2910390      0.69670606      0.33835924      0.21212131      0.20674872
      -46.030525      -15.015767      -28.937664       127.26630       11.148820
       49.659584
       0.0000000       90.000000      0.85147089       1.0000000       5791.0000
       4.2806296      0.60240310      0.36740753      0.28125006      0.18221666
      -79.115540      -21.271854      -24.463600       125.07007       11.163960
       54.617569
       0.0000000       89.000000      0.88689691       1.0000000       5803.0000
       4.3148127      0.64884031      0.39340547      0.24137926      0.32267949
      -101.82783      -31.111832      -23.541504       126.40821       11.381377
       57.172077
       0.0000000       88.000000      0.92300081       1.0000000       4602.0000
       4.4133544      0.94812185      0.39189178      0.25000000      0.30545920
      -107.12712      -31.225277      -29.761518       130.63568       12.408877
       55.173420
       1.0000000       88.000000      0.92300081      -1.0000000       1.0000000
   0.00020554458       0.0000000      -1.0000000      -1.0000000      -1.0000000
      -1.0000000      -1.0000000      -1.0000000      -1.0000000      -1.0000000
      -1.0000000
       0.0000000       87.000000      0.95053136       1.0000000       4450.0000
       4.2498527       1.6030412      0.40803394      0.25000006      0.26487830
      -112.91869      -12.437523      -24.398766       130.25716       12.526537
       58.853661
       0.0000000       86.000000      0.98785281       1.0000000       4391.0000
       4.1758060       1.5709785      0.48774382      0.36666667      0.43732920
      -169.07585      0.38793719       54.714771       127.90928       12.766794
       62.992764
       0.0000000       85.000000      0.99729425       1.0000000       4431.0000
       4.1687527       1.4976053      0.51529735      0.34482753      0.49375966
      -185.02921      -2.6239333       78.248589       128.72289       12.802738
       59.928402
       0.0000000       84.000000       1.0355104       275.00000       140548.00
       4.1169190       1.3716912      0.54191327      0.54838705      0.58693707
      -210.88979      -23.644897       147.13120       128.37788       13.314663
       64.484474
       0.0000000       83.000000       1.0744579       281.00000       137674.00
       4.0411263       1.7845372      0.54925209      0.50000000      0.60088015
      -221.03304      -35.925358       193.28575       133.16019       14.006145
       63.443554
       1.0000000       83.000000       1.0744579      -1.0000000       2.0000000
    0.0024327157     0.067927204      -1.0000000      -1.0000000      -1.0000000
      -1.0000000      -1.0000000      -1.0000000      -1.0000000      -1.0000000
      -1.0000000
       0.0000000       82.000000       1.1141505       278.00000       131976.00
       4.0036054       2.1426711      0.53262949      0.51724136      0.58815968
      -214.40964      -13.315392       233.87560       135.04984       15.297667
       66.911407
       1.0000000       82.000000       1.1141505      -1.0000000       1.0000000
   0.00036059378     0.017168980      -1.0000000      -1.0000000      -1.0000000
      -1.0000000      -1.0000000      -1.0000000      -1.0000000      -1.0000000
      -1.0000000
       0.0000000       81.000000       1.1546028       267.00000       126660.00
       3.9111221       2.5679588      0.52580327      0.69999999      0.61362505
      -190.07420      -18.253563       276.01074       139.29161       16.691164
       65.380722
       1.0000000       81.000000       1.1546028      -1.0000000       1.0000000
       0.0000000       0.0000000      -1.0000000      -1.0000000      -1.0000000
      -1.0000000      -1.0000000      -1.0000000      -1.0000000      -1.0000000
      -1.0000000
       0.0000000       80.000000       1.2062581       267.00000       120392.00
       3.6542869       3.6717403      0.49433848      0.59375006      0.53799945
      -135.41109       16.404427       291.10995       141.50980       17.271528
       67.676178
       1.0000000       80.000000       1.2062581      -1.0000000       2.0000000
       0.0000000       0.0000000      -1.0000000      -1.0000000      -1.0000000
      -1.0000000      -1.0000000      -1.0000000      -1.0000000      -1.0000000
      -1.0000000
       0.0000000       79.000000       1.2484726       248.00000       114009.00
       3.4628623       3.7660923      0.48896286      0.53333330      0.52898949
      -133.65445       19.073252       283.29385       140.31500       17.870058
       63.041363
       1.0000000       79.000000       1.2484726      -1.0000000       1.0000000
    0.0094649075      0.10332753      -1.0000000      -1.0000000      -1.0000000
      -1.0000000      -1.0000000      -1.0000000      -1.0000000      -1.0000000
      -1.0000000
       0.0000000       78.000000       1.3023784       220.00000       104079.00
       3.2270138       4.2345777      0.46722090      0.56250006      0.52318221
      -166.84546       12.283909       234.40332       142.15268       18.334862
       56.168186
       1.0000000       78.000000       1.3023784      -1.0000000       3.0000000
    0.0016295238     0.023245648      -1.0000000      -1.0000000      -1.0000000
      -1.0000000      -1.0000000      -1.0000000      -1.0000000      -1.0000000
      -1.0000000
       0.0000000       77.000000       1.3575766       184.00000       91954.000
       2.9037731       3.1352375      0.46319321      0.57575762      0.47252887
      -119.04476       60.162827       241.83272       135.42929       17.069841
       74.159180
       0.0000000       76.000000       1.4140983       174.00000       86689.000
       2.6839700       3.0249066      0.49390820      0.62857145      0.56874245
      -195.03358       84.739098       189.72476       133.29501       16.121307
       71.889961
       1.0000000       76.000000       1.4140983      -1.0000000       2.0000000
      0.10458103      0.29501632      -1.0000000      -1.0000000      -1.0000000
      -1.0000000      -1.0000000      -1.0000000      -1.0000000      -1.0000000
      -1.0000000
       0.0000000       75.000000       1.4719748       166.00000       80723.000
       2.5352919       2.3210058      0.48312280      0.51724136      0.47953448
      -233.28836       58.277241       163.12392       132.46988       15.074955
       69.737686
       1.0000000       75.000000       1.4719748      -1.0000000       1.0000000
    0.0098570371      0.14252621      -1.0000000      -1.0000000      -1.0000000
      -1.0000000      -1.0000000      -1.0000000      -1.0000000      -1.0000000
      -1.0000000
       0.0000000       74.000000       1.5312390       188.00000       82407.000
       2.4272556       2.0455978      0.46839753      0.71052635      0.56930131
      -232.57973       20.262680       160.72244       126.67344       14.086967
       94.393730
       1.0000000       74.000000       1.5312390      -1.0000000       3.0000000
    0.0096924929      0.12535448      -1.0000000      -1.0000000      -1.0000000
      -1.0000000      -1.0000000      -1.0000000      -1.0000000      -1.0000000
      -1.0000000
       0.0000000       73.000000       1.6042346       1183.0000       168460.00
       2.3929348       1.7366078      0.49414665      0.68571424      0.58182132
      -211.91945      -13.501349       214.88458       124.75502       13.716723
       119.06329
       1.0000000       73.000000       1.6042346      -1.0000000       5.0000000
    0.0015953382     0.097932323      -1.0000000      -1.0000000      -1.0000000
      -1.0000000      -1.0000000      -1.0000000      -1.0000000      -1.0000000
      -1.0000000
       0.0000000       72.000000       1.6666696       1112.0000       159065.00
       2.2976320       2.1430109      0.48516503      0.56666672      0.54140764
      -202.77048      -3.7533760       231.58510       129.06203       13.811761
       116.27509
       1.0000000       72.000000       1.6666696      -1.0000000       3.0000000
    0.0038934941      0.10970682      -1.0000000      -1.0000000      -1.0000000
      -1.0000000      -1.0000000      -1.0000000      -1.0000000      -1.0000000
      -1.0000000
       0.0000000       71.000000       1.7435706       1014.0000       146131.00
       2.1502571       2.5986950      0.45492101      0.56250006      0.50503820
      -199.57390      -28.469706       203.01643       134.35117       13.798164
       116.60702
       1.0000000       71.000000       1.7435706      -1.0000000       4.0000000
    0.0014262692     0.070592046      -1.0000000      -1.0000000      -1.0000000
      -1.0000000      -1.0000000      -1.0000000      -1.0000000      -1.0000000
      -1.0000000
       0.0000000       70.000000       1.8226893       1019.0000       140035.00
       1.8893988       3.2142167      0.42550576      0.64705884      0.47253495
      -136.78528      -28.928785       180.00656       131.90457       13.450425
       126.62060
       1.0000000       70.000000       1.8226893      -1.0000000       4.0000000
    0.0013194543     0.031044301      -1.0000000      -1.0000000      -1.0000000
      -1.0000000      -1.0000000      -1.0000000      -1.0000000      -1.0000000
      -1.0000000
       0.0000000       69.000000       1.9040896       960.00000       131058.00
       1.6913439       2.6543128      0.41133380      0.53125000      0.40643734
      -152.25752      -32.783997       151.19307       127.50423       12.970462
       137.29713
       1.0000000       69.000000       1.9040896      -1.0000000       1.0000000
   0.00018297491       0.0000000      -1.0000000      -1.0000000      -1.0000000
      -1.0000000      -1.0000000      -1.0000000      -1.0000000      -1.0000000
      -1.0000000
       0.0000000       68.000000       2.0020282       936.00000       121347.00
       1.5091053       2.3832963      0.41851404      0.53125000      0.44659194
      -108.90154      -65.948608       177.88879       127.29398       11.853927
       145.28105
       1.0000000       68.000000       2.0020282      -1.0000000       5.0000000
    0.0029831899     0.065850158      -1.0000000      -1.0000000      -1.0000000
      -1.0000000      -1.0000000      -1.0000000      -1.0000000      -1.0000000
      -1.0000000
       0.0000000       67.000000       2.1032696      -1.0000000       115113.00
       1.3967326       2.3155527      -1.0000000      -1.0000000      -1.0000000
      -1.0000000      -1.0000000      -1.0000000       133.39655       12.132786
       142.37268
       1.0000000       67.000000       2.1032696      -1.0000000       2.0000000
    0.0064903515      0.15486427      -1.0000000      -1.0000000      -1.0000000
      -1.0000000      -1.0000000      -1.0000000      -1.0000000      -1.0000000
      -1.0000000
       0.0000000       66.000000       2.2079256      -1.0000000       111618.00
       1.2021617       2.9178181      -1.0000000      -1.0000000      -1.0000000
      -1.0000000      -1.0000000      -1.0000000       140.62306       11.979210
       127.90711
       1.0000000       66.000000       2.2079256      -1.0000000       4.0000000
    0.0012547830     0.034893299      -1.0000000      -1.0000000      -1.0000000
      -1.0000000      -1.0000000      -1.0000000      -1.0000000      -1.0000000
      -1.0000000
       0.0000000       65.000000       2.3161108      -1.0000000       104769.00
       1.0742089       2.6652737      -1.0000000      -1.0000000      -1.0000000
      -1.0000000      -1.0000000      -1.0000000       147.71849       11.677489
       110.97640
       1.0000000       65.000000       2.3161108      -1.0000000       2.0000000
    0.0010202469    0.0050237691      -1.0000000      -1.0000000      -1.0000000
      -1.0000000      -1.0000000      -1.0000000      -1.0000000      -1.0000000
      -1.0000000
       0.0000000       64.000000       2.4442258      -1.0000000       95877.000
      0.94099820       4.3267417      -1.0000000      -1.0000000      -1.0000000
      -1.0000000      -1.0000000      -1.0000000       149.14761       22.937067
       95.053085
       2.0000000       64.000000       2.4442258      0.74456930       63.000000
      0.26825339      0.40460551      -1.0000000      -1.0000000      -1.0000000
      -1.0000000      -1.0000000      -1.0000000      -1.0000000      -1.0000000
      -1.0000000
       1.0000000       64.000000       2.4442258      -1.0000000       2.0000000
     0.010598055      0.24008629      -1.0000000      -1.0000000      -1.0000000
      -1.0000000      -1.0000000      -1.0000000      -1.0000000      -1.0000000
      -1.0000000
       0.0000000       63.000000       2.5772903      -1.0000000       86809.000
      0.36027995       1.1617482      -1.0000000      -1.0000000      -1.0000000
      -1.0000000      -1.0000000      -1.0000000       129.34119       4.8728414
       122.69311
       1.0000000       63.000000       2.5772903      -1.0000000       3.0000000
     0.014858327      0.14457105      -1.0000000      -1.0000000      -1.0000000
      -1.0000000      -1.0000000      -1.0000000      -1.0000000      -1.0000000
      -1.0000000
       0.0000000       62.000000       2.7331426      -1.0000000       78149.000
      0.24835347      0.95788926      -1.0000000      -1.0000000      -1.0000000
      -1.0000000      -1.0000000      -1.0000000       104.17397       3.7520761
       132.24547
       1.0000000       62.000000       2.7331426      -1.0000000       5.0000000
    0.0057353533      0.10550561      -1.0000000      -1.0000000      -1.0000000
      -1.0000000      -1.0000000      -1.0000000      -1.0000000      -1.0000000
      -1.0000000
       0.0000000       61.000000       2.8957851      -1.0000000       77146.000
      0.20137760      0.44733146      -1.0000000      -1.0000000      -1.0000000
      -1.0000000      -1.0000000      -1.0000000       93.380249       2.5062089
       152.17053
       1.0000000       61.000000       2.8957851      -1.0000000       3.0000000
     0.011005757      0.10102945      -1.0000000      -1.0000000      -1.0000000
      -1.0000000      -1.0000000      -1.0000000      -1.0000000      -1.0000000
      -1.0000000
       0.0000000       60.000000       3.0081310      -1.0000000       70582.000
      0.18489885      0.50415206      -1.0000000      -1.0000000      -1.0000000
      -1.0000000      -1.0000000      -1.0000000       89.352936       2.2327695
       128.96436
       0.0000000       59.000000       3.0848227      -1.0000000       67179.000
      0.17200579      0.47254947      -1.0000000      -1.0000000      -1.0000000
      -1.0000000      -1.0000000      -1.0000000       90.054100       2.1143606
       126.39185
       0.0000000       58.000000       3.2830331      -1.0000000       59555.000
      0.12743719      0.46587017      -1.0000000      -1.0000000      -1.0000000
      -1.0000000      -1.0000000      -1.0000000       89.745255       1.9264781
       107.77536
       1.0000000       58.000000       3.2830331      -1.0000000       2.0000000
       0.0000000       0.0000000      -1.0000000      -1.0000000      -1.0000000
      -1.0000000      -1.0000000      -1.0000000      -1.0000000      -1.0000000
      -1.0000000
       0.0000000       57.000000       3.4908614      -1.0000000       53239.000
      0.10108369      0.29606381      -1.0000000      -1.0000000      -1.0000000
      -1.0000000      -1.0000000      -1.0000000       82.063850       1.5197747
       110.30344
       1.0000000       57.000000       3.4908614      -1.0000000       3.0000000
       0.0000000       0.0000000      -1.0000000      -1.0000000      -1.0000000
      -1.0000000      -1.0000000      -1.0000000      -1.0000000      -1.0000000
      -1.0000000
