       0.0000000       135.00000       0.0000000       2645.0000       458741.00
       1.7029115       2.2401309      0.36975858      0.48387092      0.34268454
      -52.786499       58.575859       54.843895       80.536453       11.619106
       67.024887
       0.0000000       134.00000    0.0095216669       2651.0000       456703.00
       1.6921349       2.2541733      0.38225651      0.57575762      0.39140356
      -56.813107       53.949593       64.787010       80.266006       11.886661
       67.320900
       0.0000000       133.00000     0.023974428       2632.0000       452526.00
       1.6510522       1.9369093      0.37630287      0.50000000      0.39749205
      -55.225681       49.813862       73.873474       80.368294       11.256512
       69.217484
       1.0000000       133.00000     0.023974428      -1.0000000       1.0000000
     0.060304083      0.36380190      -1.0000000      -1.0000000      -1.0000000
      -1.0000000      -1.0000000      -1.0000000      -1.0000000      -1.0000000
      -1.0000000
       0.0000000       132.00000     0.033724371       2645.0000       451888.00
       1.6473322       2.1359084      0.40007830      0.54545456      0.38494506
      -48.907650       53.117706       79.815910       79.785019       11.642177
       70.251572
       0.0000000       131.00000     0.048523631       2679.0000       448979.00
       1.5914931       2.0799968      0.39951327      0.47058821      0.34595618
      -44.837566       52.065838       79.256760       79.648621       10.971789
       71.255356
       0.0000000       130.00000     0.058507323       2686.0000       446330.00
       1.5878371       2.1532631      0.38429353      0.50000000      0.37056315
      -45.451180       44.970287       82.109337       78.606392       11.494195
       71.282959
       0.0000000       129.00000     0.073661387       2670.0000       443092.00
       1.5662755       1.9075279      0.36741182      0.51515150      0.39639917
      -39.929741       45.915359       75.813286       78.104485       11.261344
       74.287659
       0.0000000       128.00000     0.083884433       2680.0000       440971.00
       1.5469984       1.9753333      0.36287513      0.40625006      0.31504986
      -45.416435       45.951675       66.079422       78.646271       11.086918
       75.310272
       0.0000000       127.00000     0.099401802       2700.0000       439472.00
       1.5310370       2.2644167      0.34863845      0.41935480      0.31777129
      -45.453911       43.766048       60.587608       79.069954       11.891745
       76.419319
       0.0000000       126.00000      0.10986994       2707.0000       437578.00
       1.4986560       2.1663289      0.33623248      0.48571426      0.31672940
      -44.159634       46.596550       46.803101       78.890961       11.495735
       78.052460
       0.0000000       125.00000      0.12575933       2762.0000       436596.00
       1.4450635       2.1933315      0.33068606      0.52777779      0.29594618
      -36.546082       32.218983       41.871891       78.031288       11.025111
       77.376587
       1.0000000       125.00000      0.12575933      -1.0000000       1.0000000
   0.00020147992     0.028927125      -1.0000000      -1.0000000      -1.0000000
      -1.0000000      -1.0000000      -1.0000000      -1.0000000      -1.0000000
      -1.0000000
       0.0000000       124.00000      0.14187621       2778.0000       433769.00
       1.4087365       1.6282712      0.33982000      0.50000000      0.27205092
      -28.802036       27.466063       45.629078       76.608147       10.641663
       76.353302
       0.0000000       123.00000      0.15274876       2765.0000       431683.00
       1.4719706       1.5543143      0.33926880      0.55263156      0.30378082
      -29.719315       25.962641       54.434090       77.572395       11.150742
       75.621895
       1.0000000       123.00000      0.15274876      -1.0000000       1.0000000
       0.0000000       0.0000000      -1.0000000      -1.0000000      -1.0000000
      -1.0000000      -1.0000000      -1.0000000      -1.0000000      -1.0000000
      -1.0000000
       0.0000000       122.00000      0.16925204       2767.0000       428801.00
       1.3179047       1.5395026      0.33869651      0.62500000      0.30902338
      -40.076241       25.314663       74.583893       81.234695       10.029295
       76.207397
       1.0000000       122.00000      0.16925204      -1.0000000       1.0000000
    0.0018719619     0.051445920      -1.0000000      -1.0000000      -1.0000000
      -1.0000000      -1.0000000      -1.0000000      -1.0000000      -1.0000000
      -1.0000000
       0.0000000       121.00000      0.18038526       2751.0000       425722.00
       1.4203602       2.5095258      0.35131288      0.62162161      0.37795952
      -57.062180       19.685686       79.233269       82.680275       13.345675
       78.975388
       0.0000000       120.00000      0.19728418       2739.0000       422070.00
       1.4524710       2.5439754      0.36458108      0.68888891      0.46257704
      -71.766342       68.669800       94.535217       86.536110       12.341269
       80.653748
       0.0000000       119.00000      0.21442504      -1.0000000       419426.00
       1.0364329       1.9464010      -1.0000000      -1.0000000      -1.0000000
      -1.0000000      -1.0000000      -1.0000000       80.170540       8.9976816
       83.335548
       2.0000000       119.00000      0.21442504      0.37817797       111.00000
      0.33967370      0.63513178      -1.0000000      -1.0000000      -1.0000000
      -1.0000000      -1.0000000      -1.0000000      -1.0000000      -1.0000000
      -1.0000000
       0.0000000       118.00000      0.22598839      -1.0000000       426021.00
       1.0194296       1.7866044      -1.0000000      -1.0000000      -1.0000000
      -1.0000000      -1.0000000      -1.0000000       79.572861       8.7457247
       82.711685
       0.0000000       117.00000      0.24354018      -1.0000000       423041.00
      0.99864948       1.4909235      -1.0000000      -1.0000000      -1.0000000
      -1.0000000      -1.0000000      -1.0000000       81.612411       8.3647566
       81.273857
       1.0000000       117.00000      0.24354018      -1.0000000       2.0000000
       0.0000000       0.0000000      -1.0000000      -1.0000000      -1.0000000
      -1.0000000      -1.0000000      -1.0000000      -1.0000000      -1.0000000
      -1.0000000
       0.0000000       116.00000      0.26134327      -1.0000000       420353.00
      0.97628939       1.6378076      -1.0000000      -1.0000000      -1.0000000
      -1.0000000      -1.0000000      -1.0000000       85.297714       8.3308334
       75.505424
       1.0000000       116.00000      0.26134327      -1.0000000       1.0000000
       0.0000000       0.0000000      -1.0000000      -1.0000000      -1.0000000
      -1.0000000      -1.0000000      -1.0000000      -1.0000000      -1.0000000
      -1.0000000
       0.0000000       115.00000      0.27335334      -1.0000000       418589.00
      0.97539961       1.8127162      -1.0000000      -1.0000000      -1.0000000
      -1.0000000      -1.0000000      -1.0000000       87.694344       9.0653658
       72.078712
       0.0000000       114.00000      0.29158324      -1.0000000       415862.00
       1.0132458       1.6631497      -1.0000000      -1.0000000      -1.0000000
      -1.0000000      -1.0000000      -1.0000000       93.426521       10.444173
       65.053802
       0.0000000       113.00000      0.31007412      -1.0000000       412944.00
       1.0043833       1.5560162      -1.0000000      -1.0000000      -1.0000000
      -1.0000000      -1.0000000      -1.0000000       100.03362       10.244879
       55.919029
       1.0000000       113.00000      0.31007412      -1.0000000       1.0000000
    0.0024571328     0.044182058      -1.0000000      -1.0000000      -1.0000000
      -1.0000000      -1.0000000      -1.0000000      -1.0000000      -1.0000000
      -1.0000000
       0.0000000       112.00000      0.32882974      -1.0000000       408509.00
      0.96746922       1.8727500      -1.0000000      -1.0000000      -1.0000000
      -1.0000000      -1.0000000      -1.0000000       96.423164       10.189638
       61.315918
       0.0000000       111.00000      0.34785384      -1.0000000       405284.00
      0.89818478       1.0544708      -1.0000000      -1.0000000      -1.0000000
      -1.0000000      -1.0000000      -1.0000000       83.183022       7.8929572
       72.946976
       1.0000000       111.00000      0.34785384      -1.0000000       1.0000000
   0.00025227710    0.0055540055      -1.0000000      -1.0000000      -1.0000000
      -1.0000000      -1.0000000      -1.0000000      -1.0000000      -1.0000000
      -1.0000000
       0.0000000       110.00000      0.36068764      -1.0000000       402292.00
      0.89521426       1.0494527      -1.0000000      -1.0000000      -1.0000000
      -1.0000000      -1.0000000      -1.0000000       79.346695       7.7108622
       74.251472
       0.0000000       109.00000      0.38016787      -1.0000000       398965.00
      0.89464414       1.1071360      -1.0000000      -1.0000000      -1.0000000
      -1.0000000      -1.0000000      -1.0000000       76.178108       7.6477261
       71.525658
       0.0000000       108.00000      0.39992696      -1.0000000       396733.00
      0.88774902       1.1826676      -1.0000000      -1.0000000      -1.0000000
      -1.0000000      -1.0000000      -1.0000000       75.574501       7.8816953
       70.606773
       0.0000000       107.00000      0.41996893      -1.0000000       391391.00
      0.88698977       1.2256147      -1.0000000      -1.0000000      -1.0000000
      -1.0000000      -1.0000000      -1.0000000       75.970764       7.9614534
       68.885284
       0.0000000       106.00000      0.44029784      -1.0000000       387307.00
      0.86890668       1.3643452      -1.0000000      -1.0000000      -1.0000000
      -1.0000000      -1.0000000      -1.0000000       75.497810       7.9737515
       67.523087
       0.0000000       105.00000      0.46091780      -1.0000000       384162.00
      0.85584110       1.5238283      -1.0000000      -1.0000000      -1.0000000
      -1.0000000      -1.0000000      -1.0000000       75.326698       8.0005474
       65.467339
       0.0000000       104.00000      0.48183295      -1.0000000       381351.00
      0.82795620       1.8036370      -1.0000000      -1.0000000      -1.0000000
      -1.0000000      -1.0000000      -1.0000000       75.719704       8.2687502
       62.531254
       1.0000000       104.00000      0.48183295      -1.0000000       1.0000000
   0.00053690124    0.0087036463      -1.0000000      -1.0000000      -1.0000000
      -1.0000000      -1.0000000      -1.0000000      -1.0000000      -1.0000000
      -1.0000000
       0.0000000       103.00000      0.50304753      -1.0000000       378731.00
      0.80799270       1.5933331      -1.0000000      -1.0000000      -1.0000000
      -1.0000000      -1.0000000      -1.0000000       75.220955       8.0128021
       61.905437
       1.0000000       103.00000      0.50304753      -1.0000000       1.0000000
       0.0000000       0.0000000      -1.0000000      -1.0000000      -1.0000000
      -1.0000000      -1.0000000      -1.0000000      -1.0000000      -1.0000000
      -1.0000000
       0.0000000       102.00000      0.52456582      -1.0000000       376999.00
      0.80108869       1.3774556      -1.0000000      -1.0000000      -1.0000000
      -1.0000000      -1.0000000      -1.0000000       75.645584       7.9998217
       60.356594
       0.0000000       101.00000      0.54639220      -1.0000000       374836.00
      0.77561563       1.2999123      -1.0000000      -1.0000000      -1.0000000
      -1.0000000      -1.0000000      -1.0000000       75.675484       7.7540045
       60.827400
       0.0000000       100.00000      0.57598084      -1.0000000       371574.00
      0.75947529       1.6865478      -1.0000000      -1.0000000      -1.0000000
      -1.0000000      -1.0000000      -1.0000000       76.210144       8.0267906
       59.755360
       0.0000000       99.000000      0.59854329      -1.0000000       399586.00
      0.72969759       1.6715913      -1.0000000      -1.0000000      -1.0000000
      -1.0000000      -1.0000000      -1.0000000       76.363754       7.8117085
       60.421753
       0.0000000       98.000000      0.62142873      -1.0000000       390899.00
      0.70863169       1.4479223      -1.0000000      -1.0000000      -1.0000000
      -1.0000000      -1.0000000      -1.0000000       75.747879       7.6959834
       61.563263
       1.0000000       98.000000      0.62142873      -1.0000000       1.0000000
       0.0000000       0.0000000      -1.0000000      -1.0000000      -1.0000000
      -1.0000000      -1.0000000      -1.0000000      -1.0000000      -1.0000000
      -1.0000000
       0.0000000       97.000000      0.64464182      -1.0000000       387562.00
      0.69226217       1.1883429      -1.0000000      -1.0000000      -1.0000000
      -1.0000000      -1.0000000      -1.0000000       76.700089       7.2784781
       61.995876
       1.0000000       97.000000      0.64464182      -1.0000000       2.0000000
       0.0000000       0.0000000      -1.0000000      -1.0000000      -1.0000000
      -1.0000000      -1.0000000      -1.0000000      -1.0000000      -1.0000000
      -1.0000000
       0.0000000       96.000000      0.67611039      -1.0000000       383393.00
      0.69724452       1.4118183      -1.0000000      -1.0000000      -1.0000000
      -1.0000000      -1.0000000      -1.0000000       78.068321       7.9916363
       59.472950
       0.0000000       95.000000      0.70010638      -1.0000000       377919.00
      0.68118477       1.5552750      -1.0000000      -1.0000000      -1.0000000
      -1.0000000      -1.0000000      -1.0000000       79.514656       7.7589078
       59.116196
       0.0000000       94.000000      0.73263615      -1.0000000       372848.00
      0.63530862       1.8193177      -1.0000000      -1.0000000      -1.0000000
      -1.0000000      -1.0000000      -1.0000000       79.167366       7.9062781
       64.031952
       0.0000000       93.000000      0.75744140      -1.0000000       368553.00
      0.60118264       1.7616824      -1.0000000      -1.0000000      -1.0000000
      -1.0000000      -1.0000000      -1.0000000       77.424904       7.8664823
       67.659424
       0.0000000       92.000000      0.79106826      -1.0000000       361743.00
      0.58495587       1.6810483      -1.0000000      -1.0000000      -1.0000000
      -1.0000000      -1.0000000      -1.0000000       76.801117       7.9042592
       73.051254
       1.0000000       92.000000      0.79106826      -1.0000000       1.0000000
       0.0000000       0.0000000      -1.0000000      -1.0000000      -1.0000000
      -1.0000000      -1.0000000      -1.0000000      -1.0000000      -1.0000000
      -1.0000000
       0.0000000       91.000000      0.81671000      -1.0000000       358009.00
      0.56123394       1.5027294      -1.0000000      -1.0000000      -1.0000000
      -1.0000000      -1.0000000      -1.0000000       77.546242       7.4636035
       76.415688
       0.0000000       90.000000      0.85147089      -1.0000000       353042.00
      0.53095061       1.4610356      -1.0000000      -1.0000000      -1.0000000
      -1.0000000      -1.0000000      -1.0000000       77.679825       7.2813978
       80.207108
       0.0000000       89.000000      0.88689691      -1.0000000       352836.00
      0.53723544       1.5463725      -1.0000000      -1.0000000      -1.0000000
      -1.0000000      -1.0000000      -1.0000000       78.258553       7.6504526
       84.805969
       0.0000000       88.000000      0.92300081      -1.0000000       345828.00
      0.47711143       1.2631319      -1.0000000      -1.0000000      -1.0000000
      -1.0000000      -1.0000000      -1.0000000       79.478722       6.3745441
       89.671654
       1.0000000       88.000000      0.92300081      -1.0000000       1.0000000
       0.0000000       0.0000000      -1.0000000      -1.0000000      -1.0000000
      -1.0000000      -1.0000000      -1.0000000      -1.0000000      -1.0000000
      -1.0000000
       0.0000000       87.000000      0.95053136      -1.0000000       340744.00
      0.54553437       1.6247610      -1.0000000      -1.0000000      -1.0000000
      -1.0000000      -1.0000000      -1.0000000       80.442047       8.8268080
       91.330162
       0.0000000       86.000000      0.98785281      -1.0000000       334823.00
      0.45234159      0.86944830      -1.0000000      -1.0000000      -1.0000000
      -1.0000000      -1.0000000      -1.0000000       84.125755       5.3748636
       88.844978
       0.0000000       85.000000      0.99729425      -1.0000000       334528.00
      0.47232544       1.2723075      -1.0000000      -1.0000000      -1.0000000
      -1.0000000      -1.0000000      -1.0000000       83.521011       7.1398058
       87.577873
       0.0000000       84.000000       1.0355104      -1.0000000       332137.00
     0.059472952     0.087847695      -1.0000000      -1.0000000      -1.0000000
      -1.0000000      -1.0000000      -1.0000000       38.336193      0.34545916
       5.2368722
       2.0000000       84.000000       1.0355104       2.4591420       83.000000
      0.33363202       3.4751987      -1.0000000      -1.0000000      -1.0000000
      -1.0000000      -1.0000000      -1.0000000      -1.0000000      -1.0000000
      -1.0000000
       1.0000000       84.000000       1.0355104      -1.0000000       1.0000000
    0.0018797751     0.022761254      -1.0000000      -1.0000000      -1.0000000
      -1.0000000      -1.0000000      -1.0000000      -1.0000000      -1.0000000
      -1.0000000
       0.0000000       83.000000       1.0744579      -1.0000000       328075.00
      0.13567010      0.17464767      -1.0000000      -1.0000000      -1.0000000
      -1.0000000      -1.0000000      -1.0000000       51.249245      0.99502325
       8.5477009
       0.0000000       82.000000       1.1141505      -1.0000000       323286.00
      0.33244824       1.8487839      -1.0000000      -1.0000000      -1.0000000
      -1.0000000      -1.0000000      -1.0000000       102.34241       7.8767257
       63.716980
       0.0000000       81.000000       1.1546028      -1.0000000       319032.00
      0.26213211      0.98982751      -1.0000000      -1.0000000      -1.0000000
      -1.0000000      -1.0000000      -1.0000000       95.629425       4.8312750
       77.315498
       0.0000000       80.000000       1.2062581      -1.0000000       311273.00
      0.22348660      0.79394138      -1.0000000      -1.0000000      -1.0000000
      -1.0000000      -1.0000000      -1.0000000       77.899780       3.7725673
       67.753227
       0.0000000       79.000000       1.2484726      -1.0000000       308008.00
      0.20927639      0.94410539      -1.0000000      -1.0000000      -1.0000000
      -1.0000000      -1.0000000      -1.0000000       72.343704       3.9536130
       74.511810
       0.0000000       78.000000       1.3023784      -1.0000000       303565.00
      0.19406337      0.76578009      -1.0000000      -1.0000000      -1.0000000
      -1.0000000      -1.0000000      -1.0000000       64.787949       3.6053848
       67.191284
       1.0000000       78.000000       1.3023784      -1.0000000       2.0000000
       0.0000000       0.0000000      -1.0000000      -1.0000000      -1.0000000
      -1.0000000      -1.0000000      -1.0000000      -1.0000000      -1.0000000
      -1.0000000
       0.0000000       77.000000       1.3575766      -1.0000000       300553.00
      0.18818429      0.71001196      -1.0000000      -1.0000000      -1.0000000
      -1.0000000      -1.0000000      -1.0000000       68.619003       3.6646085
       40.130173
       0.0000000       76.000000       1.4140983      -1.0000000       295665.00
      0.16688240      0.68758935      -1.0000000      -1.0000000      -1.0000000
      -1.0000000      -1.0000000      -1.0000000       67.127457       3.3165152
       50.319595
       0.0000000       75.000000       1.4719748      -1.0000000       358607.00
      0.15976885      0.58940077      -1.0000000      -1.0000000      -1.0000000
      -1.0000000      -1.0000000      -1.0000000       67.059959       3.3026490
       52.676460
       0.0000000       74.000000       1.5312390      -1.0000000       354157.00
      0.15235108      0.65285152      -1.0000000      -1.0000000      -1.0000000
      -1.0000000      -1.0000000      -1.0000000       68.738235       3.1589007
       52.093102
       0.0000000       73.000000       1.6042346      -1.0000000       348252.00
      0.13731429      0.53338712      -1.0000000      -1.0000000      -1.0000000
      -1.0000000      -1.0000000      -1.0000000       66.683426       3.1177144
       55.288937
       0.0000000       72.000000       1.6666696      -1.0000000       340896.00
      0.12505375      0.55316889      -1.0000000      -1.0000000      -1.0000000
      -1.0000000      -1.0000000      -1.0000000       67.259262       2.7519765
       55.973244
       0.0000000       71.000000       1.7435706      -1.0000000       331017.00
      0.11079366      0.54558074      -1.0000000      -1.0000000      -1.0000000
      -1.0000000      -1.0000000      -1.0000000       65.260361       2.9530814
       56.527042
       0.0000000       70.000000       1.8226893      -1.0000000       322313.00
      0.10613954      0.59357190      -1.0000000      -1.0000000      -1.0000000
      -1.0000000      -1.0000000      -1.0000000       66.076035       3.0709450
       58.874657
       0.0000000       69.000000       1.9040896      -1.0000000       312330.00
     0.091368385      0.56609255      -1.0000000      -1.0000000      -1.0000000
      -1.0000000      -1.0000000      -1.0000000       64.394180       2.8314185
       64.009216
       1.0000000       69.000000       1.9040896      -1.0000000       1.0000000
       0.0000000       0.0000000      -1.0000000      -1.0000000      -1.0000000
      -1.0000000      -1.0000000      -1.0000000      -1.0000000      -1.0000000
      -1.0000000
       0.0000000       68.000000       2.0020282      -1.0000000       305128.00
     0.079806298      0.44858387      -1.0000000      -1.0000000      -1.0000000
      -1.0000000      -1.0000000      -1.0000000       62.142529       2.7749956
       68.379799
       0.0000000       67.000000       2.1032696      -1.0000000       297573.00
     0.082367204      0.50773168      -1.0000000      -1.0000000      -1.0000000
      -1.0000000      -1.0000000      -1.0000000       65.856209       3.3634002
       64.840721
       0.0000000       66.000000       2.2079256      -1.0000000       287139.00
     0.071899883      0.64458823      -1.0000000      -1.0000000      -1.0000000
      -1.0000000      -1.0000000      -1.0000000       70.345764       3.4309196
       57.552578
       0.0000000       65.000000       2.3161108      -1.0000000       273806.00
     0.051898330       1.2110564      -1.0000000      -1.0000000      -1.0000000
      -1.0000000      -1.0000000      -1.0000000       75.388474       5.2499743
       51.432247
       1.0000000       65.000000       2.3161108      -1.0000000       1.0000000
       0.0000000       0.0000000      -1.0000000      -1.0000000      -1.0000000
      -1.0000000      -1.0000000      -1.0000000      -1.0000000      -1.0000000
      -1.0000000
       0.0000000       64.000000       2.4442258      -1.0000000       261287.00
     0.033323247      0.73774719      -1.0000000      -1.0000000      -1.0000000
      -1.0000000      -1.0000000      -1.0000000       69.422752       3.7696676
       59.230492
       2.0000000       64.000000       2.4442258      0.80182004       63.000000
     0.016089357      0.11652521      -1.0000000      -1.0000000      -1.0000000
      -1.0000000      -1.0000000      -1.0000000      -1.0000000      -1.0000000
      -1.0000000
       0.0000000       63.000000       2.5772903      -1.0000000       250484.00
     0.020066045      0.30604848      -1.0000000      -1.0000000      -1.0000000
      -1.0000000      -1.0000000      -1.0000000       58.661846       1.7991097
       71.404900
       0.0000000       62.000000       2.7331426      -1.0000000       238473.00
     0.017125398      0.40236375      -1.0000000      -1.0000000      -1.0000000
      -1.0000000      -1.0000000      -1.0000000       51.060173       1.9738998
       53.739685
       0.0000000       61.000000       2.8957851      -1.0000000       219182.00
     0.014110319      0.24561758      -1.0000000      -1.0000000      -1.0000000
      -1.0000000      -1.0000000      -1.0000000       51.643429       1.3156250
       54.169682
       1.0000000       61.000000       2.8957851      -1.0000000       1.0000000
       0.0000000       0.0000000      -1.0000000      -1.0000000      -1.0000000
      -1.0000000      -1.0000000      -1.0000000      -1.0000000      -1.0000000
      -1.0000000
