       0.0000000       135.00000       0.0000000       3029.0000       467585.00
       2.5157814       1.9116011      0.47993383      0.61111116      0.58505321
       117.15855       149.42514       21.949963       87.330360       13.494114
       50.989307
       0.0000000       134.00000    0.0095216669       3049.0000       465905.00
       2.4634726       1.9048384      0.48053783      0.64864868      0.59821492
       120.03417       148.50529       22.990137       87.283371       13.353626
       51.105461
       1.0000000       134.00000    0.0095216669      -1.0000000       1.0000000
   0.00020760331       0.0000000      -1.0000000      -1.0000000      -1.0000000
      -1.0000000      -1.0000000      -1.0000000      -1.0000000      -1.0000000
      -1.0000000
       0.0000000       133.00000     0.023974428       3055.0000       462358.00
       2.4763618       1.7833411      0.47842154      0.57142854      0.57494998
       110.82691       154.22034       25.492741       87.026733       13.503043
       52.012806
       0.0000000       132.00000     0.033724371       3072.0000       461777.00
       2.4180019       1.9142845      0.48485905      0.56250006      0.57922906
       108.93002       157.83838       31.327332       86.978752       13.137236
       52.542786
       0.0000000       131.00000     0.048523631       3093.0000       458581.00
       2.4041326       1.8174635      0.48327482      0.62162161      0.58999604
       105.69271       157.34660       38.873653       85.659004       13.097314
       52.730427
       1.0000000       131.00000     0.048523631      -1.0000000       1.0000000
   0.00048459144    0.0043156720      -1.0000000      -1.0000000      -1.0000000
      -1.0000000      -1.0000000      -1.0000000      -1.0000000      -1.0000000
      -1.0000000
       0.0000000       130.00000     0.058507323       3096.0000       455894.00
       2.3780172       1.6880362      0.48642501      0.57142854      0.56666547
       107.70544       157.43179       46.173733       86.137314       13.058884
       52.613377
       0.0000000       129.00000     0.073661387       3113.0000       453352.00
       2.3552241       1.8856349      0.48968998      0.57575762      0.57146120
       124.74773       149.84105       58.552952       87.350868       13.238073
       52.305027
       0.0000000       128.00000     0.083884433       3120.0000       451056.00
       2.3099740       1.8758492      0.48903072      0.55555552      0.58958256
       132.39073       138.74673       59.911224       88.924866       12.713958
       52.404419
       0.0000000       127.00000     0.099401802       3144.0000       449649.00
       2.2668383       2.1307898      0.47863069      0.55882359      0.56153351
       143.64940       126.41670       50.378586       87.846268       13.130551
       52.439007
       0.0000000       126.00000      0.10986994       3141.0000       447443.00
       2.2375102       1.8207496      0.49313900      0.54545456      0.59208858
       149.74141       130.27524       46.353146       87.098763       12.794939
       52.641159
       0.0000000       125.00000      0.12575933       3147.0000       445103.00
       2.2290790       1.7162478      0.49239871      0.51612902      0.58012164
       147.80431       136.17033       36.352459       87.334923       12.836071
       52.731079
       0.0000000       124.00000      0.14187621       3188.0000       443014.00
       2.1803803       2.0360093      0.48761877      0.62162161      0.58217019
       133.39355       149.72215       38.794296       88.477737       12.755793
       53.030025
       0.0000000       123.00000      0.15274876       3223.0000       441914.00
       2.1736476       1.8962947      0.48018768      0.58823532      0.58619076
       137.11189       145.10754       43.481964       88.315643       12.733349
       53.265438
       0.0000000       122.00000      0.16925204       3305.0000       440612.00
       2.1123891       1.7800959      0.48192176      0.58823532      0.61277658
       155.92651       132.22459       55.790665       87.116638       12.159460
       54.315990
       0.0000000       121.00000      0.18038526       3338.0000       438547.00
       2.1365025       1.6804769      0.48570752      0.57575762      0.59551078
       164.69496       127.52553       54.003868       86.847321       12.784128
       54.278557
       0.0000000       120.00000      0.19728418       3334.0000       435110.00
       2.0578971       1.6034105      0.48468968      0.53125000      0.59995294
       168.76103       130.99762       33.161617       87.905495       11.786119
       54.194744
       0.0000000       119.00000      0.21442504       3338.0000       432574.00
       2.0664916       1.3956423      0.48173392      0.57142854      0.59286237
       165.03226       141.08620       15.395520       88.088272       12.039742
       53.272053
       0.0000000       118.00000      0.22598839       3358.0000       431242.00
       2.0439174       1.6744056      0.47750962      0.58823532      0.56690407
       148.93190       151.26073       15.220310       89.356216       12.201362
       53.185337
       0.0000000       117.00000      0.24354018       3419.0000       428615.00
       1.9905539       2.0633295      0.46810964      0.51612902      0.54944372
       145.03789       140.62337       31.719074       89.797523       12.221908
       53.555630
       0.0000000       116.00000      0.26134327       3437.0000       425816.00
       1.9542577       1.8113943      0.45812094      0.51515150      0.56362206
       137.44263       138.99025       35.154587       88.556114       12.358290
       54.347256
       0.0000000       115.00000      0.27335334       3459.0000       423657.00
       1.9159930       1.6130075      0.45499659      0.48387092      0.52660865
       126.40314       149.81624       35.070438       88.424942       11.870502
       54.991634
       0.0000000       114.00000      0.29158324       3474.0000       420874.00
       1.9196022       1.7158579      0.45512876      0.42857134      0.51016319
       128.68031       144.93810       44.611057       87.797569       12.117873
       55.261276
       0.0000000       113.00000      0.31007412       3490.0000       418178.00
       1.8544258       1.7387705      0.45293602      0.51515150      0.52608007
       136.21481       127.42968       53.939846       88.667290       11.909646
       55.395126
       0.0000000       112.00000      0.32882974       3536.0000       414597.00
       1.8026757       1.7362467      0.44748387      0.48387092      0.52139097
       144.04610       107.75397       65.861443       88.610939       11.481486
       54.956181
       0.0000000       111.00000      0.34785384       3595.0000       413226.00
       1.7830927       1.9259384      0.44780079      0.52941173      0.53862196
       161.02876       86.570595       63.936462       89.540024       11.886448
       55.123775
       0.0000000       110.00000      0.36068764       3608.0000       411877.00
       1.7582363       2.1544888      0.42572266      0.48387092      0.48044309
       159.88872       93.371887       41.517071       90.298126       12.098284
       55.877674
       0.0000000       109.00000      0.38016787       3601.0000       408475.00
       1.6819503       1.8314120      0.42861363      0.46666664      0.44631544
       144.25810       108.21899       11.062075       88.006821       11.674497
       55.962585
       0.0000000       108.00000      0.39992696       3636.0000       407247.00
       1.6903950       1.6395011      0.43051782      0.43750000      0.49088475
       123.90391       132.96165       3.3945472       88.696732       11.424644
       57.086338
       0.0000000       107.00000      0.41996893       3652.0000       403631.00
       1.6173524       1.9515418      0.42767513      0.45161289      0.42692789
       100.81543       144.65356       37.497704       88.933182       11.480144
       57.052368
       0.0000000       106.00000      0.44029784       3685.0000       401790.00
       1.6196254       1.6853652      0.42305475      0.53125000      0.46296957
       82.778175       129.78432       94.327713       89.666191       11.679054
       56.667046
       0.0000000       105.00000      0.46091780       3737.0000       398887.00
       1.5757978       1.9836863      0.42476222      0.62857145      0.52833366
       89.900558       92.966866       132.52914       90.607063       11.719990
       56.907436
       0.0000000       104.00000      0.48183295      -1.0000000       395249.00
       1.5285405       1.7019086      -1.0000000      -1.0000000      -1.0000000
      -1.0000000      -1.0000000      -1.0000000       89.507256       11.395965
       57.839355
       0.0000000       103.00000      0.50304753      -1.0000000       391915.00
       1.5141956       1.6072534      -1.0000000      -1.0000000      -1.0000000
      -1.0000000      -1.0000000      -1.0000000       88.545906       11.508665
       59.309147
       0.0000000       102.00000      0.52456582      -1.0000000       389752.00
       1.4704078       1.3913515      -1.0000000      -1.0000000      -1.0000000
      -1.0000000      -1.0000000      -1.0000000       88.216438       10.791169
       60.609444
       0.0000000       101.00000      0.54639220      -1.0000000       387689.00
       1.4500567       1.4470984      -1.0000000      -1.0000000      -1.0000000
      -1.0000000      -1.0000000      -1.0000000       87.562057       10.896082
       61.388428
       0.0000000       100.00000      0.57598084      -1.0000000       383151.00
       1.4265027       1.5664616      -1.0000000      -1.0000000      -1.0000000
      -1.0000000      -1.0000000      -1.0000000       88.294182       10.832817
       61.940453
       0.0000000       99.000000      0.59854329      -1.0000000       380096.00
       1.3776144       1.5576470      -1.0000000      -1.0000000      -1.0000000
      -1.0000000      -1.0000000      -1.0000000       87.969467       10.602888
       61.337543
       0.0000000       98.000000      0.62142873      -1.0000000       376547.00
       1.3605831       1.5552315      -1.0000000      -1.0000000      -1.0000000
      -1.0000000      -1.0000000      -1.0000000       87.797218       10.895953
       62.040363
       0.0000000       97.000000      0.64464182      -1.0000000       373974.00
       1.3279046       1.4884473      -1.0000000      -1.0000000      -1.0000000
      -1.0000000      -1.0000000      -1.0000000       87.793495       10.550365
       62.323647
       1.0000000       97.000000      0.64464182      -1.0000000       1.0000000
    0.0073404205     0.065689191      -1.0000000      -1.0000000      -1.0000000
      -1.0000000      -1.0000000      -1.0000000      -1.0000000      -1.0000000
      -1.0000000
       0.0000000       96.000000      0.67611039      -1.0000000       370890.00
       1.2899826       1.3592396      -1.0000000      -1.0000000      -1.0000000
      -1.0000000      -1.0000000      -1.0000000       88.522041       10.445236
       62.999401
       0.0000000       95.000000      0.70010638      -1.0000000       368931.00
       1.2589198       1.5477142      -1.0000000      -1.0000000      -1.0000000
      -1.0000000      -1.0000000      -1.0000000       87.863754       10.516222
       63.734104
       1.0000000       95.000000      0.70010638      -1.0000000       1.0000000
    0.0073404205     0.065689191      -1.0000000      -1.0000000      -1.0000000
      -1.0000000      -1.0000000      -1.0000000      -1.0000000      -1.0000000
      -1.0000000
       0.0000000       94.000000      0.73263615      -1.0000000       365786.00
       1.2243892       1.7316748      -1.0000000      -1.0000000      -1.0000000
      -1.0000000      -1.0000000      -1.0000000       87.642700       10.644359
       64.290382
       0.0000000       93.000000      0.75744140      -1.0000000       361248.00
       1.1903402       1.6103994      -1.0000000      -1.0000000      -1.0000000
      -1.0000000      -1.0000000      -1.0000000       88.399948       10.380063
       66.921883
       0.0000000       92.000000      0.79106826      -1.0000000       356753.00
       1.1502558       1.6892226      -1.0000000      -1.0000000      -1.0000000
      -1.0000000      -1.0000000      -1.0000000       87.813507       10.429448
       69.307373
       0.0000000       91.000000      0.81671000      -1.0000000       352917.00
       1.1567011       1.3983498      -1.0000000      -1.0000000      -1.0000000
      -1.0000000      -1.0000000      -1.0000000       87.212349       10.282800
       71.802971
       0.0000000       90.000000      0.85147089      -1.0000000       348636.00
       1.0944812       1.1886312      -1.0000000      -1.0000000      -1.0000000
      -1.0000000      -1.0000000      -1.0000000       87.803673       9.4040022
       72.653877
       1.0000000       90.000000      0.85147089      -1.0000000       1.0000000
    0.0073404205     0.065689191      -1.0000000      -1.0000000      -1.0000000
      -1.0000000      -1.0000000      -1.0000000      -1.0000000      -1.0000000
      -1.0000000
       0.0000000       89.000000      0.88689691      -1.0000000       343879.00
       1.0901861      0.98009145      -1.0000000      -1.0000000      -1.0000000
      -1.0000000      -1.0000000      -1.0000000       89.522278       9.4911509
       70.601791
       1.0000000       89.000000      0.88689691      -1.0000000       1.0000000
   0.00026145155       0.0000000      -1.0000000      -1.0000000      -1.0000000
      -1.0000000      -1.0000000      -1.0000000      -1.0000000      -1.0000000
      -1.0000000
       0.0000000       88.000000      0.92300081      -1.0000000       336538.00
       1.1148007       1.2815843      -1.0000000      -1.0000000      -1.0000000
      -1.0000000      -1.0000000      -1.0000000       94.610229       10.432876
       64.290604
       0.0000000       87.000000      0.95053136      -1.0000000       331478.00
       1.0551561       1.9500232      -1.0000000      -1.0000000      -1.0000000
      -1.0000000      -1.0000000      -1.0000000       95.991730       10.199940
       62.365208
       0.0000000       86.000000      0.98785281      -1.0000000       325939.00
      0.95879304       2.3533337      -1.0000000      -1.0000000      -1.0000000
      -1.0000000      -1.0000000      -1.0000000       96.878540       10.201262
       64.372429
       0.0000000       85.000000      0.99729425      -1.0000000       325359.00
      0.92483306       2.2545319      -1.0000000      -1.0000000      -1.0000000
      -1.0000000      -1.0000000      -1.0000000       96.156624       9.7754021
       65.667038
       0.0000000       84.000000       1.0355104      -1.0000000       318817.00
      0.88008225       1.9622613      -1.0000000      -1.0000000      -1.0000000
      -1.0000000      -1.0000000      -1.0000000       93.203796       9.8999348
       70.892365
       0.0000000       83.000000       1.0744579      -1.0000000       311763.00
      0.85745263       1.7853287      -1.0000000      -1.0000000      -1.0000000
      -1.0000000      -1.0000000      -1.0000000       92.065750       9.7523441
       75.251572
       1.0000000       83.000000       1.0744579      -1.0000000       1.0000000
       0.0000000       0.0000000      -1.0000000      -1.0000000      -1.0000000
      -1.0000000      -1.0000000      -1.0000000      -1.0000000      -1.0000000
      -1.0000000
       0.0000000       82.000000       1.1141505      -1.0000000       305983.00
      0.78462809       1.7359223      -1.0000000      -1.0000000      -1.0000000
      -1.0000000      -1.0000000      -1.0000000       93.402519       8.8979912
       77.448334
       1.0000000       82.000000       1.1141505      -1.0000000       1.0000000
       0.0000000       0.0000000      -1.0000000      -1.0000000      -1.0000000
      -1.0000000      -1.0000000      -1.0000000      -1.0000000      -1.0000000
      -1.0000000
       0.0000000       81.000000       1.1546028      -1.0000000       300921.00
      0.76130176       1.7489352      -1.0000000      -1.0000000      -1.0000000
      -1.0000000      -1.0000000      -1.0000000       93.081474       9.0836868
       80.528847
       1.0000000       81.000000       1.1546028      -1.0000000       2.0000000
       0.0000000       0.0000000      -1.0000000      -1.0000000      -1.0000000
      -1.0000000      -1.0000000      -1.0000000      -1.0000000      -1.0000000
      -1.0000000
       0.0000000       80.000000       1.2062581      -1.0000000       291364.00
      0.75149852       1.5745578      -1.0000000      -1.0000000      -1.0000000
      -1.0000000      -1.0000000      -1.0000000       92.583572       10.331132
       84.679176
       2.0000000       80.000000       1.2062581      0.31256661       74.000000
      0.10310979      0.60920542      -1.0000000      -1.0000000      -1.0000000
      -1.0000000      -1.0000000      -1.0000000      -1.0000000      -1.0000000
      -1.0000000
       0.0000000       79.000000       1.2484726      -1.0000000       285294.00
      0.70546633      0.92291152      -1.0000000      -1.0000000      -1.0000000
      -1.0000000      -1.0000000      -1.0000000       94.624596       8.0965796
       85.870598
       1.0000000       79.000000       1.2484726      -1.0000000       1.0000000
    0.0016457359     0.024889117      -1.0000000      -1.0000000      -1.0000000
      -1.0000000      -1.0000000      -1.0000000      -1.0000000      -1.0000000
      -1.0000000
       0.0000000       78.000000       1.3023784      -1.0000000       278437.00
      0.61152035       1.3424847      -1.0000000      -1.0000000      -1.0000000
      -1.0000000      -1.0000000      -1.0000000       93.521759       7.8151622
       83.605377
       0.0000000       77.000000       1.3575766      -1.0000000       273895.00
      0.53601557       1.7924591      -1.0000000      -1.0000000      -1.0000000
      -1.0000000      -1.0000000      -1.0000000       101.78429       7.8570256
       77.266495
       1.0000000       77.000000       1.3575766      -1.0000000       1.0000000
   9.9048077e-05       0.0000000      -1.0000000      -1.0000000      -1.0000000
      -1.0000000      -1.0000000      -1.0000000      -1.0000000      -1.0000000
      -1.0000000
       0.0000000       76.000000       1.4140983      -1.0000000       267603.00
      0.49454030       2.0221019      -1.0000000      -1.0000000      -1.0000000
      -1.0000000      -1.0000000      -1.0000000       108.01307       8.6006289
       67.773781
       1.0000000       76.000000       1.4140983      -1.0000000       1.0000000
       0.0000000       0.0000000      -1.0000000      -1.0000000      -1.0000000
      -1.0000000      -1.0000000      -1.0000000      -1.0000000      -1.0000000
      -1.0000000
       0.0000000       75.000000       1.4719748      -1.0000000       260738.00
      0.42969248       1.2086591      -1.0000000      -1.0000000      -1.0000000
      -1.0000000      -1.0000000      -1.0000000       97.693253       6.6607685
       82.235031
       1.0000000       75.000000       1.4719748      -1.0000000       1.0000000
   0.00055050926     0.018798353      -1.0000000      -1.0000000      -1.0000000
      -1.0000000      -1.0000000      -1.0000000      -1.0000000      -1.0000000
      -1.0000000
       0.0000000       74.000000       1.5312390      -1.0000000       255554.00
      0.37411004       1.6144413      -1.0000000      -1.0000000      -1.0000000
      -1.0000000      -1.0000000      -1.0000000       94.182274       6.3777609
       85.069321
       1.0000000       74.000000       1.5312390      -1.0000000       2.0000000
    0.0011104154     0.079594905      -1.0000000      -1.0000000      -1.0000000
      -1.0000000      -1.0000000      -1.0000000      -1.0000000      -1.0000000
      -1.0000000
       0.0000000       73.000000       1.6042346      -1.0000000       248600.00
      0.32988101       1.3943869      -1.0000000      -1.0000000      -1.0000000
      -1.0000000      -1.0000000      -1.0000000       85.872406       6.5199099
       76.202881
       1.0000000       73.000000       1.6042346      -1.0000000       2.0000000
   0.00039149230       0.0000000      -1.0000000      -1.0000000      -1.0000000
      -1.0000000      -1.0000000      -1.0000000      -1.0000000      -1.0000000
      -1.0000000
       0.0000000       72.000000       1.6666696      -1.0000000       240367.00
      0.29715326       1.1615901      -1.0000000      -1.0000000      -1.0000000
      -1.0000000      -1.0000000      -1.0000000       84.456017       6.1047025
       77.437340
       0.0000000       71.000000       1.7435706      -1.0000000       232562.00
      0.27447593       1.3153640      -1.0000000      -1.0000000      -1.0000000
      -1.0000000      -1.0000000      -1.0000000       84.591286       6.1662745
       70.614540
       1.0000000       71.000000       1.7435706      -1.0000000       1.0000000
   0.00029859171    0.0045389207      -1.0000000      -1.0000000      -1.0000000
      -1.0000000      -1.0000000      -1.0000000      -1.0000000      -1.0000000
      -1.0000000
       0.0000000       70.000000       1.8226893      -1.0000000       255609.00
      0.23936595       1.3118899      -1.0000000      -1.0000000      -1.0000000
      -1.0000000      -1.0000000      -1.0000000       84.956017       5.7105918
       62.457664
       0.0000000       69.000000       1.9040896      -1.0000000       221105.00
      0.19943310       1.0388343      -1.0000000      -1.0000000      -1.0000000
      -1.0000000      -1.0000000      -1.0000000       80.870857       4.9554501
       68.962845
       1.0000000       69.000000       1.9040896      -1.0000000       1.0000000
   0.00024400780     0.020137964      -1.0000000      -1.0000000      -1.0000000
      -1.0000000      -1.0000000      -1.0000000      -1.0000000      -1.0000000
      -1.0000000
       0.0000000       68.000000       2.0020282      -1.0000000       240019.00
      0.17642812      0.96539330      -1.0000000      -1.0000000      -1.0000000
      -1.0000000      -1.0000000      -1.0000000       76.970779       4.8076410
       71.368591
       0.0000000       67.000000       2.1032696      -1.0000000       196223.00
      0.15647818      0.85100645      -1.0000000      -1.0000000      -1.0000000
      -1.0000000      -1.0000000      -1.0000000       74.874275       4.3564081
       81.674622
       1.0000000       67.000000       2.1032696      -1.0000000       1.0000000
       0.0000000       0.0000000      -1.0000000      -1.0000000      -1.0000000
      -1.0000000      -1.0000000      -1.0000000      -1.0000000      -1.0000000
      -1.0000000
       0.0000000       66.000000       2.2079256      -1.0000000       212900.00
      0.13784645      0.55873370      -1.0000000      -1.0000000      -1.0000000
      -1.0000000      -1.0000000      -1.0000000       77.979630       3.4968801
       77.474304
       0.0000000       65.000000       2.3161108      -1.0000000       201626.00
      0.10840959      0.52311552      -1.0000000      -1.0000000      -1.0000000
      -1.0000000      -1.0000000      -1.0000000       77.574249       2.9952986
       78.703995
       1.0000000       65.000000       2.3161108      -1.0000000       2.0000000
    0.0047052811     0.093592934      -1.0000000      -1.0000000      -1.0000000
      -1.0000000      -1.0000000      -1.0000000      -1.0000000      -1.0000000
      -1.0000000
       0.0000000       64.000000       2.4442258      -1.0000000       187174.00
     0.097765528      0.62569642      -1.0000000      -1.0000000      -1.0000000
      -1.0000000      -1.0000000      -1.0000000       84.601547       2.8755438
       71.507507
       1.0000000       64.000000       2.4442258      -1.0000000       1.0000000
       0.0000000       0.0000000      -1.0000000      -1.0000000      -1.0000000
      -1.0000000      -1.0000000      -1.0000000      -1.0000000      -1.0000000
      -1.0000000
       0.0000000       63.000000       2.5772903      -1.0000000       187246.00
     0.073961370      0.39632776      -1.0000000      -1.0000000      -1.0000000
      -1.0000000      -1.0000000      -1.0000000       84.334122       2.2741508
       75.787949
       0.0000000       62.000000       2.7331426      -1.0000000       170709.00
     0.061227590      0.37143359      -1.0000000      -1.0000000      -1.0000000
      -1.0000000      -1.0000000      -1.0000000       75.865891       2.0291741
       89.524414
       1.0000000       62.000000       2.7331426      -1.0000000       1.0000000
       0.0000000       0.0000000      -1.0000000      -1.0000000      -1.0000000
      -1.0000000      -1.0000000      -1.0000000      -1.0000000      -1.0000000
      -1.0000000
       0.0000000       61.000000       2.8957851      -1.0000000       156731.00
     0.057849288      0.36889055      -1.0000000      -1.0000000      -1.0000000
      -1.0000000      -1.0000000      -1.0000000       77.484795       2.2374084
       79.139702
       1.0000000       61.000000       2.8957851      -1.0000000       1.0000000
       0.0000000       0.0000000      -1.0000000      -1.0000000      -1.0000000
      -1.0000000      -1.0000000      -1.0000000      -1.0000000      -1.0000000
      -1.0000000
