       0.0000000       135.00000       0.0000000       2823.0000       463010.00
       2.9066076       1.4338104      0.45198095      0.51612902      0.48784596
      -47.237450       91.826225      -31.088671       85.723854       11.849921
       52.380898
       0.0000000       134.00000    0.0095216669       2834.0000       461101.00
       2.8576736       1.4318424      0.45469779      0.48387092      0.47188604
      -45.202080       85.382973      -30.285938       85.856514       11.899224
       51.169575
       0.0000000       133.00000     0.023974428       2828.0000       457235.00
       2.8168566       1.4961624      0.45341405      0.50000000      0.44761375
      -51.999428       83.666679      -32.072987       87.670418       11.669711
       50.777306
       1.0000000       133.00000     0.023974428      -1.0000000       1.0000000
    0.0061213328     0.099368423      -1.0000000      -1.0000000      -1.0000000
      -1.0000000      -1.0000000      -1.0000000      -1.0000000      -1.0000000
      -1.0000000
       0.0000000       132.00000     0.033724371       2831.0000       456353.00
       2.8176005       1.8256576      0.44506654      0.51612902      0.43881109
      -55.972771       79.229218      -30.957041       88.248749       12.071973
       51.955856
       0.0000000       131.00000     0.048523631       2856.0000       453362.00
       2.7397764       1.8975677      0.44963363      0.45161289      0.42766714
      -59.317841       72.213379      -27.795088       87.334259       11.947066
       52.659191
       1.0000000       131.00000     0.048523631      -1.0000000       1.0000000
   0.00011587203    0.0027775099      -1.0000000      -1.0000000      -1.0000000
      -1.0000000      -1.0000000      -1.0000000      -1.0000000      -1.0000000
      -1.0000000
       0.0000000       130.00000     0.058507323       2842.0000       450258.00
       2.7095885       1.4787385      0.45456767      0.45161289      0.41826576
      -60.344910       71.244217      -24.785995       86.951385       11.273843
       53.433304
       1.0000000       130.00000     0.058507323      -1.0000000       1.0000000
      0.12595528      0.53970033      -1.0000000      -1.0000000      -1.0000000
      -1.0000000      -1.0000000      -1.0000000      -1.0000000      -1.0000000
      -1.0000000
       0.0000000       129.00000     0.073661387       2826.0000       446981.00
       2.6828918       1.3467802      0.45342377      0.39393944      0.39309737
      -58.458916       72.564278      -16.705862       87.391922       11.179069
       53.818756
       1.0000000       129.00000     0.073661387      -1.0000000       1.0000000
   0.00042469212     0.037518471      -1.0000000      -1.0000000      -1.0000000
      -1.0000000      -1.0000000      -1.0000000      -1.0000000      -1.0000000
      -1.0000000
       0.0000000       128.00000     0.083884433       2833.0000       444776.00
       2.6584382       1.5256610      0.44943082      0.48571426      0.39684087
      -59.039482       72.242584      -10.350767       88.980507       11.128705
       53.621628
       0.0000000       127.00000     0.099401802       2806.0000       442036.00
       2.6020744       1.6884489      0.43020478      0.50000000      0.35269299
      -57.649292       68.786926      -7.1124363       89.760849       11.252665
       53.683212
       0.0000000       126.00000      0.10986994       2785.0000       439491.00
       2.5462031       1.7213765      0.42845026      0.44444448      0.38088104
      -56.819485       66.950653      -9.4723263       91.054855       11.027434
       52.926357
       0.0000000       125.00000      0.12575933       2764.0000       436660.00
       2.5310080       1.4727942      0.43836594      0.33333331      0.33865452
      -62.765968       69.491615      -8.4055214       91.885414       10.789334
       52.735382
       1.0000000       125.00000      0.12575933      -1.0000000       1.0000000
       0.0000000       0.0000000      -1.0000000      -1.0000000      -1.0000000
      -1.0000000      -1.0000000      -1.0000000      -1.0000000      -1.0000000
      -1.0000000
       0.0000000       124.00000      0.14187621       2703.0000       431949.00
       2.4673922       1.2614641      0.43454665      0.39393944      0.37252215
      -53.294670       66.788521     -0.64224839       88.415047       10.234878
       57.654922
       0.0000000       123.00000      0.15274876       2687.0000       429813.00
       2.4693882       1.4634780      0.42423239      0.47222227      0.40629646
      -49.825226       62.457241       3.9800942       87.188324       10.405068
       61.725323
       0.0000000       122.00000      0.16925204       2676.0000       426587.00
       2.3788717       1.6229281      0.42185038      0.41176474      0.28442425
      -47.528877       61.861744       4.2800450       87.150589       10.207836
       63.219395
       0.0000000       121.00000      0.18038526       2672.0000       423688.00
       2.3443661       1.3893608      0.41688421      0.32258064      0.32158959
      -48.106346       59.017460      -1.3767601       87.573036       9.8846502
       63.609627
       0.0000000       120.00000      0.19728418       2649.0000       419709.00
       2.3005464       1.6899666      0.42520511      0.25806451      0.29125610
      -55.638199       53.135567      -7.5278358       89.288475       10.029959
       65.147034
       1.0000000       120.00000      0.19728418      -1.0000000       2.0000000
   0.00012677362    0.0022655027      -1.0000000      -1.0000000      -1.0000000
      -1.0000000      -1.0000000      -1.0000000      -1.0000000      -1.0000000
      -1.0000000
       0.0000000       119.00000      0.21442504       2659.0000       417371.00
       2.2328248       1.6797063      0.41935912      0.28125006      0.25783733
      -53.730843       48.787235      -2.9217517       88.496391       9.9300566
       66.345917
       0.0000000       118.00000      0.22598839       2666.0000       415691.00
       2.1853030       1.3819438      0.42274117      0.25806451      0.27963424
      -52.200233       48.363457      0.37206629       89.000183       9.2609882
       66.026810
       0.0000000       117.00000      0.24354018       2707.0000       412780.00
       2.1654482       1.5407391      0.40948725      0.25806451      0.25680009
      -46.778412       45.286579      0.76584572       91.142456       9.5245562
       66.538300
       0.0000000       116.00000      0.26134327       2724.0000       409821.00
       2.0966055       1.5735292      0.40624565      0.25806451      0.23123474
      -46.965622       39.407036       2.1732149       91.044464       9.3018723
       65.378731
       1.0000000       116.00000      0.26134327      -1.0000000       1.0000000
    0.0086816940      0.13398491      -1.0000000      -1.0000000      -1.0000000
      -1.0000000      -1.0000000      -1.0000000      -1.0000000      -1.0000000
      -1.0000000
       0.0000000       115.00000      0.27335334       2742.0000       407701.00
       2.1026537       1.2235634      0.40250280      0.29032254      0.23298654
      -43.485626       31.447290       6.8221192       92.109306       9.1589880
       65.514854
       0.0000000       114.00000      0.29158324       2773.0000       405265.00
       2.0634866       1.4427868      0.41686124      0.13793099      0.22117706
      -54.863441       28.543123       11.168353       94.897797       9.2964554
       63.660866
       0.0000000       113.00000      0.31007412       2791.0000       402712.00
       2.0240409       1.5281461      0.39105347      0.25000006      0.16637264
      -45.971745       13.473332       23.764038       97.278061       9.2853775
       62.443489
       1.0000000       113.00000      0.31007412      -1.0000000       2.0000000
       0.0000000       0.0000000      -1.0000000      -1.0000000      -1.0000000
      -1.0000000      -1.0000000      -1.0000000      -1.0000000      -1.0000000
      -1.0000000
       0.0000000       112.00000      0.32882974       2828.0000       399034.00
       1.9743595       1.5867541      0.40028092      0.30303037      0.19475372
      -54.420135       3.5669508       43.748539       97.839172       9.0287609
       62.646915
       1.0000000       112.00000      0.32882974      -1.0000000       1.0000000
   0.00047376219    0.0087484801      -1.0000000      -1.0000000      -1.0000000
      -1.0000000      -1.0000000      -1.0000000      -1.0000000      -1.0000000
      -1.0000000
       0.0000000       111.00000      0.34785384       2851.0000       396744.00
       1.9422528       1.3931711      0.41740558      0.21875006      0.28925616
      -54.767094      -8.3313818       60.631763       94.249741       8.8212290
       60.636131
       0.0000000       110.00000      0.36068764       2887.0000       396089.00
       1.9015062       1.1884650      0.41670898      0.23333335      0.33207896
      -55.521320      -15.480213       68.309837       93.748215       8.5720177
       58.667583
       0.0000000       109.00000      0.38016787       2894.0000       393196.00
       1.8603462       1.2008365      0.41837427      0.28125006      0.29362765
      -38.032360      -19.734009       77.680603       93.815071       8.3703747
       56.497692
       1.0000000       109.00000      0.38016787      -1.0000000       1.0000000
       0.0000000       0.0000000      -1.0000000      -1.0000000      -1.0000000
      -1.0000000      -1.0000000      -1.0000000      -1.0000000      -1.0000000
      -1.0000000
       0.0000000       108.00000      0.39992696       2935.0000       392048.00
       1.8270423       1.6286280      0.41612932      0.28125006      0.24810316
      -20.066816      -13.646350       81.485146       96.096191       8.8281155
       54.826492
       1.0000000       108.00000      0.39992696      -1.0000000       1.0000000
    0.0027183762     0.048580218      -1.0000000      -1.0000000      -1.0000000
      -1.0000000      -1.0000000      -1.0000000      -1.0000000      -1.0000000
      -1.0000000
       0.0000000       107.00000      0.41996893       2947.0000       388430.00
       1.7788385       1.6423613      0.41322532      0.36111116      0.30542049
      -29.147711      -8.8542461       80.929153       91.101410       8.4942780
       58.833637
       0.0000000       106.00000      0.44029784       2964.0000       386347.00
       1.7355938       1.1348236      0.41184843      0.30303037      0.31993365
      -25.093317       2.9797010       78.825340       86.135788       7.9766846
       58.813931
       0.0000000       105.00000      0.46091780       3000.0000       383231.00
       1.7135826      0.99193579      0.42109230      0.31250006      0.31111383
      -28.856487       15.878169       80.318390       85.975815       7.7961268
       57.198254
       0.0000000       104.00000      0.48183295       3034.0000       380000.00
       1.7082756       1.3311173      0.40677837      0.27272731      0.26392436
      -29.738972       25.329529       73.239113       89.622917       8.2577562
       55.072548
       0.0000000       103.00000      0.50304753       3065.0000       376599.00
       1.6330367       1.5791184      0.41615316      0.25806451      0.28770009
      -41.333923       32.024540       57.966042       89.567223       8.3284330
       55.329628
       0.0000000       102.00000      0.52456582       3128.0000       375207.00
       1.6032799       1.2766874      0.40140426      0.29032254      0.27901486
      -50.726871       31.908508       45.526352       87.385315       7.8171291
       55.583416
       0.0000000       101.00000      0.54639220       3171.0000       373177.00
       1.5404543      0.98380548      0.39635164      0.30303037      0.28331485
      -52.529922       26.425234       45.353569       86.487640       7.4175777
       55.385098
       1.0000000       101.00000      0.54639220      -1.0000000       1.0000000
       0.0000000       0.0000000      -1.0000000      -1.0000000      -1.0000000
      -1.0000000      -1.0000000      -1.0000000      -1.0000000      -1.0000000
      -1.0000000
       0.0000000       100.00000      0.57598084       2877.0000       361628.00
       1.5302106       1.1761463      0.40289721      0.13333338      0.21126133
      -51.891972       18.543739       47.740974       89.903419       7.7098980
       53.842308
       0.0000000       99.000000      0.59854329      -1.0000000       372881.00
       1.5125540       1.1597830      -1.0000000      -1.0000000      -1.0000000
      -1.0000000      -1.0000000      -1.0000000       89.593056       7.7504044
       52.643581
       0.0000000       98.000000      0.62142873      -1.0000000       375846.00
       1.4773648       1.3304327      -1.0000000      -1.0000000      -1.0000000
      -1.0000000      -1.0000000      -1.0000000       90.172653       7.7937994
       51.488338
       0.0000000       97.000000      0.64464182      -1.0000000       367270.00
       1.4310209       1.4523301      -1.0000000      -1.0000000      -1.0000000
      -1.0000000      -1.0000000      -1.0000000       89.257072       7.5799966
       51.699356
       0.0000000       96.000000      0.67611039      -1.0000000       364418.00
       1.3817981       1.1634802      -1.0000000      -1.0000000      -1.0000000
      -1.0000000      -1.0000000      -1.0000000       86.080612       7.3759456
       53.365410
       0.0000000       95.000000      0.70010638      -1.0000000       362078.00
       1.3416938       1.1801201      -1.0000000      -1.0000000      -1.0000000
      -1.0000000      -1.0000000      -1.0000000       85.498787       7.2103162
       54.974258
       0.0000000       94.000000      0.73263615      -1.0000000       363871.00
       1.3095134       1.2815912      -1.0000000      -1.0000000      -1.0000000
      -1.0000000      -1.0000000      -1.0000000       85.732712       7.1117620
       55.725769
       0.0000000       93.000000      0.75744140      -1.0000000       364185.00
       1.2733060       1.3628801      -1.0000000      -1.0000000      -1.0000000
      -1.0000000      -1.0000000      -1.0000000       85.032425       7.2977529
       56.001221
       0.0000000       92.000000      0.79106826      -1.0000000       364228.00
       1.2228651       1.2493581      -1.0000000      -1.0000000      -1.0000000
      -1.0000000      -1.0000000      -1.0000000       85.843323       7.0210595
       54.081696
       0.0000000       91.000000      0.81671000      -1.0000000       362015.00
       1.1845477       1.0709004      -1.0000000      -1.0000000      -1.0000000
      -1.0000000      -1.0000000      -1.0000000       86.737892       6.7372723
       53.367405
       0.0000000       90.000000      0.85147089      -1.0000000       363168.00
       1.1299651       1.3737755      -1.0000000      -1.0000000      -1.0000000
      -1.0000000      -1.0000000      -1.0000000       88.052330       6.7312889
       53.133617
       1.0000000       90.000000      0.85147089      -1.0000000       2.0000000
   0.00068969693     0.029170254      -1.0000000      -1.0000000      -1.0000000
      -1.0000000      -1.0000000      -1.0000000      -1.0000000      -1.0000000
      -1.0000000
       0.0000000       89.000000      0.88689691      -1.0000000       354944.00
       1.0729936       1.0739933      -1.0000000      -1.0000000      -1.0000000
      -1.0000000      -1.0000000      -1.0000000       86.592323       6.2743216
       56.625896
       0.0000000       88.000000      0.92300081      -1.0000000       350554.00
       1.0276816      0.89773822      -1.0000000      -1.0000000      -1.0000000
      -1.0000000      -1.0000000      -1.0000000       85.725052       5.8636084
       58.346836
       0.0000000       87.000000      0.95053136      -1.0000000       353530.00
       1.0128331      0.91505432      -1.0000000      -1.0000000      -1.0000000
      -1.0000000      -1.0000000      -1.0000000       85.448784       6.0495720
       58.267094
       0.0000000       86.000000      0.98785281      -1.0000000       347989.00
      0.98446470      0.98975122      -1.0000000      -1.0000000      -1.0000000
      -1.0000000      -1.0000000      -1.0000000       88.873901       6.0401587
       57.280052
       0.0000000       85.000000      0.99729425      -1.0000000       340731.00
      0.98921198       1.0706192      -1.0000000      -1.0000000      -1.0000000
      -1.0000000      -1.0000000      -1.0000000       89.062248       6.3155341
       57.441967
       0.0000000       84.000000       1.0355104      -1.0000000       333490.00
      0.94209939       1.2856960      -1.0000000      -1.0000000      -1.0000000
      -1.0000000      -1.0000000      -1.0000000       89.546814       6.3331814
       57.685989
       0.0000000       83.000000       1.0744579      -1.0000000       327246.00
      0.92294466       1.0329806      -1.0000000      -1.0000000      -1.0000000
      -1.0000000      -1.0000000      -1.0000000       85.979347       6.3406119
       61.415405
       1.0000000       83.000000       1.0744579      -1.0000000       1.0000000
   0.00019773866       0.0000000      -1.0000000      -1.0000000      -1.0000000
      -1.0000000      -1.0000000      -1.0000000      -1.0000000      -1.0000000
      -1.0000000
       0.0000000       82.000000       1.1141505      -1.0000000       322060.00
      0.89444548      0.93879855      -1.0000000      -1.0000000      -1.0000000
      -1.0000000      -1.0000000      -1.0000000       85.221786       6.1158476
       63.863987
       0.0000000       81.000000       1.1546028      -1.0000000       316805.00
      0.87558252       1.0309519      -1.0000000      -1.0000000      -1.0000000
      -1.0000000      -1.0000000      -1.0000000       85.430832       6.0212936
       66.635971
       0.0000000       80.000000       1.2062581      -1.0000000       315262.00
      0.82528919      0.97612107      -1.0000000      -1.0000000      -1.0000000
      -1.0000000      -1.0000000      -1.0000000       83.346199       5.4921703
       72.231934
       0.0000000       79.000000       1.2484726      -1.0000000       297499.00
      0.81528080      0.75936157      -1.0000000      -1.0000000      -1.0000000
      -1.0000000      -1.0000000      -1.0000000       81.982620       5.4451241
       77.685112
       0.0000000       78.000000       1.3023784      -1.0000000       288587.00
      0.78815871      0.80841833      -1.0000000      -1.0000000      -1.0000000
      -1.0000000      -1.0000000      -1.0000000       85.393257       5.3611951
       78.014511
       0.0000000       77.000000       1.3575766      -1.0000000       280295.00
      0.76263875      0.86469787      -1.0000000      -1.0000000      -1.0000000
      -1.0000000      -1.0000000      -1.0000000       90.188820       5.3994198
       75.088829
       0.0000000       76.000000       1.4140983      -1.0000000       268527.00
      0.72162110      0.83434927      -1.0000000      -1.0000000      -1.0000000
      -1.0000000      -1.0000000      -1.0000000       91.850067       5.4770255
       73.137596
       0.0000000       75.000000       1.4719748      -1.0000000       259057.00
      0.71963060       1.2943996      -1.0000000      -1.0000000      -1.0000000
      -1.0000000      -1.0000000      -1.0000000       96.105095       6.4335804
       68.470818
       0.0000000       74.000000       1.5312390      -1.0000000       253318.00
      0.63112253       1.5301608      -1.0000000      -1.0000000      -1.0000000
      -1.0000000      -1.0000000      -1.0000000       95.392166       6.3897495
       69.153770
       0.0000000       73.000000       1.6042346      -1.0000000       247908.00
      0.56555861       1.2858828      -1.0000000      -1.0000000      -1.0000000
      -1.0000000      -1.0000000      -1.0000000       92.755280       6.0109458
       70.320221
       1.0000000       73.000000       1.6042346      -1.0000000       1.0000000
   0.00037804322       0.0000000      -1.0000000      -1.0000000      -1.0000000
      -1.0000000      -1.0000000      -1.0000000      -1.0000000      -1.0000000
      -1.0000000
       0.0000000       72.000000       1.6666696      -1.0000000       241981.00
      0.51402688       1.2100292      -1.0000000      -1.0000000      -1.0000000
      -1.0000000      -1.0000000      -1.0000000       92.365959       6.1546564
       67.461761
       1.0000000       72.000000       1.6666696      -1.0000000       2.0000000
    0.0013754128     0.022540677      -1.0000000      -1.0000000      -1.0000000
      -1.0000000      -1.0000000      -1.0000000      -1.0000000      -1.0000000
      -1.0000000
       0.0000000       71.000000       1.7435706      -1.0000000       236167.00
      0.50396597       1.4246391      -1.0000000      -1.0000000      -1.0000000
      -1.0000000      -1.0000000      -1.0000000       100.44756       6.7793813
       60.665195
       1.0000000       71.000000       1.7435706      -1.0000000       1.0000000
       0.0000000       0.0000000      -1.0000000      -1.0000000      -1.0000000
      -1.0000000      -1.0000000      -1.0000000      -1.0000000      -1.0000000
      -1.0000000
       0.0000000       70.000000       1.8226893      -1.0000000       245136.00
      0.42282942       1.1257862      -1.0000000      -1.0000000      -1.0000000
      -1.0000000      -1.0000000      -1.0000000       90.572098       5.8169327
       70.114998
       0.0000000       69.000000       1.9040896      -1.0000000       237580.00
      0.39569512       1.0473846      -1.0000000      -1.0000000      -1.0000000
      -1.0000000      -1.0000000      -1.0000000       83.976463       5.7013736
       73.239540
       0.0000000       68.000000       2.0020282      -1.0000000       227609.00
      0.35289913      0.97668350      -1.0000000      -1.0000000      -1.0000000
      -1.0000000      -1.0000000      -1.0000000       81.174492       5.5340004
       73.646851
       0.0000000       67.000000       2.1032696      -1.0000000       217594.00
      0.33404091      0.85647601      -1.0000000      -1.0000000      -1.0000000
      -1.0000000      -1.0000000      -1.0000000       81.703651       5.0404501
       74.461258
       0.0000000       66.000000       2.2079256      -1.0000000       217589.00
      0.30351159      0.91811144      -1.0000000      -1.0000000      -1.0000000
      -1.0000000      -1.0000000      -1.0000000       80.072090       5.1955442
       75.494781
       1.0000000       66.000000       2.2079256      -1.0000000       1.0000000
       0.0000000       0.0000000      -1.0000000      -1.0000000      -1.0000000
      -1.0000000      -1.0000000      -1.0000000      -1.0000000      -1.0000000
      -1.0000000
       0.0000000       65.000000       2.3161108      -1.0000000       204208.00
      0.29206884       1.0541711      -1.0000000      -1.0000000      -1.0000000
      -1.0000000      -1.0000000      -1.0000000       83.113724       5.6119866
       74.942749
       0.0000000       64.000000       2.4442258      -1.0000000       190853.00
      0.27138853       1.1870775      -1.0000000      -1.0000000      -1.0000000
      -1.0000000      -1.0000000      -1.0000000       89.151649       5.9934692
       69.339355
       0.0000000       63.000000       2.5772903      -1.0000000       179395.00
      0.21174242       1.4633363      -1.0000000      -1.0000000      -1.0000000
      -1.0000000      -1.0000000      -1.0000000       90.718750       7.1300583
       63.874046
       1.0000000       63.000000       2.5772903      -1.0000000       2.0000000
       0.0000000       0.0000000      -1.0000000      -1.0000000      -1.0000000
      -1.0000000      -1.0000000      -1.0000000      -1.0000000      -1.0000000
      -1.0000000
       0.0000000       62.000000       2.7331426      -1.0000000       165639.00
      0.17588437       1.2438989      -1.0000000      -1.0000000      -1.0000000
      -1.0000000      -1.0000000      -1.0000000       98.371262       5.7762785
       59.917763
       1.0000000       62.000000       2.7331426      -1.0000000       1.0000000
       0.0000000       0.0000000      -1.0000000      -1.0000000      -1.0000000
      -1.0000000      -1.0000000      -1.0000000      -1.0000000      -1.0000000
      -1.0000000
       0.0000000       61.000000       2.8957851      -1.0000000       151174.00
      0.11997271      0.74756229      -1.0000000      -1.0000000      -1.0000000
      -1.0000000      -1.0000000      -1.0000000       76.786209       3.7554193
       86.929131
       1.0000000       61.000000       2.8957851      -1.0000000       1.0000000
     0.020883588      0.28612277      -1.0000000      -1.0000000      -1.0000000
      -1.0000000      -1.0000000      -1.0000000      -1.0000000      -1.0000000
      -1.0000000
