       0.0000000       135.00000       0.0000000       1053.0000       398891.00
       8.4646511       5.0289850      0.50001979      0.64705884      0.63855255
      -234.23869       230.77087       40.119427       115.56390       29.402401
       67.953972
       0.0000000       134.00000    0.0095216669       1059.0000       396946.00
       8.2873268       4.2103591      0.49527726      0.60606062      0.64569896
      -226.30080       231.45085       52.473846       115.04256       28.236105
       68.723770
       1.0000000       134.00000    0.0095216669      -1.0000000       3.0000000
     0.027017428      0.25778233      -1.0000000      -1.0000000      -1.0000000
      -1.0000000      -1.0000000      -1.0000000      -1.0000000      -1.0000000
      -1.0000000
       0.0000000       133.00000     0.023974428       1094.0000       395483.00
       8.2359753       4.3015485      0.50959396      0.65714288      0.65725297
      -212.62825       259.42642       47.981594       113.84279       28.511421
       70.526985
       0.0000000       132.00000     0.033724371       1107.0000       395341.00
       8.1352854       4.2387352      0.50995642      0.64705884      0.65905887
      -210.20726       263.36319       32.346447       113.26234       28.256481
       71.306496
       1.0000000       132.00000     0.033724371      -1.0000000       2.0000000
     0.010978680     0.089803105      -1.0000000      -1.0000000      -1.0000000
      -1.0000000      -1.0000000      -1.0000000      -1.0000000      -1.0000000
      -1.0000000
       0.0000000       131.00000     0.048523631       1118.0000       391672.00
       8.0572701       3.8632350      0.51016414      0.66666663      0.67576241
      -219.39574       258.51291      -1.1268963       113.04044       27.785431
       72.660217
       0.0000000       130.00000     0.058507323       1126.0000       389469.00
       7.9745231       3.5572057      0.50571644      0.60606062      0.64497000
      -227.38029       250.71263      -11.394162       113.25471       27.182470
       73.445465
       1.0000000       130.00000     0.058507323      -1.0000000       1.0000000
     0.016172286      0.11256199      -1.0000000      -1.0000000      -1.0000000
      -1.0000000      -1.0000000      -1.0000000      -1.0000000      -1.0000000
      -1.0000000
       0.0000000       129.00000     0.073661387       1128.0000       386896.00
       7.8410134       3.2947593      0.49850044      0.66666663      0.66718882
      -245.57893       230.96115      -17.992493       112.48496       26.401354
       74.578758
       0.0000000       128.00000     0.083884433       1119.0000       383908.00
       7.7867150       2.8168771      0.49387899      0.67567563      0.65070951
      -256.95984       213.85263      -23.603365       112.00463       26.026995
       75.678101
       1.0000000       128.00000     0.083884433      -1.0000000       3.0000000
     0.027692038      0.21761907      -1.0000000      -1.0000000      -1.0000000
      -1.0000000      -1.0000000      -1.0000000      -1.0000000      -1.0000000
      -1.0000000
       0.0000000       127.00000     0.099401802       1111.0000       380890.00
       7.7586737       2.9616337      0.50430703      0.66666663      0.67497736
      -280.12082       203.72128       13.295828       112.81116       25.892574
       76.607849
       1.0000000       127.00000     0.099401802      -1.0000000       1.0000000
   0.00025769454       0.0000000      -1.0000000      -1.0000000      -1.0000000
      -1.0000000      -1.0000000      -1.0000000      -1.0000000      -1.0000000
      -1.0000000
       0.0000000       126.00000      0.10986994       1117.0000       379145.00
       7.5949998       2.7307560      0.50082213      0.64705884      0.65481949
      -269.85110       203.64851       52.188454       113.08427       25.439154
       76.787811
       1.0000000       126.00000      0.10986994      -1.0000000       3.0000000
     0.068235062      0.22167172      -1.0000000      -1.0000000      -1.0000000
      -1.0000000      -1.0000000      -1.0000000      -1.0000000      -1.0000000
      -1.0000000
       0.0000000       125.00000      0.12575933       1122.0000       377114.00
       7.5761385       2.7862930      0.50512177      0.66666663      0.65785879
      -248.82599       231.43375       69.294960       113.82625       25.468315
       76.825172
       1.0000000       125.00000      0.12575933      -1.0000000       4.0000000
     0.031973143      0.15235503      -1.0000000      -1.0000000      -1.0000000
      -1.0000000      -1.0000000      -1.0000000      -1.0000000      -1.0000000
      -1.0000000
       0.0000000       124.00000      0.14187621       1136.0000       374558.00
       7.4675097       3.1414814      0.49935129      0.67567563      0.65885770
      -216.43903       267.66672       46.514389       114.99065       25.883343
       77.094109
       1.0000000       124.00000      0.14187621      -1.0000000       2.0000000
     0.025957155      0.18427914      -1.0000000      -1.0000000      -1.0000000
      -1.0000000      -1.0000000      -1.0000000      -1.0000000      -1.0000000
      -1.0000000
       0.0000000       123.00000      0.15274876       1117.0000       371608.00
       7.5062895       3.3607967      0.49476129      0.65714288      0.67117149
      -207.61467       272.66064       22.985178       115.88887       26.556030
       76.082802
       1.0000000       123.00000      0.15274876      -1.0000000       2.0000000
    0.0053711198     0.055117667      -1.0000000      -1.0000000      -1.0000000
      -1.0000000      -1.0000000      -1.0000000      -1.0000000      -1.0000000
      -1.0000000
       0.0000000       122.00000      0.16925204       1124.0000       368648.00
       7.3311825       3.8209910      0.51345456      0.69444442      0.67146355
      -236.26848       262.20343      -35.705940       117.40063       26.112761
       75.494949
       1.0000000       122.00000      0.16925204      -1.0000000       1.0000000
    0.0047657527     0.073663175      -1.0000000      -1.0000000      -1.0000000
      -1.0000000      -1.0000000      -1.0000000      -1.0000000      -1.0000000
      -1.0000000
       0.0000000       121.00000      0.18038526       1139.0000       366494.00
       7.3007717       3.8988245      0.50304705      0.70270270      0.67961085
      -262.28220       239.18764      -45.503368       116.45171       26.880398
       75.192177
       1.0000000       121.00000      0.18038526      -1.0000000       4.0000000
     0.017194755      0.14397477      -1.0000000      -1.0000000      -1.0000000
      -1.0000000      -1.0000000      -1.0000000      -1.0000000      -1.0000000
      -1.0000000
       0.0000000       120.00000      0.19728418       1140.0000       363564.00
       7.1685810       3.7531545      0.49872103      0.65714288      0.65280861
      -277.02493       216.49750      -16.356194       118.03548       25.922405
       75.157646
       1.0000000       120.00000      0.19728418      -1.0000000       2.0000000
     0.020314829      0.11353487      -1.0000000      -1.0000000      -1.0000000
      -1.0000000      -1.0000000      -1.0000000      -1.0000000      -1.0000000
      -1.0000000
       0.0000000       119.00000      0.21442504       1142.0000       360736.00
       6.9486499       3.5534341      0.48614949      0.66666663      0.61686581
      -271.21878       206.92078       12.789007       118.07729       25.708797
       74.484085
       1.0000000       119.00000      0.21442504      -1.0000000       7.0000000
      0.11396935      0.53479654      -1.0000000      -1.0000000      -1.0000000
      -1.0000000      -1.0000000      -1.0000000      -1.0000000      -1.0000000
      -1.0000000
       0.0000000       118.00000      0.22598839       1138.0000       358515.00
       6.8251472       3.8784549      0.50072420      0.68421054      0.64894575
      -269.44449       220.01401       16.984213       117.78362       25.441236
       75.026207
       1.0000000       118.00000      0.22598839      -1.0000000       5.0000000
     0.017751630      0.17387981      -1.0000000      -1.0000000      -1.0000000
      -1.0000000      -1.0000000      -1.0000000      -1.0000000      -1.0000000
      -1.0000000
       0.0000000       117.00000      0.24354018       1149.0000       354743.00
       6.7203603       4.1463513      0.49644980      0.65714288      0.62905484
      -245.78079       240.68687      0.74027532       117.15473       25.485353
       76.863083
       1.0000000       117.00000      0.24354018      -1.0000000       5.0000000
     0.051433029      0.52566865      -1.0000000      -1.0000000      -1.0000000
      -1.0000000      -1.0000000      -1.0000000      -1.0000000      -1.0000000
      -1.0000000
       0.0000000       116.00000      0.26134327       1169.0000       352479.00
       6.5629573       3.7025170      0.50049442      0.61764705      0.62009865
      -229.49014       250.55479      -35.655354       114.98206       24.556576
       79.553162
       1.0000000       116.00000      0.26134327      -1.0000000       4.0000000
     0.020556156      0.26760071      -1.0000000      -1.0000000      -1.0000000
      -1.0000000      -1.0000000      -1.0000000      -1.0000000      -1.0000000
      -1.0000000
       0.0000000       115.00000      0.27335334       1172.0000       350112.00
       6.4725976       3.7552731      0.49463817      0.64705884      0.64386344
      -222.96198       248.84413      -59.718079       113.78933       24.255310
       81.624939
       1.0000000       115.00000      0.27335334      -1.0000000       3.0000000
      0.15711875      0.46940714      -1.0000000      -1.0000000      -1.0000000
      -1.0000000      -1.0000000      -1.0000000      -1.0000000      -1.0000000
      -1.0000000
       0.0000000       114.00000      0.29158324       1199.0000       348200.00
       6.4196296       3.2805388      0.50065267      0.68571424      0.62218112
      -233.24301       238.04950      -82.641846       112.65974       23.933025
       84.578323
       1.0000000       114.00000      0.29158324      -1.0000000       3.0000000
     0.012257159      0.19532184      -1.0000000      -1.0000000      -1.0000000
      -1.0000000      -1.0000000      -1.0000000      -1.0000000      -1.0000000
      -1.0000000
       0.0000000       113.00000      0.31007412       1219.0000       346011.00
       6.2490511       3.2251792      0.50226331      0.64705884      0.63997900
      -250.67017       215.96619      -93.767838       112.26721       22.766426
       86.749649
       1.0000000       113.00000      0.31007412      -1.0000000       3.0000000
    0.0051961491     0.066927009      -1.0000000      -1.0000000      -1.0000000
      -1.0000000      -1.0000000      -1.0000000      -1.0000000      -1.0000000
      -1.0000000
       0.0000000       112.00000      0.32882974       1253.0000       342790.00
       6.2186255       3.3373044      0.50208253      0.69999999      0.63024193
      -278.53528       203.30795      -66.754425       112.23511       23.079845
       87.642715
       1.0000000       112.00000      0.32882974      -1.0000000       1.0000000
       0.0000000       0.0000000      -1.0000000      -1.0000000      -1.0000000
      -1.0000000      -1.0000000      -1.0000000      -1.0000000      -1.0000000
      -1.0000000
       0.0000000       111.00000      0.34785384       1258.0000       340470.00
       6.0979691       3.6972642      0.49671391      0.64705884      0.65632176
      -271.26089       212.71300      -36.700825       113.63897       22.828152
       87.519791
       1.0000000       111.00000      0.34785384      -1.0000000       3.0000000
       0.0000000       0.0000000      -1.0000000      -1.0000000      -1.0000000
      -1.0000000      -1.0000000      -1.0000000      -1.0000000      -1.0000000
      -1.0000000
       0.0000000       110.00000      0.36068764       1271.0000       339250.00
       5.9257340       3.1678879      0.48474389      0.65714288      0.59560478
      -255.43500       210.13850      -40.831188       114.44003       21.961828
       86.078621
       1.0000000       110.00000      0.36068764      -1.0000000       3.0000000
     0.080363555      0.42094694      -1.0000000      -1.0000000      -1.0000000
      -1.0000000      -1.0000000      -1.0000000      -1.0000000      -1.0000000
      -1.0000000
       0.0000000       109.00000      0.38016787       1290.0000       336548.00
       5.7463355       3.0444949      0.49090886      0.51724136      0.60279256
      -260.32086       212.39287      -47.903679       117.59635       21.573238
       84.630974
       1.0000000       109.00000      0.38016787      -1.0000000       4.0000000
     0.035349248      0.24615956      -1.0000000      -1.0000000      -1.0000000
      -1.0000000      -1.0000000      -1.0000000      -1.0000000      -1.0000000
      -1.0000000
       0.0000000       108.00000      0.39992696       1286.0000       334182.00
       5.7289839       4.0778027      0.47386089      0.63636363      0.60938299
      -248.55844       218.25328      -14.785024       119.02597       22.978111
       84.231407
       1.0000000       108.00000      0.39992696      -1.0000000       3.0000000
     0.026926794      0.20326275      -1.0000000      -1.0000000      -1.0000000
      -1.0000000      -1.0000000      -1.0000000      -1.0000000      -1.0000000
      -1.0000000
       0.0000000       107.00000      0.41996893       1308.0000       331224.00
       5.5469503       4.6606374      0.42986128      0.65789473      0.57495540
      -207.49792       197.70683       7.6575589       119.10176       22.966824
       84.299629
       1.0000000       107.00000      0.41996893      -1.0000000       3.0000000
     0.015647395      0.17505583      -1.0000000      -1.0000000      -1.0000000
      -1.0000000      -1.0000000      -1.0000000      -1.0000000      -1.0000000
      -1.0000000
       0.0000000       106.00000      0.44029784       1308.0000       328666.00
       5.2615552       3.9624219      0.41538048      0.70454550      0.55468857
      -153.86142       231.76273      -32.289768       118.48109       21.280535
       84.479614
       1.0000000       106.00000      0.44029784      -1.0000000       3.0000000
     0.016035965      0.11754984      -1.0000000      -1.0000000      -1.0000000
      -1.0000000      -1.0000000      -1.0000000      -1.0000000      -1.0000000
      -1.0000000
       0.0000000       105.00000      0.46091780       1328.0000       325535.00
       5.1170650       2.9391439      0.46873456      0.69047618      0.62302303
      -140.46037       274.19012      -56.301792       118.23895       20.073311
       83.109489
       1.0000000       105.00000      0.46091780      -1.0000000       8.0000000
     0.027538686      0.24726345      -1.0000000      -1.0000000      -1.0000000
      -1.0000000      -1.0000000      -1.0000000      -1.0000000      -1.0000000
      -1.0000000
       0.0000000       104.00000      0.48183295       1314.0000       320865.00
       5.1205616       2.6725051      0.47235206      0.68292683      0.69021910
      -158.53012       286.06830      -92.719360       122.30521       21.291931
       80.943512
       1.0000000       104.00000      0.48183295      -1.0000000       2.0000000
     0.065514694      0.35378419      -1.0000000      -1.0000000      -1.0000000
      -1.0000000      -1.0000000      -1.0000000      -1.0000000      -1.0000000
      -1.0000000
       0.0000000       103.00000      0.50304753       1332.0000       317135.00
       5.2599959       3.5974810      0.49793863      0.61111116      0.53471482
      -181.25345       299.88580      -114.59687       130.10071       23.236883
       77.525879
       1.0000000       103.00000      0.50304753      -1.0000000       1.0000000
     0.040377479     0.094816796      -1.0000000      -1.0000000      -1.0000000
      -1.0000000      -1.0000000      -1.0000000      -1.0000000      -1.0000000
      -1.0000000
       0.0000000       102.00000      0.52456582       1361.0000       315681.00
       4.9336634       3.1712909      0.48438966      0.55882359      0.62449354
      -181.50287       241.29211      -151.30212       120.86346       20.347351
       83.704880
       1.0000000       102.00000      0.52456582      -1.0000000       5.0000000
      0.14491765      0.65466655      -1.0000000      -1.0000000      -1.0000000
      -1.0000000      -1.0000000      -1.0000000      -1.0000000      -1.0000000
      -1.0000000
       0.0000000       101.00000      0.54639220       1375.0000       312848.00
       4.7912407       3.8995011      0.48942563      0.63157892      0.61186856
      -224.80664       207.09431      -142.98047       118.31422       20.444019
       87.185326
       1.0000000       101.00000      0.54639220      -1.0000000       2.0000000
     0.040434487      0.21463046      -1.0000000      -1.0000000      -1.0000000
      -1.0000000      -1.0000000      -1.0000000      -1.0000000      -1.0000000
      -1.0000000
       0.0000000       100.00000      0.57598084       1388.0000       309504.00
       4.5573168       3.6371787      0.49520922      0.64999998      0.62817717
      -216.08800       224.51640      -97.260124       115.34433       19.355316
       88.034935
       1.0000000       100.00000      0.57598084      -1.0000000       3.0000000
     0.060335235      0.14661698      -1.0000000      -1.0000000      -1.0000000
      -1.0000000      -1.0000000      -1.0000000      -1.0000000      -1.0000000
      -1.0000000
       0.0000000       99.000000      0.59854329       1402.0000       305473.00
       4.4605613       2.7540891      0.50240582      0.61111116      0.59108943
      -172.52518       256.12378      -101.36366       113.72462       18.101164
       88.234825
       1.0000000       99.000000      0.59854329      -1.0000000       5.0000000
     0.040180751      0.19149211      -1.0000000      -1.0000000      -1.0000000
      -1.0000000      -1.0000000      -1.0000000      -1.0000000      -1.0000000
      -1.0000000
       0.0000000       98.000000      0.62142873       1419.0000       302740.00
       4.3762813       2.4672875      0.49953234      0.51515150      0.55842131
      -134.17177       268.46414      -125.06753       113.95116       17.728830
       87.178513
       1.0000000       98.000000      0.62142873      -1.0000000       2.0000000
   0.00038169848    0.0030135247      -1.0000000      -1.0000000      -1.0000000
      -1.0000000      -1.0000000      -1.0000000      -1.0000000      -1.0000000
      -1.0000000
       0.0000000       97.000000      0.64464182       1435.0000       300987.00
       4.3239803       2.7411602      0.49987206      0.57894731      0.60589206
      -128.77501       251.21188      -158.20322       116.12901       17.940382
       85.173523
       1.0000000       97.000000      0.64464182      -1.0000000       3.0000000
     0.031412770      0.12655681      -1.0000000      -1.0000000      -1.0000000
      -1.0000000      -1.0000000      -1.0000000      -1.0000000      -1.0000000
      -1.0000000
       0.0000000       96.000000      0.67611039       1563.0000       303893.00
       4.1434236       3.6994696      0.51634413      0.44827580      0.56773514
      -165.81606       181.15469      -233.92168       118.87679       18.331724
       82.233368
       1.0000000       96.000000      0.67611039      -1.0000000       2.0000000
     0.019128875      0.11424022      -1.0000000      -1.0000000      -1.0000000
      -1.0000000      -1.0000000      -1.0000000      -1.0000000      -1.0000000
      -1.0000000
       0.0000000       95.000000      0.70010638       1598.0000       301945.00
       3.9474688       3.9703686      0.50110912      0.50000000      0.50277603
      -238.21173       137.96239      -165.34023       118.97958       18.194363
       82.498940
       1.0000000       95.000000      0.70010638      -1.0000000       2.0000000
     0.012566729      0.18168455      -1.0000000      -1.0000000      -1.0000000
      -1.0000000      -1.0000000      -1.0000000      -1.0000000      -1.0000000
      -1.0000000
       0.0000000       94.000000      0.73263615       1621.0000       299107.00
       3.7122560       3.4369416      0.49929774      0.53125000      0.53331906
      -226.45111       161.42360      -119.01521       117.20954       16.943491
       84.814796
       1.0000000       94.000000      0.73263615      -1.0000000       1.0000000
       0.0000000       0.0000000      -1.0000000      -1.0000000      -1.0000000
      -1.0000000      -1.0000000      -1.0000000      -1.0000000      -1.0000000
      -1.0000000
       0.0000000       93.000000      0.75744140       1678.0000       297239.00
       3.5425375       2.9992576      0.49125016      0.57142854      0.55321980
      -209.27985       142.18602      -133.49191       113.79925       15.855739
       90.723251
       1.0000000       93.000000      0.75744140      -1.0000000       1.0000000
     0.015908491      0.15244991      -1.0000000      -1.0000000      -1.0000000
      -1.0000000      -1.0000000      -1.0000000      -1.0000000      -1.0000000
      -1.0000000
       0.0000000       92.000000      0.79106826       1667.0000       291016.00
       3.4315095       2.4822280      0.49882478      0.51515150      0.57537186
      -231.99367       106.10552      -149.25450       109.91403       14.853795
       93.185966
       1.0000000       92.000000      0.79106826      -1.0000000       1.0000000
       0.0000000       0.0000000      -1.0000000      -1.0000000      -1.0000000
      -1.0000000      -1.0000000      -1.0000000      -1.0000000      -1.0000000
      -1.0000000
       0.0000000       91.000000      0.81671000       1683.0000       288239.00
       3.4089684       2.1767368      0.50190014      0.62162161      0.60125381
      -248.21062       68.719429      -152.58723       107.47910       14.690473
       96.924904
       1.0000000       91.000000      0.81671000      -1.0000000       2.0000000
   0.00046536987     0.020442061      -1.0000000      -1.0000000      -1.0000000
      -1.0000000      -1.0000000      -1.0000000      -1.0000000      -1.0000000
      -1.0000000
       0.0000000       90.000000      0.85147089       1710.0000       284838.00
       3.3283734       1.8179359      0.50751972      0.54285711      0.55077630
      -255.13670       21.846445      -151.31606       106.32722       13.932929
       99.458252
       1.0000000       90.000000      0.85147089      -1.0000000       2.0000000
    0.0022895349     0.041207921      -1.0000000      -1.0000000      -1.0000000
      -1.0000000      -1.0000000      -1.0000000      -1.0000000      -1.0000000
      -1.0000000
       0.0000000       89.000000      0.88689691       1692.0000       280152.00
       3.3557184       1.9119095      0.48836702      0.58823532      0.57035214
      -276.41449       8.3744392      -104.81736       107.52760       14.368637
       99.217262
       1.0000000       89.000000      0.88689691      -1.0000000       1.0000000
   0.00061198889     0.017093016      -1.0000000      -1.0000000      -1.0000000
      -1.0000000      -1.0000000      -1.0000000      -1.0000000      -1.0000000
      -1.0000000
       0.0000000       88.000000      0.92300081       1699.0000       275288.00
       3.2792525       2.3677027      0.49660200      0.64102566      0.56539810
      -310.75565       39.381683      -34.959133       110.20435       14.650266
       97.387100
       0.0000000       87.000000      0.95053136       1706.0000       272145.00
       3.1685109       2.5877032      0.51344758      0.57142854      0.56467706
      -310.51929       80.969200      -35.128372       110.09781       14.259131
       96.774506
       1.0000000       87.000000      0.95053136      -1.0000000       1.0000000
   0.00019970533    0.0093298517      -1.0000000      -1.0000000      -1.0000000
      -1.0000000      -1.0000000      -1.0000000      -1.0000000      -1.0000000
      -1.0000000
       0.0000000       86.000000      0.98785281       1678.0000       265787.00
       3.0871220       2.5654597      0.50341392      0.52777779      0.56138194
      -291.82770       87.050323      -52.880466       110.82701       13.942567
       95.014801
       1.0000000       86.000000      0.98785281      -1.0000000       1.0000000
    0.0010535272     0.017113363      -1.0000000      -1.0000000      -1.0000000
      -1.0000000      -1.0000000      -1.0000000      -1.0000000      -1.0000000
      -1.0000000
       0.0000000       85.000000      0.99729425       1833.0000       270940.00
       3.0961921       2.8021438      0.49324927      0.58333337      0.57379812
      -290.64764       80.141434      -55.838654       112.06408       14.315455
       90.354652
       0.0000000       84.000000       1.0355104       1642.0000       258011.00
       2.9769113       2.6943173      0.49783558      0.51428568      0.54190964
      -278.83167       105.66619       8.5105314       112.86359       13.787570
       91.008400
       0.0000000       83.000000       1.0744579       1589.0000       250071.00
       2.8290851       3.1300845      0.49837723      0.55882359      0.54118854
      -245.97485       175.07451       14.132873       112.81620       14.232080
       92.185097
       1.0000000       83.000000       1.0744579      -1.0000000       2.0000000
     0.010237192     0.042619325      -1.0000000      -1.0000000      -1.0000000
      -1.0000000      -1.0000000      -1.0000000      -1.0000000      -1.0000000
      -1.0000000
       0.0000000       82.000000       1.1141505       1649.0000       246887.00
       2.6711814       3.7788799      0.50594872      0.57142854      0.54506052
      -191.18594       200.63774      -95.351326       114.90377       14.490623
       94.468498
       1.0000000       82.000000       1.1141505      -1.0000000       1.0000000
       0.0000000       0.0000000      -1.0000000      -1.0000000      -1.0000000
      -1.0000000      -1.0000000      -1.0000000      -1.0000000      -1.0000000
      -1.0000000
       0.0000000       81.000000       1.1546028       1655.0000       242520.00
       2.4673328       3.1530414      0.49994412      0.61111116      0.53028834
      -173.70332       132.92429      -189.21149       110.20396       13.610817
       99.297516
       1.0000000       81.000000       1.1546028      -1.0000000       1.0000000
       0.0000000       0.0000000      -1.0000000      -1.0000000      -1.0000000
      -1.0000000      -1.0000000      -1.0000000      -1.0000000      -1.0000000
      -1.0000000
       0.0000000       80.000000       1.2062581       1633.0000       233731.00
       2.3308172       2.6021559      0.47456697      0.67500001      0.53875077
      -196.70288       87.080460      -168.81493       108.53014       12.658502
       106.25265
       1.0000000       80.000000       1.2062581      -1.0000000       1.0000000
    0.0020493667     0.033008315      -1.0000000      -1.0000000      -1.0000000
      -1.0000000      -1.0000000      -1.0000000      -1.0000000      -1.0000000
      -1.0000000
       0.0000000       79.000000       1.2484726       1637.0000       229364.00
       2.2454934       2.5512617      0.46481401      0.66666663      0.47024783
      -182.52306       89.483597      -169.78218       110.61374       12.686365
       105.91741
       1.0000000       79.000000       1.2484726      -1.0000000       3.0000000
    0.0061422835      0.12553975      -1.0000000      -1.0000000      -1.0000000
      -1.0000000      -1.0000000      -1.0000000      -1.0000000      -1.0000000
      -1.0000000
       0.0000000       78.000000       1.3023784       1641.0000       222910.00
       2.0487201       2.7613988      0.45823050      0.55882359      0.48151571
      -178.00996       60.396461      -160.60216       113.49092       11.824819
       106.04905
       1.0000000       78.000000       1.3023784      -1.0000000       1.0000000
   0.00048274550      0.13619791      -1.0000000      -1.0000000      -1.0000000
      -1.0000000      -1.0000000      -1.0000000      -1.0000000      -1.0000000
      -1.0000000
       0.0000000       77.000000       1.3575766       1613.0000       215213.00
       1.8801986       2.7076864      0.42573950      0.53125000      0.41794258
      -178.98453     -0.54629552      -113.50191       115.64507       11.653291
       109.13539
       1.0000000       77.000000       1.3575766      -1.0000000       2.0000000
     0.018329606      0.15140748      -1.0000000      -1.0000000      -1.0000000
      -1.0000000      -1.0000000      -1.0000000      -1.0000000      -1.0000000
      -1.0000000
       0.0000000       76.000000       1.4140983       1589.0000       207913.00
       1.7528009       2.2930341      0.40165621      0.52941173      0.34535724
      -149.06494      -38.220310      -73.431068       114.61268       11.581542
       111.51254
       1.0000000       76.000000       1.4140983      -1.0000000       2.0000000
    0.0030477776     0.056398541      -1.0000000      -1.0000000      -1.0000000
      -1.0000000      -1.0000000      -1.0000000      -1.0000000      -1.0000000
      -1.0000000
       0.0000000       75.000000       1.4719748       1552.0000       199374.00
       1.6099727       2.8766015      0.35649768      0.45714289      0.29704127
      -136.93610      -41.081257       5.8934460       115.86610       11.627010
       120.20165
       1.0000000       75.000000       1.4719748      -1.0000000       1.0000000
   0.00094349479       0.0000000      -1.0000000      -1.0000000      -1.0000000
      -1.0000000      -1.0000000      -1.0000000      -1.0000000      -1.0000000
      -1.0000000
       0.0000000       74.000000       1.5312390      -1.0000000       192670.00
       1.4150447       2.4086685      -1.0000000      -1.0000000      -1.0000000
      -1.0000000      -1.0000000      -1.0000000       113.40373       11.283436
       123.65099
       1.0000000       74.000000       1.5312390      -1.0000000       2.0000000
     0.011471434      0.13503418      -1.0000000      -1.0000000      -1.0000000
      -1.0000000      -1.0000000      -1.0000000      -1.0000000      -1.0000000
      -1.0000000
       0.0000000       73.000000       1.6042346      -1.0000000       182476.00
       1.4076207       2.4000685      -1.0000000      -1.0000000      -1.0000000
      -1.0000000      -1.0000000      -1.0000000       117.76595       11.438952
       125.20329
       1.0000000       73.000000       1.6042346      -1.0000000       3.0000000
    0.0069172428     0.013047924      -1.0000000      -1.0000000      -1.0000000
      -1.0000000      -1.0000000      -1.0000000      -1.0000000      -1.0000000
      -1.0000000
       0.0000000       72.000000       1.6666696      -1.0000000       176036.00
       1.2073098       2.3777409      -1.0000000      -1.0000000      -1.0000000
      -1.0000000      -1.0000000      -1.0000000       116.68476       10.831105
       117.77476
       1.0000000       72.000000       1.6666696      -1.0000000       2.0000000
     0.021716277      0.24276993      -1.0000000      -1.0000000      -1.0000000
      -1.0000000      -1.0000000      -1.0000000      -1.0000000      -1.0000000
      -1.0000000
       0.0000000       71.000000       1.7435706      -1.0000000       170605.00
       1.0778637       1.8769184      -1.0000000      -1.0000000      -1.0000000
      -1.0000000      -1.0000000      -1.0000000       123.63750       9.3697300
       104.04453
       1.0000000       71.000000       1.7435706      -1.0000000       5.0000000
     0.078941748      0.43406682      -1.0000000      -1.0000000      -1.0000000
      -1.0000000      -1.0000000      -1.0000000      -1.0000000      -1.0000000
      -1.0000000
       0.0000000       70.000000       1.8226893      -1.0000000       165259.00
      0.93550843       3.0093739      -1.0000000      -1.0000000      -1.0000000
      -1.0000000      -1.0000000      -1.0000000       128.70424       10.709156
       99.411835
       1.0000000       70.000000       1.8226893      -1.0000000       2.0000000
   0.00040387729     0.010723582      -1.0000000      -1.0000000      -1.0000000
      -1.0000000      -1.0000000      -1.0000000      -1.0000000      -1.0000000
      -1.0000000
       0.0000000       69.000000       1.9040896      -1.0000000       158049.00
      0.77747792       1.9649316      -1.0000000      -1.0000000      -1.0000000
      -1.0000000      -1.0000000      -1.0000000       112.27917       8.2315626
       123.44638
       1.0000000       69.000000       1.9040896      -1.0000000       4.0000000
    0.0011531753    0.0060780672      -1.0000000      -1.0000000      -1.0000000
      -1.0000000      -1.0000000      -1.0000000      -1.0000000      -1.0000000
      -1.0000000
       0.0000000       68.000000       2.0020282      -1.0000000       148855.00
      0.68850768       1.8035450      -1.0000000      -1.0000000      -1.0000000
      -1.0000000      -1.0000000      -1.0000000       101.31468       7.6329412
       106.73009
       1.0000000       68.000000       2.0020282      -1.0000000       2.0000000
    0.0015755619     0.038771600      -1.0000000      -1.0000000      -1.0000000
      -1.0000000      -1.0000000      -1.0000000      -1.0000000      -1.0000000
      -1.0000000
       0.0000000       67.000000       2.1032696      -1.0000000       142923.00
      0.58495259       1.5390378      -1.0000000      -1.0000000      -1.0000000
      -1.0000000      -1.0000000      -1.0000000       99.196396       6.9492273
       101.86848
       1.0000000       67.000000       2.1032696      -1.0000000       4.0000000
    0.0045852009    0.0063391593      -1.0000000      -1.0000000      -1.0000000
      -1.0000000      -1.0000000      -1.0000000      -1.0000000      -1.0000000
      -1.0000000
       0.0000000       66.000000       2.2079256      -1.0000000       141298.00
      0.54696339       1.4185930      -1.0000000      -1.0000000      -1.0000000
      -1.0000000      -1.0000000      -1.0000000       100.42852       6.7325387
       89.552834
       1.0000000       66.000000       2.2079256      -1.0000000       2.0000000
   0.00056023645     0.072683148      -1.0000000      -1.0000000      -1.0000000
      -1.0000000      -1.0000000      -1.0000000      -1.0000000      -1.0000000
      -1.0000000
       0.0000000       65.000000       2.3161108      -1.0000000       136686.00
      0.49576357       1.4414033      -1.0000000      -1.0000000      -1.0000000
      -1.0000000      -1.0000000      -1.0000000       100.60370       7.0285358
       82.682022
       1.0000000       65.000000       2.3161108      -1.0000000       1.0000000
    0.0049098171     0.069697507      -1.0000000      -1.0000000      -1.0000000
      -1.0000000      -1.0000000      -1.0000000      -1.0000000      -1.0000000
      -1.0000000
       0.0000000       64.000000       2.4442258      -1.0000000       127569.00
      0.42514852       1.3425509      -1.0000000      -1.0000000      -1.0000000
      -1.0000000      -1.0000000      -1.0000000       94.875809       5.8388553
       86.631241
       1.0000000       64.000000       2.4442258      -1.0000000       1.0000000
       0.0000000       0.0000000      -1.0000000      -1.0000000      -1.0000000
      -1.0000000      -1.0000000      -1.0000000      -1.0000000      -1.0000000
      -1.0000000
       0.0000000       63.000000       2.5772903      -1.0000000       145081.00
      0.39044216      0.92597008      -1.0000000      -1.0000000      -1.0000000
      -1.0000000      -1.0000000      -1.0000000       91.729286       5.3255601
       86.625961
       0.0000000       62.000000       2.7331426      -1.0000000       130953.00
      0.35146672       1.2467557      -1.0000000      -1.0000000      -1.0000000
      -1.0000000      -1.0000000      -1.0000000       92.340225       5.3743839
       89.283806
       1.0000000       62.000000       2.7331426      -1.0000000       1.0000000
   0.00066941831       0.0000000      -1.0000000      -1.0000000      -1.0000000
      -1.0000000      -1.0000000      -1.0000000      -1.0000000      -1.0000000
      -1.0000000
       0.0000000       61.000000       2.8957851      -1.0000000       115486.00
      0.28295916      0.96493810      -1.0000000      -1.0000000      -1.0000000
      -1.0000000      -1.0000000      -1.0000000       92.415268       4.3150787
       94.457565
       1.0000000       61.000000       2.8957851      -1.0000000       2.0000000
       0.0000000       0.0000000      -1.0000000      -1.0000000      -1.0000000
      -1.0000000      -1.0000000      -1.0000000      -1.0000000      -1.0000000
      -1.0000000
