       0.0000000       135.00000       0.0000000       1056.0000       399083.00
       6.2741947       2.6770353      0.50291175      0.50000000      0.48000363
      -135.08514      -67.173164       132.69264       113.76237       22.531334
       81.468330
       0.0000000       134.00000    0.0095216669       1051.0000       396447.00
       6.2187119       2.8631363      0.50279862      0.51515150      0.48709881
      -121.37281      -66.012466       141.40388       114.36478       22.710173
       80.940796
       0.0000000       133.00000     0.023974428       1056.0000       393063.00
       6.1288328       2.6843498      0.50304794      0.54545456      0.50108665
      -112.87761      -58.288803       153.93034       116.06430       22.734596
       80.649109
       1.0000000       133.00000     0.023974428      -1.0000000       1.0000000
    0.0022479238     0.015950495      -1.0000000      -1.0000000      -1.0000000
      -1.0000000      -1.0000000      -1.0000000      -1.0000000      -1.0000000
      -1.0000000
       0.0000000       132.00000     0.033724371       1057.0000       392233.00
       6.1569939       3.0588574      0.50024557      0.52777779      0.47350943
      -112.86931      -51.399212       153.86699       116.55849       23.251240
       80.677185
       1.0000000       132.00000     0.033724371      -1.0000000       1.0000000
    0.0058436953     0.050004032      -1.0000000      -1.0000000      -1.0000000
      -1.0000000      -1.0000000      -1.0000000      -1.0000000      -1.0000000
      -1.0000000
       0.0000000       131.00000     0.048523631       1062.0000       388310.00
       6.0048990       3.0847368      0.48563001      0.47058821      0.44260466
      -120.44238      -48.544704       135.96860       115.06496       22.811256
       82.497925
       1.0000000       131.00000     0.048523631      -1.0000000       1.0000000
    0.0024999287     0.040351856      -1.0000000      -1.0000000      -1.0000000
      -1.0000000      -1.0000000      -1.0000000      -1.0000000      -1.0000000
      -1.0000000
       0.0000000       130.00000     0.058507323       1065.0000       385691.00
       5.9321108       2.5399446      0.48634633      0.51428568      0.44843394
      -119.85567      -54.654423       130.90819       113.21014       21.802883
       84.967300
       0.0000000       129.00000     0.073661387       1057.0000       382501.00
       5.8527632       2.4367936      0.49262917      0.45454544      0.46589705
      -114.16373      -61.258427       139.68738       111.92120       21.663595
       88.810112
       0.0000000       128.00000     0.083884433       1050.0000       379681.00
       5.8265553       2.6885943      0.48886383      0.45454544      0.43960592
      -110.19566      -51.160961       147.36143       112.26753       21.633039
       89.644501
       0.0000000       127.00000     0.099401802       1042.0000       376880.00
       5.7126493       2.9822025      0.48757789      0.47058821      0.45896995
      -119.68938      -36.098526       140.56024       111.80946       21.720678
       90.231735
       0.0000000       126.00000      0.10986994       1040.0000       374587.00
       5.6873465       2.7937508      0.48474813      0.45454544      0.43759835
      -128.40245      -35.966755       130.73026       111.80965       21.555147
       90.185379
       0.0000000       125.00000      0.12575933       1029.0000       371554.00
       5.6059070       2.7497773      0.48401710      0.45454544      0.44853738
      -125.27833      -52.798462       125.89316       111.82047       21.308861
       91.860428
       1.0000000       125.00000      0.12575933      -1.0000000       1.0000000
     0.074273415      0.16232532      -1.0000000      -1.0000000      -1.0000000
      -1.0000000      -1.0000000      -1.0000000      -1.0000000      -1.0000000
      -1.0000000
       0.0000000       124.00000      0.14187621       1037.0000       368557.00
       5.4449306       2.6766653      0.47556087      0.42424244      0.40062034
      -101.74886      -57.018841       135.85594       112.69061       20.378357
       92.378174
       0.0000000       123.00000      0.15274876       1036.0000       366808.00
       5.4702024       2.7824533      0.48304704      0.42424244      0.42251140
      -90.279800      -51.458973       143.94614       112.75742       21.446321
       91.994720
       0.0000000       122.00000      0.16925204       1037.0000       363264.00
       5.4191980       2.6900923      0.47059166      0.40625006      0.39363506
      -75.283424      -34.157814       153.23871       114.32832       21.184587
       92.309868
       0.0000000       121.00000      0.18038526       1074.0000       362654.00
       5.2969460       2.8702567      0.47577995      0.40625006      0.38302672
      -69.828583      -18.987808       155.36740       114.92494       20.622484
       91.702904
       0.0000000       120.00000      0.19728418       1082.0000       360133.00
       5.2018981       2.6620302      0.48004264      0.35483867      0.36739743
      -73.312332      0.82783210       153.64429       115.04010       20.287266
       92.273529
       0.0000000       119.00000      0.21442504       1074.0000       356641.00
       5.1397748       2.4246726      0.47618303      0.37500006      0.36481622
      -82.249588       9.8482399       153.07802       115.26401       19.887577
       93.545273
       0.0000000       118.00000      0.22598839       1072.0000       354589.00
       5.1409163       2.3034487      0.47548082      0.33333331      0.36929569
      -86.663910       20.036161       149.65230       115.20666       19.944105
       94.956596
       0.0000000       117.00000      0.24354018       1081.0000       350726.00
       5.0358243       2.3863745      0.47781071      0.37500006      0.37193111
      -96.814903       27.089514       141.62498       115.35120       19.502333
       97.700943
       0.0000000       116.00000      0.26134327       1081.0000       347393.00
       4.9910107       2.1819141      0.47892153      0.44117647      0.38763067
      -111.73906       29.036942       132.97615       115.43061       18.963093
       98.899849
       0.0000000       115.00000      0.27335334       1073.0000       344160.00
       4.9581571       2.1580997      0.47254080      0.39393944      0.38928285
      -114.39899       30.851444       131.12053       115.27690       19.098679
       99.652527
       0.0000000       114.00000      0.29158324       1073.0000       340787.00
       4.9004951       2.0591130      0.47627333      0.42424244      0.37858304
      -119.60607       44.039047       126.05673       115.61697       18.523043
       99.574654
       0.0000000       113.00000      0.31007412       1077.0000       337652.00
       4.7767963       2.0818708      0.47899428      0.44117647      0.41039145
      -139.28018       38.783936       108.65504       115.88834       17.919193
       97.455170
       0.0000000       112.00000      0.32882974       1052.0000       330886.00
       4.8088574       2.2975433      0.47449175      0.50000000      0.40628853
      -157.66875       23.879805       93.676186       116.99552       18.828869
       95.409599
       0.0000000       111.00000      0.34785384       1035.0000       326766.00
       4.7107930       2.7006154      0.47315508      0.47058821      0.36299103
      -154.89487       8.8713894       98.544418       118.80746       19.361179
       95.931976
       0.0000000       110.00000      0.36068764       1031.0000       324476.00
       4.6968207       3.6867177      0.47044519      0.37500006      0.36805350
      -149.62068       2.2897735       104.79356       119.09197       19.996349
       96.219688
       1.0000000       110.00000      0.36068764      -1.0000000       1.0000000
       0.0000000       0.0000000      -1.0000000      -1.0000000      -1.0000000
      -1.0000000      -1.0000000      -1.0000000      -1.0000000      -1.0000000
      -1.0000000
       0.0000000       109.00000      0.38016787       1045.0000       321696.00
       4.5750771       3.5466585      0.45949912      0.43333334      0.37490433
      -126.95103       9.2420292       121.99368       119.10395       20.403397
       97.684517
       0.0000000       108.00000      0.39992696       1059.0000       320397.00
       4.4323316       3.0542405      0.43928614      0.45161289      0.32989058
      -102.35596       15.381456       125.09503       116.95677       18.866390
       98.206528
       0.0000000       107.00000      0.41996893       1070.0000       317047.00
       4.2858925       3.0439513      0.44473740      0.48571426      0.30502623
      -89.118881       49.033253       114.03556       117.17110       18.739716
       98.328362
       1.0000000       107.00000      0.41996893      -1.0000000       1.0000000
       0.0000000       0.0000000      -1.0000000      -1.0000000      -1.0000000
      -1.0000000      -1.0000000      -1.0000000      -1.0000000      -1.0000000
      -1.0000000
       0.0000000       106.00000      0.44029784       1161.0000       320221.00
       4.1905708       2.8362989      0.44066161      0.34375006      0.31740695
      -91.592720       60.604778       95.699799       118.50122       18.260113
       96.113281
       1.0000000       106.00000      0.44029784      -1.0000000       3.0000000
    0.0053756945     0.069538922      -1.0000000      -1.0000000      -1.0000000
      -1.0000000      -1.0000000      -1.0000000      -1.0000000      -1.0000000
      -1.0000000
       0.0000000       105.00000      0.46091780       1185.0000       317469.00
       4.0901241       2.7418544      0.42642274      0.37500006      0.26556158
      -105.79301       56.081463       74.630898       118.95887       18.330076
       93.293037
       1.0000000       105.00000      0.46091780      -1.0000000       1.0000000
    0.0030656017     0.050504465      -1.0000000      -1.0000000      -1.0000000
      -1.0000000      -1.0000000      -1.0000000      -1.0000000      -1.0000000
      -1.0000000
       0.0000000       104.00000      0.48183295       1185.0000       313315.00
       4.1094332       2.7139003      0.43258372      0.40625006      0.30867636
      -118.63284       47.109081       78.856453       120.66444       18.732233
       92.560333
       0.0000000       103.00000      0.50304753       1222.0000       310972.00
       4.0403528       3.0560412      0.41924149      0.45454544      0.32022759
      -106.48592       20.730379       79.644951       122.62864       19.051609
       92.956703
       1.0000000       103.00000      0.50304753      -1.0000000       1.0000000
    0.0060774293     0.053341888      -1.0000000      -1.0000000      -1.0000000
      -1.0000000      -1.0000000      -1.0000000      -1.0000000      -1.0000000
      -1.0000000
       0.0000000       102.00000      0.52456582       1224.0000       308170.00
       3.9002292       2.7769866      0.40238392      0.42424244      0.25389013
      -72.964165       1.9782382       101.77892       122.09865       18.436375
       92.355034
       0.0000000       101.00000      0.54639220       1232.0000       304959.00
       3.8039279       2.6437070      0.40899137      0.40625006      0.19591951
      -48.426720      -12.007961       112.30591       121.40334       17.891106
       92.851707
       1.0000000       101.00000      0.54639220      -1.0000000       2.0000000
    0.0054626093     0.077152463      -1.0000000      -1.0000000      -1.0000000
      -1.0000000      -1.0000000      -1.0000000      -1.0000000      -1.0000000
      -1.0000000
       0.0000000       100.00000      0.57598084       1246.0000       301909.00
       3.7318261       3.6966174      0.37489182      0.42424244      0.19745080
      -15.047173       5.1766758       87.337181       120.88409       19.133051
       93.295723
       1.0000000       100.00000      0.57598084      -1.0000000       1.0000000
    0.0015961446       0.0000000      -1.0000000      -1.0000000      -1.0000000
      -1.0000000      -1.0000000      -1.0000000      -1.0000000      -1.0000000
      -1.0000000
       0.0000000       99.000000      0.59854329       1259.0000       297783.00
       3.6579161       3.5027709      0.37270194      0.33333331      0.13649698
       16.052206       39.090607       74.387001       119.92942       19.522867
       94.025993
       1.0000000       99.000000      0.59854329      -1.0000000       1.0000000
    0.0074483887     0.056127530      -1.0000000      -1.0000000      -1.0000000
      -1.0000000      -1.0000000      -1.0000000      -1.0000000      -1.0000000
      -1.0000000
       0.0000000       98.000000      0.62142873       1267.0000       294769.00
       3.4660833       3.3621111      0.40247524      0.42424244      0.18435284
       37.233307       81.687927       67.826759       119.79961       18.358047
       96.802605
       1.0000000       98.000000      0.62142873      -1.0000000       2.0000000
    0.0096507656     0.081286449      -1.0000000      -1.0000000      -1.0000000
      -1.0000000      -1.0000000      -1.0000000      -1.0000000      -1.0000000
      -1.0000000
       0.0000000       97.000000      0.64464182       1268.0000       292233.00
       3.4188855       3.1855888      0.40713421      0.40625006      0.24453710
       32.328621       95.139381       70.586853       118.45709       17.984632
       98.491821
       0.0000000       96.000000      0.67611039       1283.0000       289466.00
       3.2735136       3.0112212      0.41408104      0.41935480      0.25364438
       8.7743587       97.116859       63.875099       116.51369       17.208963
       100.27539
       1.0000000       96.000000      0.67611039      -1.0000000       2.0000000
     0.011370084      0.12085731      -1.0000000      -1.0000000      -1.0000000
      -1.0000000      -1.0000000      -1.0000000      -1.0000000      -1.0000000
      -1.0000000
       0.0000000       95.000000      0.70010638       1298.0000       286867.00
       3.1822028       2.4004750      0.42403316      0.41935480      0.24094659
      -13.828656       103.79881       45.662891       116.47406       15.984594
       100.27155
       1.0000000       95.000000      0.70010638      -1.0000000       2.0000000
   0.00058333814     0.027400892      -1.0000000      -1.0000000      -1.0000000
      -1.0000000      -1.0000000      -1.0000000      -1.0000000      -1.0000000
      -1.0000000
       0.0000000       94.000000      0.73263615       1332.0000       284812.00
       3.1637499       2.2607074      0.41438138      0.36666667      0.17100747
      -49.999107       95.608749       4.9351459       117.59492       15.979184
       98.636627
       1.0000000       94.000000      0.73263615      -1.0000000       1.0000000
    0.0034149981     0.051832754      -1.0000000      -1.0000000      -1.0000000
      -1.0000000      -1.0000000      -1.0000000      -1.0000000      -1.0000000
      -1.0000000
       0.0000000       93.000000      0.75744140       1560.0000       291912.00
       3.0772676       2.2412853      0.40555459      0.33333331      0.17245586
      -70.803146       81.622688      -20.623671       119.00087       15.642184
       95.468079
       0.0000000       92.000000      0.79106826       1578.0000       286923.00
       2.9978154       2.2947063      0.40936658      0.31034482      0.18219900
      -100.77245       61.661407      -37.615452       120.81953       14.971088
       92.501587
       0.0000000       91.000000      0.81671000       1582.0000       283705.00
       2.9158342       2.1626532      0.40666935      0.37500006      0.18689269
      -118.09531       26.699596      -40.299969       119.24036       14.547875
       94.555832
       1.0000000       91.000000      0.81671000      -1.0000000       1.0000000
       0.0000000       0.0000000      -1.0000000      -1.0000000      -1.0000000
      -1.0000000      -1.0000000      -1.0000000      -1.0000000      -1.0000000
      -1.0000000
       0.0000000       90.000000      0.85147089       1609.0000       280369.00
       2.8126073       2.2544291      0.42296094      0.38235301      0.22326700
      -117.43158      -10.195741      -30.976839       116.76431       14.689837
       97.294273
       0.0000000       89.000000      0.88689691       1672.0000       279337.00
       2.7256649       2.5296650      0.41748253      0.41176474      0.21783665
      -104.89835      -36.252453      -19.108034       115.69099       14.083378
       99.678070
       1.0000000       89.000000      0.88689691      -1.0000000       3.0000000
    0.0043154032     0.098037648      -1.0000000      -1.0000000      -1.0000000
      -1.0000000      -1.0000000      -1.0000000      -1.0000000      -1.0000000
      -1.0000000
       0.0000000       88.000000      0.92300081       1668.0000       273938.00
       2.6145668       2.2789602      0.40359008      0.48484850      0.22861251
      -95.440704      -65.779503       12.561818       114.32566       13.752232
       103.19273
       1.0000000       88.000000      0.92300081      -1.0000000       1.0000000
   0.00020962546       0.0000000      -1.0000000      -1.0000000      -1.0000000
      -1.0000000      -1.0000000      -1.0000000      -1.0000000      -1.0000000
      -1.0000000
       0.0000000       87.000000      0.95053136       1674.0000       270701.00
       2.5938818       1.8415806      0.41315088      0.48571426      0.23841223
      -104.78656      -75.936409       13.418539       113.51315       13.831508
       103.47410
       1.0000000       87.000000      0.95053136      -1.0000000       1.0000000
       0.0000000       0.0000000      -1.0000000      -1.0000000      -1.0000000
      -1.0000000      -1.0000000      -1.0000000      -1.0000000      -1.0000000
      -1.0000000
       0.0000000       86.000000      0.98785281       1656.0000       264807.00
       2.5178716       1.5241193      0.44427848      0.45714289      0.31845132
      -136.92813      -84.350540       11.684300       114.59432       12.950796
       104.15355
       1.0000000       86.000000      0.98785281      -1.0000000       1.0000000
   0.00013649491       0.0000000      -1.0000000      -1.0000000      -1.0000000
      -1.0000000      -1.0000000      -1.0000000      -1.0000000      -1.0000000
      -1.0000000
       0.0000000       85.000000      0.99729425       1655.0000       263484.00
       2.5037384       1.6008830      0.43511924      0.48571426      0.33908918
      -145.12141      -85.463493       10.801117       114.88039       12.913222
       104.65936
       0.0000000       84.000000       1.0355104       1769.0000       263577.00
       2.5115314       1.5841254      0.42437035      0.50000000      0.34653324
      -159.88608      -73.651901       1.9018285       117.68543       13.176684
       101.16819
       1.0000000       84.000000       1.0355104      -1.0000000       1.0000000
       0.0000000       0.0000000      -1.0000000      -1.0000000      -1.0000000
      -1.0000000      -1.0000000      -1.0000000      -1.0000000      -1.0000000
      -1.0000000
       0.0000000       83.000000       1.0744579       1721.0000       255680.00
       2.4449408       1.9740297      0.43549493      0.50000000      0.33674496
      -177.64677      -73.321320      -19.660023       120.84268       13.568852
       97.963074
       1.0000000       83.000000       1.0744579      -1.0000000       3.0000000
    0.0071118637      0.21258378      -1.0000000      -1.0000000      -1.0000000
      -1.0000000      -1.0000000      -1.0000000      -1.0000000      -1.0000000
      -1.0000000
       0.0000000       82.000000       1.1141505       1635.0000       246274.00
       2.2942588       2.3615727      0.43969652      0.43750000      0.38500571
      -154.46043      -104.24099      -15.241540       122.03970       13.458684
       98.701080
       1.0000000       82.000000       1.1141505      -1.0000000       1.0000000
       0.0000000       0.0000000      -1.0000000      -1.0000000      -1.0000000
      -1.0000000      -1.0000000      -1.0000000      -1.0000000      -1.0000000
      -1.0000000
       0.0000000       81.000000       1.1546028       1618.0000       241035.00
       2.1701458       3.1911256      0.40906289      0.48648649      0.25456631
      -111.14382      -97.690102       28.623997       122.99178       14.354980
       101.00628
       0.0000000       80.000000       1.2062581       1615.0000       233018.00
       2.0228429       3.4888597      0.39145938      0.48484850      0.27358168
      -140.60202      -60.649494       37.950138       118.38937       16.019581
       107.51383
       1.0000000       80.000000       1.2062581      -1.0000000       1.0000000
       0.0000000       0.0000000      -1.0000000      -1.0000000      -1.0000000
      -1.0000000      -1.0000000      -1.0000000      -1.0000000      -1.0000000
      -1.0000000
       0.0000000       79.000000       1.2484726       1586.0000       227163.00
       1.9656869       2.7445138      0.39062199      0.33333331      0.26317593
      -117.49976      -71.939507       105.65099       118.31409       15.105927
       115.35155
       1.0000000       79.000000       1.2484726      -1.0000000       2.0000000
     0.094105997      0.43741626      -1.0000000      -1.0000000      -1.0000000
      -1.0000000      -1.0000000      -1.0000000      -1.0000000      -1.0000000
      -1.0000000
       0.0000000       78.000000       1.3023784       1556.0000       219233.00
       1.8801104       2.8808630      0.37681422      0.40540540      0.29185981
      -55.395252      -90.087021       123.53024       117.64362       15.955139
       120.31963
       1.0000000       78.000000       1.3023784      -1.0000000       1.0000000
   0.00035775459    0.0072582550      -1.0000000      -1.0000000      -1.0000000
      -1.0000000      -1.0000000      -1.0000000      -1.0000000      -1.0000000
      -1.0000000
       0.0000000       77.000000       1.3575766       1528.0000       211311.00
       1.6935544       2.8160887      0.34361324      0.64102566      0.16583829
      -2.8370101      -141.74522       48.564022       119.83947       14.285095
       122.55714
       1.0000000       77.000000       1.3575766      -1.0000000       2.0000000
     0.034816121      0.11664825      -1.0000000      -1.0000000      -1.0000000
      -1.0000000      -1.0000000      -1.0000000      -1.0000000      -1.0000000
      -1.0000000
       0.0000000       76.000000       1.4140983       1506.0000       204168.00
       1.6084868       3.2703331      0.28281158      0.67567563      0.18710150
       2.0478821      -57.522480       21.314217       123.69019       16.763933
       120.24634
       1.0000000       76.000000       1.4140983      -1.0000000       3.0000000
     0.021228867      0.17998861      -1.0000000      -1.0000000      -1.0000000
      -1.0000000      -1.0000000      -1.0000000      -1.0000000      -1.0000000
      -1.0000000
       0.0000000       75.000000       1.4719748      -1.0000000       197372.00
       1.4726971       3.7774897      -1.0000000      -1.0000000      -1.0000000
      -1.0000000      -1.0000000      -1.0000000       130.41235       18.736586
       113.97818
       1.0000000       75.000000       1.4719748      -1.0000000       1.0000000
     0.032625843      0.10995772      -1.0000000      -1.0000000      -1.0000000
      -1.0000000      -1.0000000      -1.0000000      -1.0000000      -1.0000000
      -1.0000000
       0.0000000       74.000000       1.5312390      -1.0000000       190058.00
       1.3979654       2.5108821      -1.0000000      -1.0000000      -1.0000000
      -1.0000000      -1.0000000      -1.0000000       131.70894       15.691043
       117.47582
       0.0000000       73.000000       1.6042346      -1.0000000       178858.00
       1.2763349       3.1089933      -1.0000000      -1.0000000      -1.0000000
      -1.0000000      -1.0000000      -1.0000000       132.45343       17.537752
       109.85899
       1.0000000       73.000000       1.6042346      -1.0000000       2.0000000
    0.0011366588       0.0000000      -1.0000000      -1.0000000      -1.0000000
      -1.0000000      -1.0000000      -1.0000000      -1.0000000      -1.0000000
      -1.0000000
       0.0000000       72.000000       1.6666696      -1.0000000       173594.00
       1.1964189       3.2317219      -1.0000000      -1.0000000      -1.0000000
      -1.0000000      -1.0000000      -1.0000000       127.11015       17.337973
       112.91235
       1.0000000       72.000000       1.6666696      -1.0000000       7.0000000
     0.055436112      0.55242949      -1.0000000      -1.0000000      -1.0000000
      -1.0000000      -1.0000000      -1.0000000      -1.0000000      -1.0000000
      -1.0000000
       0.0000000       71.000000       1.7435706      -1.0000000       166173.00
      0.96941173       4.2037830      -1.0000000      -1.0000000      -1.0000000
      -1.0000000      -1.0000000      -1.0000000       132.74622       17.451591
       99.570961
       1.0000000       71.000000       1.7435706      -1.0000000       2.0000000
     0.011781422      0.15996784      -1.0000000      -1.0000000      -1.0000000
      -1.0000000      -1.0000000      -1.0000000      -1.0000000      -1.0000000
      -1.0000000
       0.0000000       70.000000       1.8226893      -1.0000000       159433.00
      0.72216284       2.9628856      -1.0000000      -1.0000000      -1.0000000
      -1.0000000      -1.0000000      -1.0000000       123.76068       12.227704
       106.26141
       0.0000000       69.000000       1.9040896      -1.0000000       151522.00
      0.60894054       1.6295909      -1.0000000      -1.0000000      -1.0000000
      -1.0000000      -1.0000000      -1.0000000       113.26109       9.9932966
       115.01595
       0.0000000       68.000000       2.0020282      -1.0000000       159836.00
      0.54481959       1.8213779      -1.0000000      -1.0000000      -1.0000000
      -1.0000000      -1.0000000      -1.0000000       108.51113       9.8202496
       115.13143
       1.0000000       68.000000       2.0020282      -1.0000000       4.0000000
    0.0031562131     0.036785252      -1.0000000      -1.0000000      -1.0000000
      -1.0000000      -1.0000000      -1.0000000      -1.0000000      -1.0000000
      -1.0000000
       0.0000000       67.000000       2.1032696      -1.0000000       140310.00
      0.46540394       1.4575068      -1.0000000      -1.0000000      -1.0000000
      -1.0000000      -1.0000000      -1.0000000       108.07483       7.5775833
       117.09715
       1.0000000       67.000000       2.1032696      -1.0000000       2.0000000
       0.0000000       0.0000000      -1.0000000      -1.0000000      -1.0000000
      -1.0000000      -1.0000000      -1.0000000      -1.0000000      -1.0000000
      -1.0000000
       0.0000000       66.000000       2.2079256      -1.0000000       144624.00
      0.34403977       1.1618980      -1.0000000      -1.0000000      -1.0000000
      -1.0000000      -1.0000000      -1.0000000       109.59415       6.8398776
       104.40269
       1.0000000       66.000000       2.2079256      -1.0000000       4.0000000
     0.043525892      0.47889211      -1.0000000      -1.0000000      -1.0000000
      -1.0000000      -1.0000000      -1.0000000      -1.0000000      -1.0000000
      -1.0000000
       0.0000000       65.000000       2.3161108      -1.0000000       151247.00
      0.29295307       1.2917231      -1.0000000      -1.0000000      -1.0000000
      -1.0000000      -1.0000000      -1.0000000       115.88306       6.3117242
       92.921852
       1.0000000       65.000000       2.3161108      -1.0000000       1.0000000
       0.0000000       0.0000000      -1.0000000      -1.0000000      -1.0000000
      -1.0000000      -1.0000000      -1.0000000      -1.0000000      -1.0000000
      -1.0000000
       0.0000000       64.000000       2.4442258      -1.0000000       118932.00
      0.22104976       1.1870419      -1.0000000      -1.0000000      -1.0000000
      -1.0000000      -1.0000000      -1.0000000       111.81078       4.7997413
       99.947304
       1.0000000       64.000000       2.4442258      -1.0000000       5.0000000
    0.0023427840       0.0000000      -1.0000000      -1.0000000      -1.0000000
      -1.0000000      -1.0000000      -1.0000000      -1.0000000      -1.0000000
      -1.0000000
       0.0000000       63.000000       2.5772903      -1.0000000       132654.00
      0.17719258      0.58441675      -1.0000000      -1.0000000      -1.0000000
      -1.0000000      -1.0000000      -1.0000000       96.483353       3.2099779
       109.07791
       1.0000000       63.000000       2.5772903      -1.0000000       1.0000000
    0.0018833320    0.0045460314      -1.0000000      -1.0000000      -1.0000000
      -1.0000000      -1.0000000      -1.0000000      -1.0000000      -1.0000000
      -1.0000000
       0.0000000       62.000000       2.7331426      -1.0000000       124047.00
      0.14256775      0.76311076      -1.0000000      -1.0000000      -1.0000000
      -1.0000000      -1.0000000      -1.0000000       86.954140       3.6620922
       88.472885
       1.0000000       62.000000       2.7331426      -1.0000000       1.0000000
       0.0000000       0.0000000      -1.0000000      -1.0000000      -1.0000000
      -1.0000000      -1.0000000      -1.0000000      -1.0000000      -1.0000000
      -1.0000000
       0.0000000       61.000000       2.8957851      -1.0000000       111793.00
      0.12315109      0.81388408      -1.0000000      -1.0000000      -1.0000000
      -1.0000000      -1.0000000      -1.0000000       91.267845       3.8080168
       92.537819
       1.0000000       61.000000       2.8957851      -1.0000000       1.0000000
       0.0000000       0.0000000      -1.0000000      -1.0000000      -1.0000000
      -1.0000000      -1.0000000      -1.0000000      -1.0000000      -1.0000000
      -1.0000000
