       0.0000000       135.00000       0.0000000       11.000000       99151.000
       4.9107237      0.95827198      0.37572220      0.28571427      0.20846194
      0.31766722       41.200581       19.970850       103.88654       14.123381
       64.794945
       0.0000000       134.00000    0.0095216669       11.000000       98095.000
       4.8977494      0.94712585      0.37649918      0.33333331      0.25484571
      -1.0646894       46.657154       16.697601       104.18448       14.104135
       64.026039
       0.0000000       133.00000     0.023974428       11.000000       96730.000
       4.8734961      0.91755062      0.38754717      0.40625006      0.26951045
      -5.6946473       54.677666       19.838152       104.30391       14.277435
       63.945072
       0.0000000       132.00000     0.033724371       11.000000       95905.000
       4.8739967      0.97097099      0.39577496      0.36666667      0.29189506
      -12.261988       61.282562       25.204273       103.06786       14.425179
       69.028679
       0.0000000       131.00000     0.048523631       11.000000       92009.000
       4.8563466      0.74893069      0.39392436      0.36666667      0.30233499
      -20.707674       66.505356       28.659702       104.22046       14.365550
       66.570023
       0.0000000       130.00000     0.058507323       11.000000       91327.000
       4.8611574      0.82971734      0.40024975      0.39999998      0.31030577
      -25.674635       66.593384       31.902552       104.87843       14.488456
       67.355164
       0.0000000       129.00000     0.073661387       11.000000       89503.000
       4.8077450       1.2022268      0.41149849      0.36666667      0.33058149
      -35.856857       67.019890       41.427376       105.30607       14.873528
       67.790565
       0.0000000       128.00000     0.083884433       11.000000       89147.000
       4.7573557       1.0051364      0.41706178      0.48484850      0.37944493
      -38.177757       71.300140       46.986885       104.41592       14.645275
       70.895233
       0.0000000       127.00000     0.099401802       11.000000       87895.000
       4.7546759       1.0776489      0.41582647      0.43750000      0.37663829
      -33.865276       75.870758       56.916138       103.25568       14.983972
       81.762627
       0.0000000       126.00000      0.10986994       11.000000       87381.000
       4.6970277       1.1842203      0.42990521      0.46875006      0.38837150
      -40.877518       84.373810       59.770027       104.58344       15.140881
       79.907112
       0.0000000       125.00000      0.12575933       10.000000       78568.000
       4.7027431       1.1313237      0.44826010      0.45161289      0.44970199
      -42.953541       101.18712       69.399147       105.15115       15.477398
       82.212822
       0.0000000       124.00000      0.14187621       10.000000       77800.000
       4.6497598       1.1757857      0.44328269      0.41935480      0.43327439
      -36.840355       114.86712       78.012611       107.51726       15.435610
       81.844246
       0.0000000       123.00000      0.15274876       10.000000       76267.000
       4.6650105       1.2301019      0.45554626      0.45161289      0.46769744
      -27.886641       133.68535       76.652786       109.82501       15.830706
       75.856003
       0.0000000       122.00000      0.16925204       10.000000       75391.000
       4.6514802       1.0476763      0.46763679      0.43333334      0.49813592
      -37.712444       150.79813       73.169655       110.97292       15.983380
       85.049156
       0.0000000       121.00000      0.18038526       10.000000       74769.000
       4.6442695      0.85425454      0.47197112      0.45161289      0.51074988
      -42.674023       155.70569       74.560028       113.07470       15.700545
       85.834801
       0.0000000       120.00000      0.19728418       9.0000000       68488.000
       4.6428480      0.93199152      0.47715142      0.46875006      0.52066869
      -52.550831       157.38121       79.994087       116.38367       16.076704
       85.683823
       0.0000000       119.00000      0.21442504       9.0000000       64531.000
       4.5924010       1.0330093      0.47441140      0.51515150      0.52793318
      -54.509510       156.09302       86.921707       119.75128       16.134094
       87.156868
       1.0000000       119.00000      0.21442504      -1.0000000       1.0000000
       0.0000000       0.0000000      -1.0000000      -1.0000000      -1.0000000
      -1.0000000      -1.0000000      -1.0000000      -1.0000000      -1.0000000
      -1.0000000
       0.0000000       118.00000      0.22598839       9.0000000       64422.000
       4.6804204       1.0832819      0.47333565      0.43750000      0.51608717
      -53.100296       156.87758       98.520943       123.74367       16.978163
       88.421143
       0.0000000       117.00000      0.24354018       9.0000000       63712.000
       4.5897646       1.5492122      0.45114180      0.61538458      0.52287555
      -35.081398       160.08916       90.935432       124.00389       16.957447
       90.798653
       0.0000000       116.00000      0.26134327       9.0000000       61428.000
       4.5770202       1.9129257      0.45152679      0.56250006      0.53368652
      -21.768223       166.97517       94.014206       123.87874       17.683290
       85.840630
       0.0000000       115.00000      0.27335334       9.0000000       61132.000
       4.4999046       1.9807130      0.46090350      0.50000000      0.52325171
      -6.8887615       173.69630       98.302330       124.87291       17.300688
       82.199257
       0.0000000       114.00000      0.29158324       10.000000       64746.000
       4.4498353       2.2094920      0.45717275      0.53125000      0.53672045
      -15.453140       178.94591       89.313271       125.45580       17.855711
       73.293205
       0.0000000       113.00000      0.31007412       10.000000       59828.000
       4.3252039       2.0806892      0.45587015      0.39285713      0.48861584
      -24.096090       176.17810       93.431641       128.31015       17.587160
       56.825291
       1.0000000       113.00000      0.31007412      -1.0000000       1.0000000
     0.010149787     0.047680553      -1.0000000      -1.0000000      -1.0000000
      -1.0000000      -1.0000000      -1.0000000      -1.0000000      -1.0000000
      -1.0000000
       0.0000000       112.00000      0.32882974       10.000000       57663.000
       4.3202620       2.8343592      0.43701261      0.51724136      0.49930653
      -13.198848       176.21040       72.763504       128.83611       18.582527
       55.281845
       0.0000000       111.00000      0.34785384       10.000000       55406.000
       4.1847882       2.5850439      0.43072128      0.53125000      0.46923894
      -23.740988       172.99045       64.309860       125.41052       18.516438
       46.852211
       0.0000000       110.00000      0.36068764       10.000000       55290.000
       4.1086302       2.4476032      0.42031816      0.46666664      0.43431419
      -39.493172       159.66898       63.472580       120.90771       17.653360
       42.102779
       0.0000000       109.00000      0.38016787       9.0000000       50905.000
       3.9065320       2.4580390      0.41797355      0.47058821      0.41308278
      -37.960808       147.05795       84.266083       117.28611       16.229776
       42.105286
       0.0000000       108.00000      0.39992696       8.0000000       43339.000
       3.8412430       2.3562763      0.40399885      0.39393944      0.39251950
      -10.937089       140.81996       86.204239       115.71392       16.279375
       45.383923
       0.0000000       107.00000      0.41996893       7.0000000       39353.000
       3.8135622       1.9930016      0.45772058      0.36666667      0.40796980
       35.776821       164.68556       92.591652       116.77377       16.372496
       56.288708
       1.0000000       107.00000      0.41996893      -1.0000000       1.0000000
     0.010227897     0.040192492      -1.0000000      -1.0000000      -1.0000000
      -1.0000000      -1.0000000      -1.0000000      -1.0000000      -1.0000000
      -1.0000000
       0.0000000       106.00000      0.44029784       7.0000000       39136.000
       3.7707775       1.7645677      0.47196338      0.33333331      0.48697117
       54.254368       185.02226       43.736164       118.98458       16.101248
       62.094738
       0.0000000       105.00000      0.46091780       7.0000000       37551.000
       3.4919453       2.0733840      0.45212689      0.45454544      0.42013699
       17.372028       183.96654       14.671227       120.21846       15.563726
       67.328049
       1.0000000       105.00000      0.46091780      -1.0000000       3.0000000
      0.44303036      0.54761863      -1.0000000      -1.0000000      -1.0000000
      -1.0000000      -1.0000000      -1.0000000      -1.0000000      -1.0000000
      -1.0000000
       0.0000000       104.00000      0.48183295       7.0000000       37254.000
       3.4746292       2.9331133      0.41946754      0.50000000      0.44646573
       10.876434       164.29964       46.979378       126.55398       16.494352
       62.047726
       1.0000000       104.00000      0.48183295      -1.0000000       2.0000000
    0.0014344791     0.037113205      -1.0000000      -1.0000000      -1.0000000
      -1.0000000      -1.0000000      -1.0000000      -1.0000000      -1.0000000
      -1.0000000
       0.0000000       103.00000      0.50304753       7.0000000       36417.000
       3.2097101       2.3646972      0.46687981      0.51351351      0.44143993
       38.208603       162.45699       60.786629       119.21592       14.251267
       80.665283
       1.0000000       103.00000      0.50304753      -1.0000000       3.0000000
    0.0011206234       0.0000000      -1.0000000      -1.0000000      -1.0000000
      -1.0000000      -1.0000000      -1.0000000      -1.0000000      -1.0000000
      -1.0000000
       0.0000000       102.00000      0.52456582       7.0000000       35435.000
       3.1054964       1.9662844      0.46231526      0.45454544      0.38674235
       58.055435       158.18465       45.590057       116.07483       13.227569
       95.308052
       0.0000000       101.00000      0.54639220       7.0000000       35008.000
       3.0878341       1.8204503      0.45964709      0.54054058      0.42962846
       83.180786       154.82854       20.300621       117.13137       13.235662
       104.23127
       0.0000000       100.00000      0.57598084       999.00000       285975.00
       2.9776645       2.5164356      0.48064271      0.45454544      0.41516358
       34.134308       180.94868      -18.777689       120.53687       13.490793
       107.68533
       0.0000000       99.000000      0.59854329       967.00000       279100.00
       2.8274782       2.2247779      0.45544815      0.48484850      0.38603878
      -17.027071       165.86284       25.829884       120.19197       12.741387
       109.36995
       0.0000000       98.000000      0.62142873       979.00000       276174.00
       2.7934730       1.9076265      0.46524069      0.47058821      0.40777048
      -6.2151518       168.27052       61.797886       118.93528       12.584323
       110.92235
       1.0000000       98.000000      0.62142873      -1.0000000       1.0000000
   0.00054602535     0.032980729      -1.0000000      -1.0000000      -1.0000000
      -1.0000000      -1.0000000      -1.0000000      -1.0000000      -1.0000000
      -1.0000000
       0.0000000       97.000000      0.64464182       964.00000       272485.00
       2.7115686       1.8281051      0.48797587      0.51515150      0.45165968
       33.175694       176.11305       30.584044       115.46761       12.276327
       117.92448
       1.0000000       97.000000      0.64464182      -1.0000000       1.0000000
     0.015373277      0.11617308      -1.0000000      -1.0000000      -1.0000000
      -1.0000000      -1.0000000      -1.0000000      -1.0000000      -1.0000000
      -1.0000000
       0.0000000       96.000000      0.67611039       959.00000       268431.00
       2.6102450       1.9700789      0.51172477      0.51515150      0.48439994
       10.954957       196.63400      -11.636634       111.83714       11.844647
       134.12323
       0.0000000       95.000000      0.70010638       957.00000       264600.00
       2.5048528       1.7861769      0.50894517      0.45161289      0.42935345
      -1.9033078       193.52003      -31.130484       108.82577       11.378685
       139.11191
       0.0000000       94.000000      0.73263615       966.00000       261124.00
       2.4299207       1.6575149      0.48760173      0.48571426      0.40170196
      -16.950964       182.86833      -36.147671       108.63603       11.181310
       140.83311
       1.0000000       94.000000      0.73263615      -1.0000000       1.0000000
   0.00022257445       0.0000000      -1.0000000      -1.0000000      -1.0000000
      -1.0000000      -1.0000000      -1.0000000      -1.0000000      -1.0000000
      -1.0000000
       0.0000000       93.000000      0.75744140       965.00000       256566.00
       2.3914919       1.6500771      0.46641034      0.44444448      0.37364522
       12.290935       159.48749      -16.759422       109.14038       11.579445
       142.01570
       1.0000000       93.000000      0.75744140      -1.0000000       2.0000000
   0.00038798220     0.039111070      -1.0000000      -1.0000000      -1.0000000
      -1.0000000      -1.0000000      -1.0000000      -1.0000000      -1.0000000
      -1.0000000
       0.0000000       92.000000      0.79106826       944.00000       249404.00
       2.3304770       2.0846267      0.43104303      0.32258064      0.28029919
       41.993172       119.41719      -15.551905       110.47160       12.365047
       136.31740
       0.0000000       91.000000      0.81671000       945.00000       245848.00
       2.2234218       2.3803525      0.38945222      0.25000006      0.25572965
       24.158037       93.064362      -30.881300       111.44823       12.057697
       131.35565
       0.0000000       90.000000      0.85147089       983.00000       243854.00
       2.1203806       2.0329061      0.38766009      0.24242431      0.26039279
      -3.7737298       75.689491      -47.229919       112.21137       11.724879
       140.16570
       0.0000000       89.000000      0.88689691       950.00000       237928.00
       2.0933988       1.9836466      0.37123930      0.30303037      0.24409693
      -31.242903       74.303329      -26.590864       113.19329       12.585484
       143.53702
       1.0000000       89.000000      0.88689691      -1.0000000       1.0000000
    0.0026859888     0.053978249      -1.0000000      -1.0000000      -1.0000000
      -1.0000000      -1.0000000      -1.0000000      -1.0000000      -1.0000000
      -1.0000000
       0.0000000       88.000000      0.92300081       927.00000       230970.00
       2.0055933       2.1086028      0.31933713      0.44444448      0.17915744
       8.8681431       71.320473      -19.932894       115.12001       12.457726
       142.13441
       0.0000000       87.000000      0.95053136       924.00000       227508.00
       1.9417243       2.5952661      0.32219705      0.31428570      0.20733094
       37.484695       55.969009       26.556276       115.60732       13.735250
       144.65829
       0.0000000       86.000000      0.98785281       928.00000       222902.00
       1.7684110       2.6574998      0.36585549      0.32432431      0.26456875
       3.8455443       55.054333       74.225929       115.86565       13.304381
       137.09619
       0.0000000       85.000000      0.99729425       936.00000       222063.00
       1.7574276       2.6207523      0.35860071      0.37142855      0.22526070
      -1.8663383       57.179523       69.856613       116.11212       14.068197
       135.72614
       0.0000000       84.000000       1.0355104       958.00000       218972.00
       1.7943147       1.7687839      0.32132176      0.12000000      0.23948656
      -10.669452       77.925674       9.9885759       117.75225       13.764590
       127.26918
       2.0000000       84.000000       1.0355104      0.29895806       80.000000
      0.29874420      0.98495352      -1.0000000      -1.0000000      -1.0000000
      -1.0000000      -1.0000000      -1.0000000      -1.0000000      -1.0000000
      -1.0000000
       1.0000000       84.000000       1.0355104      -1.0000000       3.0000000
    0.0029961893     0.092817420      -1.0000000      -1.0000000      -1.0000000
      -1.0000000      -1.0000000      -1.0000000      -1.0000000      -1.0000000
      -1.0000000
       0.0000000       83.000000       1.0744579       938.00000       211851.00
       1.5394092       2.1760118      0.32769749      0.64285713      0.23588394
       9.8911381       35.940430      -29.842766       122.79690       14.462842
       110.04883
       1.0000000       83.000000       1.0744579      -1.0000000       1.0000000
       0.0000000       0.0000000      -1.0000000      -1.0000000      -1.0000000
      -1.0000000      -1.0000000      -1.0000000      -1.0000000      -1.0000000
      -1.0000000
       0.0000000       82.000000       1.1141505       1026.0000       212452.00
       1.5651284       4.0561948      0.41460842      0.51428568      0.27351165
       40.017776       96.566025      -135.25049       134.76674       20.455402
       91.035378
       1.0000000       82.000000       1.1141505      -1.0000000       1.0000000
   0.00034407037     0.019149695      -1.0000000      -1.0000000      -1.0000000
      -1.0000000      -1.0000000      -1.0000000      -1.0000000      -1.0000000
      -1.0000000
       0.0000000       81.000000       1.1546028       1030.0000       208799.00
       1.4280748       4.1801481      0.42173678      0.64102566      0.35909179
      -99.361549       182.67461      -186.66705       141.26268       19.469482
       93.802895
       1.0000000       81.000000       1.1546028      -1.0000000       4.0000000
     0.019232048      0.24376130      -1.0000000      -1.0000000      -1.0000000
      -1.0000000      -1.0000000      -1.0000000      -1.0000000      -1.0000000
      -1.0000000
       0.0000000       80.000000       1.2062581      -1.0000000       201749.00
      0.99928468       2.6361284      -1.0000000      -1.0000000      -1.0000000
      -1.0000000      -1.0000000      -1.0000000       114.70094       11.844912
       114.40710
       1.0000000       80.000000       1.2062581      -1.0000000       1.0000000
    0.0021410491     0.047726352      -1.0000000      -1.0000000      -1.0000000
      -1.0000000      -1.0000000      -1.0000000      -1.0000000      -1.0000000
      -1.0000000
       0.0000000       79.000000       1.2484726      -1.0000000       197967.00
      0.93863261       3.2987592      -1.0000000      -1.0000000      -1.0000000
      -1.0000000      -1.0000000      -1.0000000       110.58902       13.764496
       121.63191
       0.0000000       78.000000       1.3023784      -1.0000000       192175.00
      0.80629873       3.1047847      -1.0000000      -1.0000000      -1.0000000
      -1.0000000      -1.0000000      -1.0000000       103.96331       12.255077
       106.57655
       0.0000000       77.000000       1.3575766      -1.0000000       186936.00
      0.74696761       2.9311633      -1.0000000      -1.0000000      -1.0000000
      -1.0000000      -1.0000000      -1.0000000       98.557022       13.378002
       106.14628
       1.0000000       77.000000       1.3575766      -1.0000000       1.0000000
       0.0000000       0.0000000      -1.0000000      -1.0000000      -1.0000000
      -1.0000000      -1.0000000      -1.0000000      -1.0000000      -1.0000000
      -1.0000000
       0.0000000       76.000000       1.4140983      -1.0000000       213580.00
      0.66378427       2.5136342      -1.0000000      -1.0000000      -1.0000000
      -1.0000000      -1.0000000      -1.0000000       99.429733       10.699724
       103.68770
       0.0000000       75.000000       1.4719748      -1.0000000       229320.00
      0.61279076       2.8607662      -1.0000000      -1.0000000      -1.0000000
      -1.0000000      -1.0000000      -1.0000000       99.055443       13.160237
       104.20044
       1.0000000       75.000000       1.4719748      -1.0000000       3.0000000
     0.079690290      0.30626033      -1.0000000      -1.0000000      -1.0000000
      -1.0000000      -1.0000000      -1.0000000      -1.0000000      -1.0000000
      -1.0000000
       0.0000000       74.000000       1.5312390      -1.0000000       230487.00
      0.53720403       2.4358346      -1.0000000      -1.0000000      -1.0000000
      -1.0000000      -1.0000000      -1.0000000       103.99457       10.387594
       105.20801
       0.0000000       73.000000       1.6042346      -1.0000000       223760.00
      0.40401697       1.9224271      -1.0000000      -1.0000000      -1.0000000
      -1.0000000      -1.0000000      -1.0000000       100.39683       9.2587700
       109.44956
       1.0000000       73.000000       1.6042346      -1.0000000       1.0000000
       0.0000000       0.0000000      -1.0000000      -1.0000000      -1.0000000
      -1.0000000      -1.0000000      -1.0000000      -1.0000000      -1.0000000
      -1.0000000
       0.0000000       72.000000       1.6666696      -1.0000000       215257.00
      0.40552032       2.2607768      -1.0000000      -1.0000000      -1.0000000
      -1.0000000      -1.0000000      -1.0000000       101.76180       13.448325
       111.57117
       1.0000000       72.000000       1.6666696      -1.0000000       2.0000000
    0.0016775693     0.029396720      -1.0000000      -1.0000000      -1.0000000
      -1.0000000      -1.0000000      -1.0000000      -1.0000000      -1.0000000
      -1.0000000
       0.0000000       71.000000       1.7435706      -1.0000000       203473.00
      0.37712303       1.4767233      -1.0000000      -1.0000000      -1.0000000
      -1.0000000      -1.0000000      -1.0000000       106.92528       10.867905
       108.35506
       2.0000000       71.000000       1.7435706      0.32692289       68.000000
     0.066887170      0.21759626      -1.0000000      -1.0000000      -1.0000000
      -1.0000000      -1.0000000      -1.0000000      -1.0000000      -1.0000000
      -1.0000000
       0.0000000       70.000000       1.8226893      -1.0000000       193784.00
      0.30594862       1.5570000      -1.0000000      -1.0000000      -1.0000000
      -1.0000000      -1.0000000      -1.0000000       106.04826       9.1351500
       115.67607
       1.0000000       70.000000       1.8226893      -1.0000000       2.0000000
    0.0014771280    0.0047139907      -1.0000000      -1.0000000      -1.0000000
      -1.0000000      -1.0000000      -1.0000000      -1.0000000      -1.0000000
      -1.0000000
       0.0000000       69.000000       1.9040896      -1.0000000       186419.00
      0.23382735      0.78716898      -1.0000000      -1.0000000      -1.0000000
      -1.0000000      -1.0000000      -1.0000000       101.84435       4.5117321
       120.75092
       1.0000000       69.000000       1.9040896      -1.0000000       1.0000000
       0.0000000       0.0000000      -1.0000000      -1.0000000      -1.0000000
      -1.0000000      -1.0000000      -1.0000000      -1.0000000      -1.0000000
      -1.0000000
       0.0000000       68.000000       2.0020282      -1.0000000       181967.00
      0.20459616      0.55120224      -1.0000000      -1.0000000      -1.0000000
      -1.0000000      -1.0000000      -1.0000000       102.84254       3.7905636
       122.36747
       1.0000000       68.000000       2.0020282      -1.0000000       1.0000000
   0.00046399084       0.0000000      -1.0000000      -1.0000000      -1.0000000
      -1.0000000      -1.0000000      -1.0000000      -1.0000000      -1.0000000
      -1.0000000
       0.0000000       67.000000       2.1032696      -1.0000000       176948.00
      0.17694837      0.51938939      -1.0000000      -1.0000000      -1.0000000
      -1.0000000      -1.0000000      -1.0000000       105.86020       2.9181731
       95.073639
       1.0000000       67.000000       2.1032696      -1.0000000       1.0000000
   0.00028150616       0.0000000      -1.0000000      -1.0000000      -1.0000000
      -1.0000000      -1.0000000      -1.0000000      -1.0000000      -1.0000000
      -1.0000000
       0.0000000       66.000000       2.2079256      -1.0000000       170764.00
      0.16536449      0.71420377      -1.0000000      -1.0000000      -1.0000000
      -1.0000000      -1.0000000      -1.0000000       107.59417       3.3549829
       92.397171
       1.0000000       66.000000       2.2079256      -1.0000000       1.0000000
       0.0000000       0.0000000      -1.0000000      -1.0000000      -1.0000000
      -1.0000000      -1.0000000      -1.0000000      -1.0000000      -1.0000000
      -1.0000000
       0.0000000       65.000000       2.3161108      -1.0000000       162127.00
      0.11672027      0.37400597      -1.0000000      -1.0000000      -1.0000000
      -1.0000000      -1.0000000      -1.0000000       90.115746       1.9001592
       106.84065
       1.0000000       65.000000       2.3161108      -1.0000000       1.0000000
   0.00028312547    0.0048252265      -1.0000000      -1.0000000      -1.0000000
      -1.0000000      -1.0000000      -1.0000000      -1.0000000      -1.0000000
      -1.0000000
       0.0000000       64.000000       2.4442258      -1.0000000       152826.00
     0.088754945      0.49383613      -1.0000000      -1.0000000      -1.0000000
      -1.0000000      -1.0000000      -1.0000000       81.004341       1.9894503
       68.016296
       1.0000000       64.000000       2.4442258      -1.0000000       2.0000000
       0.0000000       0.0000000      -1.0000000      -1.0000000      -1.0000000
      -1.0000000      -1.0000000      -1.0000000      -1.0000000      -1.0000000
      -1.0000000
       0.0000000       63.000000       2.5772903      -1.0000000       202666.00
     0.067473315      0.47944739      -1.0000000      -1.0000000      -1.0000000
      -1.0000000      -1.0000000      -1.0000000       80.802696       2.3257174
       65.697243
       0.0000000       62.000000       2.7331426      -1.0000000       192751.00
     0.049850814      0.32888469      -1.0000000      -1.0000000      -1.0000000
      -1.0000000      -1.0000000      -1.0000000       68.890808       1.8819516
       86.342949
       1.0000000       62.000000       2.7331426      -1.0000000       2.0000000
    0.0053555475      0.10419770      -1.0000000      -1.0000000      -1.0000000
      -1.0000000      -1.0000000      -1.0000000      -1.0000000      -1.0000000
      -1.0000000
       0.0000000       61.000000       2.8957851      -1.0000000       188450.00
     0.044120003      0.20764080      -1.0000000      -1.0000000      -1.0000000
      -1.0000000      -1.0000000      -1.0000000       66.151154       1.6917231
       79.326073
       0.0000000       60.000000       3.0081310      -1.0000000       176837.00
     0.041008271      0.19181091      -1.0000000      -1.0000000      -1.0000000
      -1.0000000      -1.0000000      -1.0000000       68.063278       1.3577659
       75.873260
       1.0000000       60.000000       3.0081310      -1.0000000       1.0000000
   0.00040622693       0.0000000      -1.0000000      -1.0000000      -1.0000000
      -1.0000000      -1.0000000      -1.0000000      -1.0000000      -1.0000000
      -1.0000000
       0.0000000       59.000000       3.0848227      -1.0000000       169728.00
     0.035856042      0.21140644      -1.0000000      -1.0000000      -1.0000000
      -1.0000000      -1.0000000      -1.0000000       69.739052       1.2970566
       71.067558
       0.0000000       58.000000       3.2830331      -1.0000000       179220.00
     0.031178856      0.29397732      -1.0000000      -1.0000000      -1.0000000
      -1.0000000      -1.0000000      -1.0000000       78.750969       1.5202457
       56.375629
       1.0000000       58.000000       3.2830331      -1.0000000       1.0000000
       0.0000000       0.0000000      -1.0000000      -1.0000000      -1.0000000
      -1.0000000      -1.0000000      -1.0000000      -1.0000000      -1.0000000
      -1.0000000
       0.0000000       57.000000       3.4908614      -1.0000000       162692.00
     0.021674858      0.42786267      -1.0000000      -1.0000000      -1.0000000
      -1.0000000      -1.0000000      -1.0000000       79.310699       2.6698368
       54.191990
       1.0000000       57.000000       3.4908614      -1.0000000       3.0000000
       0.0000000       0.0000000      -1.0000000      -1.0000000      -1.0000000
      -1.0000000      -1.0000000      -1.0000000      -1.0000000      -1.0000000
      -1.0000000
