       0.0000000       135.00000       0.0000000       3.0000000       41104.000
       5.1886683       2.8431993      0.54322255      0.66666663      0.66161203
       236.85812      -144.97964      -57.121120       111.07149       21.137484
       31.418015
       0.0000000       134.00000    0.0095216669       3.0000000       40599.000
       5.1358142       3.4110351      0.53342742      0.67567563      0.67418724
       233.35474      -154.93608      -49.496899       111.93425       21.881676
       31.928585
       0.0000000       133.00000     0.023974428       3.0000000       39849.000
       5.0040684       3.3684139      0.52876717      0.61764705      0.62383503
       225.53806      -158.30875      -55.267021       108.51997       21.974707
       36.313469
       0.0000000       132.00000     0.033724371       3.0000000       39654.000
       4.9917960       3.4339018      0.52657753      0.63636363      0.64913774
       214.33249      -167.39832      -50.123970       107.75397       22.585297
       38.506924
       1.0000000       132.00000     0.033724371      -1.0000000       1.0000000
    0.0057030343     0.077926837      -1.0000000      -1.0000000      -1.0000000
      -1.0000000      -1.0000000      -1.0000000      -1.0000000      -1.0000000
      -1.0000000
       0.0000000       131.00000     0.048523631       3.0000000       36661.000
       4.8357682       3.4020939      0.51837146      0.59375006      0.61077851
       202.14804      -168.04887      -61.589676       103.08969       21.840067
       45.507999
       0.0000000       130.00000     0.058507323       3.0000000       36274.000
       4.7695794       2.9656918      0.50716597      0.65714288      0.61226064
       202.30817      -164.02948      -56.128246       100.35629       21.540388
       47.491714
       0.0000000       129.00000     0.073661387       3.0000000       35938.000
       4.7648487       3.2798359      0.50307739      0.64705884      0.63095969
       207.86124      -157.48114      -44.469795       102.11594       22.199875
       48.240360
       0.0000000       128.00000     0.083884433       3.0000000       35779.000
       4.6662545       3.2538111      0.50260770      0.62857145      0.61339366
       208.13652      -165.83830      -36.593147       103.24435       21.813465
       52.176937
       1.0000000       128.00000     0.083884433      -1.0000000       1.0000000
     0.011514514      0.11824106      -1.0000000      -1.0000000      -1.0000000
      -1.0000000      -1.0000000      -1.0000000      -1.0000000      -1.0000000
      -1.0000000
       0.0000000       127.00000     0.099401802       3.0000000       35555.000
       4.5821095       3.5556600      0.50811452      0.63888896      0.64159691
       209.70129      -173.35588      -40.585091       103.01491       22.404398
       51.772141
       0.0000000       126.00000      0.10986994       1635.0000       404311.00
       4.5005150       3.3820095      0.51274735      0.67567563      0.61783910
       216.21829      -168.82513      -46.200336       101.31548       22.173573
       56.275585
       1.0000000       126.00000      0.10986994      -1.0000000       2.0000000
     0.014811018     0.089179724      -1.0000000      -1.0000000      -1.0000000
      -1.0000000      -1.0000000      -1.0000000      -1.0000000      -1.0000000
      -1.0000000
       0.0000000       125.00000      0.12575933       5.0000000       49161.000
       4.4169636       3.1927869      0.51291263      0.64705884      0.64243478
       223.01584      -151.93417      -60.394394       99.739349       21.755495
       56.420052
       0.0000000       124.00000      0.14187621       5.0000000       48684.000
       4.3175097       2.5996640      0.50195462      0.63636363      0.59654015
       224.51801      -127.74833      -67.546974       98.355919       20.874405
       59.267841
       1.0000000       124.00000      0.14187621      -1.0000000       2.0000000
     0.033518458      0.17282005      -1.0000000      -1.0000000      -1.0000000
      -1.0000000      -1.0000000      -1.0000000      -1.0000000      -1.0000000
      -1.0000000
       0.0000000       123.00000      0.15274876       9.0000000       71218.000
       4.3054037       2.7147267      0.49935922      0.64705884      0.59552354
       226.58009      -128.24963      -61.725769       98.300285       21.380684
       59.079273
       1.0000000       123.00000      0.15274876      -1.0000000       1.0000000
     0.016047325     0.068909220      -1.0000000      -1.0000000      -1.0000000
      -1.0000000      -1.0000000      -1.0000000      -1.0000000      -1.0000000
      -1.0000000
       0.0000000       122.00000      0.16925204       8.0000000       65215.000
       4.2536869       2.5739574      0.50221199      0.55882359      0.59835321
       210.90163      -144.75623      -62.681248       99.560448       21.097387
       58.986584
       1.0000000       122.00000      0.16925204      -1.0000000       1.0000000
       0.0000000       0.0000000      -1.0000000      -1.0000000      -1.0000000
      -1.0000000      -1.0000000      -1.0000000      -1.0000000      -1.0000000
      -1.0000000
       0.0000000       121.00000      0.18038526       1704.0000       393740.00
       4.2108312       2.8229127      0.49075288      0.66666663      0.61211294
       203.71400      -153.32361      -63.667625       99.543411       21.491995
       62.340771
       1.0000000       121.00000      0.18038526      -1.0000000       1.0000000
     0.010486287     0.058841225      -1.0000000      -1.0000000      -1.0000000
      -1.0000000      -1.0000000      -1.0000000      -1.0000000      -1.0000000
      -1.0000000
       0.0000000       120.00000      0.19728418       1818.0000       394837.00
       4.1054831       2.8931658      0.48320735      0.60606062      0.57653528
       181.59253      -158.81265      -66.783943       101.88515       21.000973
       61.263184
       1.0000000       120.00000      0.19728418      -1.0000000       2.0000000
     0.013018174      0.22789100      -1.0000000      -1.0000000      -1.0000000
      -1.0000000      -1.0000000      -1.0000000      -1.0000000      -1.0000000
      -1.0000000
       0.0000000       119.00000      0.21442504       1873.0000       394163.00
       4.0397968       3.0749972      0.47884598      0.64864868      0.56074828
       181.15497      -149.01221      -71.808922       101.61461       21.325041
       61.002178
       0.0000000       118.00000      0.22598839       8.0000000       59549.000
       3.9925380       2.9421875      0.48618981      0.51612902      0.50438839
       184.41136      -134.55965      -80.986069       104.06776       20.878807
       54.614155
       0.0000000       117.00000      0.24354018       1917.0000       389550.00
       3.8575289       2.6854661      0.47711894      0.63888896      0.57213646
       190.55121      -116.82945      -79.351357       102.83614       20.105049
       61.299232
       1.0000000       117.00000      0.24354018      -1.0000000       2.0000000
    0.0080075290      0.16561872      -1.0000000      -1.0000000      -1.0000000
      -1.0000000      -1.0000000      -1.0000000      -1.0000000      -1.0000000
      -1.0000000
       0.0000000       116.00000      0.26134327       1947.0000       387196.00
       3.8137429       2.7952220      0.47542539      0.54545456      0.51837057
       200.66829      -97.642685      -67.020760       103.18401       20.235525
       61.508896
       1.0000000       116.00000      0.26134327      -1.0000000       2.0000000
     0.032803711      0.15902413      -1.0000000      -1.0000000      -1.0000000
      -1.0000000      -1.0000000      -1.0000000      -1.0000000      -1.0000000
      -1.0000000
       0.0000000       115.00000      0.27335334       1952.0000       384740.00
       3.7926357       3.0733893      0.48761228      0.63888896      0.57509392
       215.53122      -89.391243      -60.564358       104.26815       20.292803
       62.725822
       1.0000000       115.00000      0.27335334      -1.0000000       1.0000000
    0.0026882116     0.055118576      -1.0000000      -1.0000000      -1.0000000
      -1.0000000      -1.0000000      -1.0000000      -1.0000000      -1.0000000
      -1.0000000
       0.0000000       114.00000      0.29158324       1963.0000       381818.00
       3.7279313       2.8896163      0.47833297      0.59375006      0.55289096
       210.77713      -91.524094      -34.090446       103.03310       20.452032
       63.424793
       1.0000000       114.00000      0.29158324      -1.0000000       1.0000000
    0.0066637103     0.053810798      -1.0000000      -1.0000000      -1.0000000
      -1.0000000      -1.0000000      -1.0000000      -1.0000000      -1.0000000
      -1.0000000
       0.0000000       113.00000      0.31007412       1938.0000       377752.00
       3.5883470       2.7718046      0.46676484      0.59375006      0.54244947
       192.24831      -104.53912      -26.843748       103.19265       19.081747
       64.267487
       1.0000000       113.00000      0.31007412      -1.0000000       3.0000000
     0.018448621      0.16634184      -1.0000000      -1.0000000      -1.0000000
      -1.0000000      -1.0000000      -1.0000000      -1.0000000      -1.0000000
      -1.0000000
       0.0000000       112.00000      0.32882974       1898.0000       371372.00
       3.5652966       2.7556129      0.46652871      0.53125000      0.53305948
       176.34245      -116.56840      -37.288567       102.55471       20.027632
       63.414433
       1.0000000       112.00000      0.32882974      -1.0000000       1.0000000
     0.014080912      0.12394550      -1.0000000      -1.0000000      -1.0000000
      -1.0000000      -1.0000000      -1.0000000      -1.0000000      -1.0000000
      -1.0000000
       0.0000000       111.00000      0.34785384       1887.0000       368160.00
       3.5505579       2.7929506      0.46166086      0.58823532      0.50336802
       170.69623      -104.96986      -61.011883       106.23059       20.121000
       61.021183
       0.0000000       110.00000      0.36068764       1905.0000       367015.00
       3.4441454       3.1993639      0.45795247      0.58064520      0.51498413
       174.98004      -74.020386      -74.849266       107.16515       19.658201
       62.212299
       1.0000000       110.00000      0.36068764      -1.0000000       2.0000000
     0.020007703      0.17547027      -1.0000000      -1.0000000      -1.0000000
      -1.0000000      -1.0000000      -1.0000000      -1.0000000      -1.0000000
      -1.0000000
       0.0000000       109.00000      0.38016787       1956.0000       365486.00
       3.3101151       3.7358522      0.46205676      0.56250006      0.48403680
       186.17682      -36.129696      -54.340096       103.08591       19.818914
       65.034637
       0.0000000       108.00000      0.39992696       1992.0000       364538.00
       3.2318792       2.8293691      0.45516524      0.52941173      0.51650465
       187.36810      -30.297688      -31.594992       101.63529       18.306875
       67.663841
       0.0000000       107.00000      0.41996893       2061.0000       363052.00
       3.1507692       2.5385821      0.45430872      0.59459460      0.50701666
       190.08179      -28.560627      -14.450957       101.27360       17.700125
       67.974884
       0.0000000       106.00000      0.44029784       2067.0000       360643.00
       3.1272430       2.4909129      0.45566425      0.52777779      0.44937178
       192.62383      -26.998333     -0.31965598       102.64497       17.724123
       67.425385
       0.0000000       105.00000      0.46091780       2078.0000       356918.00
       3.0387309       2.9573946      0.44809189      0.47058821      0.45007536
       188.22145      -33.901665       25.831217       105.44714       17.679356
       66.029076
       1.0000000       105.00000      0.46091780      -1.0000000       2.0000000
     0.011148880     0.076778997      -1.0000000      -1.0000000      -1.0000000
      -1.0000000      -1.0000000      -1.0000000      -1.0000000      -1.0000000
      -1.0000000
       0.0000000       104.00000      0.48183295       2125.0000       354479.00
       2.9325559       3.2880976      0.44806200      0.55263156      0.42936155
       170.29921      -46.246567       58.780586       105.86120       17.840000
       64.227844
       1.0000000       104.00000      0.48183295      -1.0000000       1.0000000
     0.015207824      0.15315486      -1.0000000      -1.0000000      -1.0000000
      -1.0000000      -1.0000000      -1.0000000      -1.0000000      -1.0000000
      -1.0000000
       0.0000000       103.00000      0.50304753       2143.0000       350659.00
       2.8064137       2.8133245      0.45678639      0.39393944      0.41051924
       152.89362      -74.998047       80.292892       105.42837       16.718653
       64.823029
       0.0000000       102.00000      0.52456582       2148.0000       348169.00
       2.7140763       2.7073498      0.45257136      0.39393944      0.41768369
       130.64941      -110.55592       66.233467       104.51778       16.233505
       66.541145
       1.0000000       102.00000      0.52456582      -1.0000000       1.0000000
       0.0000000       0.0000000      -1.0000000      -1.0000000      -1.0000000
      -1.0000000      -1.0000000      -1.0000000      -1.0000000      -1.0000000
      -1.0000000
       0.0000000       101.00000      0.54639220       2174.0000       345502.00
       2.6330316       2.5214257      0.44330627      0.38709676      0.36526161
       104.43192      -140.27414       35.415295       103.61867       15.514368
       68.495667
       1.0000000       101.00000      0.54639220      -1.0000000       1.0000000
   0.00065143732     0.010007977      -1.0000000      -1.0000000      -1.0000000
      -1.0000000      -1.0000000      -1.0000000      -1.0000000      -1.0000000
      -1.0000000
       0.0000000       100.00000      0.57598084       2149.0000       340477.00
       2.5422351       2.6363237      0.44329986      0.38709676      0.37283626
       92.436798      -140.75386      -19.950308       102.02598       15.346201
       72.587624
       1.0000000       100.00000      0.57598084      -1.0000000       1.0000000
   0.00026144201     0.016091477      -1.0000000      -1.0000000      -1.0000000
      -1.0000000      -1.0000000      -1.0000000      -1.0000000      -1.0000000
      -1.0000000
       0.0000000       99.000000      0.59854329       2180.0000       337206.00
       2.4709659       2.0000730      0.45213807      0.45454544      0.37705973
       106.85734      -120.40257      -56.069481       101.76735       14.500897
       72.773827
       1.0000000       99.000000      0.59854329      -1.0000000       2.0000000
    0.0071267053      0.31189361      -1.0000000      -1.0000000      -1.0000000
      -1.0000000      -1.0000000      -1.0000000      -1.0000000      -1.0000000
      -1.0000000
       0.0000000       98.000000      0.62142873       2183.0000       333761.00
       2.4652414       2.0635660      0.45874846      0.45454544      0.39469570
       125.73488      -95.348701      -72.530533       102.24679       14.965108
       73.782013
       0.0000000       97.000000      0.64464182       2163.0000       330345.00
       2.4338734       2.2482817      0.45009694      0.38709676      0.35575569
       137.22401      -58.275284      -73.916359       102.72224       15.014489
       74.505760
       0.0000000       96.000000      0.67611039       2164.0000       327161.00
       2.3715918       2.4161048      0.41556004      0.41935480      0.33020988
       143.94359      -20.693684      -58.547092       104.70931       14.746139
       76.153862
       0.0000000       95.000000      0.70010638       2128.0000       322154.00
       2.2851498       2.3581400      0.42349258      0.50000000      0.34455320
       148.57436     -0.18076062      -44.594967       104.27013       14.646815
       76.629036
       1.0000000       95.000000      0.70010638      -1.0000000       2.0000000
   0.00091983592     0.042944981      -1.0000000      -1.0000000      -1.0000000
      -1.0000000      -1.0000000      -1.0000000      -1.0000000      -1.0000000
      -1.0000000
       0.0000000       94.000000      0.73263615       1997.0000       313948.00
       2.2584295       2.2040668      0.42506847      0.32142860      0.30230457
       151.84116       26.823765      -10.776031       105.40647       14.869325
       77.281624
       0.0000000       93.000000      0.75744140       1987.0000       309329.00
       2.1630933       2.6856058      0.42566860      0.39999998      0.30622166
       146.86662       38.817204       21.755547       105.60266       14.597919
       77.726768
       0.0000000       92.000000      0.79106826       2000.0000       304075.00
       2.0438282       2.4133754      0.41524398      0.37931031      0.27724484
       128.60953       4.7953672       60.727726       103.83347       13.536277
       83.844337
       1.0000000       92.000000      0.79106826      -1.0000000       1.0000000
    0.0035956970     0.097993203      -1.0000000      -1.0000000      -1.0000000
      -1.0000000      -1.0000000      -1.0000000      -1.0000000      -1.0000000
      -1.0000000
       0.0000000       91.000000      0.81671000       2018.0000       301418.00
       2.0021894       2.4875078      0.42002308      0.39999998      0.34835124
       120.23407      -29.995478       62.530842       102.10522       14.126143
       89.523415
       1.0000000       91.000000      0.81671000      -1.0000000       2.0000000
   0.00047840155    0.0070011541      -1.0000000      -1.0000000      -1.0000000
      -1.0000000      -1.0000000      -1.0000000      -1.0000000      -1.0000000
      -1.0000000
       0.0000000       90.000000      0.85147089       2044.0000       297916.00
       1.9196997       2.0377004      0.40602410      0.47222227      0.28300661
       107.57033      -47.229519       49.579548       102.37608       13.047713
       92.967468
       1.0000000       90.000000      0.85147089      -1.0000000       1.0000000
    0.0073947846     0.062354855      -1.0000000      -1.0000000      -1.0000000
      -1.0000000      -1.0000000      -1.0000000      -1.0000000      -1.0000000
      -1.0000000
       0.0000000       89.000000      0.88689691       2084.0000       295315.00
       1.8239163       2.0795372      0.36255243      0.44444448      0.20789742
       95.094833      -43.878174       38.256466       105.33507       12.009211
       90.998543
       0.0000000       88.000000      0.92300081       1898.0000       283320.00
       1.7640828       1.9440016      0.35582191      0.31250006      0.23598453
       84.549606      -43.544022       20.325329       108.53914       11.674128
       85.803566
       0.0000000       87.000000      0.95053136       1878.0000       278931.00
       1.5561996       2.2023277      0.35891429      0.41176474      0.25532982
       69.019470      -67.037010       21.137678       113.59731       10.946669
       78.602203
       1.0000000       87.000000      0.95053136      -1.0000000       1.0000000
    0.0010207004       0.0000000      -1.0000000      -1.0000000      -1.0000000
      -1.0000000      -1.0000000      -1.0000000      -1.0000000      -1.0000000
      -1.0000000
       0.0000000       86.000000      0.98785281       1849.0000       272906.00
       1.5013025       3.5167143      0.46330777      0.43243247      0.40298158
       96.436859      -145.40280       52.166374       128.14992       14.059287
       67.173874
       1.0000000       86.000000      0.98785281      -1.0000000       1.0000000
      0.14920454      0.75527745      -1.0000000      -1.0000000      -1.0000000
      -1.0000000      -1.0000000      -1.0000000      -1.0000000      -1.0000000
      -1.0000000
       0.0000000       85.000000      0.99729425       1851.0000       271574.00
       1.6910191       3.8110323      0.39967278      0.53658533      0.34340528
       88.037460      -147.79086       25.703512       128.35887       17.507475
       69.809235
       0.0000000       84.000000       1.0355104      -1.0000000       267598.00
       1.2442871       1.5512600      -1.0000000      -1.0000000      -1.0000000
      -1.0000000      -1.0000000      -1.0000000       110.35965       8.9356050
       93.537338
       1.0000000       84.000000       1.0355104      -1.0000000       2.0000000
      0.19556940      0.55759783      -1.0000000      -1.0000000      -1.0000000
      -1.0000000      -1.0000000      -1.0000000      -1.0000000      -1.0000000
      -1.0000000
       0.0000000       83.000000       1.0744579      -1.0000000       260480.00
       1.1642814       1.3617022      -1.0000000      -1.0000000      -1.0000000
      -1.0000000      -1.0000000      -1.0000000       101.27063       8.0422716
       109.70313
       0.0000000       82.000000       1.1141505      -1.0000000       251945.00
       1.1453447       1.6153840      -1.0000000      -1.0000000      -1.0000000
      -1.0000000      -1.0000000      -1.0000000       98.937279       8.2056065
       123.66354
       0.0000000       81.000000       1.1546028      -1.0000000       244943.00
       1.0890173       1.5519832      -1.0000000      -1.0000000      -1.0000000
      -1.0000000      -1.0000000      -1.0000000       97.521286       7.9474511
       129.09196
       0.0000000       80.000000       1.2062581      -1.0000000       236095.00
       1.0311383       1.3537683      -1.0000000      -1.0000000      -1.0000000
      -1.0000000      -1.0000000      -1.0000000       97.127846       7.5253596
       133.48170
       1.0000000       80.000000       1.2062581      -1.0000000       2.0000000
   0.00069465680     0.024805504      -1.0000000      -1.0000000      -1.0000000
      -1.0000000      -1.0000000      -1.0000000      -1.0000000      -1.0000000
      -1.0000000
       0.0000000       79.000000       1.2484726      -1.0000000       230496.00
      0.99593115       1.4221853      -1.0000000      -1.0000000      -1.0000000
      -1.0000000      -1.0000000      -1.0000000       99.642220       7.6462274
       133.87756
       0.0000000       78.000000       1.3023784      -1.0000000       221924.00
      0.94165981       1.3207520      -1.0000000      -1.0000000      -1.0000000
      -1.0000000      -1.0000000      -1.0000000       99.853363       7.3308029
       121.09837
       1.0000000       78.000000       1.3023784      -1.0000000       1.0000000
       0.0000000       0.0000000      -1.0000000      -1.0000000      -1.0000000
      -1.0000000      -1.0000000      -1.0000000      -1.0000000      -1.0000000
      -1.0000000
       0.0000000       77.000000       1.3575766      -1.0000000       213342.00
      0.90206540       1.1526327      -1.0000000      -1.0000000      -1.0000000
      -1.0000000      -1.0000000      -1.0000000       101.83272       7.3297133
       104.48442
       0.0000000       76.000000       1.4140983      -1.0000000       225781.00
      0.88233739       1.2443681      -1.0000000      -1.0000000      -1.0000000
      -1.0000000      -1.0000000      -1.0000000       102.98696       7.3201838
       94.614754
       1.0000000       76.000000       1.4140983      -1.0000000       1.0000000
   0.00050133519       0.0000000      -1.0000000      -1.0000000      -1.0000000
      -1.0000000      -1.0000000      -1.0000000      -1.0000000      -1.0000000
      -1.0000000
       0.0000000       75.000000       1.4719748      -1.0000000       219641.00
      0.81759250       1.7942789      -1.0000000      -1.0000000      -1.0000000
      -1.0000000      -1.0000000      -1.0000000       103.47010       8.2850285
       94.102119
       0.0000000       74.000000       1.5312390      -1.0000000       215400.00
      0.73670840       1.7477887      -1.0000000      -1.0000000      -1.0000000
      -1.0000000      -1.0000000      -1.0000000       94.531052       8.1106739
       77.247650
       0.0000000       73.000000       1.6042346      -1.0000000       208562.00
      0.68901312       2.0845876      -1.0000000      -1.0000000      -1.0000000
      -1.0000000      -1.0000000      -1.0000000       91.335289       8.7504807
       76.645561
       1.0000000       73.000000       1.6042346      -1.0000000       1.0000000
    0.0012485810     0.019254677      -1.0000000      -1.0000000      -1.0000000
      -1.0000000      -1.0000000      -1.0000000      -1.0000000      -1.0000000
      -1.0000000
       0.0000000       72.000000       1.6666696      -1.0000000       203700.00
      0.62665778       1.6935700      -1.0000000      -1.0000000      -1.0000000
      -1.0000000      -1.0000000      -1.0000000       90.095741       8.0841684
       75.982941
       1.0000000       72.000000       1.6666696      -1.0000000       1.0000000
       0.0000000       0.0000000      -1.0000000      -1.0000000      -1.0000000
      -1.0000000      -1.0000000      -1.0000000      -1.0000000      -1.0000000
      -1.0000000
       0.0000000       71.000000       1.7435706      -1.0000000       240866.00
      0.56768274       1.6156571      -1.0000000      -1.0000000      -1.0000000
      -1.0000000      -1.0000000      -1.0000000       90.379456       7.8871479
       74.824333
       1.0000000       71.000000       1.7435706      -1.0000000       1.0000000
       0.0000000       0.0000000      -1.0000000      -1.0000000      -1.0000000
      -1.0000000      -1.0000000      -1.0000000      -1.0000000      -1.0000000
      -1.0000000
       0.0000000       70.000000       1.8226893      -1.0000000       232064.00
      0.52481842       1.3828440      -1.0000000      -1.0000000      -1.0000000
      -1.0000000      -1.0000000      -1.0000000       90.538322       7.4680357
       79.336975
       1.0000000       70.000000       1.8226893      -1.0000000       1.0000000
   0.00094146322       0.0000000      -1.0000000      -1.0000000      -1.0000000
      -1.0000000      -1.0000000      -1.0000000      -1.0000000      -1.0000000
      -1.0000000
       0.0000000       69.000000       1.9040896      -1.0000000       221340.00
      0.48804361       1.4065931      -1.0000000      -1.0000000      -1.0000000
      -1.0000000      -1.0000000      -1.0000000       90.184212       7.8708510
       83.682663
       1.0000000       69.000000       1.9040896      -1.0000000       1.0000000
    0.0035574147     0.090083137      -1.0000000      -1.0000000      -1.0000000
      -1.0000000      -1.0000000      -1.0000000      -1.0000000      -1.0000000
      -1.0000000
       0.0000000       68.000000       2.0020282      -1.0000000       207985.00
      0.47612423       1.1900431      -1.0000000      -1.0000000      -1.0000000
      -1.0000000      -1.0000000      -1.0000000       94.178581       7.0617905
       84.795143
       1.0000000       68.000000       2.0020282      -1.0000000       1.0000000
       0.0000000       0.0000000      -1.0000000      -1.0000000      -1.0000000
      -1.0000000      -1.0000000      -1.0000000      -1.0000000      -1.0000000
      -1.0000000
       0.0000000       67.000000       2.1032696      -1.0000000       197416.00
      0.41374213       1.8364960      -1.0000000      -1.0000000      -1.0000000
      -1.0000000      -1.0000000      -1.0000000       97.394196       7.8600006
       75.847992
       1.0000000       67.000000       2.1032696      -1.0000000       1.0000000
       0.0000000       0.0000000      -1.0000000      -1.0000000      -1.0000000
      -1.0000000      -1.0000000      -1.0000000      -1.0000000      -1.0000000
      -1.0000000
       0.0000000       66.000000       2.2079256      -1.0000000       186772.00
      0.35869852       1.6428725      -1.0000000      -1.0000000      -1.0000000
      -1.0000000      -1.0000000      -1.0000000       101.93847       7.7546930
       72.185356
       1.0000000       66.000000       2.2079256      -1.0000000       2.0000000
     0.017779877      0.11782169      -1.0000000      -1.0000000      -1.0000000
      -1.0000000      -1.0000000      -1.0000000      -1.0000000      -1.0000000
      -1.0000000
       0.0000000       65.000000       2.3161108      -1.0000000       178949.00
      0.29336938       1.2789387      -1.0000000      -1.0000000      -1.0000000
      -1.0000000      -1.0000000      -1.0000000       95.202492       7.0987043
       80.217514
       0.0000000       64.000000       2.4442258      -1.0000000       164637.00
      0.25622243      0.93358272      -1.0000000      -1.0000000      -1.0000000
      -1.0000000      -1.0000000      -1.0000000       84.337914       5.6502838
       95.177177
       0.0000000       63.000000       2.5772903      -1.0000000       151702.00
      0.23954375      0.67406505      -1.0000000      -1.0000000      -1.0000000
      -1.0000000      -1.0000000      -1.0000000       81.679855       4.7584610
       92.220543
       1.0000000       63.000000       2.5772903      -1.0000000       2.0000000
       0.0000000       0.0000000      -1.0000000      -1.0000000      -1.0000000
      -1.0000000      -1.0000000      -1.0000000      -1.0000000      -1.0000000
      -1.0000000
       0.0000000       62.000000       2.7331426      -1.0000000       156365.00
      0.22393084      0.94187278      -1.0000000      -1.0000000      -1.0000000
      -1.0000000      -1.0000000      -1.0000000       83.586334       5.0682678
       83.555511
       1.0000000       62.000000       2.7331426      -1.0000000       1.0000000
       0.0000000       0.0000000      -1.0000000      -1.0000000      -1.0000000
      -1.0000000      -1.0000000      -1.0000000      -1.0000000      -1.0000000
      -1.0000000
       0.0000000       61.000000       2.8957851      -1.0000000       134742.00
      0.18289950      0.94799095      -1.0000000      -1.0000000      -1.0000000
      -1.0000000      -1.0000000      -1.0000000       88.896774       4.5943222
       75.953346
       0.0000000       60.000000       3.0081310      -1.0000000       125616.00
      0.15631332      0.97267592      -1.0000000      -1.0000000      -1.0000000
      -1.0000000      -1.0000000      -1.0000000       92.468819       4.2786484
       69.905060
       1.0000000       60.000000       3.0081310      -1.0000000       1.0000000
   0.00078970828    0.0040359870      -1.0000000      -1.0000000      -1.0000000
      -1.0000000      -1.0000000      -1.0000000      -1.0000000      -1.0000000
      -1.0000000
       0.0000000       59.000000       3.0848227      -1.0000000       123758.00
      0.12767752      0.96210742      -1.0000000      -1.0000000      -1.0000000
      -1.0000000      -1.0000000      -1.0000000       93.712257       3.8336105
       71.262596
       1.0000000       59.000000       3.0848227      -1.0000000       1.0000000
   0.00034630043     0.021536889      -1.0000000      -1.0000000      -1.0000000
      -1.0000000      -1.0000000      -1.0000000      -1.0000000      -1.0000000
      -1.0000000
       0.0000000       58.000000       3.2830331      -1.0000000       116016.00
     0.097233973      0.57635450      -1.0000000      -1.0000000      -1.0000000
      -1.0000000      -1.0000000      -1.0000000       82.396858       3.2320373
       87.527618
       1.0000000       58.000000       3.2830331      -1.0000000       4.0000000
    0.0069139870      0.12396764      -1.0000000      -1.0000000      -1.0000000
      -1.0000000      -1.0000000      -1.0000000      -1.0000000      -1.0000000
      -1.0000000
       0.0000000       57.000000       3.4908614      -1.0000000       87061.000
     0.081822798      0.66001558      -1.0000000      -1.0000000      -1.0000000
      -1.0000000      -1.0000000      -1.0000000       78.399139       3.8150842
       90.644676
       1.0000000       57.000000       3.4908614      -1.0000000       3.0000000
   0.00045654108     0.014509713      -1.0000000      -1.0000000      -1.0000000
      -1.0000000      -1.0000000      -1.0000000      -1.0000000      -1.0000000
      -1.0000000
