       0.0000000       135.00000       0.0000000       2411.0000       452440.00
       2.4107385      0.77565199      0.41247573      0.34375006      0.24874032
      -24.068056      -36.725246       15.903621       90.560303       9.5184059
       79.477585
       0.0000000       134.00000    0.0095216669      -1.0000000       445839.00
       2.3952534      0.77769578      -1.0000000      -1.0000000      -1.0000000
      -1.0000000      -1.0000000      -1.0000000       90.720482       9.5375299
       79.612572
       0.0000000       132.00000     0.033724371       2358.0000       444110.00
       2.3838768      0.82528168      0.40231118      0.29032254      0.22737601
      -18.203117      -34.672657       21.470379       90.911308       9.4509888
       80.631378
       0.0000000       131.00000     0.048523631       2390.0000       441285.00
       2.3599687      0.89506084      0.40287146      0.34375006      0.23680530
      -19.044031      -33.383167       23.360649       91.155487       9.4686775
       81.476700
       0.0000000       130.00000     0.058507323       2398.0000       438814.00
       2.3471513      0.88892370      0.40005273      0.23333335      0.23359190
      -18.592258      -33.107136       23.302206       90.639748       9.5693407
       82.406754
       0.0000000       129.00000     0.073661387       2389.0000       435594.00
       2.3154778      0.76610392      0.39971322      0.29032254      0.23125888
      -18.507275      -31.639439       22.613670       90.334702       9.1643372
       84.163559
       0.0000000       128.00000     0.083884433       2425.0000       434307.00
       2.3047414      0.70424199      0.39630952      0.31250006      0.21454129
      -19.083689      -31.628012       23.633322       90.211113       9.1593781
       84.281662
       0.0000000       127.00000     0.099401802       2411.0000       431767.00
       2.2860146      0.65965301      0.40051901      0.28125006      0.20487988
      -20.054665      -31.030586       22.657475       90.805695       9.0384436
       84.211624
       0.0000000       126.00000      0.10986994       2466.0000       431389.00
       2.2891500      0.74168956      0.39768758      0.23333335      0.19954467
      -21.373554      -31.318823       22.085060       91.696587       9.1355143
       83.402847
       0.0000000       125.00000      0.12575933       2470.0000       429063.00
       2.2559862      0.87465471      0.39530912      0.25806451      0.18992631
      -20.644825      -29.328600       19.695578       92.323708       9.0893936
       83.494331
       0.0000000       124.00000      0.14187621       2497.0000       426619.00
       2.2365484      0.71140546      0.38478267      0.25806451      0.19343355
      -21.745003      -27.562103       19.820108       92.646233       8.9705858
       83.420731
       0.0000000       123.00000      0.15274876       2496.0000       424818.00
       2.2302582      0.68464988      0.38414150      0.23333335      0.20889610
      -22.450294      -25.450476       19.534576       92.910210       8.8987103
       83.143036
       0.0000000       122.00000      0.16925204       2533.0000       422865.00
       2.2150002      0.70572370      0.38337490      0.25806451      0.17130943
      -24.688442      -25.094799       18.345186       94.480858       8.8782225
       81.608780
       0.0000000       121.00000      0.18038526       2560.0000       420777.00
       2.1897798      0.80862582      0.38637018      0.25806451      0.18867132
      -25.203831      -24.936344       16.198610       95.445259       8.8531952
       79.634010
       0.0000000       120.00000      0.19728418       2561.0000       417474.00
       2.1866829      0.69572997      0.38496372      0.19999999      0.15051271
      -25.478071      -25.775595       13.556572       96.032745       8.7854233
       79.005775
       0.0000000       119.00000      0.21442504       2558.0000       414729.00
       2.1639631      0.79902387      0.37901038      0.19999999      0.17477268
      -25.454613      -24.252716       11.718888       97.077606       8.7939739
       79.364998
       1.0000000       119.00000      0.21442504      -1.0000000       1.0000000
       0.0000000       0.0000000      -1.0000000      -1.0000000      -1.0000000
      -1.0000000      -1.0000000      -1.0000000      -1.0000000      -1.0000000
      -1.0000000
       0.0000000       118.00000      0.22598839       2563.0000       412989.00
       2.1468637      0.89128804      0.37523893      0.10714287      0.14684421
      -24.721363      -24.210011       11.120049       97.974922       8.8854179
       78.281784
       0.0000000       117.00000      0.24354018       2605.0000       410076.00
       2.1122770      0.76494044      0.37020487      0.13793099      0.13997684
      -20.644730      -24.498392       12.483366       98.233704       8.6418133
       78.053307
       0.0000000       116.00000      0.26134327       2570.0000       405975.00
       2.0978200      0.79168886      0.37564740      0.19999999      0.16655824
      -17.494753      -24.771235       13.605333       95.891113       8.5908489
       82.207397
       0.0000000       115.00000      0.27335334       2591.0000       403711.00
       2.0957043      0.75396901      0.37510049      0.19999999      0.16505919
      -13.895557      -24.918621       17.922632       95.176422       8.5660439
       83.420586
       0.0000000       114.00000      0.29158324       2600.0000       400737.00
       2.0851066      0.72068840      0.37037766      0.13793099      0.14158924
      -11.491571      -21.408794       23.650461       94.432312       8.5083866
       84.149162
       0.0000000       113.00000      0.31007412       2603.0000       397822.00
       2.0687923      0.71305835      0.37243763      0.22580642      0.14574549
      -9.6161385      -18.205086       29.519583       94.364510       8.4769258
       85.182236
       0.0000000       112.00000      0.32882974       2654.0000       394487.00
       2.0619359      0.82003766      0.37162092      0.16666669      0.17425007
      -9.0896358      -14.214602       33.190880       94.210846       8.5526218
       84.856857
       0.0000000       111.00000      0.34785384       2642.0000       391418.00
       2.0441411      0.70110500      0.37421474      0.13793099      0.14679246
      -10.547533      -9.6100883       34.553337       93.511124       8.3745556
       86.866432
       0.0000000       110.00000      0.36068764       2652.0000       389986.00
       2.0255306      0.77232939      0.37559581      0.16666669      0.14908074
      -11.543633      -6.5718079       35.309273       93.300865       8.2048397
       88.522514
       0.0000000       109.00000      0.38016787       2670.0000       387309.00
       2.0082479      0.76273298      0.37504640     0.071428597      0.16828427
      -12.585454      -2.2976758       34.753696       93.462379       8.2487240
       89.132896
       0.0000000       108.00000      0.39992696       2680.0000       385397.00
       2.0095100      0.74130780      0.36830527      0.13793099      0.15184782
      -13.565648      0.17019013       32.966339       93.152840       8.2730227
       89.777473
       0.0000000       107.00000      0.41996893       2820.0000       385199.00
       1.9797629      0.78308880      0.37162799      0.10344827      0.12690888
      -14.208259       1.7620807       30.725914       94.288025       8.2055178
       87.400215
       0.0000000       106.00000      0.44029784       2793.0000       381840.00
       1.9479281      0.81570089      0.36586893      0.10344827      0.15586814
      -16.963852       2.8455799       26.540848       95.180130       8.1436615
       87.169861
       1.0000000       106.00000      0.44029784      -1.0000000       2.0000000
       0.0000000       0.0000000      -1.0000000      -1.0000000      -1.0000000
      -1.0000000      -1.0000000      -1.0000000      -1.0000000      -1.0000000
      -1.0000000
       0.0000000       105.00000      0.46091780       2870.0000       379961.00
       1.9455980      0.78390634      0.36341232     0.035714328      0.12999424
      -20.266291       2.6411998       23.122669       95.849213       7.9905300
       85.157570
       1.0000000       105.00000      0.46091780      -1.0000000       1.0000000
    0.0018495971     0.014043761      -1.0000000      -1.0000000      -1.0000000
      -1.0000000      -1.0000000      -1.0000000      -1.0000000      -1.0000000
      -1.0000000
       0.0000000       104.00000      0.48183295       2879.0000       376197.00
       1.9317195      0.74652624      0.35281685      0.13333338      0.14781566
      -20.823343     -0.46865949       17.893042       96.371040       8.1728621
       85.838326
       1.0000000       104.00000      0.48183295      -1.0000000       1.0000000
   0.00063967617     0.015345058      -1.0000000      -1.0000000      -1.0000000
      -1.0000000      -1.0000000      -1.0000000      -1.0000000      -1.0000000
      -1.0000000
       0.0000000       103.00000      0.50304753       2893.0000       372314.00
       1.9011958      0.73176301      0.35864222      0.13333338      0.11391108
      -21.144629      -1.3690917       13.218181       96.785652       8.0755930
       86.136879
       1.0000000       103.00000      0.50304753      -1.0000000       1.0000000
    0.0070040785     0.062129587      -1.0000000      -1.0000000      -1.0000000
      -1.0000000      -1.0000000      -1.0000000      -1.0000000      -1.0000000
      -1.0000000
       0.0000000       102.00000      0.52456582       2928.0000       370399.00
       1.8945082      0.81306547      0.35786000      0.13793099      0.11649091
      -19.397200       1.6887028       14.386383       97.043015       7.9779806
       87.051949
       0.0000000       101.00000      0.54639220       2951.0000       367856.00
       1.8647054      0.67788053      0.36516953      0.17241371      0.11635349
      -20.122190       8.9065037       14.363836       96.277664       7.8092332
       87.707275
       0.0000000       100.00000      0.57598084       2943.0000       363336.00
       1.8509500      0.65786415      0.35896042      0.25806451      0.16276403
      -20.933174       19.958923       18.336304       96.670647       7.7159610
       89.151413
       0.0000000       99.000000      0.59854329       2944.0000       358774.00
       1.8444005      0.63007373      0.38590589      0.25806451      0.17141125
      -22.696295       31.140738       25.921560       95.548401       7.7004075
       93.990059
       0.0000000       98.000000      0.62142873       2937.0000       355327.00
       1.8203064      0.59535921      0.39455387      0.19999999      0.19896543
      -24.307486       37.912891       30.865490       94.327431       7.5426154
       96.841248
       0.0000000       97.000000      0.64464182       2937.0000       352641.00
       1.8218168      0.56890160      0.40247557      0.23333335      0.22932304
      -24.680595       41.457645       31.652205       94.195427       7.5107546
       98.336845
       0.0000000       96.000000      0.67611039       2924.0000       349062.00
       1.7954458      0.67315525      0.41256797      0.23333335      0.20472349
      -27.830231       46.811089       26.883900       95.384781       7.3856778
       98.571602
       0.0000000       95.000000      0.70010638       2883.0000       344442.00
       1.8044564      0.57543015      0.41118854      0.30000001      0.21364526
      -35.606003       50.195511       22.795664       96.593407       7.6833477
       98.045433
       0.0000000       94.000000      0.73263615       2889.0000       341046.00
       1.7901293      0.45977843      0.42379987      0.35483867      0.24980369
      -39.463116       50.818256       20.825699       98.484734       7.6736016
       94.785431
       1.0000000       94.000000      0.73263615      -1.0000000       1.0000000
       0.0000000       0.0000000      -1.0000000      -1.0000000      -1.0000000
      -1.0000000      -1.0000000      -1.0000000      -1.0000000      -1.0000000
      -1.0000000
       0.0000000       93.000000      0.75744140       2944.0000       338330.00
       1.8111730      0.48307014      0.42056277      0.33333331      0.24429166
      -41.816151       47.942352       20.342241       99.462540       7.6853623
       92.298744
       0.0000000       92.000000      0.79106826       2780.0000       328403.00
       1.8425362      0.35023600      0.42302689      0.37500006      0.28873506
      -43.555946       48.236660       26.036388       100.90994       8.1957598
       90.354973
       1.0000000       92.000000      0.79106826      -1.0000000       2.0000000
   0.00099125656     0.010826353      -1.0000000      -1.0000000      -1.0000000
      -1.0000000      -1.0000000      -1.0000000      -1.0000000      -1.0000000
      -1.0000000
       0.0000000       91.000000      0.81671000       2729.0000       323734.00
       1.7948347       1.2006969      0.42490518      0.34375006      0.26284543
      -49.018105       50.772667       29.150120       101.59756       8.1573973
       89.286285
       0.0000000       90.000000      0.85147089       2771.0000       320674.00
       1.7437774       1.1067898      0.41678432      0.47058821      0.28724459
      -58.862671       34.830486       32.772263       101.40004       8.1764383
       91.085503
       1.0000000       90.000000      0.85147089      -1.0000000       1.0000000
       0.0000000       0.0000000      -1.0000000      -1.0000000      -1.0000000
      -1.0000000      -1.0000000      -1.0000000      -1.0000000      -1.0000000
      -1.0000000
       0.0000000       89.000000      0.88689691       2795.0000       317429.00
       1.6927530       1.1108549      0.40130943      0.43750000      0.20152684
      -40.208210       15.989269       42.582428       101.61387       7.9797740
       90.602509
       0.0000000       88.000000      0.92300081       2826.0000       313058.00
       1.6293703       1.1771073      0.39371943      0.35483867      0.15191093
      -24.334112       8.5829802       32.639835       102.50829       7.9863615
       90.388748
       0.0000000       87.000000      0.95053136       2837.0000       309823.00
       1.6167047       1.3479695      0.39899945      0.41176474      0.17748550
      -14.680258       1.7884152       38.666981       102.74307       8.2766285
       92.702652
       0.0000000       86.000000      0.98785281       2808.0000       304005.00
       1.5164610       1.3737745      0.39684877      0.37500006      0.15360811
      -14.519408      -1.5721530       23.618458       101.51152       8.0618553
       96.023613
       0.0000000       85.000000      0.99729425       2809.0000       302827.00
       1.5112593       1.1850060      0.38501924      0.37500006      0.16098794
      -12.779820      -4.7739205       22.594627       100.63955       7.9849839
       96.322159
       0.0000000       84.000000       1.0355104       2816.0000       298377.00
       1.4821746      0.85992873      0.36181572      0.33333331      0.12311570
      -12.524713      -3.3672099       16.912052       100.18938       7.4980359
       97.290993
       0.0000000       83.000000       1.0744579       2799.0000       292297.00
       1.4290595       1.0449631      0.33925733      0.44117647      0.12229311
      -3.0819762      -14.139462       8.0588865       101.87454       7.4839649
       97.203606
       0.0000000       82.000000       1.1141505       2753.0000       285304.00
       1.4167969       1.5316521      0.31122831      0.31250006      0.12227895
      -9.1992273      -10.064947       6.2957821       104.46664       8.0115595
       98.064041
       0.0000000       81.000000       1.1546028      -1.0000000       279144.00
       1.3124455       1.3937629      -1.0000000      -1.0000000      -1.0000000
      -1.0000000      -1.0000000      -1.0000000       103.45414       7.7717147
       99.928909
       1.0000000       81.000000       1.1546028      -1.0000000       1.0000000
       0.0000000       0.0000000      -1.0000000      -1.0000000      -1.0000000
      -1.0000000      -1.0000000      -1.0000000      -1.0000000      -1.0000000
      -1.0000000
       0.0000000       80.000000       1.2062581      -1.0000000       270887.00
       1.2415068       1.0614356      -1.0000000      -1.0000000      -1.0000000
      -1.0000000      -1.0000000      -1.0000000       104.66743       7.2180452
       98.451744
       0.0000000       79.000000       1.2484726      -1.0000000       266326.00
       1.2113528       1.0359832      -1.0000000      -1.0000000      -1.0000000
      -1.0000000      -1.0000000      -1.0000000       104.12621       7.3489017
       103.92306
       0.0000000       78.000000       1.3023784      -1.0000000       260307.00
       1.1580125      0.76489508      -1.0000000      -1.0000000      -1.0000000
      -1.0000000      -1.0000000      -1.0000000       101.33765       6.8338742
       107.69246
       1.0000000       78.000000       1.3023784      -1.0000000       2.0000000
     0.032327792      0.16240157      -1.0000000      -1.0000000      -1.0000000
      -1.0000000      -1.0000000      -1.0000000      -1.0000000      -1.0000000
      -1.0000000
       0.0000000       77.000000       1.3575766      -1.0000000       254117.00
       1.1054188      0.64058173      -1.0000000      -1.0000000      -1.0000000
      -1.0000000      -1.0000000      -1.0000000       103.54602       6.6549644
       102.06181
       1.0000000       77.000000       1.3575766      -1.0000000       2.0000000
    0.0016124819     0.033555191      -1.0000000      -1.0000000      -1.0000000
      -1.0000000      -1.0000000      -1.0000000      -1.0000000      -1.0000000
      -1.0000000
       0.0000000       76.000000       1.4140983      -1.0000000       245356.00
       1.0891894       1.0495145      -1.0000000      -1.0000000      -1.0000000
      -1.0000000      -1.0000000      -1.0000000       108.99792       7.6237326
       92.565201
       0.0000000       75.000000       1.4719748      -1.0000000       236830.00
       1.0217279       1.6181880      -1.0000000      -1.0000000      -1.0000000
      -1.0000000      -1.0000000      -1.0000000       115.31463       8.2269650
       85.765251
       0.0000000       74.000000       1.5312390      -1.0000000       231137.00
      0.94404495       1.0794005      -1.0000000      -1.0000000      -1.0000000
      -1.0000000      -1.0000000      -1.0000000       105.84175       7.1677003
       98.135483
       1.0000000       74.000000       1.5312390      -1.0000000       2.0000000
       0.0000000       0.0000000      -1.0000000      -1.0000000      -1.0000000
      -1.0000000      -1.0000000      -1.0000000      -1.0000000      -1.0000000
      -1.0000000
       0.0000000       73.000000       1.6042346      -1.0000000       222106.00
      0.89763486       1.1419835      -1.0000000      -1.0000000      -1.0000000
      -1.0000000      -1.0000000      -1.0000000       103.70830       7.4174428
       94.842033
       0.0000000       72.000000       1.6666696      -1.0000000       219229.00
      0.87262380       1.2591732      -1.0000000      -1.0000000      -1.0000000
      -1.0000000      -1.0000000      -1.0000000       104.56326       7.4695029
       90.247635
       0.0000000       71.000000       1.7435706      -1.0000000       209356.00
      0.77440071       1.2791883      -1.0000000      -1.0000000      -1.0000000
      -1.0000000      -1.0000000      -1.0000000       104.00786       6.9634819
       88.894020
       0.0000000       70.000000       1.8226893      -1.0000000       201786.00
      0.70194173       1.1229584      -1.0000000      -1.0000000      -1.0000000
      -1.0000000      -1.0000000      -1.0000000       99.594246       6.4923863
       94.804810
       0.0000000       69.000000       1.9040896      -1.0000000       192795.00
      0.66956753       1.0154823      -1.0000000      -1.0000000      -1.0000000
      -1.0000000      -1.0000000      -1.0000000       97.223663       6.5165610
       101.02314
       1.0000000       69.000000       1.9040896      -1.0000000       2.0000000
    0.0011139165       0.0000000      -1.0000000      -1.0000000      -1.0000000
      -1.0000000      -1.0000000      -1.0000000      -1.0000000      -1.0000000
      -1.0000000
       0.0000000       68.000000       2.0020282      -1.0000000       183748.00
      0.63246500       1.0671580      -1.0000000      -1.0000000      -1.0000000
      -1.0000000      -1.0000000      -1.0000000       98.192856       6.6049848
       100.29733
       0.0000000       67.000000       2.1032696      -1.0000000       181320.00
      0.58104360       1.2856613      -1.0000000      -1.0000000      -1.0000000
      -1.0000000      -1.0000000      -1.0000000       102.11895       6.2597528
       92.637474
       0.0000000       66.000000       2.2079256      -1.0000000       171419.00
      0.49276733       1.3025690      -1.0000000      -1.0000000      -1.0000000
      -1.0000000      -1.0000000      -1.0000000       106.58002       5.9403343
       83.764938
       0.0000000       65.000000       2.3161108      -1.0000000       163619.00
      0.42400265       1.0117154      -1.0000000      -1.0000000      -1.0000000
      -1.0000000      -1.0000000      -1.0000000       109.56144       5.2712417
       78.140869
       1.0000000       65.000000       2.3161108      -1.0000000       1.0000000
       0.0000000       0.0000000      -1.0000000      -1.0000000      -1.0000000
      -1.0000000      -1.0000000      -1.0000000      -1.0000000      -1.0000000
      -1.0000000
       0.0000000       64.000000       2.4442258      -1.0000000       156644.00
      0.35298401       1.0170498      -1.0000000      -1.0000000      -1.0000000
      -1.0000000      -1.0000000      -1.0000000       108.79517       4.7795963
       76.691490
       1.0000000       64.000000       2.4442258      -1.0000000       5.0000000
    0.0025566253      0.15366484      -1.0000000      -1.0000000      -1.0000000
      -1.0000000      -1.0000000      -1.0000000      -1.0000000      -1.0000000
      -1.0000000
       0.0000000       63.000000       2.5772903      -1.0000000       143524.00
      0.27854154      0.96326500      -1.0000000      -1.0000000      -1.0000000
      -1.0000000      -1.0000000      -1.0000000       98.431908       4.6581335
       93.994469
       1.0000000       63.000000       2.5772903      -1.0000000       1.0000000
       0.0000000       0.0000000      -1.0000000      -1.0000000      -1.0000000
      -1.0000000      -1.0000000      -1.0000000      -1.0000000      -1.0000000
      -1.0000000
       0.0000000       62.000000       2.7331426      -1.0000000       132213.00
      0.25366467      0.68491179      -1.0000000      -1.0000000      -1.0000000
      -1.0000000      -1.0000000      -1.0000000       94.084167       4.3116398
       102.31598
       1.0000000       62.000000       2.7331426      -1.0000000       2.0000000
   0.00020413558       0.0000000      -1.0000000      -1.0000000      -1.0000000
      -1.0000000      -1.0000000      -1.0000000      -1.0000000      -1.0000000
      -1.0000000
       0.0000000       61.000000       2.8957851      -1.0000000       123020.00
      0.23577356      0.45396951      -1.0000000      -1.0000000      -1.0000000
      -1.0000000      -1.0000000      -1.0000000       97.984306       3.9199708
       98.154892
       1.0000000       61.000000       2.8957851      -1.0000000       3.0000000
   0.00020413558       0.0000000      -1.0000000      -1.0000000      -1.0000000
      -1.0000000      -1.0000000      -1.0000000      -1.0000000      -1.0000000
      -1.0000000
