       0.0000000       135.00000       0.0000000       7.0000000       73706.000
       1.3616697      0.47552729      0.36863303      0.25806451      0.15470491
      -19.644381       15.551090       5.0749502       79.133942       7.6291285
       19.156206
       0.0000000       134.00000    0.0095216669       6.0000000       65198.000
       1.3411822      0.48372951      0.36553416      0.19999999      0.15984197
      -19.275311       15.414252       5.4026847       79.709503       7.4145575
       18.053591
       0.0000000       133.00000     0.023974428       6.0000000       64237.000
       1.3626702      0.48560718      0.36827311      0.25806451      0.14795473
      -19.052862       17.251421       4.8309689       77.175430       7.6521077
       20.919939
       0.0000000       132.00000     0.033724371       6.0000000       63807.000
       1.3694057      0.52790928      0.36549664      0.17241371      0.14874609
      -18.107340       17.960234       3.8766479       76.923126       7.7706618
       21.800198
       0.0000000       131.00000     0.048523631       5.0000000       53210.000
       1.3992189      0.54793817      0.37180263      0.19354838      0.16183685
      -17.122196       18.533529       1.6065822       75.201012       8.2845726
       25.130180
       0.0000000       130.00000     0.058507323       5.0000000       52743.000
       1.3983728      0.51929027      0.36641687      0.27272731      0.16100204
      -16.726660       18.593214     -0.24761355       74.125687       8.0960045
       26.486570
       0.0000000       129.00000     0.073661387       5.0000000       52013.000
       1.3885322      0.52329493      0.36030027      0.27272731      0.15309642
      -16.859898       18.052578      -2.1395967       74.207832       8.0682478
       26.143171
       0.0000000       128.00000     0.083884433       5.0000000       51736.000
       1.3738642      0.51059103      0.36358619      0.27272731      0.16097708
      -17.131561       16.636360      -3.1431999       73.166412       7.8780437
       26.201397
       0.0000000       127.00000     0.099401802       4.0000000       44958.000
       1.3989757      0.53244442      0.35972071      0.19999999      0.14121147
      -18.271732       14.767117      -2.6803305       73.767342       8.2018213
       27.621778
       0.0000000       126.00000      0.10986994       4.0000000       44774.000
       1.3936173      0.51676506      0.36080006      0.19999999      0.15142071
      -19.394623       13.514482      -1.7726401       73.545662       8.1801577
       28.228043
       0.0000000       125.00000      0.12575933       3.0000000       35405.000
       1.3864179      0.50211370      0.36646336      0.16666669      0.14832562
      -19.588289       12.578543     -0.25699145       72.436615       8.0336781
       29.887651
       0.0000000       124.00000      0.14187621       3.0000000       35040.000
       1.3930545      0.49380919      0.36725155      0.13793099      0.15258443
      -19.508945       13.427174      0.70609212       71.559547       8.1754255
       31.023352
       0.0000000       123.00000      0.15274876       4.0000000       42052.000
       1.3967719      0.51182139      0.36543530      0.22580642      0.14770459
      -18.538158       15.073427       1.1072348       71.713791       8.0719004
       31.341017
       0.0000000       122.00000      0.16925204       4.0000000       41444.000
       1.4016649      0.54033178      0.35992309      0.22580642      0.16916505
      -17.638952       15.124525       1.7375561       73.064972       8.2950630
       31.289873
       0.0000000       121.00000      0.18038526       3.0000000       33998.000
       1.3981366      0.52880430      0.36401635      0.22580642      0.15394527
      -17.942785       15.552941       2.3428295       73.697250       8.2693605
       30.485544
       0.0000000       120.00000      0.19728418       4.0000000       40473.000
       1.3859789      0.52749437      0.36168388      0.22580642      0.14504163
      -17.416138       15.244834       3.4455070       73.408356       8.1769819
       31.615610
       0.0000000       119.00000      0.21442504       3.0000000       29767.000
       1.3902882      0.53670645      0.35702634      0.16666669      0.16010997
      -17.442511       15.716976       4.5095429       72.715294       8.1667042
       32.790817
       1.0000000       119.00000      0.21442504      -1.0000000       1.0000000
   0.00091680844       0.0000000      -1.0000000      -1.0000000      -1.0000000
      -1.0000000      -1.0000000      -1.0000000      -1.0000000      -1.0000000
      -1.0000000
       0.0000000       118.00000      0.22598839       4.0000000       36711.000
       1.3924210      0.53298295      0.35607114      0.23333335      0.14741544
      -17.142668       15.060033       4.8244028       72.604973       8.2759638
       34.033394
       0.0000000       117.00000      0.24354018       4.0000000       36163.000
       1.4024123      0.53652459      0.35279238      0.18181831      0.14927670
      -15.631267       14.098214       6.2356777       72.710487       8.3884468
       34.493210
       0.0000000       116.00000      0.26134327       4.0000000       34259.000
       1.4051005      0.55032742      0.34673223      0.25714290      0.16619344
      -16.026840       13.553234       7.3149657       71.915604       8.3729973
       36.373837
       0.0000000       115.00000      0.27335334       3.0000000       27058.000
       1.3886981      0.53719801      0.35062569      0.12500012      0.15013023
      -15.903797       13.263967       8.2403297       71.991440       8.2125740
       36.010159
       0.0000000       114.00000      0.29158324       3.0000000       26704.000
       1.3944731      0.53232342      0.34694529      0.21212131      0.14671482
      -15.743253       13.931859       9.1194954       70.528175       8.1921816
       38.094177
       0.0000000       113.00000      0.31007412       2.0000000       17347.000
       1.4023682      0.52246809      0.34184635      0.23529416      0.13799469
      -16.242435       14.770712       10.344778       72.766090       8.2033720
       37.425114
       0.0000000       112.00000      0.32882974       2.0000000       16657.000
       1.4037696      0.52813917      0.33968472      0.21212131      0.14599189
      -15.835504       14.092841       10.561872       75.021759       8.4146080
       35.790794
       0.0000000       111.00000      0.34785384       2.0000000       14975.000
       1.3922945      0.55103910      0.33859852      0.23529416      0.15642780
      -17.963173       14.164870       10.909408       75.353165       8.3076677
       35.821629
       0.0000000       110.00000      0.36068764       2.0000000       15422.000
       1.4039907      0.54945463      0.34146115      0.21212131      0.14739282
      -18.533703       15.406315       11.341552       75.404861       8.3985672
       36.586060
       0.0000000       109.00000      0.38016787       3.0000000       22300.000
       1.3898695      0.56987202      0.33461356      0.19999999      0.13657190
      -18.535959       15.394444       9.8270226       75.766861       8.2320108
       37.310333
       0.0000000       108.00000      0.39992696       4.0000000       26306.000
       1.3954333      0.58339882      0.33617190      0.20588243      0.15251553
      -18.887547       15.403004       9.4952421       75.833382       8.4020300
       36.907635
       0.0000000       107.00000      0.41996893       4.0000000       25877.000
       1.3951602      0.53863180      0.33412769      0.15151519      0.15641646
      -18.241713       17.988565       9.5032301       76.855164       8.2912302
       36.977821
       0.0000000       106.00000      0.44029784       4.0000000       25732.000
       1.3930471      0.56998628      0.33625698      0.20588243      0.16692841
      -19.781021       18.005241       9.4447451       74.382660       8.4137850
       38.640388
       0.0000000       105.00000      0.46091780       11.000000       51678.000
       1.3754014      0.57678455      0.33001226      0.20588243      0.16678594
      -17.691044       16.638811       9.8061638       74.986885       8.1643276
       38.341076
       0.0000000       104.00000      0.48183295       11.000000       50873.000
       1.3890841      0.53609282      0.33310446      0.20588243      0.16867086
      -17.002647       17.603991       10.372147       74.320862       8.1686316
       39.493546
       0.0000000       103.00000      0.50304753       11.000000       49850.000
       1.3977036      0.55622089      0.32971486      0.22857147      0.16111140
      -16.479992       16.239195       10.554425       74.895966       8.3163700
       38.161533
       0.0000000       102.00000      0.52456582       11.000000       48650.000
       1.3906045      0.56220108      0.32419804      0.19354838      0.16304849
      -15.031713       18.806122       9.9184866       77.119576       8.3352909
       36.289001
       0.0000000       101.00000      0.54639220       11.000000       48140.000
       1.4004432      0.54154569      0.31999984      0.23529416      0.17216620
      -14.839717       17.080173       10.605635       77.085907       8.2731171
       37.898888
       0.0000000       100.00000      0.57598084       16.000000       57556.000
       1.3515961      0.55391002      0.32332891      0.23529416      0.15794690
      -14.132739       20.759520       9.3094549       73.402031       8.0180616
       41.689655
       0.0000000       99.000000      0.59854329       16.000000       54713.000
       1.3911440      0.51868570      0.33656678      0.24242431      0.15978049
      -16.588287       21.110027       5.7131023       72.784706       8.2403259
       42.732357
       0.0000000       98.000000      0.62142873       15.000000       49980.000
       1.3943535      0.51404661      0.32709470      0.26470590      0.15457051
      -15.187083       27.111357       4.0928183       73.551613       8.1549759
       41.975792
       0.0000000       97.000000      0.64464182       15.000000       49138.000
       1.3779341      0.50678015      0.32462499      0.21212131      0.16051677
      -17.958862       30.516270       1.1062789       73.423706       8.1450672
       42.961735
       0.0000000       96.000000      0.67611039       15.000000       47635.000
       1.3934951      0.43564916      0.32536167      0.19354838      0.14303064
      -17.423445       33.969509      0.47658831       73.170433       8.0826063
       47.912640
       0.0000000       95.000000      0.70010638       13.000000       42890.000
       1.3704543      0.34206524      0.33218136      0.27272731      0.15460357
      -18.809072       38.686367      0.34084430       73.431305       7.9058585
       46.502785
       0.0000000       94.000000      0.73263615       12.000000       40460.000
       1.4506212      0.27987689      0.33032116      0.29411763      0.15768239
      -17.479065       46.666370       4.3894215       78.227783       8.7749434
       41.476841
       0.0000000       93.000000      0.75744140       11.000000       37912.000
       1.3841690      0.36391181      0.33678213      0.18181831      0.16802566
      -18.725050       54.249710       4.5905833       83.163383       7.7040620
       39.672623
       1.0000000       93.000000      0.75744140      -1.0000000       1.0000000
    0.0033869417     0.055326875      -1.0000000      -1.0000000      -1.0000000
      -1.0000000      -1.0000000      -1.0000000      -1.0000000      -1.0000000
      -1.0000000
       0.0000000       92.000000      0.79106826       11.000000       36787.000
       1.3895844       1.0765735      0.32860461      0.26470590      0.15683779
      -11.571436       50.564468      -2.2369292       81.251961       8.8204346
       39.711777
       0.0000000       91.000000      0.81671000       11.000000       35393.000
       1.3672915       1.0083957      0.33009467      0.26470590      0.14606909
      -8.3588400       52.315765      -7.3769603       79.712929       8.6698246
       44.329891
       1.0000000       91.000000      0.81671000      -1.0000000       1.0000000
       0.0000000       0.0000000      -1.0000000      -1.0000000      -1.0000000
      -1.0000000      -1.0000000      -1.0000000      -1.0000000      -1.0000000
      -1.0000000
       0.0000000       90.000000      0.85147089       11.000000       34392.000
       1.3853720       1.1237853      0.33013111      0.29411763      0.21639633
      -7.2199206       57.794357      -24.283976       80.809990       9.2785978
       45.751202
       0.0000000       89.000000      0.88689691       11.000000       33063.000
       1.4481899       1.3328191      0.34687495      0.44444448      0.27813467
      -11.429457       71.501472      -47.874954       81.953644       10.991485
       46.802212
       0.0000000       88.000000      0.92300081       11.000000       31043.000
       1.3699608       1.0066029      0.34840021      0.42857140      0.20409095
      -2.3591640       85.019081      -66.726418       81.945473       8.4276295
       60.617630
       0.0000000       87.000000      0.95053136      -1.0000000       30415.000
       1.1087590      0.90178961      -1.0000000      -1.0000000      -1.0000000
      -1.0000000      -1.0000000      -1.0000000       72.382095       7.6244664
       77.346336
       2.0000000       87.000000      0.95053136      0.46022642       79.000000
      0.44084048      0.40434259      -1.0000000      -1.0000000      -1.0000000
      -1.0000000      -1.0000000      -1.0000000      -1.0000000      -1.0000000
      -1.0000000
       0.0000000       86.000000      0.98785281      -1.0000000       29648.000
       1.0653945      0.76171070      -1.0000000      -1.0000000      -1.0000000
      -1.0000000      -1.0000000      -1.0000000       74.071884       6.9719343
       96.749352
       1.0000000       86.000000      0.98785281      -1.0000000       1.0000000
    0.0062355865     0.061443742      -1.0000000      -1.0000000      -1.0000000
      -1.0000000      -1.0000000      -1.0000000      -1.0000000      -1.0000000
      -1.0000000
       0.0000000       85.000000      0.99729425      -1.0000000       29756.000
       1.0558692      0.77391231      -1.0000000      -1.0000000      -1.0000000
      -1.0000000      -1.0000000      -1.0000000       74.962364       6.9238820
       94.235565
       0.0000000       84.000000       1.0355104      -1.0000000       27828.000
       1.0503647      0.81371617      -1.0000000      -1.0000000      -1.0000000
      -1.0000000      -1.0000000      -1.0000000       81.770164       7.4235005
       82.171432
       1.0000000       84.000000       1.0355104      -1.0000000       1.0000000
   0.00035614590     0.031423412      -1.0000000      -1.0000000      -1.0000000
      -1.0000000      -1.0000000      -1.0000000      -1.0000000      -1.0000000
      -1.0000000
       0.0000000       83.000000       1.0744579      -1.0000000       26517.000
       1.0388595      0.88833600      -1.0000000      -1.0000000      -1.0000000
      -1.0000000      -1.0000000      -1.0000000       92.377220       7.6625977
       59.720963
       1.0000000       83.000000       1.0744579      -1.0000000       1.0000000
    0.0076753614     0.042235535      -1.0000000      -1.0000000      -1.0000000
      -1.0000000      -1.0000000      -1.0000000      -1.0000000      -1.0000000
      -1.0000000
       0.0000000       82.000000       1.1141505      -1.0000000       24566.000
       1.0326971       1.0046183      -1.0000000      -1.0000000      -1.0000000
      -1.0000000      -1.0000000      -1.0000000       107.48717       7.5128069
       41.006931
       0.0000000       81.000000       1.1546028      -1.0000000       23946.000
      0.94140458      0.38228998      -1.0000000      -1.0000000      -1.0000000
      -1.0000000      -1.0000000      -1.0000000       93.663933       5.4577022
       25.943220
       1.0000000       81.000000       1.1546028      -1.0000000       1.0000000
    0.0017015459     0.059963610      -1.0000000      -1.0000000      -1.0000000
      -1.0000000      -1.0000000      -1.0000000      -1.0000000      -1.0000000
      -1.0000000
       0.0000000       80.000000       1.2062581      -1.0000000       22270.000
      0.91342604      0.50856078      -1.0000000      -1.0000000      -1.0000000
      -1.0000000      -1.0000000      -1.0000000       82.953682       5.3136001
       35.016861
       1.0000000       80.000000       1.2062581      -1.0000000       1.0000000
    0.0014185129     0.031295784      -1.0000000      -1.0000000      -1.0000000
      -1.0000000      -1.0000000      -1.0000000      -1.0000000      -1.0000000
      -1.0000000
       0.0000000       79.000000       1.2484726      -1.0000000       22107.000
      0.95787740       1.0006770      -1.0000000      -1.0000000      -1.0000000
      -1.0000000      -1.0000000      -1.0000000       98.743774       6.8584514
       79.144524
       0.0000000       78.000000       1.3023784      -1.0000000       21892.000
      0.93728489      0.73447818      -1.0000000      -1.0000000      -1.0000000
      -1.0000000      -1.0000000      -1.0000000       123.59154       7.2173157
       87.130875
       0.0000000       77.000000       1.3575766      -1.0000000       234928.00
      0.97602588       1.4856910      -1.0000000      -1.0000000      -1.0000000
      -1.0000000      -1.0000000      -1.0000000       138.05118       9.3837538
       78.034546
       1.0000000       77.000000       1.3575766      -1.0000000       2.0000000
   0.00029972181       0.0000000      -1.0000000      -1.0000000      -1.0000000
      -1.0000000      -1.0000000      -1.0000000      -1.0000000      -1.0000000
      -1.0000000
       0.0000000       76.000000       1.4140983      -1.0000000       229092.00
      0.83317387       1.1723309      -1.0000000      -1.0000000      -1.0000000
      -1.0000000      -1.0000000      -1.0000000       96.359161       6.3760686
       83.577370
       0.0000000       75.000000       1.4719748      -1.0000000       223189.00
      0.77157885       1.2336445      -1.0000000      -1.0000000      -1.0000000
      -1.0000000      -1.0000000      -1.0000000       92.210251       6.2793345
       85.783821
       0.0000000       74.000000       1.5312390      -1.0000000       218185.00
      0.74383551       1.1393971      -1.0000000      -1.0000000      -1.0000000
      -1.0000000      -1.0000000      -1.0000000       90.841888       5.9938774
       87.148964
       0.0000000       73.000000       1.6042346      -1.0000000       212357.00
      0.67609477      0.75829834      -1.0000000      -1.0000000      -1.0000000
      -1.0000000      -1.0000000      -1.0000000       90.130356       5.2249951
       83.885727
       0.0000000       72.000000       1.6666696      -1.0000000       254602.00
      0.65682214      0.80172777      -1.0000000      -1.0000000      -1.0000000
      -1.0000000      -1.0000000      -1.0000000       91.014397       5.0092635
       84.199524
       0.0000000       71.000000       1.7435706      -1.0000000       246348.00
      0.62072814      0.82543790      -1.0000000      -1.0000000      -1.0000000
      -1.0000000      -1.0000000      -1.0000000       90.496246       5.1571584
       83.541344
       1.0000000       71.000000       1.7435706      -1.0000000       1.0000000
   0.00025730781    0.0087021524      -1.0000000      -1.0000000      -1.0000000
      -1.0000000      -1.0000000      -1.0000000      -1.0000000      -1.0000000
      -1.0000000
       0.0000000       70.000000       1.8226893      -1.0000000       237041.00
      0.60742390      0.72026253      -1.0000000      -1.0000000      -1.0000000
      -1.0000000      -1.0000000      -1.0000000       91.403191       5.1138172
       82.561737
       1.0000000       70.000000       1.8226893      -1.0000000       2.0000000
    0.0012769573       0.0000000      -1.0000000      -1.0000000      -1.0000000
      -1.0000000      -1.0000000      -1.0000000      -1.0000000      -1.0000000
      -1.0000000
       0.0000000       69.000000       1.9040896      -1.0000000       226344.00
      0.57466173      0.89024878      -1.0000000      -1.0000000      -1.0000000
      -1.0000000      -1.0000000      -1.0000000       93.118759       5.4845934
       81.341148
       1.0000000       69.000000       1.9040896      -1.0000000       1.0000000
   0.00026939955     0.014810756      -1.0000000      -1.0000000      -1.0000000
      -1.0000000      -1.0000000      -1.0000000      -1.0000000      -1.0000000
      -1.0000000
       0.0000000       68.000000       2.0020282      -1.0000000       208513.00
      0.53538650       1.2481016      -1.0000000      -1.0000000      -1.0000000
      -1.0000000      -1.0000000      -1.0000000       93.410919       5.7342410
       79.680130
       0.0000000       67.000000       2.1032696      -1.0000000       197576.00
      0.45478311      0.98947376      -1.0000000      -1.0000000      -1.0000000
      -1.0000000      -1.0000000      -1.0000000       90.708321       4.9728646
       84.286461
       0.0000000       66.000000       2.2079256      -1.0000000       186498.00
      0.41434339      0.71342611      -1.0000000      -1.0000000      -1.0000000
      -1.0000000      -1.0000000      -1.0000000       89.142487       4.0626392
       88.690529
       0.0000000       65.000000       2.3161108      -1.0000000       175781.00
      0.38278699      0.58298790      -1.0000000      -1.0000000      -1.0000000
      -1.0000000      -1.0000000      -1.0000000       89.900177       3.6287923
       90.789551
       0.0000000       64.000000       2.4442258      -1.0000000       163396.00
      0.36335063      0.72775543      -1.0000000      -1.0000000      -1.0000000
      -1.0000000      -1.0000000      -1.0000000       92.665398       4.0659156
       89.909309
       0.0000000       63.000000       2.5772903      -1.0000000       148287.00
      0.32250229      0.55056638      -1.0000000      -1.0000000      -1.0000000
      -1.0000000      -1.0000000      -1.0000000       93.767082       3.6129563
       90.525757
       0.0000000       62.000000       2.7331426      -1.0000000       137639.00
      0.30051821      0.73303503      -1.0000000      -1.0000000      -1.0000000
      -1.0000000      -1.0000000      -1.0000000       91.545090       3.7182455
       98.104454
       1.0000000       62.000000       2.7331426      -1.0000000       2.0000000
    0.0016256234     0.036749769      -1.0000000      -1.0000000      -1.0000000
      -1.0000000      -1.0000000      -1.0000000      -1.0000000      -1.0000000
      -1.0000000
       0.0000000       61.000000       2.8957851      -1.0000000       125730.00
      0.26218680      0.62434310      -1.0000000      -1.0000000      -1.0000000
      -1.0000000      -1.0000000      -1.0000000       90.364922       3.6701403
       96.739334
       0.0000000       60.000000       3.0081310      -1.0000000       117439.00
      0.25137964      0.69139224      -1.0000000      -1.0000000      -1.0000000
      -1.0000000      -1.0000000      -1.0000000       93.130066       3.6749926
       90.603027
       0.0000000       59.000000       3.0848227      -1.0000000       119386.00
      0.22507447      0.64655691      -1.0000000      -1.0000000      -1.0000000
      -1.0000000      -1.0000000      -1.0000000       95.532333       3.3389230
       84.536560
       0.0000000       58.000000       3.2830331      -1.0000000       106761.00
      0.19661117      0.72581387      -1.0000000      -1.0000000      -1.0000000
      -1.0000000      -1.0000000      -1.0000000       98.420700       3.5994549
       79.544960
       1.0000000       58.000000       3.2830331      -1.0000000       1.0000000
       0.0000000       0.0000000      -1.0000000      -1.0000000      -1.0000000
      -1.0000000      -1.0000000      -1.0000000      -1.0000000      -1.0000000
      -1.0000000
       0.0000000       57.000000       3.4908614      -1.0000000       95934.000
      0.15291145      0.61426628      -1.0000000      -1.0000000      -1.0000000
      -1.0000000      -1.0000000      -1.0000000       90.007401       2.9719391
       83.344589
       1.0000000       57.000000       3.4908614      -1.0000000       1.0000000
       0.0000000       0.0000000      -1.0000000      -1.0000000      -1.0000000
      -1.0000000      -1.0000000      -1.0000000      -1.0000000      -1.0000000
      -1.0000000
