       0.0000000       135.00000       0.0000000       109.00000       244674.00
       3.6998992      0.20853995      0.38464928      0.21428567      0.23495646
       15.201498       28.556894      -49.991631       82.792885       10.802752
       37.655125
       0.0000000       134.00000    0.0095216669       107.00000       241809.00
       3.6941879      0.18199444      0.38889852      0.21428567      0.22434191
       16.800337       28.771095      -50.127125       82.232162       10.806808
       39.788887
       0.0000000       133.00000     0.023974428       105.00000       237856.00
       3.7361681      0.14280950      0.38868415      0.21428567      0.22225563
       18.039282       29.667364      -49.749481       82.889038       10.744465
       40.685772
       0.0000000       132.00000     0.033724371       103.00000       235851.00
       3.7140989      0.11707900      0.38827237      0.24137926      0.22596513
       18.716042       29.452213      -51.351818       83.211990       10.602093
       40.778538
       0.0000000       131.00000     0.048523631       108.00000       234101.00
       3.6658292     0.067895934      0.38961646      0.26666665      0.24417467
       21.507683       28.413467      -53.081367       84.326843       10.510900
       39.752853
       0.0000000       130.00000     0.058507323       110.00000       233860.00
       3.8609262     0.044528976      0.39055264      0.24137926      0.23973869
       22.518444       28.246277      -54.453682       86.755905       11.560659
       37.936634
       0.0000000       129.00000     0.073661387       113.00000       231677.00
       3.7100539       1.1030123      0.38900897      0.26666665      0.23197620
       22.450546       27.514069      -54.666435       90.310196       11.520064
       37.259979
       0.0000000       128.00000     0.083884433       109.00000       229186.00
       3.7499375       1.1153041      0.38662615      0.24137926      0.24463326
       19.082754       29.378399      -54.720654       90.391747       11.668628
       38.394371
       0.0000000       127.00000     0.099401802       109.00000       226055.00
       3.6726248       1.1650070      0.38584790      0.24137926      0.23056936
       17.059469       32.861008      -58.536453       89.781067       11.635244
       37.863258
       0.0000000       126.00000      0.10986994       107.00000       223488.00
       3.7252884      0.94861615      0.38882235      0.26666665      0.22850028
       18.044876       32.588577      -60.418587       89.484894       11.760113
       38.254360
       0.0000000       125.00000      0.12575933       108.00000       221675.00
       3.6226928       1.0500275      0.38316652      0.20689654      0.24624386
       14.760790       33.342979      -64.930008       92.363167       11.646652
       34.664978
       1.0000000       125.00000      0.12575933      -1.0000000       1.0000000
   0.00063685229     0.012648025      -1.0000000      -1.0000000      -1.0000000
      -1.0000000      -1.0000000      -1.0000000      -1.0000000      -1.0000000
      -1.0000000
       0.0000000       124.00000      0.14187621       112.00000       220213.00
       3.6376724       1.1145945      0.38248745      0.24137926      0.22928883
       15.271073       31.106880      -70.023537       93.879738       11.789364
       33.771763
       0.0000000       123.00000      0.15274876       110.00000       216854.00
       3.6504593       1.3095219      0.38985145      0.24137926      0.24960451
       11.792730       34.356575      -72.058411       94.738487       12.279466
       33.913429
       0.0000000       122.00000      0.16925204       112.00000       215342.00
       3.6286018       1.4647511      0.38540286      0.26666665      0.28934601
       4.8517637       40.083038      -77.923019       94.064262       12.492953
       35.684433
       0.0000000       121.00000      0.18038526       103.00000       207031.00
       3.5855944       1.4480556      0.38496163      0.23333335      0.27355757
      -1.9103950       39.993126      -83.500191       93.119019       12.311730
       40.409508
       0.0000000       120.00000      0.19728418       104.00000       203938.00
       3.6063459       1.4604762      0.39544615      0.26666665      0.29697347
      -9.5667038       34.398319      -96.313263       93.188377       12.607862
       41.855270
       0.0000000       119.00000      0.21442504       104.00000       200444.00
       3.5506537       1.5095197      0.43021554      0.37500006      0.36383742
      -9.6616545       27.747066      -120.92513       96.142494       12.610514
       39.166897
       0.0000000       118.00000      0.22598839       104.00000       199499.00
       3.5673678       1.4739894      0.43963310      0.35483867      0.39649278
      -1.2171016       20.229509      -135.16862       96.831795       12.708690
       39.769127
       0.0000000       117.00000      0.24354018      -1.0000000       197172.00
       3.5393004       1.5770526      -1.0000000      -1.0000000      -1.0000000
      -1.0000000      -1.0000000      -1.0000000       101.94874       13.394735
       36.365013
       0.0000000       116.00000      0.26134327      -1.0000000       194198.00
       3.5585914       1.7446679      -1.0000000      -1.0000000      -1.0000000
      -1.0000000      -1.0000000      -1.0000000       109.43305       13.644176
       33.401840
       1.0000000       116.00000      0.26134327      -1.0000000       1.0000000
   0.00025155666     0.015074234      -1.0000000      -1.0000000      -1.0000000
      -1.0000000      -1.0000000      -1.0000000      -1.0000000      -1.0000000
      -1.0000000
       0.0000000       115.00000      0.27335334      -1.0000000       193297.00
       3.4649534       2.0140009      -1.0000000      -1.0000000      -1.0000000
      -1.0000000      -1.0000000      -1.0000000       110.90246       13.472840
       29.542496
       0.0000000       114.00000      0.29158324       104.00000       186984.00
       3.3490217       2.2640731      0.40330708      0.38709676      0.36318120
      -32.059399      -76.025322      -140.65608       111.85281       14.424841
       26.123003
       1.0000000       114.00000      0.29158324      -1.0000000       1.0000000
    0.0011072964     0.077727094      -1.0000000      -1.0000000      -1.0000000
      -1.0000000      -1.0000000      -1.0000000      -1.0000000      -1.0000000
      -1.0000000
       0.0000000       113.00000      0.31007412       103.00000       182413.00
       3.3709984       2.3474014      0.39339039      0.51351351      0.34438059
      -60.387482      -77.034683      -115.79853       114.80870       14.177435
       23.124931
       0.0000000       112.00000      0.32882974       99.000000       173088.00
       3.3283839       2.4698284      0.36926967      0.52499998      0.42340705
      -50.896015      -73.835205      -130.22417       104.96648       15.733854
       26.062235
       0.0000000       111.00000      0.34785384       101.00000       172491.00
       3.1285102       2.1417954      0.36221707      0.51351351      0.37100703
      -38.053200      -83.240433      -132.74254       108.49686       13.622040
       27.919052
       0.0000000       110.00000      0.36068764       100.00000       171198.00
       3.1430128       2.5646009      0.36731285      0.43333334      0.34370175
      -46.444584      -104.45430      -139.21761       102.25692       15.623710
       45.003098
       1.0000000       110.00000      0.36068764      -1.0000000       1.0000000
      0.40748310      0.44003806      -1.0000000      -1.0000000      -1.0000000
      -1.0000000      -1.0000000      -1.0000000      -1.0000000      -1.0000000
      -1.0000000
       0.0000000       109.00000      0.38016787       102.00000       168721.00
       2.8826704       2.8427598      0.41265288      0.47500002      0.53744632
      -49.958500      -102.77457      -175.06000       110.98441       15.375075
       49.449429
       1.0000000       109.00000      0.38016787      -1.0000000       1.0000000
   0.00036562956    0.0082939826      -1.0000000      -1.0000000      -1.0000000
      -1.0000000      -1.0000000      -1.0000000      -1.0000000      -1.0000000
      -1.0000000
       0.0000000       108.00000      0.39992696       105.00000       167236.00
       2.9870191       3.0090642      0.47829846      0.41379309      0.63786358
      -69.596985      -129.48616      -262.04935       123.14923       18.114408
       46.152885
       0.0000000       107.00000      0.41996893       129.00000       175703.00
       3.2544088       3.3817651      0.45871070      0.64285713      0.66286534
      -27.747631      -104.82883      -301.20456       130.42166       19.301203
       42.619133
       0.0000000       106.00000      0.44029784       130.00000       174542.00
       2.6619542       3.4946170      0.47222173      0.41935480      0.58735007
      -11.341990      -124.06405      -299.80542       107.17848       15.041807
       52.336559
       0.0000000       105.00000      0.46091780       128.00000       169646.00
       2.5670390       3.2906299      0.48118949      0.48571426      0.58850729
       16.971416      -109.44454      -307.88550       96.717377       14.844980
       54.088375
       1.0000000       105.00000      0.46091780      -1.0000000       1.0000000
       0.0000000       0.0000000      -1.0000000      -1.0000000      -1.0000000
      -1.0000000      -1.0000000      -1.0000000      -1.0000000      -1.0000000
      -1.0000000
       0.0000000       104.00000      0.48183295       107.00000       156897.00
       2.4938786       2.7131283      0.51835078      0.50000000      0.61677516
       39.366119      -118.77982      -323.49966       93.380608       14.170510
       54.826504
       0.0000000       103.00000      0.50304753       1714.0000       334955.00
       2.4796569       2.6543589      0.51016265      0.41935480      0.65907568
       60.310577      -134.25858      -332.30453       93.219261       14.086596
       57.324432
       1.0000000       103.00000      0.50304753      -1.0000000       1.0000000
     0.031775624    0.0062296721      -1.0000000      -1.0000000      -1.0000000
      -1.0000000      -1.0000000      -1.0000000      -1.0000000      -1.0000000
      -1.0000000
       0.0000000       101.00000      0.54639220       1770.0000       330962.00
       2.3113565       3.1360354      0.49054396      0.57894731      0.64655739
       42.860737      -162.41592      -310.27271       92.478996       14.284387
       58.978970
       2.0000000       101.00000      0.54639220       1.0317824       101.00000
       2.3848169       3.2340355      0.49478754      0.70731705      0.64257348
       95.739517      -155.92007       255.58105       1077.0172       468.86374
       199.22061
       1.0000000       101.00000      0.54639220      -1.0000000       1.0000000
    0.0026616042     0.061927397      -1.0000000      -1.0000000      -1.0000000
      -1.0000000      -1.0000000      -1.0000000      -1.0000000      -1.0000000
      -1.0000000
       0.0000000       100.00000      0.57598084       2013.0000       335998.00
       2.2542632       3.0242753      0.48618898      0.51515150      0.65835530
      0.78886026      -166.77058      -301.19629       92.805931       14.513844
       57.563251
       0.0000000       99.000000      0.59854329       2142.0000       335934.00
       2.1493134       3.1523163      0.50385040      0.37500006      0.66610307
      -33.315453      -144.08910      -305.06824       94.773262       13.906901
       55.667809
       0.0000000       98.000000      0.62142873       2914.0000       354747.00
       2.0610125       3.6425946      0.49755621      0.42424244      0.63265461
      -33.832115      -105.28829      -323.76355       94.720749       14.868140
       53.550800
       0.0000000       97.000000      0.64464182       2096.0000       328254.00
       2.0231240       3.3454340      0.45500693      0.54285711      0.63666838
      -10.558598      -84.271492      -325.56757       93.784004       14.838713
       55.549274
       0.0000000       96.000000      0.67611039       2842.0000       346944.00
       1.8850114       3.4070930      0.45334816      0.52777779      0.62091660
       47.757648      -70.523010      -316.24792       93.963776       13.889235
       55.951004
       1.0000000       96.000000      0.67611039      -1.0000000       3.0000000
    0.0015324715     0.018571272      -1.0000000      -1.0000000      -1.0000000
      -1.0000000      -1.0000000      -1.0000000      -1.0000000      -1.0000000
      -1.0000000
       0.0000000       95.000000      0.70010638       2892.0000       344665.00
       1.8279978       2.8913183      0.47238886      0.47222227      0.61631393
       67.189453      -83.910812      -310.79477       91.854370       13.829365
       57.641716
       1.0000000       95.000000      0.70010638      -1.0000000       1.0000000
    0.0016204434     0.042058952      -1.0000000      -1.0000000      -1.0000000
      -1.0000000      -1.0000000      -1.0000000      -1.0000000      -1.0000000
      -1.0000000
       0.0000000       94.000000      0.73263615       2984.0000       343477.00
       1.8175107       2.7525043      0.45937449      0.55555558      0.53697139
       52.736584      -91.023491      -305.78635       93.746445       13.674426
       57.537361
       0.0000000       93.000000      0.75744140       3026.0000       340426.00
       1.6972786       2.7585938      0.43550345      0.63265306      0.53906894
       33.125713      -111.01838      -303.90506       94.287224       12.886414
       57.528980
       0.0000000       92.000000      0.79106826      -1.0000000       335699.00
       1.6284274       2.7842040      -1.0000000      -1.0000000      -1.0000000
      -1.0000000      -1.0000000      -1.0000000       93.830482       12.618340
       56.500488
       0.0000000       91.000000      0.81671000      -1.0000000       333258.00
       1.5770119       3.5550964      -1.0000000      -1.0000000      -1.0000000
      -1.0000000      -1.0000000      -1.0000000       95.686127       13.632165
       56.248199
       0.0000000       90.000000      0.85147089      -1.0000000       329955.00
       1.4230491       3.6318231      -1.0000000      -1.0000000      -1.0000000
      -1.0000000      -1.0000000      -1.0000000       94.035240       13.403996
       56.456745
       0.0000000       89.000000      0.88689691      -1.0000000       326044.00
       1.3538039       3.1418195      -1.0000000      -1.0000000      -1.0000000
      -1.0000000      -1.0000000      -1.0000000       93.543625       12.688177
       58.473827
       0.0000000       88.000000      0.92300081      -1.0000000       321928.00
       1.2602085       2.9181757      -1.0000000      -1.0000000      -1.0000000
      -1.0000000      -1.0000000      -1.0000000       92.347435       12.263844
       60.457806
       0.0000000       87.000000      0.95053136      -1.0000000       319174.00
       1.2430758       2.8597798      -1.0000000      -1.0000000      -1.0000000
      -1.0000000      -1.0000000      -1.0000000       92.245293       12.390589
       61.025345
       0.0000000       86.000000      0.98785281      -1.0000000       317959.00
       1.1261580       3.2790551      -1.0000000      -1.0000000      -1.0000000
      -1.0000000      -1.0000000      -1.0000000       95.629265       12.434910
       60.114250
       1.0000000       86.000000      0.98785281      -1.0000000       1.0000000
   0.00062646810     0.027302118      -1.0000000      -1.0000000      -1.0000000
      -1.0000000      -1.0000000      -1.0000000      -1.0000000      -1.0000000
      -1.0000000
       0.0000000       85.000000      0.99729425      -1.0000000       317785.00
       1.1206660       3.4400907      -1.0000000      -1.0000000      -1.0000000
      -1.0000000      -1.0000000      -1.0000000       95.428955       12.969969
       59.668171
       0.0000000       84.000000       1.0355104      -1.0000000       313687.00
       1.0273293       3.3171322      -1.0000000      -1.0000000      -1.0000000
      -1.0000000      -1.0000000      -1.0000000       93.896706       12.091678
       64.832870
       1.0000000       84.000000       1.0355104      -1.0000000       1.0000000
     0.026002990      0.16927725      -1.0000000      -1.0000000      -1.0000000
      -1.0000000      -1.0000000      -1.0000000      -1.0000000      -1.0000000
      -1.0000000
       0.0000000       83.000000       1.0744579      -1.0000000       308022.00
      0.93672609       2.7113035      -1.0000000      -1.0000000      -1.0000000
      -1.0000000      -1.0000000      -1.0000000       87.457993       11.353272
       73.344765
       1.0000000       83.000000       1.0744579      -1.0000000       1.0000000
       0.0000000       0.0000000      -1.0000000      -1.0000000      -1.0000000
      -1.0000000      -1.0000000      -1.0000000      -1.0000000      -1.0000000
      -1.0000000
       0.0000000       82.000000       1.1141505      -1.0000000       302510.00
      0.90415734       1.4943887      -1.0000000      -1.0000000      -1.0000000
      -1.0000000      -1.0000000      -1.0000000       86.033829       10.527151
       76.626999
       1.0000000       82.000000       1.1141505      -1.0000000       4.0000000
    0.0049610616      0.38869643      -1.0000000      -1.0000000      -1.0000000
      -1.0000000      -1.0000000      -1.0000000      -1.0000000      -1.0000000
      -1.0000000
       0.0000000       81.000000       1.1546028      -1.0000000       297200.00
      0.89836115       1.4250306      -1.0000000      -1.0000000      -1.0000000
      -1.0000000      -1.0000000      -1.0000000       90.734978       10.763880
       74.436096
       1.0000000       81.000000       1.1546028      -1.0000000       3.0000000
    0.0029453063     0.073251963      -1.0000000      -1.0000000      -1.0000000
      -1.0000000      -1.0000000      -1.0000000      -1.0000000      -1.0000000
      -1.0000000
       0.0000000       80.000000       1.2062581      -1.0000000       290044.00
     0.010283636    0.0034401729      -1.0000000      -1.0000000      -1.0000000
      -1.0000000      -1.0000000      -1.0000000       26.669863     0.084492706
       2.9118383
       2.0000000       80.000000       1.2062581       80.222031       80.000000
      0.82497418       2.3213394      -1.0000000      -1.0000000      -1.0000000
      -1.0000000      -1.0000000      -1.0000000      -1.0000000      -1.0000000
      -1.0000000
       2.0000000       80.000000       1.2062581      0.67063606       80.000000
    0.0068965773     0.073021777      -1.0000000      -1.0000000      -1.0000000
      -1.0000000      -1.0000000      -1.0000000      -1.0000000      -1.0000000
      -1.0000000
       1.0000000       80.000000       1.2062581      -1.0000000       1.0000000
     0.012043225     0.076920353      -1.0000000      -1.0000000      -1.0000000
      -1.0000000      -1.0000000      -1.0000000      -1.0000000      -1.0000000
      -1.0000000
       0.0000000       78.000000       1.3023784      -1.0000000       275675.00
      0.65927678       2.2574315      -1.0000000      -1.0000000      -1.0000000
      -1.0000000      -1.0000000      -1.0000000       94.083641       10.304429
       71.044350
       0.0000000       77.000000       1.3575766      -1.0000000       268349.00
      0.58243966       1.8648317      -1.0000000      -1.0000000      -1.0000000
      -1.0000000      -1.0000000      -1.0000000       90.865067       8.9481897
       76.321190
       1.0000000       77.000000       1.3575766      -1.0000000       2.0000000
   0.00034878237     0.020412270      -1.0000000      -1.0000000      -1.0000000
      -1.0000000      -1.0000000      -1.0000000      -1.0000000      -1.0000000
      -1.0000000
       0.0000000       76.000000       1.4140983      -1.0000000       260636.00
      0.57286847       2.3169131      -1.0000000      -1.0000000      -1.0000000
      -1.0000000      -1.0000000      -1.0000000       90.669998       9.9700003
       76.934303
       0.0000000       75.000000       1.4719748      -1.0000000       256983.00
      0.48245400       2.3206182      -1.0000000      -1.0000000      -1.0000000
      -1.0000000      -1.0000000      -1.0000000       90.215317       8.5655966
       80.663544
       0.0000000       74.000000       1.5312390      -1.0000000       249477.00
      0.44449690       1.9165639      -1.0000000      -1.0000000      -1.0000000
      -1.0000000      -1.0000000      -1.0000000       86.148506       8.2256603
       86.902443
       0.0000000       73.000000       1.6042346      -1.0000000       243383.00
      0.37961647       1.6435674      -1.0000000      -1.0000000      -1.0000000
      -1.0000000      -1.0000000      -1.0000000       87.088051       7.3761086
       92.023804
       0.0000000       72.000000       1.6666696      -1.0000000       235634.00
      0.37265196       1.6269181      -1.0000000      -1.0000000      -1.0000000
      -1.0000000      -1.0000000      -1.0000000       88.798409       7.8892035
       91.584076
       1.0000000       72.000000       1.6666696      -1.0000000       1.0000000
       0.0000000       0.0000000      -1.0000000      -1.0000000      -1.0000000
      -1.0000000      -1.0000000      -1.0000000      -1.0000000      -1.0000000
      -1.0000000
       0.0000000       71.000000       1.7435706      -1.0000000       228333.00
      0.34128049       1.7410516      -1.0000000      -1.0000000      -1.0000000
      -1.0000000      -1.0000000      -1.0000000       94.971489       7.6381555
       85.261917
       1.0000000       71.000000       1.7435706      -1.0000000       1.0000000
    0.0076385457     0.040356673      -1.0000000      -1.0000000      -1.0000000
      -1.0000000      -1.0000000      -1.0000000      -1.0000000      -1.0000000
      -1.0000000
       0.0000000       70.000000       1.8226893      -1.0000000       219193.00
      0.29218909       1.1311548      -1.0000000      -1.0000000      -1.0000000
      -1.0000000      -1.0000000      -1.0000000       96.617020       6.6860662
       87.123024
       0.0000000       69.000000       1.9040896      -1.0000000       210729.00
      0.25775141       1.1669152      -1.0000000      -1.0000000      -1.0000000
      -1.0000000      -1.0000000      -1.0000000       94.537941       5.4943275
       86.644875
       1.0000000       69.000000       1.9040896      -1.0000000       2.0000000
   0.00072265987       0.0000000      -1.0000000      -1.0000000      -1.0000000
      -1.0000000      -1.0000000      -1.0000000      -1.0000000      -1.0000000
      -1.0000000
       0.0000000       68.000000       2.0020282      -1.0000000       201128.00
      0.21662751       1.0007204      -1.0000000      -1.0000000      -1.0000000
      -1.0000000      -1.0000000      -1.0000000       90.411880       5.2613277
       93.607155
       1.0000000       68.000000       2.0020282      -1.0000000       1.0000000
    0.0079126311     0.079806961      -1.0000000      -1.0000000      -1.0000000
      -1.0000000      -1.0000000      -1.0000000      -1.0000000      -1.0000000
      -1.0000000
       0.0000000       67.000000       2.1032696      -1.0000000       195431.00
      0.18832344      0.99646342      -1.0000000      -1.0000000      -1.0000000
      -1.0000000      -1.0000000      -1.0000000       88.591713       4.7434049
       86.448273
       1.0000000       67.000000       2.1032696      -1.0000000       1.0000000
    0.0010028991       0.0000000      -1.0000000      -1.0000000      -1.0000000
      -1.0000000      -1.0000000      -1.0000000      -1.0000000      -1.0000000
      -1.0000000
       0.0000000       66.000000       2.2079256      -1.0000000       193033.00
      0.16128354      0.81279707      -1.0000000      -1.0000000      -1.0000000
      -1.0000000      -1.0000000      -1.0000000       87.761703       4.1099639
       80.315933
       0.0000000       65.000000       2.3161108      -1.0000000       205825.00
      0.14135334      0.77995157      -1.0000000      -1.0000000      -1.0000000
      -1.0000000      -1.0000000      -1.0000000       86.092186       3.9763989
       76.358482
       1.0000000       65.000000       2.3161108      -1.0000000       1.0000000
   0.00057674362       0.0000000      -1.0000000      -1.0000000      -1.0000000
      -1.0000000      -1.0000000      -1.0000000      -1.0000000      -1.0000000
      -1.0000000
       0.0000000       64.000000       2.4442258      -1.0000000       193970.00
      0.11608376      0.84279561      -1.0000000      -1.0000000      -1.0000000
      -1.0000000      -1.0000000      -1.0000000       86.855598       4.0828633
       65.804901
       0.0000000       63.000000       2.5772903      -1.0000000       181064.00
     0.083554380      0.55498773      -1.0000000      -1.0000000      -1.0000000
      -1.0000000      -1.0000000      -1.0000000       78.855316       3.0911610
       77.267899
       1.0000000       63.000000       2.5772903      -1.0000000       2.0000000
    0.0042844285      0.18927379      -1.0000000      -1.0000000      -1.0000000
      -1.0000000      -1.0000000      -1.0000000      -1.0000000      -1.0000000
      -1.0000000
       0.0000000       62.000000       2.7331426      -1.0000000       168674.00
     0.076061577      0.40264460      -1.0000000      -1.0000000      -1.0000000
      -1.0000000      -1.0000000      -1.0000000       68.136070       2.5204897
       78.739380
       1.0000000       62.000000       2.7331426      -1.0000000       1.0000000
       0.0000000       0.0000000      -1.0000000      -1.0000000      -1.0000000
      -1.0000000      -1.0000000      -1.0000000      -1.0000000      -1.0000000
      -1.0000000
       0.0000000       61.000000       2.8957851      -1.0000000       165114.00
     0.069575332      0.35652596      -1.0000000      -1.0000000      -1.0000000
      -1.0000000      -1.0000000      -1.0000000       66.921547       2.9037712
       72.748734
       0.0000000       60.000000       3.0081310      -1.0000000       170519.00
     0.063832447      0.30585906      -1.0000000      -1.0000000      -1.0000000
      -1.0000000      -1.0000000      -1.0000000       69.033630       2.4722238
       72.839226
       1.0000000       60.000000       3.0081310      -1.0000000       1.0000000
    0.0090922359     0.059404094      -1.0000000      -1.0000000      -1.0000000
      -1.0000000      -1.0000000      -1.0000000      -1.0000000      -1.0000000
      -1.0000000
       0.0000000       59.000000       3.0848227      -1.0000000       160796.00
     0.061398674      0.26270279      -1.0000000      -1.0000000      -1.0000000
      -1.0000000      -1.0000000      -1.0000000       70.468918       2.0740418
       80.814995
       0.0000000       58.000000       3.2830331      -1.0000000       143750.00
     0.047533832      0.49037585      -1.0000000      -1.0000000      -1.0000000
      -1.0000000      -1.0000000      -1.0000000       75.217415       3.1308138
       70.892014
       0.0000000       57.000000       3.4908614      -1.0000000       122233.00
     0.041321576      0.77437645      -1.0000000      -1.0000000      -1.0000000
      -1.0000000      -1.0000000      -1.0000000       79.487305       3.5731800
       59.345840
       1.0000000       57.000000       3.4908614      -1.0000000       1.0000000
    0.0025320728     0.010991390      -1.0000000      -1.0000000      -1.0000000
      -1.0000000      -1.0000000      -1.0000000      -1.0000000      -1.0000000
      -1.0000000
