       0.0000000       135.00000       0.0000000       2210.0000       446666.00
       1.4728529      0.91968703      0.39825460      0.37931031      0.26423219
      -9.9325686       46.596024       4.6053939       85.403297       7.3083110
       89.696823
       0.0000000       134.00000    0.0095216669       2207.0000       444317.00
       1.4618651      0.90465778      0.40397078      0.37931031      0.24540702
      -13.992598       45.317154       2.7408981       86.200348       7.1964917
       87.511787
       0.0000000       133.00000     0.023974428       2203.0000       440457.00
       1.4636722      0.89775723      0.39754125      0.37931031      0.27079043
      -19.307337       45.120934       2.7353935       87.884491       7.3529720
       85.046013
       0.0000000       132.00000     0.033724371       2193.0000       439351.00
       1.4391992      0.77177078      0.40772459      0.30000001      0.25466698
      -24.340075       41.622547       9.0739698       89.795769       7.1261053
       85.828033
       0.0000000       131.00000     0.048523631       2186.0000       435173.00
       1.4297894      0.81905198      0.41729140      0.35483867      0.26732478
      -24.502903       42.595119       20.491650       91.158051       7.2378740
       83.113182
       0.0000000       130.00000     0.058507323       2178.0000       432270.00
       1.4224089      0.87643963      0.42022333      0.35483867      0.30355799
      -21.948204       37.676670       30.874794       92.272720       7.1244164
       84.338699
       0.0000000       129.00000     0.073661387      -1.0000000       429610.00
       1.4050953      0.85370338      -1.0000000      -1.0000000      -1.0000000
      -1.0000000      -1.0000000      -1.0000000       92.452423       7.1407242
       87.544601
       0.0000000       128.00000     0.083884433      -1.0000000       427728.00
       1.3773906      0.75903922      -1.0000000      -1.0000000      -1.0000000
      -1.0000000      -1.0000000      -1.0000000       89.637321       6.8373585
       85.101494
       0.0000000       127.00000     0.099401802      -1.0000000       425956.00
       1.3738561      0.83116919      -1.0000000      -1.0000000      -1.0000000
      -1.0000000      -1.0000000      -1.0000000       86.348045       6.9115753
       83.475906
       0.0000000       126.00000      0.10986994      -1.0000000       424816.00
       1.3472040      0.81289250      -1.0000000      -1.0000000      -1.0000000
      -1.0000000      -1.0000000      -1.0000000       85.257500       6.7501593
       83.958382
       0.0000000       125.00000      0.12575933      -1.0000000       422728.00
       1.3472095      0.83269393      -1.0000000      -1.0000000      -1.0000000
      -1.0000000      -1.0000000      -1.0000000       83.741165       6.8282018
       82.810707
       0.0000000       124.00000      0.14187621      -1.0000000       420605.00
       1.3449962      0.88592941      -1.0000000      -1.0000000      -1.0000000
      -1.0000000      -1.0000000      -1.0000000       83.495834       7.0013313
       80.334404
       0.0000000       123.00000      0.15274876      -1.0000000       419243.00
       1.3337439      0.90515852      -1.0000000      -1.0000000      -1.0000000
      -1.0000000      -1.0000000      -1.0000000       83.675262       6.9191227
       77.898430
       0.0000000       122.00000      0.16925204      -1.0000000       417135.00
       1.3124967      0.93458831      -1.0000000      -1.0000000      -1.0000000
      -1.0000000      -1.0000000      -1.0000000       84.351440       7.0312624
       74.214668
       0.0000000       121.00000      0.18038526      -1.0000000       414485.00
       1.3038720      0.89665759      -1.0000000      -1.0000000      -1.0000000
      -1.0000000      -1.0000000      -1.0000000       84.890541       6.9258361
       73.297409
       0.0000000       120.00000      0.19728418      -1.0000000       412466.00
       1.2827967      0.90249729      -1.0000000      -1.0000000      -1.0000000
      -1.0000000      -1.0000000      -1.0000000       85.241028       6.8993249
       69.602089
       0.0000000       119.00000      0.21442504      -1.0000000       410024.00
       1.2763063      0.86841291      -1.0000000      -1.0000000      -1.0000000
      -1.0000000      -1.0000000      -1.0000000       84.125191       6.8311920
       69.834145
       0.0000000       118.00000      0.22598839      -1.0000000       409128.00
       1.2545135      0.79834896      -1.0000000      -1.0000000      -1.0000000
      -1.0000000      -1.0000000      -1.0000000       82.916161       6.7631321
       70.440758
       0.0000000       117.00000      0.24354018      -1.0000000       405968.00
       1.2661104      0.82568425      -1.0000000      -1.0000000      -1.0000000
      -1.0000000      -1.0000000      -1.0000000       81.999977       6.7237763
       69.879845
       1.0000000       117.00000      0.24354018      -1.0000000       1.0000000
       0.0000000       0.0000000      -1.0000000      -1.0000000      -1.0000000
      -1.0000000      -1.0000000      -1.0000000      -1.0000000      -1.0000000
      -1.0000000
       0.0000000       116.00000      0.26134327      -1.0000000       403215.00
       1.2418609      0.93932772      -1.0000000      -1.0000000      -1.0000000
      -1.0000000      -1.0000000      -1.0000000       80.970520       6.7499042
       70.847427
       0.0000000       115.00000      0.27335334      -1.0000000       401229.00
       1.2202772      0.88311189      -1.0000000      -1.0000000      -1.0000000
      -1.0000000      -1.0000000      -1.0000000       80.742294       6.5236778
       70.648933
       0.0000000       114.00000      0.29158324      -1.0000000       398343.00
       1.2010126      0.89161241      -1.0000000      -1.0000000      -1.0000000
      -1.0000000      -1.0000000      -1.0000000       80.433762       6.2492518
       70.623322
       0.0000000       113.00000      0.31007412      -1.0000000       396201.00
       1.1794448      0.83172327      -1.0000000      -1.0000000      -1.0000000
      -1.0000000      -1.0000000      -1.0000000       79.700523       6.4095359
       70.825439
       0.0000000       112.00000      0.32882974      -1.0000000       392489.00
       1.1774467      0.79383373      -1.0000000      -1.0000000      -1.0000000
      -1.0000000      -1.0000000      -1.0000000       80.227882       6.3389611
       69.255989
       0.0000000       111.00000      0.34785384      -1.0000000       390528.00
       1.1539508      0.90385449      -1.0000000      -1.0000000      -1.0000000
      -1.0000000      -1.0000000      -1.0000000       80.151337       6.2288346
       68.661385
       0.0000000       110.00000      0.36068764      -1.0000000       389753.00
       1.1305480      0.83082271      -1.0000000      -1.0000000      -1.0000000
      -1.0000000      -1.0000000      -1.0000000       80.112907       6.1593299
       67.756279
       1.0000000       110.00000      0.36068764      -1.0000000       1.0000000
    0.0023194849       0.0000000      -1.0000000      -1.0000000      -1.0000000
      -1.0000000      -1.0000000      -1.0000000      -1.0000000      -1.0000000
      -1.0000000
       0.0000000       109.00000      0.38016787      -1.0000000       417890.00
       1.1335852      0.70999348      -1.0000000      -1.0000000      -1.0000000
      -1.0000000      -1.0000000      -1.0000000       80.651588       6.1630344
       65.492203
       0.0000000       108.00000      0.39992696      -1.0000000       387173.00
       1.1272538      0.97721308      -1.0000000      -1.0000000      -1.0000000
      -1.0000000      -1.0000000      -1.0000000       81.328201       6.3136973
       68.126152
       0.0000000       107.00000      0.41996893      -1.0000000       414401.00
       1.0871671      0.86334348      -1.0000000      -1.0000000      -1.0000000
      -1.0000000      -1.0000000      -1.0000000       80.655380       5.9436746
       65.756966
       0.0000000       106.00000      0.44029784      -1.0000000       418259.00
       1.0692592      0.71162391      -1.0000000      -1.0000000      -1.0000000
      -1.0000000      -1.0000000      -1.0000000       81.436310       5.8153801
       62.954323
       0.0000000       105.00000      0.46091780      -1.0000000       415611.00
       1.0819978      0.65294248      -1.0000000      -1.0000000      -1.0000000
      -1.0000000      -1.0000000      -1.0000000       83.154594       5.9855008
       61.888889
       0.0000000       104.00000      0.48183295      -1.0000000       412922.00
       1.0623975      0.81731582      -1.0000000      -1.0000000      -1.0000000
      -1.0000000      -1.0000000      -1.0000000       84.802246       6.0732803
       60.977909
       0.0000000       103.00000      0.50304753      -1.0000000       410251.00
       1.0233835      0.92237395      -1.0000000      -1.0000000      -1.0000000
      -1.0000000      -1.0000000      -1.0000000       85.461037       6.0472546
       60.512726
       0.0000000       102.00000      0.52456582      -1.0000000       407761.00
       1.0160220      0.92364603      -1.0000000      -1.0000000      -1.0000000
      -1.0000000      -1.0000000      -1.0000000       84.985382       5.9948153
       61.577782
       0.0000000       101.00000      0.54639220      -1.0000000       405102.00
       1.0056748      0.81166989      -1.0000000      -1.0000000      -1.0000000
      -1.0000000      -1.0000000      -1.0000000       84.705536       6.1023307
       62.808342
       0.0000000       100.00000      0.57598084      -1.0000000       400341.00
      0.97429603      0.76554251      -1.0000000      -1.0000000      -1.0000000
      -1.0000000      -1.0000000      -1.0000000       84.930885       6.0191865
       64.937515
       0.0000000       99.000000      0.59854329      -1.0000000       396760.00
      0.96882117      0.79153520      -1.0000000      -1.0000000      -1.0000000
      -1.0000000      -1.0000000      -1.0000000       84.488777       5.8693571
       67.097801
       0.0000000       98.000000      0.62142873      -1.0000000       393462.00
      0.93049979      0.71587771      -1.0000000      -1.0000000      -1.0000000
      -1.0000000      -1.0000000      -1.0000000       83.234825       5.4309587
       68.645584
       0.0000000       97.000000      0.64464182      -1.0000000       390888.00
      0.93138754      0.56535780      -1.0000000      -1.0000000      -1.0000000
      -1.0000000      -1.0000000      -1.0000000       81.933075       5.4685674
       69.992981
       0.0000000       96.000000      0.67611039      -1.0000000       388532.00
      0.92794609      0.59875607      -1.0000000      -1.0000000      -1.0000000
      -1.0000000      -1.0000000      -1.0000000       83.718781       5.4972677
       68.504616
       0.0000000       95.000000      0.70010638      -1.0000000       385121.00
      0.90782046      0.58588672      -1.0000000      -1.0000000      -1.0000000
      -1.0000000      -1.0000000      -1.0000000       84.688293       5.4292006
       66.144104
       1.0000000       95.000000      0.70010638      -1.0000000       1.0000000
       0.0000000       0.0000000      -1.0000000      -1.0000000      -1.0000000
      -1.0000000      -1.0000000      -1.0000000      -1.0000000      -1.0000000
      -1.0000000
       0.0000000       94.000000      0.73263615      -1.0000000       380195.00
      0.90841019      0.74044073      -1.0000000      -1.0000000      -1.0000000
      -1.0000000      -1.0000000      -1.0000000       87.017929       5.7803349
       63.006660
       0.0000000       93.000000      0.75744140      -1.0000000       372221.00
      0.87424433      0.72941810      -1.0000000      -1.0000000      -1.0000000
      -1.0000000      -1.0000000      -1.0000000       85.505676       5.4032044
       66.227310
       0.0000000       92.000000      0.79106826      -1.0000000       370849.00
      0.84782130      0.82942355      -1.0000000      -1.0000000      -1.0000000
      -1.0000000      -1.0000000      -1.0000000       83.736427       5.5794506
       68.001297
       1.0000000       92.000000      0.79106826      -1.0000000       1.0000000
       0.0000000       0.0000000      -1.0000000      -1.0000000      -1.0000000
      -1.0000000      -1.0000000      -1.0000000      -1.0000000      -1.0000000
      -1.0000000
       0.0000000       91.000000      0.81671000      -1.0000000       368594.00
      0.85729635      0.81747746      -1.0000000      -1.0000000      -1.0000000
      -1.0000000      -1.0000000      -1.0000000       84.231796       5.7899060
       67.258835
       1.0000000       91.000000      0.81671000      -1.0000000       1.0000000
   0.00054486346       0.0000000      -1.0000000      -1.0000000      -1.0000000
      -1.0000000      -1.0000000      -1.0000000      -1.0000000      -1.0000000
      -1.0000000
       0.0000000       90.000000      0.85147089      -1.0000000       365143.00
      0.83966196      0.86944467      -1.0000000      -1.0000000      -1.0000000
      -1.0000000      -1.0000000      -1.0000000       86.098320       6.0578265
       65.285324
       0.0000000       89.000000      0.88689691      -1.0000000       361632.00
      0.79698980       1.0637784      -1.0000000      -1.0000000      -1.0000000
      -1.0000000      -1.0000000      -1.0000000       87.048752       6.0885983
       66.209244
       0.0000000       88.000000      0.92300081      -1.0000000       356829.00
      0.77396005      0.91286016      -1.0000000      -1.0000000      -1.0000000
      -1.0000000      -1.0000000      -1.0000000       85.775703       5.7618051
       68.413597
       0.0000000       87.000000      0.95053136      -1.0000000       352231.00
      0.76549864      0.88897282      -1.0000000      -1.0000000      -1.0000000
      -1.0000000      -1.0000000      -1.0000000       86.112457       5.9805503
       69.675652
       0.0000000       86.000000      0.98785281      -1.0000000       345341.00
      0.77714449      0.82081336      -1.0000000      -1.0000000      -1.0000000
      -1.0000000      -1.0000000      -1.0000000       86.922684       6.2721996
       69.139839
       1.0000000       86.000000      0.98785281      -1.0000000       1.0000000
    0.0012640422     0.022852531      -1.0000000      -1.0000000      -1.0000000
      -1.0000000      -1.0000000      -1.0000000      -1.0000000      -1.0000000
      -1.0000000
       0.0000000       85.000000      0.99729425      -1.0000000       344380.00
      0.74786162      0.72917819      -1.0000000      -1.0000000      -1.0000000
      -1.0000000      -1.0000000      -1.0000000       87.786346       5.7216458
       67.405418
       0.0000000       84.000000       1.0355104      -1.0000000       331205.00
      0.78505355      0.68303573      -1.0000000      -1.0000000      -1.0000000
      -1.0000000      -1.0000000      -1.0000000       90.456741       6.6858964
       65.575516
       0.0000000       83.000000       1.0744579      -1.0000000       324128.00
      0.71785271       1.3061956      -1.0000000      -1.0000000      -1.0000000
      -1.0000000      -1.0000000      -1.0000000       91.544586       6.1176481
       64.789856
       0.0000000       82.000000       1.1141505      -1.0000000       318531.00
      0.66406286      0.96108818      -1.0000000      -1.0000000      -1.0000000
      -1.0000000      -1.0000000      -1.0000000       89.590500       5.5708365
       67.714844
       0.0000000       81.000000       1.1546028      -1.0000000       312597.00
      0.61854124      0.90252048      -1.0000000      -1.0000000      -1.0000000
      -1.0000000      -1.0000000      -1.0000000       87.980766       5.1623278
       73.843010
       0.0000000       80.000000       1.2062581      -1.0000000       305825.00
      0.58906430      0.84939760      -1.0000000      -1.0000000      -1.0000000
      -1.0000000      -1.0000000      -1.0000000       88.580437       4.9425311
       76.297302
       0.0000000       79.000000       1.2484726      -1.0000000       298977.00
      0.56281734      0.75333261      -1.0000000      -1.0000000      -1.0000000
      -1.0000000      -1.0000000      -1.0000000       89.915939       4.8571324
       76.896225
       0.0000000       78.000000       1.3023784      -1.0000000       288471.00
      0.52332968      0.84024340      -1.0000000      -1.0000000      -1.0000000
      -1.0000000      -1.0000000      -1.0000000       92.299690       5.1662722
       78.935753
       0.0000000       77.000000       1.3575766      -1.0000000       282188.00
      0.50457138      0.81601107      -1.0000000      -1.0000000      -1.0000000
      -1.0000000      -1.0000000      -1.0000000       93.987282       5.0449362
       79.497559
       0.0000000       76.000000       1.4140983      -1.0000000       273908.00
      0.45543960       1.1595933      -1.0000000      -1.0000000      -1.0000000
      -1.0000000      -1.0000000      -1.0000000       93.350685       5.5422459
       84.229172
       0.0000000       75.000000       1.4719748      -1.0000000       267819.00
      0.39673069      0.99873316      -1.0000000      -1.0000000      -1.0000000
      -1.0000000      -1.0000000      -1.0000000       94.486237       5.0627165
       81.853394
       0.0000000       74.000000       1.5312390      -1.0000000       264052.00
      0.37586680      0.91780859      -1.0000000      -1.0000000      -1.0000000
      -1.0000000      -1.0000000      -1.0000000       101.23017       5.6128488
       71.409386
       1.0000000       74.000000       1.5312390      -1.0000000       1.0000000
    0.0012640422     0.022852531      -1.0000000      -1.0000000      -1.0000000
      -1.0000000      -1.0000000      -1.0000000      -1.0000000      -1.0000000
      -1.0000000
       0.0000000       73.000000       1.6042346      -1.0000000       261063.00
      0.36210871       3.1180141      -1.0000000      -1.0000000      -1.0000000
      -1.0000000      -1.0000000      -1.0000000       117.09309       12.953526
       52.674191
       1.0000000       73.000000       1.6042346      -1.0000000       1.0000000
    0.0018379941       0.0000000      -1.0000000      -1.0000000      -1.0000000
      -1.0000000      -1.0000000      -1.0000000      -1.0000000      -1.0000000
      -1.0000000
       0.0000000       72.000000       1.6666696      -1.0000000       254860.00
      0.14046422       1.9415195      -1.0000000      -1.0000000      -1.0000000
      -1.0000000      -1.0000000      -1.0000000       99.744194       7.6453805
       77.269234
       2.0000000       72.000000       1.6666696      0.27313045       71.000000
     0.098902911      0.68258226      -1.0000000      -1.0000000      -1.0000000
      -1.0000000      -1.0000000      -1.0000000      -1.0000000      -1.0000000
      -1.0000000
       1.0000000       72.000000       1.6666696      -1.0000000       2.0000000
     0.032660180      0.24221546      -1.0000000      -1.0000000      -1.0000000
      -1.0000000      -1.0000000      -1.0000000      -1.0000000      -1.0000000
      -1.0000000
       0.0000000       71.000000       1.7435706      -1.0000000       247360.00
     0.096487127      0.36093569      -1.0000000      -1.0000000      -1.0000000
      -1.0000000      -1.0000000      -1.0000000       63.030289       1.9444058
       21.060680
       1.0000000       71.000000       1.7435706      -1.0000000       5.0000000
   0.00081699187     0.012561598      -1.0000000      -1.0000000      -1.0000000
      -1.0000000      -1.0000000      -1.0000000      -1.0000000      -1.0000000
      -1.0000000
       0.0000000       70.000000       1.8226893      -1.0000000       242097.00
     0.091759406      0.30916655      -1.0000000      -1.0000000      -1.0000000
      -1.0000000      -1.0000000      -1.0000000       64.303337       1.9041921
       101.86307
       0.0000000       69.000000       1.9040896      -1.0000000       234735.00
     0.091449007      0.22422004      -1.0000000      -1.0000000      -1.0000000
      -1.0000000      -1.0000000      -1.0000000       60.625542       1.7512977
       99.020569
       0.0000000       68.000000       2.0020282      -1.0000000       222524.00
     0.082573563      0.20867264      -1.0000000      -1.0000000      -1.0000000
      -1.0000000      -1.0000000      -1.0000000       58.682537       1.8421091
       42.855015
       1.0000000       68.000000       2.0020282      -1.0000000       1.0000000
       0.0000000       0.0000000      -1.0000000      -1.0000000      -1.0000000
      -1.0000000      -1.0000000      -1.0000000      -1.0000000      -1.0000000
      -1.0000000
       0.0000000       67.000000       2.1032696      -1.0000000       213425.00
     0.079800680      0.28240409      -1.0000000      -1.0000000      -1.0000000
      -1.0000000      -1.0000000      -1.0000000       62.880356       1.7189230
       44.520466
       0.0000000       66.000000       2.2079256      -1.0000000       201982.00
     0.070898861      0.34360871      -1.0000000      -1.0000000      -1.0000000
      -1.0000000      -1.0000000      -1.0000000       66.218239       1.6992043
       43.495289
       0.0000000       65.000000       2.3161108      -1.0000000       191386.00
     0.064960659      0.21370585      -1.0000000      -1.0000000      -1.0000000
      -1.0000000      -1.0000000      -1.0000000       60.683399       1.6090813
       75.966980
       0.0000000       64.000000       2.4442258      -1.0000000       186237.00
     0.058623921      0.23392421      -1.0000000      -1.0000000      -1.0000000
      -1.0000000      -1.0000000      -1.0000000       59.055000       1.3705746
       75.512451
       1.0000000       64.000000       2.4442258      -1.0000000       1.0000000
   0.00033080773       0.0000000      -1.0000000      -1.0000000      -1.0000000
      -1.0000000      -1.0000000      -1.0000000      -1.0000000      -1.0000000
      -1.0000000
       0.0000000       63.000000       2.5772903      -1.0000000       194039.00
     0.054839622      0.23252501      -1.0000000      -1.0000000      -1.0000000
      -1.0000000      -1.0000000      -1.0000000       59.354298       1.4211293
       65.637001
       0.0000000       62.000000       2.7331426      -1.0000000       256454.00
     0.045999367      0.22716649      -1.0000000      -1.0000000      -1.0000000
      -1.0000000      -1.0000000      -1.0000000       61.998119       1.3618391
       57.565144
       1.0000000       62.000000       2.7331426      -1.0000000       1.0000000
   0.00029582999       0.0000000      -1.0000000      -1.0000000      -1.0000000
      -1.0000000      -1.0000000      -1.0000000      -1.0000000      -1.0000000
      -1.0000000
       0.0000000       61.000000       2.8957851      -1.0000000       241586.00
     0.039508004      0.16521993      -1.0000000      -1.0000000      -1.0000000
      -1.0000000      -1.0000000      -1.0000000       59.761799       1.0554171
       61.578663
