       0.0000000       135.00000       0.0000000       2007.0000       440387.00
       2.4023464       1.2473857      0.40972072      0.43750000      0.36012724
       48.518520       50.154129      -29.862785       93.351471       13.092618
       85.945358
       0.0000000       134.00000    0.0095216669       2011.0000       438197.00
       2.3927276       1.1109767      0.40813541      0.41935480      0.34883168
       47.812450       49.270718      -30.759644       93.033249       12.961620
       86.481255
       0.0000000       133.00000     0.023974428       2017.0000       434737.00
       2.3740916      0.97464645      0.40785900      0.39999998      0.33185256
       47.200169       48.624039      -33.015728       92.704277       12.745280
       86.406647
       0.0000000       132.00000     0.033724371       2010.0000       433562.00
       2.3537972      0.86537319      0.40528151      0.34482753      0.31825712
       45.253746       47.238518      -33.474365       92.719086       12.298190
       86.584770
       0.0000000       131.00000     0.048523631       2032.0000       430416.00
       2.3529558      0.94884455      0.39829716      0.34482753      0.29636449
       43.758282       48.749332      -34.356598       93.514351       12.516721
       86.243370
       1.0000000       131.00000     0.048523631      -1.0000000       1.0000000
    0.0041905767     0.088739984      -1.0000000      -1.0000000      -1.0000000
      -1.0000000      -1.0000000      -1.0000000      -1.0000000      -1.0000000
      -1.0000000
       0.0000000       130.00000     0.058507323       2032.0000       427749.00
       2.3445375       1.0655335      0.39929253      0.34482753      0.30426341
       44.163963       49.835705      -33.496185       94.199951       12.639396
       86.112350
       0.0000000       129.00000     0.073661387       2057.0000       425721.00
       2.3079507       1.1542358      0.40117300      0.43750000      0.33825022
       47.375202       50.130749      -31.490829       94.815170       12.405301
       86.675934
       0.0000000       128.00000     0.083884433       2049.0000       423078.00
       2.3086486       1.3006884      0.40257728      0.36666667      0.30993164
       49.232483       49.009998      -30.283012       94.467552       12.829890
       87.422340
       0.0000000       127.00000     0.099401802       2054.0000       421041.00
       2.2696669       1.4252659      0.39753798      0.31034482      0.31738362
       48.426575       45.273598      -30.616365       95.020546       12.590448
       88.258118
       0.0000000       126.00000      0.10986994       2070.0000       419643.00
       2.2382166       1.2999926      0.40121666      0.34482753      0.29885432
       47.268131       44.125591      -31.908913       94.650261       12.441866
       88.488106
       1.0000000       126.00000      0.10986994      -1.0000000       1.0000000
       0.0000000       0.0000000      -1.0000000      -1.0000000      -1.0000000
      -1.0000000      -1.0000000      -1.0000000      -1.0000000      -1.0000000
      -1.0000000
       0.0000000       125.00000      0.12575933       2064.0000       417221.00
       2.2199514       1.2067301      0.39520681      0.33333331      0.30594143
       45.974541       43.125896      -32.924431       94.435593       12.103626
       89.638992
       1.0000000       125.00000      0.12575933      -1.0000000       1.0000000
   0.00042847259       0.0000000      -1.0000000      -1.0000000      -1.0000000
      -1.0000000      -1.0000000      -1.0000000      -1.0000000      -1.0000000
      -1.0000000
       0.0000000       124.00000      0.14187621       2085.0000       414568.00
       2.2213936       1.2968538      0.39044017      0.34482753      0.31344798
       42.194874       44.497528      -34.082748       94.858582       12.284748
       90.684509
       0.0000000       123.00000      0.15274876       2084.0000       412839.00
       2.1834235       1.4987862      0.39200729      0.19230771      0.26781973
       41.078289       45.964565      -33.614910       95.053444       12.289635
       91.132042
       0.0000000       122.00000      0.16925204       2076.0000       409669.00
       2.1546674       1.5389662      0.39331844      0.35483867      0.27507600
       38.624962       45.835499      -30.143229       95.069588       12.082489
       92.450035
       0.0000000       121.00000      0.18038526       2110.0000       407828.00
       2.1056221       1.5629634      0.39067048      0.25000000      0.27166873
       37.867905       45.751797      -27.083832       94.769661       11.887094
       92.297417
       0.0000000       120.00000      0.19728418       2110.0000       404596.00
       2.1000049       1.3231674      0.38905254      0.25000000      0.27017117
       37.660496       45.490173      -23.077812       94.699112       11.622265
       93.312126
       0.0000000       119.00000      0.21442504       2116.0000       402019.00
       2.0509608       1.3698236      0.38473526      0.31034482      0.29111752
       39.758224       45.558899      -20.127317       95.261703       11.481469
       93.590134
       0.0000000       118.00000      0.22598839       2114.0000       400054.00
       2.0589111       1.5094028      0.38000286      0.15384609      0.22006330
       41.461624       42.946712      -21.327114       95.693420       11.749239
       93.673660
       0.0000000       117.00000      0.24354018       2128.0000       396222.00
       1.9954182       1.4062361      0.37482631      0.21428567      0.21771178
       42.024525       38.457935      -18.751347       96.187309       11.439160
       94.205956
       1.0000000       117.00000      0.24354018      -1.0000000       1.0000000
   0.00080883160     0.011690775      -1.0000000      -1.0000000      -1.0000000
      -1.0000000      -1.0000000      -1.0000000      -1.0000000      -1.0000000
      -1.0000000
       0.0000000       116.00000      0.26134327       2139.0000       393343.00
       1.9539019       1.4696444      0.36684626      0.35483867      0.24015343
       45.502438       29.707542      -17.757145       96.148849       11.157935
       94.456886
       0.0000000       115.00000      0.27335334       2154.0000       391250.00
       1.9144350       1.3411012      0.36539817      0.19354838      0.23881264
       45.164505       23.340054      -20.167322       95.895241       10.844004
       94.905251
       0.0000000       114.00000      0.29158324       2112.0000       386743.00
       1.8975883       1.5151769      0.36216331      0.19354838      0.19398364
       46.735764       17.019724      -24.861250       96.555618       10.869087
       93.936462
       0.0000000       113.00000      0.31007412       2119.0000       383940.00
       1.8626033       1.1880405      0.36151993      0.13333338      0.17379127
       44.914474       9.8826895      -30.683392       96.397575       10.417408
       93.341904
       0.0000000       112.00000      0.32882974       2133.0000       379710.00
       1.8399538      0.85432726      0.36404410      0.25000006      0.21751522
       42.282425       6.5692382      -36.468155       96.857758       10.075447
       92.718536
       0.0000000       111.00000      0.34785384       2146.0000       377289.00
       1.8453968       1.0919729      0.35984442      0.31428570      0.21392876
       40.170715       8.9549313      -39.165363       98.692741       10.363000
       92.286926
       0.0000000       110.00000      0.36068764       2135.0000       375126.00
       1.8087020       1.2631332      0.35597315     0.035714328      0.14202581
       36.405766       9.6720867      -39.214085       99.160797       10.390369
       92.694260
       0.0000000       109.00000      0.38016787       2145.0000       372143.00
       1.7797266       1.4304099      0.35912395      0.24242431      0.15421066
       28.643251       19.229618      -39.795578       99.396347       10.392758
       93.528877
       1.0000000       109.00000      0.38016787      -1.0000000       1.0000000
    0.0029683383     0.079807006      -1.0000000      -1.0000000      -1.0000000
      -1.0000000      -1.0000000      -1.0000000      -1.0000000      -1.0000000
      -1.0000000
       0.0000000       108.00000      0.39992696       2135.0000       369467.00
       1.7076247       1.5400226      0.36303419      0.24242431      0.16612698
       23.749054       33.336952      -34.273270       98.731773       10.251761
       94.559441
       0.0000000       107.00000      0.41996893       2167.0000       366662.00
       1.6850594       1.1274565      0.37191209      0.16666669      0.23750383
       21.590237       45.941238      -31.735090       97.786697       9.9199619
       94.369141
       0.0000000       106.00000      0.44029784       2171.0000       364074.00
       1.6418684      0.99549818      0.37839493      0.19354838      0.20210493
       25.947025       53.434254      -27.210865       97.485718       9.4460669
       96.159927
       0.0000000       105.00000      0.46091780       2169.0000       359839.00
       1.6351604       1.2850404      0.39158314      0.19999999      0.21392030
       32.677052       59.821926      -20.018818       97.780548       9.6455975
       100.42764
       0.0000000       104.00000      0.48183295       2196.0000       356673.00
       1.5715061       1.2207922      0.41887039      0.20689654      0.22596654
       43.467793       66.402008      -5.2052479       96.909058       9.4919891
       102.17049
       0.0000000       103.00000      0.50304753       2202.0000       352515.00
       1.5438355       1.2696739      0.42653969      0.36363643      0.25290850
       61.387264       57.356350       7.2184229       96.774353       9.4492388
       104.78769
       0.0000000       102.00000      0.52456582       2201.0000       349883.00
       1.4979149       1.2423935      0.42146114      0.31250006      0.26315975
       75.265633       38.084179       1.9683441       96.114471       9.4091949
       106.48529
       0.0000000       101.00000      0.54639220       2228.0000       347276.00
       1.5002646       1.1683229      0.41200656      0.31250006      0.25713679
       77.494888       27.514025      -8.3034058       96.363586       9.6324425
       105.85715
       0.0000000       100.00000      0.57598084       2191.0000       341887.00
       1.4540294      0.97632575      0.41825953      0.26666665      0.28376165
       77.243782       12.349396      -19.502867       96.502235       9.2664309
       107.00321
       1.0000000       100.00000      0.57598084      -1.0000000       2.0000000
      0.21479428      0.37473014      -1.0000000      -1.0000000      -1.0000000
      -1.0000000      -1.0000000      -1.0000000      -1.0000000      -1.0000000
      -1.0000000
       0.0000000       99.000000      0.59854329       2208.0000       338132.00
       1.4046581       1.1180515      0.41051432      0.31250006      0.29006785
       68.127167      -7.8625903      -30.769094       97.405548       9.2529125
       106.52759
       0.0000000       98.000000      0.62142873       2195.0000       334144.00
       1.3481055       1.1221433      0.39119291      0.31250006      0.22295418
       60.109100      -26.152102      -27.551744       98.371025       9.1866398
       104.72006
       1.0000000       98.000000      0.62142873      -1.0000000       1.0000000
   0.00056119898    0.0023996863      -1.0000000      -1.0000000      -1.0000000
      -1.0000000      -1.0000000      -1.0000000      -1.0000000      -1.0000000
      -1.0000000
       0.0000000       97.000000      0.64464182       2141.0000       329653.00
       1.3951463      0.85551035      0.40967140      0.46875006      0.19883272
       76.596176      -44.883938      -25.894190       100.94256       10.346103
       109.10455
       0.0000000       96.000000      0.67611039       2113.0000       325489.00
       1.3113947       1.0611303      0.42714423      0.45714289      0.33316270
       76.566872      -45.754658      -27.367926       98.253410       9.0160561
       114.37063
       0.0000000       95.000000      0.70010638      -1.0000000       321229.00
       1.2771808      0.94538885      -1.0000000      -1.0000000      -1.0000000
      -1.0000000      -1.0000000      -1.0000000       95.615700       8.5122433
       121.70884
       0.0000000       94.000000      0.73263615      -1.0000000       318038.00
       1.2324724      0.98100328      -1.0000000      -1.0000000      -1.0000000
      -1.0000000      -1.0000000      -1.0000000       96.015816       8.2413139
       128.03307
       0.0000000       93.000000      0.75744140      -1.0000000       311088.00
       1.1969354       1.0652901      -1.0000000      -1.0000000      -1.0000000
      -1.0000000      -1.0000000      -1.0000000       97.096146       8.0157490
       129.45813
       0.0000000       92.000000      0.79106826      -1.0000000       307595.00
       1.1710274       1.1415834      -1.0000000      -1.0000000      -1.0000000
      -1.0000000      -1.0000000      -1.0000000       99.027496       7.9922261
       126.84660
       0.0000000       91.000000      0.81671000      -1.0000000       305680.00
       1.1558595      0.83704144      -1.0000000      -1.0000000      -1.0000000
      -1.0000000      -1.0000000      -1.0000000       100.77949       7.7482924
       123.13333
       0.0000000       90.000000      0.85147089      -1.0000000       302609.00
       1.1542337      0.98658597      -1.0000000      -1.0000000      -1.0000000
      -1.0000000      -1.0000000      -1.0000000       105.79218       7.8467250
       114.71628
       0.0000000       89.000000      0.88689691      -1.0000000       295588.00
       1.1122972       1.1039833      -1.0000000      -1.0000000      -1.0000000
      -1.0000000      -1.0000000      -1.0000000       110.49619       7.8269501
       108.00404
       0.0000000       88.000000      0.92300081      -1.0000000       292190.00
       1.0671358       1.1000924      -1.0000000      -1.0000000      -1.0000000
      -1.0000000      -1.0000000      -1.0000000       113.28458       7.9907193
       97.648209
       1.0000000       88.000000      0.92300081      -1.0000000       1.0000000
    0.0010696093     0.048126921      -1.0000000      -1.0000000      -1.0000000
      -1.0000000      -1.0000000      -1.0000000      -1.0000000      -1.0000000
      -1.0000000
       0.0000000       87.000000      0.95053136      -1.0000000       285938.00
       1.0737897       1.4398977      -1.0000000      -1.0000000      -1.0000000
      -1.0000000      -1.0000000      -1.0000000       121.12323       8.9878054
       92.537178
       1.0000000       87.000000      0.95053136      -1.0000000       1.0000000
       0.0000000       0.0000000      -1.0000000      -1.0000000      -1.0000000
      -1.0000000      -1.0000000      -1.0000000      -1.0000000      -1.0000000
      -1.0000000
       0.0000000       86.000000      0.98785281      -1.0000000       280378.00
      0.99862039       1.0278362      -1.0000000      -1.0000000      -1.0000000
      -1.0000000      -1.0000000      -1.0000000       110.77514       8.1222811
       112.03645
       1.0000000       86.000000      0.98785281      -1.0000000       2.0000000
       0.0000000       0.0000000      -1.0000000      -1.0000000      -1.0000000
      -1.0000000      -1.0000000      -1.0000000      -1.0000000      -1.0000000
      -1.0000000
       0.0000000       85.000000      0.99729425      -1.0000000       278996.00
      0.98666430       1.0140375      -1.0000000      -1.0000000      -1.0000000
      -1.0000000      -1.0000000      -1.0000000       106.98637       7.9343061
       117.82109
       1.0000000       85.000000      0.99729425      -1.0000000       1.0000000
   0.00027057479     0.014070923      -1.0000000      -1.0000000      -1.0000000
      -1.0000000      -1.0000000      -1.0000000      -1.0000000      -1.0000000
      -1.0000000
       0.0000000       84.000000       1.0355104      -1.0000000       276997.00
      0.96129584       1.2253091      -1.0000000      -1.0000000      -1.0000000
      -1.0000000      -1.0000000      -1.0000000       97.144112       8.0932512
       119.59241
       0.0000000       83.000000       1.0744579      -1.0000000       270679.00
      0.92437375       1.1813382      -1.0000000      -1.0000000      -1.0000000
      -1.0000000      -1.0000000      -1.0000000       95.050041       9.1421061
       122.96485
       0.0000000       82.000000       1.1141505      -1.0000000       266587.00
      0.91389680      0.86376756      -1.0000000      -1.0000000      -1.0000000
      -1.0000000      -1.0000000      -1.0000000       96.770439       7.0022140
       120.11886
       0.0000000       81.000000       1.1546028      -1.0000000       262059.00
      0.74619269      0.56225801      -1.0000000      -1.0000000      -1.0000000
      -1.0000000      -1.0000000      -1.0000000       93.576698       5.9383907
       115.82390
       1.0000000       81.000000       1.1546028      -1.0000000       1.0000000
      0.13569079      0.10424329      -1.0000000      -1.0000000      -1.0000000
      -1.0000000      -1.0000000      -1.0000000      -1.0000000      -1.0000000
      -1.0000000
       0.0000000       80.000000       1.2062581      -1.0000000       278710.00
      0.72135633      0.51085681      -1.0000000      -1.0000000      -1.0000000
      -1.0000000      -1.0000000      -1.0000000       99.589531       5.7362251
       103.85453
       0.0000000       79.000000       1.2484726      -1.0000000       270905.00
      0.73100227      0.67570245      -1.0000000      -1.0000000      -1.0000000
      -1.0000000      -1.0000000      -1.0000000       107.26180       6.5231614
       94.595963
       0.0000000       78.000000       1.3023784      -1.0000000       255724.00
      0.70699161       1.3468380      -1.0000000      -1.0000000      -1.0000000
      -1.0000000      -1.0000000      -1.0000000       114.48926       7.3474340
       82.740829
       0.0000000       77.000000       1.3575766      -1.0000000       248150.00
      0.60094333       1.2415062      -1.0000000      -1.0000000      -1.0000000
      -1.0000000      -1.0000000      -1.0000000       106.34791       6.0919056
       97.113297
       1.0000000       77.000000       1.3575766      -1.0000000       1.0000000
   0.00047800565     0.044234339      -1.0000000      -1.0000000      -1.0000000
      -1.0000000      -1.0000000      -1.0000000      -1.0000000      -1.0000000
      -1.0000000
       0.0000000       76.000000       1.4140983      -1.0000000       239629.00
      0.55869704      0.87322378      -1.0000000      -1.0000000      -1.0000000
      -1.0000000      -1.0000000      -1.0000000       95.640350       5.5623603
       112.05347
       1.0000000       76.000000       1.4140983      -1.0000000       1.0000000
   0.00055571401       0.0000000      -1.0000000      -1.0000000      -1.0000000
      -1.0000000      -1.0000000      -1.0000000      -1.0000000      -1.0000000
      -1.0000000
       0.0000000       75.000000       1.4719748      -1.0000000       231611.00
      0.52826655      0.91793948      -1.0000000      -1.0000000      -1.0000000
      -1.0000000      -1.0000000      -1.0000000       92.932312       5.3261042
       115.47243
       1.0000000       75.000000       1.4719748      -1.0000000       1.0000000
    0.0010024989     0.028007140      -1.0000000      -1.0000000      -1.0000000
      -1.0000000      -1.0000000      -1.0000000      -1.0000000      -1.0000000
      -1.0000000
       0.0000000       74.000000       1.5312390      -1.0000000       223483.00
      0.49139819      0.83214444      -1.0000000      -1.0000000      -1.0000000
      -1.0000000      -1.0000000      -1.0000000       91.908592       4.9222012
       120.06585
       0.0000000       73.000000       1.6042346      -1.0000000       213027.00
      0.45052680      0.65637040      -1.0000000      -1.0000000      -1.0000000
      -1.0000000      -1.0000000      -1.0000000       92.182152       4.4367890
       126.03325
       1.0000000       73.000000       1.6042346      -1.0000000       2.0000000
    0.0010024989     0.028007140      -1.0000000      -1.0000000      -1.0000000
      -1.0000000      -1.0000000      -1.0000000      -1.0000000      -1.0000000
      -1.0000000
       0.0000000       72.000000       1.6666696      -1.0000000       204418.00
      0.44747680      0.61810893      -1.0000000      -1.0000000      -1.0000000
      -1.0000000      -1.0000000      -1.0000000       93.704483       4.6653113
       128.83849
       1.0000000       72.000000       1.6666696      -1.0000000       2.0000000
       0.0000000       0.0000000      -1.0000000      -1.0000000      -1.0000000
      -1.0000000      -1.0000000      -1.0000000      -1.0000000      -1.0000000
      -1.0000000
       0.0000000       71.000000       1.7435706      -1.0000000       193884.00
      0.41046959      0.58761936      -1.0000000      -1.0000000      -1.0000000
      -1.0000000      -1.0000000      -1.0000000       94.974663       5.0448499
       120.66063
       2.0000000       71.000000       1.7435706      0.37959892       66.000000
     0.089297645      0.38645405      -1.0000000      -1.0000000      -1.0000000
      -1.0000000      -1.0000000      -1.0000000      -1.0000000      -1.0000000
      -1.0000000
       1.0000000       71.000000       1.7435706      -1.0000000       1.0000000
    0.0010488651     0.021393940      -1.0000000      -1.0000000      -1.0000000
      -1.0000000      -1.0000000      -1.0000000      -1.0000000      -1.0000000
      -1.0000000
       0.0000000       70.000000       1.8226893      -1.0000000       181011.00
      0.44409430      0.20690437      -1.0000000      -1.0000000      -1.0000000
      -1.0000000      -1.0000000      -1.0000000       102.17587       4.2656312
       110.78660
       0.0000000       69.000000       1.9040896      -1.0000000       193889.00
      0.32363310      0.62552392      -1.0000000      -1.0000000      -1.0000000
      -1.0000000      -1.0000000      -1.0000000       104.46629       3.5433562
       102.39722
       1.0000000       69.000000       1.9040896      -1.0000000       1.0000000
       0.0000000       0.0000000      -1.0000000      -1.0000000      -1.0000000
      -1.0000000      -1.0000000      -1.0000000      -1.0000000      -1.0000000
      -1.0000000
       0.0000000       68.000000       2.0020282      -1.0000000       187628.00
      0.29717442      0.66852111      -1.0000000      -1.0000000      -1.0000000
      -1.0000000      -1.0000000      -1.0000000       109.88280       3.7075813
       87.931396
       1.0000000       68.000000       2.0020282      -1.0000000       1.0000000
       0.0000000       0.0000000      -1.0000000      -1.0000000      -1.0000000
      -1.0000000      -1.0000000      -1.0000000      -1.0000000      -1.0000000
      -1.0000000
       0.0000000       67.000000       2.1032696      -1.0000000       183837.00
      0.25160399      0.40478057      -1.0000000      -1.0000000      -1.0000000
      -1.0000000      -1.0000000      -1.0000000       98.205391       2.5094717
       106.90377
       1.0000000       67.000000       2.1032696      -1.0000000       1.0000000
   0.00054462731     0.012976492      -1.0000000      -1.0000000      -1.0000000
      -1.0000000      -1.0000000      -1.0000000      -1.0000000      -1.0000000
      -1.0000000
       0.0000000       66.000000       2.2079256      -1.0000000       182147.00
      0.24041323      0.26284063      -1.0000000      -1.0000000      -1.0000000
      -1.0000000      -1.0000000      -1.0000000       84.403526       2.2229319
       107.70290
       1.0000000       66.000000       2.2079256      -1.0000000       3.0000000
    0.0021458536     0.066429868      -1.0000000      -1.0000000      -1.0000000
      -1.0000000      -1.0000000      -1.0000000      -1.0000000      -1.0000000
      -1.0000000
       0.0000000       65.000000       2.3161108      -1.0000000       174093.00
      0.23524210      0.18086374      -1.0000000      -1.0000000      -1.0000000
      -1.0000000      -1.0000000      -1.0000000       82.253792       2.0869296
       100.97446
       0.0000000       64.000000       2.4442258      -1.0000000       165718.00
      0.22371772      0.12495343      -1.0000000      -1.0000000      -1.0000000
      -1.0000000      -1.0000000      -1.0000000       81.303169       1.8810775
       92.872276
       1.0000000       64.000000       2.4442258      -1.0000000       1.0000000
   0.00034595680   0.00046117054      -1.0000000      -1.0000000      -1.0000000
      -1.0000000      -1.0000000      -1.0000000      -1.0000000      -1.0000000
      -1.0000000
       0.0000000       63.000000       2.5772903      -1.0000000       148135.00
      0.22400331      0.34321359      -1.0000000      -1.0000000      -1.0000000
      -1.0000000      -1.0000000      -1.0000000       84.419563       2.0757899
       85.928009
       0.0000000       62.000000       2.7331426      -1.0000000       138962.00
      0.20329693      0.33361372      -1.0000000      -1.0000000      -1.0000000
      -1.0000000      -1.0000000      -1.0000000       82.135414       1.9013994
       85.309410
       0.0000000       61.000000       2.8957851      -1.0000000       163720.00
      0.16981266      0.41929156      -1.0000000      -1.0000000      -1.0000000
      -1.0000000      -1.0000000      -1.0000000       84.755363       1.9478911
       74.121788
