       0.0000000       135.00000       0.0000000       2527.0000       455548.00
       2.4177487       2.2519188      0.50085193      0.65625000      0.62978595
       197.94875      -22.788113      -169.96986       90.985703       20.538153
       59.517025
       0.0000000       134.00000    0.0095216669       2555.0000       454067.00
       2.4020307       2.2812881      0.49834341      0.65625000      0.60975319
       201.38220      -9.3427105      -167.04225       90.933800       20.590008
       59.153721
       1.0000000       134.00000    0.0095216669      -1.0000000       2.0000000
    0.0037140284     0.015818512      -1.0000000      -1.0000000      -1.0000000
      -1.0000000      -1.0000000      -1.0000000      -1.0000000      -1.0000000
      -1.0000000
       0.0000000       133.00000     0.023974428       2540.0000       450056.00
       2.4002500       2.2530153      0.50112027      0.67741930      0.62223905
       206.96777       3.0449743      -161.87163       91.132973       20.650135
       59.881687
       1.0000000       133.00000     0.023974428      -1.0000000       2.0000000
     0.012086053      0.12738197      -1.0000000      -1.0000000      -1.0000000
      -1.0000000      -1.0000000      -1.0000000      -1.0000000      -1.0000000
      -1.0000000
       0.0000000       132.00000     0.033724371       2543.0000       449082.00
       2.3961928       2.3744736      0.50953358      0.64516127      0.62909967
       213.31842       2.0514176      -155.49147       91.742859       20.647921
       60.038837
       1.0000000       132.00000     0.033724371      -1.0000000       1.0000000
    0.0088153621     0.082228266      -1.0000000      -1.0000000      -1.0000000
      -1.0000000      -1.0000000      -1.0000000      -1.0000000      -1.0000000
      -1.0000000
       0.0000000       131.00000     0.048523631       2570.0000       446086.00
       2.3688595       2.6451731      0.50462323      0.67741930      0.64133173
       219.79668      -3.1381390      -147.34250       91.889359       20.979591
       60.816299
       1.0000000       131.00000     0.048523631      -1.0000000       2.0000000
     0.014943180      0.14187235      -1.0000000      -1.0000000      -1.0000000
      -1.0000000      -1.0000000      -1.0000000      -1.0000000      -1.0000000
      -1.0000000
       0.0000000       130.00000     0.058507323       2579.0000       443592.00
       2.3511279       2.6705117      0.48962176      0.70967740      0.61999816
       219.72607      -10.438354      -145.27902       91.777321       20.939600
       61.264603
       1.0000000       130.00000     0.058507323      -1.0000000       2.0000000
    0.0034205941     0.025633218      -1.0000000      -1.0000000      -1.0000000
      -1.0000000      -1.0000000      -1.0000000      -1.0000000      -1.0000000
      -1.0000000
       0.0000000       129.00000     0.073661387       2577.0000       440791.00
       2.3318725       2.4841838      0.50063944      0.73529410      0.61962849
       225.70575      -18.933207      -136.06784       92.041237       20.627552
       61.447346
       0.0000000       128.00000     0.083884433       2561.0000       438032.00
       2.3231037       2.5818801      0.49670252      0.66666663      0.61740601
       228.15117      -23.302534      -138.22688       92.498398       20.816055
       61.462906
       1.0000000       128.00000     0.083884433      -1.0000000       1.0000000
    0.0032219852     0.025633218      -1.0000000      -1.0000000      -1.0000000
      -1.0000000      -1.0000000      -1.0000000      -1.0000000      -1.0000000
      -1.0000000
       0.0000000       127.00000     0.099401802       2564.0000       436105.00
       2.2629395       2.5472782      0.49822387      0.75000000      0.69380975
       221.00711      -30.008307      -139.60648       92.884712       20.162027
       62.035988
       1.0000000       127.00000     0.099401802      -1.0000000       1.0000000
    0.0032219852     0.025633218      -1.0000000      -1.0000000      -1.0000000
      -1.0000000      -1.0000000      -1.0000000      -1.0000000      -1.0000000
      -1.0000000
       0.0000000       126.00000      0.10986994       2578.0000       434362.00
       2.2703130       2.7075615      0.48959932      0.72972977      0.63607961
       215.04622      -34.892002      -142.41641       93.320305       20.940298
       61.662128
       1.0000000       126.00000      0.10986994      -1.0000000       1.0000000
    0.0023961929     0.040738367      -1.0000000      -1.0000000      -1.0000000
      -1.0000000      -1.0000000      -1.0000000      -1.0000000      -1.0000000
      -1.0000000
       0.0000000       125.00000      0.12575933       2570.0000       431795.00
       2.2549033       2.7419951      0.49323338      0.69696975      0.63670838
       216.84276      -34.472450      -139.32504       93.647072       20.743885
       61.957066
       1.0000000       125.00000      0.12575933      -1.0000000       2.0000000
     0.015293422      0.13180792      -1.0000000      -1.0000000      -1.0000000
      -1.0000000      -1.0000000      -1.0000000      -1.0000000      -1.0000000
      -1.0000000
       0.0000000       124.00000      0.14187621       2607.0000       429669.00
       2.2180212       2.8692784      0.47690019      0.64516127      0.58863050
       213.83115      -32.318398      -132.01717       94.204422       20.609455
       61.963940
       1.0000000       124.00000      0.14187621      -1.0000000       1.0000000
     0.012773328     0.047479291      -1.0000000      -1.0000000      -1.0000000
      -1.0000000      -1.0000000      -1.0000000      -1.0000000      -1.0000000
      -1.0000000
       0.0000000       123.00000      0.15274876       2606.0000       427820.00
       2.1555934       2.7167778      0.47963652      0.67647058      0.61336219
       207.03958      -35.124798      -125.07177       93.853683       20.066984
       62.464005
       1.0000000       123.00000      0.15274876      -1.0000000       2.0000000
     0.019886037      0.10359424      -1.0000000      -1.0000000      -1.0000000
      -1.0000000      -1.0000000      -1.0000000      -1.0000000      -1.0000000
      -1.0000000
       0.0000000       122.00000      0.16925204       2613.0000       425028.00
       2.1655049       2.5280721      0.47332782      0.66666669      0.57563186
       203.47415      -47.835518      -127.07389       93.833061       20.213852
       62.875248
       1.0000000       122.00000      0.16925204      -1.0000000       1.0000000
     0.011069355     0.068689875      -1.0000000      -1.0000000      -1.0000000
      -1.0000000      -1.0000000      -1.0000000      -1.0000000      -1.0000000
      -1.0000000
       0.0000000       121.00000      0.18038526       2602.0000       421889.00
       2.1594841       2.5622191      0.47492141      0.64516127      0.58857131
       203.93864      -48.937775      -134.84081       93.826355       19.838034
       63.920319
       0.0000000       120.00000      0.19728418       2621.0000       419006.00
       2.1252844       2.6054409      0.47433355      0.64516127      0.55316699
       190.47865      -50.677788      -148.39986       93.601242       19.738708
       64.364685
       1.0000000       120.00000      0.19728418      -1.0000000       1.0000000
    0.0018204673     0.028531311      -1.0000000      -1.0000000      -1.0000000
      -1.0000000      -1.0000000      -1.0000000      -1.0000000      -1.0000000
      -1.0000000
       0.0000000       119.00000      0.21442504       2637.0000       416759.00
       2.1063602       2.4871070      0.47344056      0.60000002      0.55575150
       177.63870      -56.146835      -160.26199       93.564835       19.407932
       64.485863
       0.0000000       118.00000      0.22598839       2636.0000       414932.00
       2.1009362       2.5096486      0.46021691      0.72500002      0.64970261
       170.14214      -51.894817      -166.76260       94.291466       19.551558
       64.504860
       0.0000000       117.00000      0.24354018       2656.0000       411422.00
       2.0673523       2.6785402      0.46971041      0.63333333      0.57493687
       159.97490      -42.276672      -177.22531       95.068558       19.537186
       64.490395
       1.0000000       117.00000      0.24354018      -1.0000000       2.0000000
    0.0083909351      0.14958262      -1.0000000      -1.0000000      -1.0000000
      -1.0000000      -1.0000000      -1.0000000      -1.0000000      -1.0000000
      -1.0000000
       0.0000000       116.00000      0.26134327       2670.0000       408367.00
       2.0226178       2.7974834      0.46188465      0.65625000      0.55768043
       155.34230      -16.392015      -178.45569       95.332436       19.593859
       64.230942
       1.0000000       116.00000      0.26134327      -1.0000000       2.0000000
    0.0041954676     0.074791312      -1.0000000      -1.0000000      -1.0000000
      -1.0000000      -1.0000000      -1.0000000      -1.0000000      -1.0000000
      -1.0000000
       0.0000000       115.00000      0.27335334       2679.0000       405993.00
       2.0123594       2.9333203      0.46195388      0.64705884      0.57894152
       154.27655      -2.2584939      -176.70395       95.391136       19.844067
       63.794277
       0.0000000       114.00000      0.29158324       2692.0000       403060.00
       1.9849272       3.1942008      0.45553175      0.58620685      0.54753786
       158.85477       10.935142      -172.53056       95.630272       19.910923
       63.990604
       0.0000000       113.00000      0.31007412       2708.0000       400539.00
       1.9459373       3.1749527      0.46457398      0.65625000      0.57311159
       171.18202       17.872860      -159.20670       96.261353       19.459387
       64.057343
       1.0000000       113.00000      0.31007412      -1.0000000       1.0000000
       0.0000000       0.0000000      -1.0000000      -1.0000000      -1.0000000
      -1.0000000      -1.0000000      -1.0000000      -1.0000000      -1.0000000
      -1.0000000
       0.0000000       112.00000      0.32882974       2748.0000       397056.00
       1.9175804       2.9315326      0.45546016      0.61290324      0.54187644
       183.60036       14.084846      -141.19157       95.952568       19.171946
       64.828857
       1.0000000       112.00000      0.32882974      -1.0000000       1.0000000
    0.0041660066     0.024909284      -1.0000000      -1.0000000      -1.0000000
      -1.0000000      -1.0000000      -1.0000000      -1.0000000      -1.0000000
      -1.0000000
       0.0000000       111.00000      0.34785384       2780.0000       395039.00
       1.8621519       2.9320660      0.44661662      0.71428573      0.58030933
       188.85219     -0.35850769      -129.40242       95.508720       18.730017
       65.664299
       0.0000000       110.00000      0.36068764       1972.0000       369479.00
       1.8242536       2.7951047      0.45427236      0.65625000      0.48071963
       186.06276      -13.972270      -122.49609       94.335091       18.273333
       67.715805
       1.0000000       110.00000      0.36068764      -1.0000000       1.0000000
    0.0085545918     0.060302246      -1.0000000      -1.0000000      -1.0000000
      -1.0000000      -1.0000000      -1.0000000      -1.0000000      -1.0000000
      -1.0000000
       0.0000000       109.00000      0.38016787       1983.0000       366487.00
       1.7961236       2.7043397      0.44934282      0.73684210      0.58870262
       179.96532      -25.521826      -127.81447       93.524551       18.071766
       68.484795
       0.0000000       108.00000      0.39992696       1986.0000       364305.00
       1.7432808       2.3546278      0.44555950      0.68750000      0.59274060
       174.77902      -31.626053      -124.84410       93.453064       17.524540
       68.523804
       1.0000000       108.00000      0.39992696      -1.0000000       2.0000000
    0.0058981474      0.11286982      -1.0000000      -1.0000000      -1.0000000
      -1.0000000      -1.0000000      -1.0000000      -1.0000000      -1.0000000
      -1.0000000
       0.0000000       107.00000      0.41996893       2002.0000       360975.00
       1.7630582       2.3734415      0.43753472      0.63333333      0.53432208
       173.55724      -36.502861      -124.62164       93.491013       18.014671
       67.724564
       1.0000000       107.00000      0.41996893      -1.0000000       1.0000000
   0.00022451305       0.0000000      -1.0000000      -1.0000000      -1.0000000
      -1.0000000      -1.0000000      -1.0000000      -1.0000000      -1.0000000
      -1.0000000
       0.0000000       106.00000      0.44029784       1998.0000       358188.00
       1.7068288       2.4598343      0.43532181      0.66666663      0.51576334
       165.97708      -30.976946      -124.25636       94.366768       17.773035
       68.124283
       1.0000000       106.00000      0.44029784      -1.0000000       1.0000000
    0.0043438766     0.051886790      -1.0000000      -1.0000000      -1.0000000
      -1.0000000      -1.0000000      -1.0000000      -1.0000000      -1.0000000
      -1.0000000
       0.0000000       105.00000      0.46091780       2868.0000       379896.00
       1.6776220       2.5624735      0.42765117      0.65625000      0.50587225
       156.98967      -20.952654      -129.76355       95.720543       17.842083
       66.014061
       1.0000000       105.00000      0.46091780      -1.0000000       1.0000000
    0.0043438766     0.051886790      -1.0000000      -1.0000000      -1.0000000
      -1.0000000      -1.0000000      -1.0000000      -1.0000000      -1.0000000
      -1.0000000
       0.0000000       104.00000      0.48183295       2869.0000       375954.00
       1.6805433       2.6518226      0.42405641      0.63636363      0.53093445
       155.24890      -16.336029      -127.18432       95.471062       17.609318
       66.808006
       1.0000000       104.00000      0.48183295      -1.0000000       1.0000000
    0.0043438766     0.051886790      -1.0000000      -1.0000000      -1.0000000
      -1.0000000      -1.0000000      -1.0000000      -1.0000000      -1.0000000
      -1.0000000
       0.0000000       103.00000      0.50304753       2877.0000       371914.00
       1.6198211       2.8032165      0.42689559      0.61290324      0.46260715
       160.42758      -18.959009      -113.26645       95.243233       17.353659
       67.865456
       0.0000000       102.00000      0.52456582       2943.0000       370801.00
       1.5999929       2.7998204      0.41816956      0.66666663      0.49980980
       162.77689      -27.079752      -98.734543       94.984322       17.600357
       67.967911
       0.0000000       101.00000      0.54639220      -1.0000000       368930.00
       1.5590194       2.4462678      -1.0000000      -1.0000000      -1.0000000
      -1.0000000      -1.0000000      -1.0000000       95.209831       16.731739
       68.630638
       1.0000000       101.00000      0.54639220      -1.0000000       1.0000000
    0.0027237243     0.025650548      -1.0000000      -1.0000000      -1.0000000
      -1.0000000      -1.0000000      -1.0000000      -1.0000000      -1.0000000
      -1.0000000
       0.0000000       100.00000      0.57598084      -1.0000000       365242.00
       1.5457788       2.7991631      -1.0000000      -1.0000000      -1.0000000
      -1.0000000      -1.0000000      -1.0000000       95.008835       17.298103
       70.516319
       1.0000000       100.00000      0.57598084      -1.0000000       1.0000000
    0.0027237243     0.025650548      -1.0000000      -1.0000000      -1.0000000
      -1.0000000      -1.0000000      -1.0000000      -1.0000000      -1.0000000
      -1.0000000
       0.0000000       99.000000      0.59854329      -1.0000000       360870.00
       1.4660442       2.7348633      -1.0000000      -1.0000000      -1.0000000
      -1.0000000      -1.0000000      -1.0000000       94.860497       16.149525
       70.509705
       0.0000000       98.000000      0.62142873      -1.0000000       358531.00
       1.4746600       2.6009791      -1.0000000      -1.0000000      -1.0000000
      -1.0000000      -1.0000000      -1.0000000       95.410843       16.720043
       69.610977
       0.0000000       97.000000      0.64464182      -1.0000000       355692.00
       1.4657810       2.4347134      -1.0000000      -1.0000000      -1.0000000
      -1.0000000      -1.0000000      -1.0000000       96.803848       16.378935
       69.675758
       0.0000000       96.000000      0.67611039      -1.0000000       351764.00
       1.4049585       2.6741388      -1.0000000      -1.0000000      -1.0000000
      -1.0000000      -1.0000000      -1.0000000       97.351906       16.555025
       71.724106
       0.0000000       95.000000      0.70010638      -1.0000000       347689.00
       1.3781046       2.5991683      -1.0000000      -1.0000000      -1.0000000
      -1.0000000      -1.0000000      -1.0000000       95.172874       15.556997
       74.205391
       0.0000000       94.000000      0.73263615      -1.0000000       345521.00
       1.3384296       2.2246809      -1.0000000      -1.0000000      -1.0000000
      -1.0000000      -1.0000000      -1.0000000       94.859848       15.429664
       75.538742
       1.0000000       94.000000      0.73263615      -1.0000000       3.0000000
    0.0029284071     0.025650548      -1.0000000      -1.0000000      -1.0000000
      -1.0000000      -1.0000000      -1.0000000      -1.0000000      -1.0000000
      -1.0000000
       0.0000000       93.000000      0.75744140      -1.0000000       341833.00
       1.3235004       2.0882912      -1.0000000      -1.0000000      -1.0000000
      -1.0000000      -1.0000000      -1.0000000       95.726143       15.052258
       75.115189
       1.0000000       93.000000      0.75744140      -1.0000000       1.0000000
   0.00033502743       0.0000000      -1.0000000      -1.0000000      -1.0000000
      -1.0000000      -1.0000000      -1.0000000      -1.0000000      -1.0000000
      -1.0000000
       0.0000000       92.000000      0.79106826      -1.0000000       338089.00
       1.3005031       2.4987421      -1.0000000      -1.0000000      -1.0000000
      -1.0000000      -1.0000000      -1.0000000       96.995026       14.886709
       74.557724
       1.0000000       92.000000      0.79106826      -1.0000000       1.0000000
   0.00023586724     0.033276554      -1.0000000      -1.0000000      -1.0000000
      -1.0000000      -1.0000000      -1.0000000      -1.0000000      -1.0000000
      -1.0000000
       0.0000000       91.000000      0.81671000      -1.0000000       335725.00
       1.2794304       2.7908962      -1.0000000      -1.0000000      -1.0000000
      -1.0000000      -1.0000000      -1.0000000       96.369400       15.633757
       75.724442
       0.0000000       90.000000      0.85147089      -1.0000000       331313.00
       1.2181195       2.1315763      -1.0000000      -1.0000000      -1.0000000
      -1.0000000      -1.0000000      -1.0000000       96.541573       14.283090
       76.395805
       0.0000000       89.000000      0.88689691      -1.0000000       327111.00
       1.2146672       1.9018222      -1.0000000      -1.0000000      -1.0000000
      -1.0000000      -1.0000000      -1.0000000       97.317329       14.185774
       76.642731
       0.0000000       88.000000      0.92300081      -1.0000000       321588.00
       1.1813620       2.0467205      -1.0000000      -1.0000000      -1.0000000
      -1.0000000      -1.0000000      -1.0000000       97.980995       14.262287
       77.164719
       0.0000000       87.000000      0.95053136      -1.0000000       318143.00
       1.1665030       2.0236306      -1.0000000      -1.0000000      -1.0000000
      -1.0000000      -1.0000000      -1.0000000       98.542686       14.132273
       76.397461
       1.0000000       87.000000      0.95053136      -1.0000000       1.0000000
   0.00023586724     0.033276554      -1.0000000      -1.0000000      -1.0000000
      -1.0000000      -1.0000000      -1.0000000      -1.0000000      -1.0000000
      -1.0000000
       0.0000000       86.000000      0.98785281      -1.0000000       310629.00
       1.1381617       2.1429899      -1.0000000      -1.0000000      -1.0000000
      -1.0000000      -1.0000000      -1.0000000       99.396393       13.783640
       75.827003
       0.0000000       85.000000      0.99729425      -1.0000000       309135.00
       1.1251006       2.2948823      -1.0000000      -1.0000000      -1.0000000
      -1.0000000      -1.0000000      -1.0000000       99.324463       13.737087
       75.635658
       0.0000000       84.000000       1.0355104      -1.0000000       302391.00
       1.0503519       2.6259272      -1.0000000      -1.0000000      -1.0000000
      -1.0000000      -1.0000000      -1.0000000       97.783112       13.717793
       76.713715
       0.0000000       83.000000       1.0744579      -1.0000000       297352.00
       1.0381050       2.6972089      -1.0000000      -1.0000000      -1.0000000
      -1.0000000      -1.0000000      -1.0000000       98.409050       14.031068
       75.572212
       1.0000000       83.000000       1.0744579      -1.0000000       1.0000000
       0.0000000       0.0000000      -1.0000000      -1.0000000      -1.0000000
      -1.0000000      -1.0000000      -1.0000000      -1.0000000      -1.0000000
      -1.0000000
       0.0000000       82.000000       1.1141505      -1.0000000       292226.00
      0.97787440       2.4826488      -1.0000000      -1.0000000      -1.0000000
      -1.0000000      -1.0000000      -1.0000000       98.419815       12.989064
       77.153740
       0.0000000       81.000000       1.1546028      -1.0000000       287117.00
      0.92741883       2.2874396      -1.0000000      -1.0000000      -1.0000000
      -1.0000000      -1.0000000      -1.0000000       97.126450       12.716441
       80.637436
       1.0000000       81.000000       1.1546028      -1.0000000       1.0000000
    0.0034812600     0.063339233      -1.0000000      -1.0000000      -1.0000000
      -1.0000000      -1.0000000      -1.0000000      -1.0000000      -1.0000000
      -1.0000000
       0.0000000       80.000000       1.2062581      -1.0000000       279606.00
      0.85280955       2.3941798      -1.0000000      -1.0000000      -1.0000000
      -1.0000000      -1.0000000      -1.0000000       96.830475       13.096099
       85.025253
       0.0000000       79.000000       1.2484726      -1.0000000       273074.00
      0.82244021       1.9725519      -1.0000000      -1.0000000      -1.0000000
      -1.0000000      -1.0000000      -1.0000000       97.786972       11.933260
       89.136086
       2.0000000       79.000000       1.2484726      0.39427012       72.000000
      0.12808402      0.18620405      -1.0000000      -1.0000000      -1.0000000
      -1.0000000      -1.0000000      -1.0000000      -1.0000000      -1.0000000
      -1.0000000
       1.0000000       79.000000       1.2484726      -1.0000000       2.0000000
   0.00027398061     0.019277165      -1.0000000      -1.0000000      -1.0000000
      -1.0000000      -1.0000000      -1.0000000      -1.0000000      -1.0000000
      -1.0000000
       0.0000000       78.000000       1.3023784      -1.0000000       263162.00
      0.73706013       2.8184056      -1.0000000      -1.0000000      -1.0000000
      -1.0000000      -1.0000000      -1.0000000       98.689583       14.635116
       90.140877
       1.0000000       78.000000       1.3023784      -1.0000000       2.0000000
     0.018647879     0.014104356      -1.0000000      -1.0000000      -1.0000000
      -1.0000000      -1.0000000      -1.0000000      -1.0000000      -1.0000000
      -1.0000000
       0.0000000       77.000000       1.3575766      -1.0000000       250578.00
      0.71252704       2.5750575      -1.0000000      -1.0000000      -1.0000000
      -1.0000000      -1.0000000      -1.0000000       102.37624       14.225642
       88.210419
       0.0000000       76.000000       1.4140983      -1.0000000       241036.00
      0.65758693       2.8472204      -1.0000000      -1.0000000      -1.0000000
      -1.0000000      -1.0000000      -1.0000000       103.09711       14.096782
       99.394646
       1.0000000       76.000000       1.4140983      -1.0000000       2.0000000
    0.0014815751     0.034713347      -1.0000000      -1.0000000      -1.0000000
      -1.0000000      -1.0000000      -1.0000000      -1.0000000      -1.0000000
      -1.0000000
       0.0000000       75.000000       1.4719748      -1.0000000       233556.00
      0.51454902       2.6171954      -1.0000000      -1.0000000      -1.0000000
      -1.0000000      -1.0000000      -1.0000000       101.40049       11.724624
       109.61653
       1.0000000       75.000000       1.4719748      -1.0000000       2.0000000
     0.022993840      0.28311723      -1.0000000      -1.0000000      -1.0000000
      -1.0000000      -1.0000000      -1.0000000      -1.0000000      -1.0000000
      -1.0000000
       0.0000000       74.000000       1.5312390      -1.0000000       226975.00
      0.48019996       2.3842993      -1.0000000      -1.0000000      -1.0000000
      -1.0000000      -1.0000000      -1.0000000       102.73734       12.007246
       115.73080
       1.0000000       74.000000       1.5312390      -1.0000000       2.0000000
    0.0042487736     0.082596205      -1.0000000      -1.0000000      -1.0000000
      -1.0000000      -1.0000000      -1.0000000      -1.0000000      -1.0000000
      -1.0000000
       0.0000000       73.000000       1.6042346      -1.0000000       220162.00
      0.43373135       2.1920176      -1.0000000      -1.0000000      -1.0000000
      -1.0000000      -1.0000000      -1.0000000       108.12039       10.705709
       116.60589
       1.0000000       73.000000       1.6042346      -1.0000000       2.0000000
    0.0039048004     0.049284067      -1.0000000      -1.0000000      -1.0000000
      -1.0000000      -1.0000000      -1.0000000      -1.0000000      -1.0000000
      -1.0000000
       0.0000000       72.000000       1.6666696      -1.0000000       214282.00
      0.35841250       1.6879838      -1.0000000      -1.0000000      -1.0000000
      -1.0000000      -1.0000000      -1.0000000       111.45217       9.0372686
       110.82961
       1.0000000       72.000000       1.6666696      -1.0000000       1.0000000
   0.00016251233     0.047027111      -1.0000000      -1.0000000      -1.0000000
      -1.0000000      -1.0000000      -1.0000000      -1.0000000      -1.0000000
      -1.0000000
       0.0000000       71.000000       1.7435706      -1.0000000       207417.00
      0.32486361       2.0951972      -1.0000000      -1.0000000      -1.0000000
      -1.0000000      -1.0000000      -1.0000000       114.23325       11.250297
       106.58714
       2.0000000       71.000000       1.7435706      0.54873198       68.000000
     0.062455937      0.39407417      -1.0000000      -1.0000000      -1.0000000
      -1.0000000      -1.0000000      -1.0000000      -1.0000000      -1.0000000
      -1.0000000
       1.0000000       71.000000       1.7435706      -1.0000000       2.0000000
   0.00053245881     0.010123818      -1.0000000      -1.0000000      -1.0000000
      -1.0000000      -1.0000000      -1.0000000      -1.0000000      -1.0000000
      -1.0000000
       0.0000000       70.000000       1.8226893      -1.0000000       199455.00
      0.23303169       1.4523236      -1.0000000      -1.0000000      -1.0000000
      -1.0000000      -1.0000000      -1.0000000       112.59088       7.8506436
       100.30246
       1.0000000       70.000000       1.8226893      -1.0000000       1.0000000
       0.0000000       0.0000000      -1.0000000      -1.0000000      -1.0000000
      -1.0000000      -1.0000000      -1.0000000      -1.0000000      -1.0000000
      -1.0000000
       0.0000000       69.000000       1.9040896      -1.0000000       190788.00
      0.18995003       1.2449219      -1.0000000      -1.0000000      -1.0000000
      -1.0000000      -1.0000000      -1.0000000       107.45071       5.9048328
       94.185112
       0.0000000       68.000000       2.0020282      -1.0000000       180134.00
      0.13300614      0.53628951      -1.0000000      -1.0000000      -1.0000000
      -1.0000000      -1.0000000      -1.0000000       83.270515       2.3285215
       105.54507
       0.0000000       67.000000       2.1032696      -1.0000000       170532.00
      0.11381866      0.31033841      -1.0000000      -1.0000000      -1.0000000
      -1.0000000      -1.0000000      -1.0000000       72.264282       1.8579110
       92.526154
       1.0000000       67.000000       2.1032696      -1.0000000       1.0000000
       0.0000000       0.0000000      -1.0000000      -1.0000000      -1.0000000
      -1.0000000      -1.0000000      -1.0000000      -1.0000000      -1.0000000
      -1.0000000
       0.0000000       66.000000       2.2079256      -1.0000000       160738.00
      0.10558787      0.36626059      -1.0000000      -1.0000000      -1.0000000
      -1.0000000      -1.0000000      -1.0000000       69.122055       1.8279169
       94.478035
       1.0000000       66.000000       2.2079256      -1.0000000       1.0000000
       0.0000000       0.0000000      -1.0000000      -1.0000000      -1.0000000
      -1.0000000      -1.0000000      -1.0000000      -1.0000000      -1.0000000
      -1.0000000
       0.0000000       65.000000       2.3161108      -1.0000000       221035.00
     0.092074297      0.31415245      -1.0000000      -1.0000000      -1.0000000
      -1.0000000      -1.0000000      -1.0000000       63.817890       1.5912837
       58.614502
       1.0000000       65.000000       2.3161108      -1.0000000       1.0000000
   0.00019773394       0.0000000      -1.0000000      -1.0000000      -1.0000000
      -1.0000000      -1.0000000      -1.0000000      -1.0000000      -1.0000000
      -1.0000000
       0.0000000       64.000000       2.4442258      -1.0000000       149142.00
     0.084839731      0.24616586      -1.0000000      -1.0000000      -1.0000000
      -1.0000000      -1.0000000      -1.0000000       63.642994       1.6770132
       49.473236
       0.0000000       63.000000       2.5772903      -1.0000000       198567.00
     0.076507866      0.32990927      -1.0000000      -1.0000000      -1.0000000
      -1.0000000      -1.0000000      -1.0000000       60.514214       1.8995988
       52.824509
       0.0000000       62.000000       2.7331426      -1.0000000       255741.00
     0.069431499      0.28230590      -1.0000000      -1.0000000      -1.0000000
      -1.0000000      -1.0000000      -1.0000000       61.846222       1.7741504
       50.623341
       1.0000000       62.000000       2.7331426      -1.0000000       1.0000000
       0.0000000       0.0000000      -1.0000000      -1.0000000      -1.0000000
      -1.0000000      -1.0000000      -1.0000000      -1.0000000      -1.0000000
      -1.0000000
       0.0000000       61.000000       2.8957851      -1.0000000       241390.00
     0.062820256      0.26752645      -1.0000000      -1.0000000      -1.0000000
      -1.0000000      -1.0000000      -1.0000000       63.244835       1.8103769
       50.408428
