       0.0000000       135.00000       0.0000000       917.00000       389696.00
       2.2382722       1.1050590      0.33455047      0.31250006     0.099361673
       13.500377      0.82942843      -9.0608873       102.06552       11.969893
       137.86508
       0.0000000       134.00000    0.0095216669       920.00000       387587.00
       2.2474735       1.0473841      0.33066300      0.28125006     0.090825170
       11.339226       3.9824934      -8.4225388       102.98949       12.194443
       135.03136
       1.0000000       134.00000    0.0095216669      -1.0000000       1.0000000
       0.0000000       0.0000000      -1.0000000      -1.0000000      -1.0000000
      -1.0000000      -1.0000000      -1.0000000      -1.0000000      -1.0000000
      -1.0000000
       0.0000000       133.00000     0.023974428       923.00000       384039.00
       2.2270801      0.95979446      0.31770977      0.37142855      0.10318533
       4.9968534       11.913259      -4.5133820       104.79548       12.080800
       131.30130
       0.0000000       132.00000     0.033724371       1211.0000       401112.00
       2.2251661       1.0164576      0.31008199      0.37142855      0.11187440
       4.0368857       17.122536      -3.6771493       105.93704       12.118637
       128.10875
       0.0000000       131.00000     0.048523631       1197.0000       396216.00
       2.2012503       1.3042756      0.30669385      0.37142855      0.11989951
      -5.4331961       19.681923      0.98353148       107.86585       12.327394
       125.46312
       0.0000000       130.00000     0.058507323       1194.0000       393326.00
       2.2145233       1.4502381      0.31183463      0.40000004      0.12677638
      -5.0937462       19.232565       5.8740320       108.94482       12.970683
       124.46893
       1.0000000       130.00000     0.058507323      -1.0000000       2.0000000
   0.00027327659     0.025973467      -1.0000000      -1.0000000      -1.0000000
      -1.0000000      -1.0000000      -1.0000000      -1.0000000      -1.0000000
      -1.0000000
       0.0000000       129.00000     0.073661387       1193.0000       390621.00
       2.1670218       1.2720004      0.31814173      0.44736844      0.15440832
      -2.7951794       23.071341       19.158298       110.35079       12.815652
       121.89852
       0.0000000       128.00000     0.083884433       1189.0000       388036.00
       2.1632006       1.3006814      0.32780212      0.41666669      0.18038854
      -10.176029       18.844492       17.802011       112.42328       12.983891
       119.02296
       0.0000000       127.00000     0.099401802       1187.0000       385639.00
       2.1560161       1.6073551      0.31695843      0.37142855      0.20794514
      -4.7565069       28.497663       10.874917       115.09113       13.937761
       114.31026
       0.0000000       126.00000      0.10986994       1185.0000       383448.00
       2.1418860       1.6556708      0.30882263      0.33333337      0.20771700
      -4.8134270       26.250345       12.410234       113.89442       13.691332
       115.94770
       0.0000000       125.00000      0.12575933       1184.0000       380944.00
       2.0658295       2.0987670      0.32785091      0.48648649      0.19367595
      -3.4114091       22.741318       15.053606       108.13995       14.575588
       122.91491
       0.0000000       124.00000      0.14187621       1194.0000       377975.00
       2.0005839       1.6774724      0.33443913      0.47222227      0.15369448
      -21.276388       23.190403       8.4300957       104.12530       14.040771
       127.34683
       1.0000000       124.00000      0.14187621      -1.0000000       1.0000000
    0.0010655833     0.044044092      -1.0000000      -1.0000000      -1.0000000
      -1.0000000      -1.0000000      -1.0000000      -1.0000000      -1.0000000
      -1.0000000
       0.0000000       123.00000      0.15274876       1197.0000       376457.00
       2.1659157       1.6964972      0.35602376      0.65714288      0.14442483
      -28.814358       3.0656803      -11.742537       102.62237       16.398226
       130.39879
       1.0000000       123.00000      0.15274876      -1.0000000       1.0000000
    0.0010655833     0.044044092      -1.0000000      -1.0000000      -1.0000000
      -1.0000000      -1.0000000      -1.0000000      -1.0000000      -1.0000000
      -1.0000000
       0.0000000       122.00000      0.16925204       1196.0000       372969.00
       1.7545735       1.6661959      0.34291404      0.30555558      0.17579049
      -34.403404       9.3666525      -32.081997       101.58755       15.349050
       135.60495
       2.0000000       122.00000      0.16925204      0.71724457       108.00000
      0.61762613      0.24145354      -1.0000000      -1.0000000      -1.0000000
      -1.0000000      -1.0000000      -1.0000000      -1.0000000      -1.0000000
      -1.0000000
       0.0000000       121.00000      0.18038526       1204.0000       370226.00
       1.7490448       2.6641705      0.31791446      0.25806451      0.21092370
      -11.488506       9.5546694      -38.564056       103.11981       21.015936
       138.91296
       1.0000000       121.00000      0.18038526      -1.0000000       1.0000000
     0.018717183     0.091910683      -1.0000000      -1.0000000      -1.0000000
      -1.0000000      -1.0000000      -1.0000000      -1.0000000      -1.0000000
      -1.0000000
       0.0000000       120.00000      0.19728418       1203.0000       366924.00
       2.1087644       2.7050657      0.25460368      0.66666663      0.40245670
      -7.8628020      -4.2015510      -52.215992       106.82001       18.032082
       140.95607
       1.0000000       120.00000      0.19728418      -1.0000000       1.0000000
   0.00040966170       0.0000000      -1.0000000      -1.0000000      -1.0000000
      -1.0000000      -1.0000000      -1.0000000      -1.0000000      -1.0000000
      -1.0000000
       0.0000000       119.00000      0.21442504       1223.0000       365261.00
       1.2697129       1.8874964      0.45395800      0.38235301      0.30483469
       38.774784       30.663712      -52.483418       99.895256       11.955446
       147.27158
       0.0000000       118.00000      0.22598839      -1.0000000       363341.00
       1.2001655       1.8347062      -1.0000000      -1.0000000      -1.0000000
      -1.0000000      -1.0000000      -1.0000000       98.013054       10.672619
       146.99170
       1.0000000       118.00000      0.22598839      -1.0000000       1.0000000
     0.024521086      0.20684355      -1.0000000      -1.0000000      -1.0000000
      -1.0000000      -1.0000000      -1.0000000      -1.0000000      -1.0000000
      -1.0000000
       0.0000000       117.00000      0.24354018      -1.0000000       359947.00
       1.1486681       1.6329422      -1.0000000      -1.0000000      -1.0000000
      -1.0000000      -1.0000000      -1.0000000       97.234062       10.045462
       144.89455
       0.0000000       116.00000      0.26134327      -1.0000000       357956.00
       1.0991182       1.2809865      -1.0000000      -1.0000000      -1.0000000
      -1.0000000      -1.0000000      -1.0000000       98.066925       9.4479322
       140.00192
       0.0000000       115.00000      0.27335334      -1.0000000       355807.00
       1.1130570       1.2653378      -1.0000000      -1.0000000      -1.0000000
      -1.0000000      -1.0000000      -1.0000000       99.629677       10.069990
       135.78850
       0.0000000       114.00000      0.29158324      -1.0000000       353936.00
       1.0795721       1.4204319      -1.0000000      -1.0000000      -1.0000000
      -1.0000000      -1.0000000      -1.0000000       103.56325       9.9492273
       125.85892
       0.0000000       113.00000      0.31007412      -1.0000000       351512.00
       1.0695221       1.5907029      -1.0000000      -1.0000000      -1.0000000
      -1.0000000      -1.0000000      -1.0000000       108.45080       11.609365
       117.43143
       1.0000000       113.00000      0.31007412      -1.0000000       1.0000000
    0.0011567151     0.021403864      -1.0000000      -1.0000000      -1.0000000
      -1.0000000      -1.0000000      -1.0000000      -1.0000000      -1.0000000
      -1.0000000
       0.0000000       112.00000      0.32882974      -1.0000000       348654.00
       1.0720644       1.7397810      -1.0000000      -1.0000000      -1.0000000
      -1.0000000      -1.0000000      -1.0000000       115.44591       12.981588
       103.69997
       0.0000000       111.00000      0.34785384      -1.0000000       346719.00
       1.0767299       2.7072070      -1.0000000      -1.0000000      -1.0000000
      -1.0000000      -1.0000000      -1.0000000       121.26427       16.107435
       88.381508
       0.0000000       110.00000      0.36068764      -1.0000000       366384.00
       1.0043778       2.8047757      -1.0000000      -1.0000000      -1.0000000
      -1.0000000      -1.0000000      -1.0000000       120.05633       15.191361
       86.010368
       0.0000000       109.00000      0.38016787      -1.0000000       363532.00
      0.94079524       2.0443139      -1.0000000      -1.0000000      -1.0000000
      -1.0000000      -1.0000000      -1.0000000       111.00049       12.807270
       99.020981
       1.0000000       109.00000      0.38016787      -1.0000000       1.0000000
       0.0000000       0.0000000      -1.0000000      -1.0000000      -1.0000000
      -1.0000000      -1.0000000      -1.0000000      -1.0000000      -1.0000000
      -1.0000000
       0.0000000       108.00000      0.39992696      -1.0000000       360363.00
      0.87103063       1.7716209      -1.0000000      -1.0000000      -1.0000000
      -1.0000000      -1.0000000      -1.0000000       99.747169       10.775127
       105.77529
       1.0000000       108.00000      0.39992696      -1.0000000       1.0000000
       0.0000000       0.0000000      -1.0000000      -1.0000000      -1.0000000
      -1.0000000      -1.0000000      -1.0000000      -1.0000000      -1.0000000
      -1.0000000
       0.0000000       107.00000      0.41996893      -1.0000000       356035.00
      0.86110955       1.6352031      -1.0000000      -1.0000000      -1.0000000
      -1.0000000      -1.0000000      -1.0000000       93.087204       10.951320
       105.88361
       1.0000000       107.00000      0.41996893      -1.0000000       1.0000000
       0.0000000       0.0000000      -1.0000000      -1.0000000      -1.0000000
      -1.0000000      -1.0000000      -1.0000000      -1.0000000      -1.0000000
      -1.0000000
       0.0000000       106.00000      0.44029784      -1.0000000       353168.00
      0.84845775       1.1742675      -1.0000000      -1.0000000      -1.0000000
      -1.0000000      -1.0000000      -1.0000000       89.816193       10.359992
       104.66864
       1.0000000       106.00000      0.44029784      -1.0000000       2.0000000
    0.0015784606     0.050978390      -1.0000000      -1.0000000      -1.0000000
      -1.0000000      -1.0000000      -1.0000000      -1.0000000      -1.0000000
      -1.0000000
       0.0000000       105.00000      0.46091780      -1.0000000       350489.00
      0.84568644       1.0804412      -1.0000000      -1.0000000      -1.0000000
      -1.0000000      -1.0000000      -1.0000000       87.153549       10.027915
       96.722427
       0.0000000       104.00000      0.48183295      -1.0000000       347466.00
      0.78465283       1.0906749      -1.0000000      -1.0000000      -1.0000000
      -1.0000000      -1.0000000      -1.0000000       86.390175       10.325950
       86.048080
       1.0000000       104.00000      0.48183295      -1.0000000       1.0000000
      0.14683376      0.48955852      -1.0000000      -1.0000000      -1.0000000
      -1.0000000      -1.0000000      -1.0000000      -1.0000000      -1.0000000
      -1.0000000
       0.0000000       103.00000      0.50304753      -1.0000000       341744.00
      0.81102306       1.5788101      -1.0000000      -1.0000000      -1.0000000
      -1.0000000      -1.0000000      -1.0000000       88.015572       12.966026
       82.519318
       1.0000000       103.00000      0.50304753      -1.0000000       2.0000000
     0.011382288     0.027951455      -1.0000000      -1.0000000      -1.0000000
      -1.0000000      -1.0000000      -1.0000000      -1.0000000      -1.0000000
      -1.0000000
       0.0000000       102.00000      0.52456582      -1.0000000       338646.00
      0.78746474       1.8782668      -1.0000000      -1.0000000      -1.0000000
      -1.0000000      -1.0000000      -1.0000000       91.349319       12.391447
       86.553276
       0.0000000       101.00000      0.54639220      -1.0000000       335258.00
      0.83252120       2.0350671      -1.0000000      -1.0000000      -1.0000000
      -1.0000000      -1.0000000      -1.0000000       89.960510       12.183721
       90.004395
       0.0000000       100.00000      0.57598084      -1.0000000       330028.00
      0.63363892      0.86710596      -1.0000000      -1.0000000      -1.0000000
      -1.0000000      -1.0000000      -1.0000000       82.004860       7.5374784
       102.61733
       1.0000000       100.00000      0.57598084      -1.0000000       1.0000000
   0.00046671904    0.0053513232      -1.0000000      -1.0000000      -1.0000000
      -1.0000000      -1.0000000      -1.0000000      -1.0000000      -1.0000000
      -1.0000000
       0.0000000       99.000000      0.59854329      -1.0000000       359599.00
      0.61892813      0.75583315      -1.0000000      -1.0000000      -1.0000000
      -1.0000000      -1.0000000      -1.0000000       80.592453       6.9386573
       107.77534
       0.0000000       98.000000      0.62142873      -1.0000000       357459.00
      0.61202258      0.88791341      -1.0000000      -1.0000000      -1.0000000
      -1.0000000      -1.0000000      -1.0000000       80.807045       7.0300131
       111.63768
       0.0000000       97.000000      0.64464182      -1.0000000       354156.00
      0.60052854      0.94646591      -1.0000000      -1.0000000      -1.0000000
      -1.0000000      -1.0000000      -1.0000000       81.348534       6.8271885
       113.94024
       1.0000000       97.000000      0.64464182      -1.0000000       1.0000000
       0.0000000       0.0000000      -1.0000000      -1.0000000      -1.0000000
      -1.0000000      -1.0000000      -1.0000000      -1.0000000      -1.0000000
      -1.0000000
       0.0000000       96.000000      0.67611039      -1.0000000       348653.00
      0.58415383      0.87006545      -1.0000000      -1.0000000      -1.0000000
      -1.0000000      -1.0000000      -1.0000000       82.616943       6.9435878
       116.73977
       1.0000000       96.000000      0.67611039      -1.0000000       1.0000000
     0.013251640      0.10150039      -1.0000000      -1.0000000      -1.0000000
      -1.0000000      -1.0000000      -1.0000000      -1.0000000      -1.0000000
      -1.0000000
       0.0000000       95.000000      0.70010638      -1.0000000       344507.00
      0.57960659      0.94645172      -1.0000000      -1.0000000      -1.0000000
      -1.0000000      -1.0000000      -1.0000000       84.427307       6.9039497
       117.81435
       1.0000000       95.000000      0.70010638      -1.0000000       1.0000000
   0.00021502899       0.0000000      -1.0000000      -1.0000000      -1.0000000
      -1.0000000      -1.0000000      -1.0000000      -1.0000000      -1.0000000
      -1.0000000
       0.0000000       94.000000      0.73263615      -1.0000000       339735.00
      0.54902369      0.69757903      -1.0000000      -1.0000000      -1.0000000
      -1.0000000      -1.0000000      -1.0000000       87.575699       5.6581516
       117.92706
       1.0000000       94.000000      0.73263615      -1.0000000       1.0000000
    0.0018271840     0.025032515      -1.0000000      -1.0000000      -1.0000000
      -1.0000000      -1.0000000      -1.0000000      -1.0000000      -1.0000000
      -1.0000000
       0.0000000       93.000000      0.75744140      -1.0000000       334747.00
      0.60288620      0.80579686      -1.0000000      -1.0000000      -1.0000000
      -1.0000000      -1.0000000      -1.0000000       90.732430       10.420194
       117.49966
       1.0000000       93.000000      0.75744140      -1.0000000       2.0000000
   0.00024017267   0.00082420511      -1.0000000      -1.0000000      -1.0000000
      -1.0000000      -1.0000000      -1.0000000      -1.0000000      -1.0000000
      -1.0000000
       0.0000000       92.000000      0.79106826      -1.0000000       325828.00
      0.62454021      0.39420027      -1.0000000      -1.0000000      -1.0000000
      -1.0000000      -1.0000000      -1.0000000       96.177422       7.0710864
       115.21298
       0.0000000       91.000000      0.81671000      -1.0000000       321779.00
      0.49374342       1.1904036      -1.0000000      -1.0000000      -1.0000000
      -1.0000000      -1.0000000      -1.0000000       95.719566       8.3828068
       112.12801
       1.0000000       91.000000      0.81671000      -1.0000000       3.0000000
    0.0013465445      0.24240019      -1.0000000      -1.0000000      -1.0000000
      -1.0000000      -1.0000000      -1.0000000      -1.0000000      -1.0000000
      -1.0000000
       0.0000000       90.000000      0.85147089      -1.0000000       318256.00
      0.36738357      0.40425956      -1.0000000      -1.0000000      -1.0000000
      -1.0000000      -1.0000000      -1.0000000       98.695450       3.3586068
       108.57989
       0.0000000       89.000000      0.88689691      -1.0000000       314442.00
      0.37071028      0.54006797      -1.0000000      -1.0000000      -1.0000000
      -1.0000000      -1.0000000      -1.0000000       104.49409       3.8515546
       106.20409
       1.0000000       89.000000      0.88689691      -1.0000000       1.0000000
   0.00012478082     0.019531170      -1.0000000      -1.0000000      -1.0000000
      -1.0000000      -1.0000000      -1.0000000      -1.0000000      -1.0000000
      -1.0000000
       0.0000000       88.000000      0.92300081      -1.0000000       309689.00
      0.35204962      0.31855467      -1.0000000      -1.0000000      -1.0000000
      -1.0000000      -1.0000000      -1.0000000       102.15770       3.1986251
       113.97375
       1.0000000       88.000000      0.92300081      -1.0000000       2.0000000
       0.0000000       0.0000000      -1.0000000      -1.0000000      -1.0000000
      -1.0000000      -1.0000000      -1.0000000      -1.0000000      -1.0000000
      -1.0000000
       0.0000000       87.000000      0.95053136      -1.0000000       305576.00
      0.34021807      0.24831371      -1.0000000      -1.0000000      -1.0000000
      -1.0000000      -1.0000000      -1.0000000       100.64807       2.9192233
       114.12986
       1.0000000       87.000000      0.95053136      -1.0000000       1.0000000
   0.00022763255     0.021805393      -1.0000000      -1.0000000      -1.0000000
      -1.0000000      -1.0000000      -1.0000000      -1.0000000      -1.0000000
      -1.0000000
       0.0000000       86.000000      0.98785281      -1.0000000       297698.00
      0.34205899      0.29125887      -1.0000000      -1.0000000      -1.0000000
      -1.0000000      -1.0000000      -1.0000000       97.690109       2.9890115
       105.02215
       0.0000000       85.000000      0.99729425      -1.0000000       295685.00
      0.33756629      0.31952727      -1.0000000      -1.0000000      -1.0000000
      -1.0000000      -1.0000000      -1.0000000       97.266190       2.9050574
       104.15991
       0.0000000       84.000000       1.0355104      -1.0000000       289863.00
      0.32112774      0.45698366      -1.0000000      -1.0000000      -1.0000000
      -1.0000000      -1.0000000      -1.0000000       92.723953       2.9339819
       113.32311
       1.0000000       84.000000       1.0355104      -1.0000000       1.0000000
       0.0000000       0.0000000      -1.0000000      -1.0000000      -1.0000000
      -1.0000000      -1.0000000      -1.0000000      -1.0000000      -1.0000000
      -1.0000000
       0.0000000       83.000000       1.0744579      -1.0000000       284076.00
      0.29786989      0.44047591      -1.0000000      -1.0000000      -1.0000000
      -1.0000000      -1.0000000      -1.0000000       87.503113       2.6205225
       128.13068
       1.0000000       83.000000       1.0744579      -1.0000000       1.0000000
    0.0015069672     0.029932825      -1.0000000      -1.0000000      -1.0000000
      -1.0000000      -1.0000000      -1.0000000      -1.0000000      -1.0000000
      -1.0000000
       0.0000000       82.000000       1.1141505      -1.0000000       281596.00
      0.27700740      0.39830288      -1.0000000      -1.0000000      -1.0000000
      -1.0000000      -1.0000000      -1.0000000       75.815971       2.3295038
       29.152548
       0.0000000       81.000000       1.1546028      -1.0000000       278991.00
      0.26150447      0.35087097      -1.0000000      -1.0000000      -1.0000000
      -1.0000000      -1.0000000      -1.0000000       73.483223       2.3254077
       37.810898
       0.0000000       80.000000       1.2062581      -1.0000000       272146.00
      0.26186165      0.29691738      -1.0000000      -1.0000000      -1.0000000
      -1.0000000      -1.0000000      -1.0000000       72.028633       2.3250232
       41.610348
       0.0000000       79.000000       1.2484726      -1.0000000       268494.00
      0.25080851      0.33972687      -1.0000000      -1.0000000      -1.0000000
      -1.0000000      -1.0000000      -1.0000000       71.070557       2.2377849
       41.646927
       0.0000000       78.000000       1.3023784      -1.0000000       263769.00
      0.24975966      0.40896830      -1.0000000      -1.0000000      -1.0000000
      -1.0000000      -1.0000000      -1.0000000       73.837563       2.3729672
       41.683033
       0.0000000       77.000000       1.3575766      -1.0000000       257066.00
      0.23398006      0.42548299      -1.0000000      -1.0000000      -1.0000000
      -1.0000000      -1.0000000      -1.0000000       73.628685       2.3755355
       41.113941
       0.0000000       76.000000       1.4140983      -1.0000000       255679.00
      0.21846040      0.35104066      -1.0000000      -1.0000000      -1.0000000
      -1.0000000      -1.0000000      -1.0000000       70.970520       2.3275096
       45.463047
       0.0000000       75.000000       1.4719748      -1.0000000       268744.00
      0.20676795      0.39718443      -1.0000000      -1.0000000      -1.0000000
      -1.0000000      -1.0000000      -1.0000000       70.061813       2.3249972
       47.603531
       1.0000000       75.000000       1.4719748      -1.0000000       1.0000000
       0.0000000       0.0000000      -1.0000000      -1.0000000      -1.0000000
      -1.0000000      -1.0000000      -1.0000000      -1.0000000      -1.0000000
      -1.0000000
       0.0000000       74.000000       1.5312390      -1.0000000       262735.00
      0.19533101      0.34417415      -1.0000000      -1.0000000      -1.0000000
      -1.0000000      -1.0000000      -1.0000000       66.234863       2.1377833
       68.566505
       0.0000000       73.000000       1.6042346      -1.0000000       255110.00
      0.18897618      0.28121862      -1.0000000      -1.0000000      -1.0000000
      -1.0000000      -1.0000000      -1.0000000       66.194016       2.0715628
       69.750183
       0.0000000       72.000000       1.6666696      -1.0000000       302485.00
      0.18613684      0.31342709      -1.0000000      -1.0000000      -1.0000000
      -1.0000000      -1.0000000      -1.0000000       69.052574       2.1134279
       67.517365
       0.0000000       71.000000       1.7435706      -1.0000000       314121.00
      0.17800942      0.37571391      -1.0000000      -1.0000000      -1.0000000
      -1.0000000      -1.0000000      -1.0000000       71.654488       2.1074450
       64.093018
       1.0000000       71.000000       1.7435706      -1.0000000       1.0000000
    0.0017617280       0.0000000      -1.0000000      -1.0000000      -1.0000000
      -1.0000000      -1.0000000      -1.0000000      -1.0000000      -1.0000000
      -1.0000000
       0.0000000       70.000000       1.8226893      -1.0000000       300925.00
      0.16461381      0.35855556      -1.0000000      -1.0000000      -1.0000000
      -1.0000000      -1.0000000      -1.0000000       73.472549       2.0918999
       64.283821
       0.0000000       69.000000       1.9040896      -1.0000000       286070.00
      0.15386020      0.30743614      -1.0000000      -1.0000000      -1.0000000
      -1.0000000      -1.0000000      -1.0000000       72.327560       1.7976503
       71.253441
       0.0000000       68.000000       2.0020282      -1.0000000       272645.00
      0.14408892      0.26886395      -1.0000000      -1.0000000      -1.0000000
      -1.0000000      -1.0000000      -1.0000000       71.802841       1.7448850
       79.029022
       0.0000000       67.000000       2.1032696      -1.0000000       260814.00
      0.13725285      0.19803366      -1.0000000      -1.0000000      -1.0000000
      -1.0000000      -1.0000000      -1.0000000       73.557228       1.7016193
       81.694664
       0.0000000       66.000000       2.2079256      -1.0000000       253266.00
      0.13382849      0.31646189      -1.0000000      -1.0000000      -1.0000000
      -1.0000000      -1.0000000      -1.0000000       79.813194       1.8372396
       69.919281
       1.0000000       66.000000       2.2079256      -1.0000000       1.0000000
    0.0013095664       0.0000000      -1.0000000      -1.0000000      -1.0000000
      -1.0000000      -1.0000000      -1.0000000      -1.0000000      -1.0000000
      -1.0000000
       0.0000000       65.000000       2.3161108      -1.0000000       244529.00
      0.10993994      0.57403314      -1.0000000      -1.0000000      -1.0000000
      -1.0000000      -1.0000000      -1.0000000       82.765381       2.2925615
       57.679482
       0.0000000       64.000000       2.4442258      -1.0000000       232626.00
     0.077275500      0.20621228      -1.0000000      -1.0000000      -1.0000000
      -1.0000000      -1.0000000      -1.0000000       83.013496       1.6346105
       61.439129
       0.0000000       63.000000       2.5772903      -1.0000000       218839.00
     0.066260308      0.16076605      -1.0000000      -1.0000000      -1.0000000
      -1.0000000      -1.0000000      -1.0000000       67.229301       1.0846108
       78.186447
       1.0000000       63.000000       2.5772903      -1.0000000       2.0000000
    0.0047759209     0.065712251      -1.0000000      -1.0000000      -1.0000000
      -1.0000000      -1.0000000      -1.0000000      -1.0000000      -1.0000000
      -1.0000000
       0.0000000       62.000000       2.7331426      -1.0000000       203814.00
     0.058533531      0.15886810      -1.0000000      -1.0000000      -1.0000000
      -1.0000000      -1.0000000      -1.0000000       62.629646      0.99536365
       75.311798
       1.0000000       62.000000       2.7331426      -1.0000000       1.0000000
       0.0000000       0.0000000      -1.0000000      -1.0000000      -1.0000000
      -1.0000000      -1.0000000      -1.0000000      -1.0000000      -1.0000000
      -1.0000000
       0.0000000       61.000000       2.8957851      -1.0000000       190487.00
     0.051426500      0.17150582      -1.0000000      -1.0000000      -1.0000000
      -1.0000000      -1.0000000      -1.0000000       62.639198       1.1756246
       68.476768
       0.0000000       60.000000       3.0081310      -1.0000000       222407.00
     0.047461193      0.16261253      -1.0000000      -1.0000000      -1.0000000
      -1.0000000      -1.0000000      -1.0000000       62.246147       1.1333311
       62.189602
       0.0000000       59.000000       3.0848227      -1.0000000       219077.00
     0.044868581      0.12692387      -1.0000000      -1.0000000      -1.0000000
      -1.0000000      -1.0000000      -1.0000000       61.402710       1.0148869
       61.752167
       0.0000000       58.000000       3.2830331      -1.0000000       205377.00
     0.039829120      0.15297768      -1.0000000      -1.0000000      -1.0000000
      -1.0000000      -1.0000000      -1.0000000       62.508949      0.97251725
       60.219494
       1.0000000       58.000000       3.2830331      -1.0000000       1.0000000
       0.0000000       0.0000000      -1.0000000      -1.0000000      -1.0000000
      -1.0000000      -1.0000000      -1.0000000      -1.0000000      -1.0000000
      -1.0000000
       0.0000000       57.000000       3.4908614      -1.0000000       186968.00
     0.034025393      0.15889940      -1.0000000      -1.0000000      -1.0000000
      -1.0000000      -1.0000000      -1.0000000       61.246677       1.1342138
       59.181858
