       0.0000000       135.00000       0.0000000       1459.0000       419633.00
       4.1657348       3.3442295      0.52883953      0.73529410      0.68558037
      -158.51401      -220.80602       131.93410       103.22443       28.139688
       73.482254
       0.0000000       134.00000    0.0095216669       1466.0000       417547.00
       4.1273823       3.3240771      0.53075463      0.67857140      0.59892672
      -154.12964      -225.20935       138.77443       103.50908       27.656572
       73.947495
       1.0000000       134.00000    0.0095216669      -1.0000000       2.0000000
     0.010251793      0.11366744      -1.0000000      -1.0000000      -1.0000000
      -1.0000000      -1.0000000      -1.0000000      -1.0000000      -1.0000000
      -1.0000000
       0.0000000       133.00000     0.023974428       1482.0000       414648.00
       4.0443521       3.2668178      0.52812141      0.72222221      0.69733775
      -152.93254      -219.78148       151.17516       103.02351       27.530685
       74.680290
       1.0000000       133.00000     0.023974428      -1.0000000       3.0000000
     0.021825206      0.14409546      -1.0000000      -1.0000000      -1.0000000
      -1.0000000      -1.0000000      -1.0000000      -1.0000000      -1.0000000
      -1.0000000
       0.0000000       132.00000     0.033724371       1490.0000       414054.00
       3.9952123       2.9833059      0.53866398      0.66666663      0.64076424
      -150.18024      -217.10710       155.84482       102.79826       26.472183
       74.794006
       1.0000000       132.00000     0.033724371      -1.0000000       1.0000000
     0.020798581      0.13090037      -1.0000000      -1.0000000      -1.0000000
      -1.0000000      -1.0000000      -1.0000000      -1.0000000      -1.0000000
      -1.0000000
       0.0000000       131.00000     0.048523631       1512.0000       411054.00
       4.0007286       2.9340320      0.53916228      0.68750000      0.68849987
      -161.23856      -218.25189       144.01656       102.66053       26.968899
       75.573898
       1.0000000       131.00000     0.048523631      -1.0000000       1.0000000
     0.020798581      0.13090037      -1.0000000      -1.0000000      -1.0000000
      -1.0000000      -1.0000000      -1.0000000      -1.0000000      -1.0000000
      -1.0000000
       0.0000000       130.00000     0.058507323       1523.0000       408863.00
       3.9622469       2.4833701      0.53483772      0.68750000      0.67900383
      -163.72107      -214.16486       139.78081       102.95958       26.427776
       76.476753
       1.0000000       130.00000     0.058507323      -1.0000000       3.0000000
     0.018901245     0.058636334      -1.0000000      -1.0000000      -1.0000000
      -1.0000000      -1.0000000      -1.0000000      -1.0000000      -1.0000000
      -1.0000000
       0.0000000       129.00000     0.073661387       1513.0000       405727.00
       3.9405928       2.5204172      0.52893221      0.65517241      0.61954075
      -159.14493      -215.79579       137.84068       103.35374       26.428139
       77.028687
       1.0000000       129.00000     0.073661387      -1.0000000       3.0000000
     0.014637602      0.10007786      -1.0000000      -1.0000000      -1.0000000
      -1.0000000      -1.0000000      -1.0000000      -1.0000000      -1.0000000
      -1.0000000
       0.0000000       128.00000     0.083884433       1517.0000       403476.00
       3.8975623       2.5702298      0.53083748      0.68750000      0.63930929
      -157.08168      -211.39020       140.91914       103.42498       26.234512
       77.435501
       1.0000000       128.00000     0.083884433      -1.0000000       1.0000000
    0.0029747912     0.030962933      -1.0000000      -1.0000000      -1.0000000
      -1.0000000      -1.0000000      -1.0000000      -1.0000000      -1.0000000
      -1.0000000
       0.0000000       127.00000     0.099401802       1537.0000       402115.00
       3.8537621       2.6778061      0.52390200      0.62068963      0.63939190
      -161.49826      -206.42757       144.70029       103.24745       25.809168
       77.921684
       1.0000000       127.00000     0.099401802      -1.0000000       2.0000000
     0.011866665     0.054229666      -1.0000000      -1.0000000      -1.0000000
      -1.0000000      -1.0000000      -1.0000000      -1.0000000      -1.0000000
      -1.0000000
       0.0000000       126.00000      0.10986994       1551.0000       400775.00
       3.8285327       2.7495108      0.53241378      0.65517241      0.63052750
      -167.55815      -203.22105       146.09218       103.56904       25.671518
       77.964958
       1.0000000       126.00000      0.10986994      -1.0000000       1.0000000
   0.00061098963       0.0000000      -1.0000000      -1.0000000      -1.0000000
      -1.0000000      -1.0000000      -1.0000000      -1.0000000      -1.0000000
      -1.0000000
       0.0000000       125.00000      0.12575933       1550.0000       398589.00
       3.7845581       2.7000754      0.52490681      0.66666663      0.64507884
      -168.36488      -196.69658       146.01730       104.02517       25.813585
       78.283051
       1.0000000       125.00000      0.12575933      -1.0000000       3.0000000
     0.028439545      0.20603584      -1.0000000      -1.0000000      -1.0000000
      -1.0000000      -1.0000000      -1.0000000      -1.0000000      -1.0000000
      -1.0000000
       0.0000000       124.00000      0.14187621       1562.0000       395727.00
       3.6694083       2.6668899      0.52719444      0.65625000      0.65069216
      -167.80446      -196.94221       140.00783       105.17941       24.747761
       77.819527
       1.0000000       124.00000      0.14187621      -1.0000000       3.0000000
     0.023777361      0.12303780      -1.0000000      -1.0000000      -1.0000000
      -1.0000000      -1.0000000      -1.0000000      -1.0000000      -1.0000000
      -1.0000000
       0.0000000       123.00000      0.15274876       1568.0000       394151.00
       3.6346519       2.6784754      0.51710796      0.68750000      0.63011348
      -169.75328      -198.44337       135.16998       105.56712       25.577574
       77.771347
       1.0000000       123.00000      0.15274876      -1.0000000       1.0000000
     0.010184230     0.027007554      -1.0000000      -1.0000000      -1.0000000
      -1.0000000      -1.0000000      -1.0000000      -1.0000000      -1.0000000
      -1.0000000
       0.0000000       122.00000      0.16925204       1579.0000       391668.00
       3.6213343       2.8655586      0.52764690      0.69696975      0.63906312
      -168.51111      -206.00520       135.69969       105.80530       24.852636
       78.111229
       1.0000000       122.00000      0.16925204      -1.0000000       1.0000000
    0.0053501637     0.044668484      -1.0000000      -1.0000000      -1.0000000
      -1.0000000      -1.0000000      -1.0000000      -1.0000000      -1.0000000
      -1.0000000
       0.0000000       121.00000      0.18038526       1587.0000       389051.00
       3.6664348       3.0561285      0.52493107      0.67741930      0.63197678
      -163.21387      -207.35361       138.67024       105.59883       25.607489
       79.241447
       1.0000000       121.00000      0.18038526      -1.0000000       3.0000000
    0.0062418655      0.12779495      -1.0000000      -1.0000000      -1.0000000
      -1.0000000      -1.0000000      -1.0000000      -1.0000000      -1.0000000
      -1.0000000
       0.0000000       120.00000      0.19728418       1586.0000       385672.00
       3.5385301       2.9502766      0.53243440      0.68750000      0.65208584
      -153.33403      -210.68108       144.85988       105.39837       24.369816
       81.381058
       0.0000000       119.00000      0.21442504       1576.0000       382473.00
       3.4814630       2.7577159      0.52516872      0.63333333      0.60685194
      -153.70514      -199.58308       150.53680       105.03664       23.940445
       82.739914
       1.0000000       119.00000      0.21442504      -1.0000000       4.0000000
     0.029201027      0.18781725      -1.0000000      -1.0000000      -1.0000000
      -1.0000000      -1.0000000      -1.0000000      -1.0000000      -1.0000000
      -1.0000000
       0.0000000       118.00000      0.22598839       1578.0000       380557.00
       3.5054967       2.5509856      0.52124083      0.60714281      0.60924911
      -157.45084      -192.31593       151.53203       104.85606       23.775286
       83.599312
       1.0000000       118.00000      0.22598839      -1.0000000       3.0000000
     0.021358347      0.13495361      -1.0000000      -1.0000000      -1.0000000
      -1.0000000      -1.0000000      -1.0000000      -1.0000000      -1.0000000
      -1.0000000
       0.0000000       117.00000      0.24354018       1587.0000       376465.00
       3.4938231       2.8061485      0.52397215      0.67741930      0.62738347
      -165.34868      -196.46346       146.81721       104.89077       23.930471
       83.801544
       0.0000000       116.00000      0.26134327       1596.0000       373508.00
       3.3982840       2.6685443      0.51937151      0.66666663      0.63785344
      -158.48004      -195.35538       136.42340       105.85591       23.658499
       83.675850
       1.0000000       116.00000      0.26134327      -1.0000000       3.0000000
     0.036622485      0.22571879      -1.0000000      -1.0000000      -1.0000000
      -1.0000000      -1.0000000      -1.0000000      -1.0000000      -1.0000000
      -1.0000000
       0.0000000       115.00000      0.27335334       1594.0000       370817.00
       3.4056339       2.8868768      0.52123201      0.57142854      0.57997519
      -156.64502      -200.95541       131.18033       106.71065       23.662479
       84.226471
       0.0000000       114.00000      0.29158324       1606.0000       368022.00
       3.3628426       3.1055605      0.52303183      0.63333333      0.58350289
      -150.39795      -211.95192       126.22140       107.46005       23.631075
       84.886482
       1.0000000       114.00000      0.29158324      -1.0000000       1.0000000
     0.010605784     0.080167279      -1.0000000      -1.0000000      -1.0000000
      -1.0000000      -1.0000000      -1.0000000      -1.0000000      -1.0000000
      -1.0000000
       0.0000000       113.00000      0.31007412       1604.0000       364622.00
       3.2618256       2.9320054      0.51283377      0.55172414      0.58570719
      -138.20526      -214.57622       116.90834       107.75372       22.947546
       83.985199
       1.0000000       113.00000      0.31007412      -1.0000000       3.0000000
     0.029453412      0.21263072      -1.0000000      -1.0000000      -1.0000000
      -1.0000000      -1.0000000      -1.0000000      -1.0000000      -1.0000000
      -1.0000000
       0.0000000       112.00000      0.32882974       1641.0000       361277.00
       3.2870336       3.0528975      0.51459581      0.60714281      0.59925950
      -129.56245      -221.65910       119.45573       108.85020       23.592785
       82.620453
       1.0000000       112.00000      0.32882974      -1.0000000       1.0000000
    0.0084983464     0.046916697      -1.0000000      -1.0000000      -1.0000000
      -1.0000000      -1.0000000      -1.0000000      -1.0000000      -1.0000000
      -1.0000000
       0.0000000       111.00000      0.34785384       1644.0000       358807.00
       3.2362027       2.9984162      0.51180577      0.70588237      0.62815398
      -114.67883      -224.84061       124.66827       109.38869       22.851807
       83.626823
       1.0000000       111.00000      0.34785384      -1.0000000       1.0000000
    0.0062931115     0.033375647      -1.0000000      -1.0000000      -1.0000000
      -1.0000000      -1.0000000      -1.0000000      -1.0000000      -1.0000000
      -1.0000000
       0.0000000       110.00000      0.36068764       1669.0000       357909.00
       3.1846843       2.7889388      0.51068598      0.65625000      0.60089695
      -109.51346      -216.93004       129.63754       109.90957       22.648426
       83.435066
       1.0000000       110.00000      0.36068764      -1.0000000       3.0000000
     0.026002334      0.18655399      -1.0000000      -1.0000000      -1.0000000
      -1.0000000      -1.0000000      -1.0000000      -1.0000000      -1.0000000
      -1.0000000
       0.0000000       109.00000      0.38016787       1687.0000       355151.00
       3.1318581       3.3235130      0.50688010      0.60714281      0.57166642
      -109.39896      -212.15884       135.08856       110.39500       22.598469
       83.644524
       1.0000000       109.00000      0.38016787      -1.0000000       4.0000000
     0.022630028      0.18848316      -1.0000000      -1.0000000      -1.0000000
      -1.0000000      -1.0000000      -1.0000000      -1.0000000      -1.0000000
      -1.0000000
       0.0000000       108.00000      0.39992696       1695.0000       353397.00
       3.0942690       3.5475538      0.50218254      0.64516127      0.59807837
      -102.52667      -209.26114       140.37949       110.71100       22.535036
       82.973846
       1.0000000       108.00000      0.39992696      -1.0000000       1.0000000
       0.0000000       0.0000000      -1.0000000      -1.0000000      -1.0000000
      -1.0000000      -1.0000000      -1.0000000      -1.0000000      -1.0000000
      -1.0000000
       0.0000000       107.00000      0.41996893       1722.0000       350436.00
       3.0481322       3.3750300      0.49790967      0.55555546      0.54697740
      -104.42593      -199.00282       142.46436       110.55830       22.303226
       82.511444
       1.0000000       107.00000      0.41996893      -1.0000000       4.0000000
    0.0010047136       0.0000000      -1.0000000      -1.0000000      -1.0000000
      -1.0000000      -1.0000000      -1.0000000      -1.0000000      -1.0000000
      -1.0000000
       0.0000000       106.00000      0.44029784       1721.0000       347712.00
       2.9579234       3.4500124      0.49120945      0.62068963      0.56610960
      -114.92474      -184.28996       143.76013       110.46801       21.961084
       82.037529
       0.0000000       105.00000      0.46091780       1769.0000       345547.00
       2.9197111       3.3119133      0.49339226      0.60000002      0.55312556
      -133.91399      -175.55040       137.26801       111.82433       21.639475
       80.988373
       1.0000000       105.00000      0.46091780      -1.0000000       2.0000000
    0.0051815119     0.033125769      -1.0000000      -1.0000000      -1.0000000
      -1.0000000      -1.0000000      -1.0000000      -1.0000000      -1.0000000
      -1.0000000
       0.0000000       104.00000      0.48183295       1784.0000       342175.00
       2.8789172       3.8040786      0.48890927      0.55555546      0.53935373
      -137.03380      -180.19736       117.43524       112.27910       21.863510
       81.698486
       1.0000000       104.00000      0.48183295      -1.0000000       3.0000000
     0.010186867      0.14754819      -1.0000000      -1.0000000      -1.0000000
      -1.0000000      -1.0000000      -1.0000000      -1.0000000      -1.0000000
      -1.0000000
       0.0000000       103.00000      0.50304753       1810.0000       338811.00
       2.7149391       4.0552144      0.47483537      0.57142854      0.54651153
      -123.91788      -182.59050       104.91777       109.99424       20.638624
       82.899010
       0.0000000       102.00000      0.52456582       1845.0000       337396.00
       2.6200981       3.2984939      0.47130212      0.56666672      0.51497525
      -109.38351      -185.07454       94.675316       107.81982       19.550957
       83.256508
       1.0000000       102.00000      0.52456582      -1.0000000       1.0000000
    0.0027401722     0.055569988      -1.0000000      -1.0000000      -1.0000000
      -1.0000000      -1.0000000      -1.0000000      -1.0000000      -1.0000000
      -1.0000000
       0.0000000       101.00000      0.54639220       1856.0000       334356.00
       2.5583906       2.6207752      0.47237068      0.57575762      0.51982868
      -105.23204      -191.73557       96.319435       107.83809       18.671871
       83.323883
       0.0000000       100.00000      0.57598084       1845.0000       329788.00
       2.5284445       3.2194781      0.46597728      0.48148143      0.50319803
      -94.470749      -187.25410       113.45518       109.27899       18.960056
       85.307983
       0.0000000       99.000000      0.59854329       1871.0000       326272.00
       2.4265153       3.5592895      0.46006995      0.50000000      0.49072349
      -90.252876      -171.12459       111.31396       108.40447       18.484612
       86.805061
       0.0000000       98.000000      0.62142873       1875.0000       322940.00
       2.3461382       3.0464780      0.44889930      0.48275858      0.43740851
      -83.898468      -164.59735       95.465073       107.35157       18.086821
       88.609200
       0.0000000       97.000000      0.64464182       1899.0000       321296.00
       2.2874532       2.5742466      0.45151404      0.53125000      0.46692362
      -77.475777      -169.74991       98.726654       107.91621       17.109997
       90.479080
       0.0000000       96.000000      0.67611039       1899.0000       317850.00
       2.2268786       2.9488897      0.44039133      0.46428573      0.42248222
      -83.017769      -154.22356       114.73487       109.36874       16.785891
       93.152588
       0.0000000       95.000000      0.70010638       1882.0000       313663.00
       2.1328597       2.5947719      0.42853919      0.48275858      0.43963253
      -79.763832      -140.85896       99.788322       107.82189       16.226902
       96.291801
       1.0000000       95.000000      0.70010638      -1.0000000       2.0000000
    0.0030535446     0.045806885      -1.0000000      -1.0000000      -1.0000000
      -1.0000000      -1.0000000      -1.0000000      -1.0000000      -1.0000000
      -1.0000000
       0.0000000       94.000000      0.73263615       1948.0000       312242.00
       2.1195242       1.9071883      0.42197183      0.51612902      0.44143954
      -76.148560      -145.87016       88.961548       107.07783       15.621800
       97.170540
       1.0000000       94.000000      0.73263615      -1.0000000       1.0000000
       0.0000000       0.0000000      -1.0000000      -1.0000000      -1.0000000
      -1.0000000      -1.0000000      -1.0000000      -1.0000000      -1.0000000
      -1.0000000
       0.0000000       93.000000      0.75744140       1970.0000       308751.00
       2.1657085       1.9800490      0.42141607      0.51428568      0.47895703
      -65.591896      -143.51753       87.326843       107.99336       15.957536
       95.267494
       0.0000000       92.000000      0.79106826       1854.0000       298679.00
       2.0222702       1.8531989      0.42886743      0.58974349      0.45231661
      -53.112720      -152.56277       112.91735       110.53864       15.255115
       98.532204
       0.0000000       91.000000      0.81671000       1748.0000       290893.00
       2.1278849       2.4636250      0.40904573      0.45161289      0.41666412
      -57.016617      -150.01309       115.58673       113.66723       16.666306
       98.370766
       0.0000000       90.000000      0.85147089       1714.0000       285010.00
       1.8246263       3.2779236      0.38516724      0.43750000      0.36263642
      -59.021381      -114.22581       85.771461       113.44647       14.772408
       99.776558
       1.0000000       90.000000      0.85147089      -1.0000000       1.0000000
   0.00023185153    0.0061412239      -1.0000000      -1.0000000      -1.0000000
      -1.0000000      -1.0000000      -1.0000000      -1.0000000      -1.0000000
      -1.0000000
       0.0000000       89.000000      0.88689691       1685.0000       279888.00
       1.8190452       2.6063259      0.40251747      0.52631581      0.50021458
      -40.286850      -153.27542       77.724777       115.31028       17.408779
       109.47367
       1.0000000       89.000000      0.88689691      -1.0000000       6.0000000
    0.0038725095     0.061894321      -1.0000000      -1.0000000      -1.0000000
      -1.0000000      -1.0000000      -1.0000000      -1.0000000      -1.0000000
      -1.0000000
       0.0000000       88.000000      0.92300081       1673.0000       274130.00
       1.6418326       2.4818749      0.39741060      0.29032254      0.35436711
       2.5153818      -129.69481       67.715843       113.41772       14.113511
       113.61963
       2.0000000       88.000000      0.92300081      0.26037821       84.000000
      0.31646663      0.79911840      -1.0000000      -1.0000000      -1.0000000
      -1.0000000      -1.0000000      -1.0000000      -1.0000000      -1.0000000
      -1.0000000
       1.0000000       88.000000      0.92300081      -1.0000000       1.0000000
       0.0000000       0.0000000      -1.0000000      -1.0000000      -1.0000000
      -1.0000000      -1.0000000      -1.0000000      -1.0000000      -1.0000000
      -1.0000000
       0.0000000       87.000000      0.95053136       1687.0000       271318.00
       1.4352610       1.8424081      0.40808669      0.33333337      0.32983980
      -4.9655967      -109.81161       46.639153       111.60214       10.616712
       118.28453
       1.0000000       87.000000      0.95053136      -1.0000000       3.0000000
     0.059361876      0.22212580      -1.0000000      -1.0000000      -1.0000000
      -1.0000000      -1.0000000      -1.0000000      -1.0000000      -1.0000000
      -1.0000000
       0.0000000       86.000000      0.98785281       1684.0000       266010.00
       1.3871082       2.2385111      0.41207051      0.31250006      0.28618664
       24.582664      -97.950386       59.249489       115.56599       11.015377
       119.55699
       0.0000000       85.000000      0.99729425       1709.0000       265741.00
       1.3512962       2.2931733      0.40602267      0.40540540      0.29228485
       34.459606      -87.211861       72.459450       117.20417       10.550114
       118.62312
       1.0000000       85.000000      0.99729425      -1.0000000       1.0000000
    0.0042419108       0.0000000      -1.0000000      -1.0000000      -1.0000000
      -1.0000000      -1.0000000      -1.0000000      -1.0000000      -1.0000000
      -1.0000000
       0.0000000       84.000000       1.0355104      -1.0000000       261493.00
       1.2670164       1.8055514      -1.0000000      -1.0000000      -1.0000000
      -1.0000000      -1.0000000      -1.0000000       122.20656       9.9337139
       112.99013
       1.0000000       84.000000       1.0355104      -1.0000000       1.0000000
    0.0019546419     0.039491251      -1.0000000      -1.0000000      -1.0000000
      -1.0000000      -1.0000000      -1.0000000      -1.0000000      -1.0000000
      -1.0000000
       0.0000000       83.000000       1.0744579      -1.0000000       257132.00
       1.2154113       1.3730718      -1.0000000      -1.0000000      -1.0000000
      -1.0000000      -1.0000000      -1.0000000       126.67992       9.3625774
       102.80810
       1.0000000       83.000000       1.0744579      -1.0000000       1.0000000
    0.0019546419     0.039491251      -1.0000000      -1.0000000      -1.0000000
      -1.0000000      -1.0000000      -1.0000000      -1.0000000      -1.0000000
      -1.0000000
       0.0000000       82.000000       1.1141505      -1.0000000       252863.00
       1.1882081       1.7508268      -1.0000000      -1.0000000      -1.0000000
      -1.0000000      -1.0000000      -1.0000000       130.67972       10.093276
       94.023376
       0.0000000       81.000000       1.1546028      -1.0000000       248214.00
       1.1479108       1.3310895      -1.0000000      -1.0000000      -1.0000000
      -1.0000000      -1.0000000      -1.0000000       122.09951       8.9387054
       110.20692
       1.0000000       81.000000       1.1546028      -1.0000000       3.0000000
     0.017412156      0.18961798      -1.0000000      -1.0000000      -1.0000000
      -1.0000000      -1.0000000      -1.0000000      -1.0000000      -1.0000000
      -1.0000000
       0.0000000       80.000000       1.2062581      -1.0000000       241044.00
       1.0842460       1.2646524      -1.0000000      -1.0000000      -1.0000000
      -1.0000000      -1.0000000      -1.0000000       112.41989       8.3977680
       93.520035
       1.0000000       80.000000       1.2062581      -1.0000000       1.0000000
     0.017516002     0.070470631      -1.0000000      -1.0000000      -1.0000000
      -1.0000000      -1.0000000      -1.0000000      -1.0000000      -1.0000000
      -1.0000000
       0.0000000       79.000000       1.2484726      -1.0000000       235766.00
       1.0392230       1.7097275      -1.0000000      -1.0000000      -1.0000000
      -1.0000000      -1.0000000      -1.0000000       111.86826       8.4374762
       83.705559
       1.0000000       79.000000       1.2484726      -1.0000000       2.0000000
    0.0036994675    0.0030355938      -1.0000000      -1.0000000      -1.0000000
      -1.0000000      -1.0000000      -1.0000000      -1.0000000      -1.0000000
      -1.0000000
       0.0000000       78.000000       1.3023784      -1.0000000       229717.00
      0.98083544       1.5658776      -1.0000000      -1.0000000      -1.0000000
      -1.0000000      -1.0000000      -1.0000000       104.00274       8.1469269
       93.582222
       0.0000000       77.000000       1.3575766      -1.0000000       222523.00
      0.90594345       1.4570411      -1.0000000      -1.0000000      -1.0000000
      -1.0000000      -1.0000000      -1.0000000       97.990242       7.5266776
       97.711403
       1.0000000       77.000000       1.3575766      -1.0000000       1.0000000
   0.00027548010     0.011683895      -1.0000000      -1.0000000      -1.0000000
      -1.0000000      -1.0000000      -1.0000000      -1.0000000      -1.0000000
      -1.0000000
       0.0000000       76.000000       1.4140983      -1.0000000       214710.00
      0.84199756       1.3093439      -1.0000000      -1.0000000      -1.0000000
      -1.0000000      -1.0000000      -1.0000000       94.670395       7.1690574
       99.374931
       1.0000000       76.000000       1.4140983      -1.0000000       3.0000000
   0.00040406320     0.015001617      -1.0000000      -1.0000000      -1.0000000
      -1.0000000      -1.0000000      -1.0000000      -1.0000000      -1.0000000
      -1.0000000
       0.0000000       75.000000       1.4719748      -1.0000000       208422.00
      0.82674015       1.3500772      -1.0000000      -1.0000000      -1.0000000
      -1.0000000      -1.0000000      -1.0000000       94.106270       7.2746758
       97.872635
       1.0000000       75.000000       1.4719748      -1.0000000       1.0000000
   0.00072257599       0.0000000      -1.0000000      -1.0000000      -1.0000000
      -1.0000000      -1.0000000      -1.0000000      -1.0000000      -1.0000000
      -1.0000000
       0.0000000       74.000000       1.5312390      -1.0000000       232932.00
      0.79762214       1.5137964      -1.0000000      -1.0000000      -1.0000000
      -1.0000000      -1.0000000      -1.0000000       96.324547       7.4693837
       91.470848
       1.0000000       74.000000       1.5312390      -1.0000000       1.0000000
   0.00017969146     0.015941763      -1.0000000      -1.0000000      -1.0000000
      -1.0000000      -1.0000000      -1.0000000      -1.0000000      -1.0000000
      -1.0000000
       0.0000000       73.000000       1.6042346      -1.0000000       242302.00
      0.72851610       1.4127885      -1.0000000      -1.0000000      -1.0000000
      -1.0000000      -1.0000000      -1.0000000       102.94227       7.1458063
       76.039803
       0.0000000       72.000000       1.6666696      -1.0000000       236367.00
      0.67900395       1.6495110      -1.0000000      -1.0000000      -1.0000000
      -1.0000000      -1.0000000      -1.0000000       109.02044       7.5321317
       70.313469
       1.0000000       72.000000       1.6666696      -1.0000000       1.0000000
   0.00062012859       0.0000000      -1.0000000      -1.0000000      -1.0000000
      -1.0000000      -1.0000000      -1.0000000      -1.0000000      -1.0000000
      -1.0000000
       0.0000000       71.000000       1.7435706      -1.0000000       230288.00
      0.57152826       1.2030069      -1.0000000      -1.0000000      -1.0000000
      -1.0000000      -1.0000000      -1.0000000       106.76131       6.2322407
       71.436012
       0.0000000       70.000000       1.8226893      -1.0000000       223850.00
      0.51922345      0.87283468      -1.0000000      -1.0000000      -1.0000000
      -1.0000000      -1.0000000      -1.0000000       95.592369       5.2491083
       78.268784
       0.0000000       69.000000       1.9040896      -1.0000000       215781.00
      0.50065631      0.61106557      -1.0000000      -1.0000000      -1.0000000
      -1.0000000      -1.0000000      -1.0000000       92.120834       5.1096296
       80.516724
       0.0000000       68.000000       2.0020282      -1.0000000       208813.00
      0.48340169      0.57092291      -1.0000000      -1.0000000      -1.0000000
      -1.0000000      -1.0000000      -1.0000000       92.263458       5.0691056
       77.316727
       0.0000000       67.000000       2.1032696      -1.0000000       201340.00
      0.47243559       1.1866556      -1.0000000      -1.0000000      -1.0000000
      -1.0000000      -1.0000000      -1.0000000       97.643349       5.5724053
       73.804947
       0.0000000       66.000000       2.2079256      -1.0000000       188899.00
      0.40468147       1.0567491      -1.0000000      -1.0000000      -1.0000000
      -1.0000000      -1.0000000      -1.0000000       99.822998       5.2236958
       74.383148
       0.0000000       65.000000       2.3161108      -1.0000000       175156.00
      0.34577519       1.0450044      -1.0000000      -1.0000000      -1.0000000
      -1.0000000      -1.0000000      -1.0000000       97.111832       5.2544017
       81.612129
       0.0000000       64.000000       2.4442258      -1.0000000       160457.00
      0.31373438       1.0335795      -1.0000000      -1.0000000      -1.0000000
      -1.0000000      -1.0000000      -1.0000000       98.134621       4.7825007
       88.725945
       0.0000000       63.000000       2.5772903      -1.0000000       146382.00
      0.26110098      0.81146252      -1.0000000      -1.0000000      -1.0000000
      -1.0000000      -1.0000000      -1.0000000       98.054840       4.7531376
       93.574913
       0.0000000       62.000000       2.7331426      -1.0000000       136355.00
      0.21801610       1.0544599      -1.0000000      -1.0000000      -1.0000000
      -1.0000000      -1.0000000      -1.0000000       104.34693       5.0468259
       83.003860
       1.0000000       62.000000       2.7331426      -1.0000000       1.0000000
   0.00048696942   0.00032381984      -1.0000000      -1.0000000      -1.0000000
      -1.0000000      -1.0000000      -1.0000000      -1.0000000      -1.0000000
      -1.0000000
       0.0000000       61.000000       2.8957851      -1.0000000       125229.00
      0.18277554       1.1497828      -1.0000000      -1.0000000      -1.0000000
      -1.0000000      -1.0000000      -1.0000000       111.20036       4.7517824
       77.338501
