       0.0000000       135.00000       0.0000000       1940.0000       438171.00
       4.3907700       3.1922913      0.49182689      0.60000002      0.60230953
       197.98909      -116.24918      -67.732147       100.65236       16.566769
       57.426414
       0.0000000       134.00000    0.0095216669      -1.0000000       427417.00
       4.2526517       3.0775561      -1.0000000      -1.0000000      -1.0000000
      -1.0000000      -1.0000000      -1.0000000       96.333305       16.962715
       58.770462
       0.0000000       132.00000     0.033724371       1804.0000       426601.00
       4.2909808       2.4030130      0.48833030      0.63157892      0.59842736
       185.03732      -154.78027      -81.284019       96.617966       16.950891
       59.047565
       0.0000000       131.00000     0.048523631       1816.0000       422982.00
       4.1776614       2.9156890      0.50724381      0.60526311      0.60179329
       194.59651      -146.54231      -96.702461       98.762787       16.970079
       59.947876
       0.0000000       130.00000     0.058507323       1822.0000       420730.00
       4.0377717       2.7996504      0.52678621      0.57575762      0.64062697
       203.40782      -142.85458      -108.94612       97.848022       16.012091
       60.357903
       0.0000000       129.00000     0.073661387       1816.0000       417690.00
       3.9437890       2.5129714      0.52562493      0.56250006      0.61096489
       239.90988      -121.35893      -88.321526       97.228928       15.693428
       61.200268
       1.0000000       129.00000     0.073661387      -1.0000000       1.0000000
       0.0000000       0.0000000      -1.0000000      -1.0000000      -1.0000000
      -1.0000000      -1.0000000      -1.0000000      -1.0000000      -1.0000000
      -1.0000000
       0.0000000       128.00000     0.083884433       1825.0000       415564.00
       3.9570107       2.5854468      0.52856594      0.57575762      0.61825413
       252.91751      -127.05613      -61.613041       96.538437       16.274502
       61.391006
       0.0000000       127.00000     0.099401802       1822.0000       413189.00
       3.9332607       2.8840964      0.54971772      0.64864868      0.65824604
       265.04898      -149.01700      -9.3295317       96.547409       17.036005
       61.900520
       0.0000000       126.00000      0.10986994       1824.0000       411334.00
       3.8973331       3.0929816      0.53246665      0.67441857      0.63400215
       260.11023      -174.49553       6.4666319       97.766937       17.455084
       62.980110
       1.0000000       126.00000      0.10986994      -1.0000000       1.0000000
    0.0028455986     0.042938352      -1.0000000      -1.0000000      -1.0000000
      -1.0000000      -1.0000000      -1.0000000      -1.0000000      -1.0000000
      -1.0000000
       0.0000000       125.00000      0.12575933       1846.0000       409999.00
       3.7538688       3.4006550      0.55006075      0.63888896      0.63386047
       245.90471      -209.05060      -22.026829       98.518593       16.716173
       63.433552
       0.0000000       124.00000      0.14187621       1860.0000       407105.00
       3.6646588       3.2746708      0.56737429      0.69999999      0.66703355
       245.34521      -224.50931      -37.592812       96.729279       17.022642
       64.019173
       1.0000000       124.00000      0.14187621      -1.0000000       1.0000000
    0.0028455986     0.042938352      -1.0000000      -1.0000000      -1.0000000
      -1.0000000      -1.0000000      -1.0000000      -1.0000000      -1.0000000
      -1.0000000
       0.0000000       123.00000      0.15274876       1857.0000       405433.00
       3.6697991       2.9788082      0.57400739      0.65714288      0.67096704
       249.99776      -220.61905      -59.432842       97.150146       16.788910
       65.188622
       0.0000000       122.00000      0.16925204       1868.0000       402868.00
       3.5851822       3.2077675      0.55492634      0.72500002      0.69157594
       283.75577      -176.49101      -51.846012       97.523354       17.143030
       64.629868
       0.0000000       121.00000      0.18038526       1868.0000       400016.00
       3.4709909       2.8428273      0.58714807      0.56250006      0.69913274
       296.36362      -174.62808      -26.719210       97.119148       15.928008
       64.780899
       1.0000000       121.00000      0.18038526      -1.0000000       2.0000000
       0.0000000       0.0000000      -1.0000000      -1.0000000      -1.0000000
      -1.0000000      -1.0000000      -1.0000000      -1.0000000      -1.0000000
      -1.0000000
       0.0000000       120.00000      0.19728418       1871.0000       396831.00
       3.4462163       3.1540601      0.58382356      0.62500000      0.69747746
       302.99994      -187.64478      -22.942930       97.373535       16.840698
       64.416313
       0.0000000       119.00000      0.21442504       1864.0000       393843.00
       3.3310847       2.7726448      0.57142490      0.60000002      0.71551394
       313.30682      -180.19283       1.9224855       99.043320       16.048552
       63.467098
       1.0000000       119.00000      0.21442504      -1.0000000       2.0000000
       0.0000000       0.0000000      -1.0000000      -1.0000000      -1.0000000
      -1.0000000      -1.0000000      -1.0000000      -1.0000000      -1.0000000
      -1.0000000
       0.0000000       118.00000      0.22598839       1847.0000       391217.00
       3.3169873       3.4214058      0.59181410      0.65625000      0.69897866
       334.19138      -190.38615       16.034578       99.329948       17.186739
       62.711651
       0.0000000       117.00000      0.24354018       1874.0000       387904.00
       3.2581599       3.8036938      0.57213151      0.74358976      0.70692420
       321.73712      -210.34624       38.972549       100.54328       17.430037
       62.970577
       0.0000000       116.00000      0.26134327       1881.0000       384836.00
       3.0896623       3.5662594      0.57558477      0.78048778      0.73936278
       334.04498      -229.75140       25.980768       99.339722       17.025185
       63.742634
       1.0000000       116.00000      0.26134327      -1.0000000       1.0000000
       0.0000000       0.0000000      -1.0000000      -1.0000000      -1.0000000
      -1.0000000      -1.0000000      -1.0000000      -1.0000000      -1.0000000
      -1.0000000
       0.0000000       115.00000      0.27335334       1900.0000       382848.00
       3.1067712       3.5171256      0.58227921      0.76744187      0.73831975
       345.93979      -222.12587       34.236324       97.950012       18.029634
       63.603321
       0.0000000       114.00000      0.29158324       2027.0000       383939.00
       3.0173237       3.5615249      0.58224988      0.73684210      0.68455070
       345.47610      -232.24020       57.367039       99.873535       17.352673
       63.914238
       0.0000000       113.00000      0.31007412       2042.0000       381312.00
       2.8371644       3.9484653      0.56172222      0.72222221      0.71380782
       320.66467      -250.45760       34.800880       101.00691       16.583708
       65.199265
       0.0000000       112.00000      0.32882974       2081.0000       377880.00
       2.8314059       4.2837772      0.58647370      0.73529410      0.76117045
       397.24237      -260.93860       24.073689       98.562225       18.604776
       65.888306
       1.0000000       112.00000      0.32882974      -1.0000000       1.0000000
   0.00021338205     0.013015755      -1.0000000      -1.0000000      -1.0000000
      -1.0000000      -1.0000000      -1.0000000      -1.0000000      -1.0000000
      -1.0000000
       0.0000000       111.00000      0.34785384       2121.0000       376504.00
       2.7175987       3.8793826      0.60885233      0.75675678      0.72825956
       433.63513      -219.09656       61.113037       97.577606       18.190527
       65.976997
       0.0000000       110.00000      0.36068764       2126.0000       374857.00
       2.7377701       4.1000104      0.56649452      0.75675678      0.72016764
       446.50345      -186.78438       112.83432       98.736351       19.240467
       65.934082
       0.0000000       109.00000      0.38016787       2158.0000       372581.00
       2.5647483       4.2696295      0.60749644      0.81395346      0.76205117
       438.13684      -226.24055       153.71567       99.415627       17.834208
       66.810043
       1.0000000       109.00000      0.38016787      -1.0000000       2.0000000
     0.014702459      0.12894912      -1.0000000      -1.0000000      -1.0000000
      -1.0000000      -1.0000000      -1.0000000      -1.0000000      -1.0000000
      -1.0000000
       0.0000000       108.00000      0.39992696       2169.0000       370622.00
       2.4654975       3.4433215      0.62895966      0.72727275      0.75524086
       425.23724      -259.95230       158.80875       96.577370       17.151016
       65.719002
       1.0000000       108.00000      0.39992696      -1.0000000       1.0000000
   0.00059880450     0.018142395      -1.0000000      -1.0000000      -1.0000000
      -1.0000000      -1.0000000      -1.0000000      -1.0000000      -1.0000000
      -1.0000000
       0.0000000       107.00000      0.41996893       2194.0000       367576.00
       2.4434304       3.6388419      0.62768930      0.76315790      0.78646225
       434.79132      -263.35406       139.56203       98.330139       17.521120
       65.483429
       0.0000000       106.00000      0.44029784       2186.0000       364532.00
       2.3397605       4.4828706      0.58718359      0.72500002      0.77995288
       440.63489      -257.98083       138.34444       99.138535       18.037895
       67.260643
       1.0000000       106.00000      0.44029784      -1.0000000       1.0000000
    0.0012058762     0.020082118      -1.0000000      -1.0000000      -1.0000000
      -1.0000000      -1.0000000      -1.0000000      -1.0000000      -1.0000000
      -1.0000000
       0.0000000       105.00000      0.46091780       2215.0000       361263.00
       2.2589316       4.5617146      0.58376342      0.72222221      0.73973632
       415.61853      -285.30206       118.38901       96.608612       18.555092
       67.774002
       1.0000000       105.00000      0.46091780      -1.0000000       1.0000000
   0.00029448784       0.0000000      -1.0000000      -1.0000000      -1.0000000
      -1.0000000      -1.0000000      -1.0000000      -1.0000000      -1.0000000
      -1.0000000
       0.0000000       104.00000      0.48183295       2235.0000       357906.00
       2.1617229       3.9682364      0.57969075      0.72222221      0.76165718
       436.27426      -257.31622       145.28171       94.686806       17.934547
       70.249382
       1.0000000       104.00000      0.48183295      -1.0000000       2.0000000
     0.011195790     0.055018537      -1.0000000      -1.0000000      -1.0000000
      -1.0000000      -1.0000000      -1.0000000      -1.0000000      -1.0000000
      -1.0000000
       0.0000000       103.00000      0.50304753       2249.0000       353880.00
       2.1243732       3.5034702      0.61065447      0.71875000      0.73188972
       442.57147      -279.75769       182.47659       93.963600       17.776255
       70.846138
       1.0000000       103.00000      0.50304753      -1.0000000       1.0000000
     0.011195790     0.055018537      -1.0000000      -1.0000000      -1.0000000
      -1.0000000      -1.0000000      -1.0000000      -1.0000000      -1.0000000
      -1.0000000
       0.0000000       102.00000      0.52456582       2257.0000       351652.00
       2.0836186       3.3750381      0.60894978      0.67741930      0.74589962
       441.53967      -292.86392       191.80565       94.970901       17.114189
       69.448372
       0.0000000       101.00000      0.54639220       2265.0000       348456.00
       2.0059628       3.7212598      0.62667161      0.70270270      0.79135472
       454.25919      -271.35007       204.37334       96.416351       17.555607
       69.548378
       1.0000000       101.00000      0.54639220      -1.0000000       2.0000000
     0.037287906      0.14236870      -1.0000000      -1.0000000      -1.0000000
      -1.0000000      -1.0000000      -1.0000000      -1.0000000      -1.0000000
      -1.0000000
       0.0000000       100.00000      0.57598084       2420.0000       349080.00
       1.8965434       4.3156319      0.63750005      0.63333333      0.77495509
       453.72360      -287.57553       223.27940       96.206696       17.838274
       70.482735
       1.0000000       100.00000      0.57598084      -1.0000000       1.0000000
     0.018643953     0.071184352      -1.0000000      -1.0000000      -1.0000000
      -1.0000000      -1.0000000      -1.0000000      -1.0000000      -1.0000000
      -1.0000000
       0.0000000       99.000000      0.59854329       2450.0000       345507.00
       1.8192090       4.5939431      0.60848784      0.80487800      0.77920997
       432.21469      -296.92865       214.35364       95.859207       18.110018
       72.280853
       0.0000000       98.000000      0.62142873       2396.0000       340419.00
       1.7282475       4.2745152      0.59318900      0.73529410      0.79142219
       432.75671      -293.50781       198.32851       94.916039       17.673326
       74.295357
       0.0000000       97.000000      0.64464182       2483.0000       340324.00
       1.6552017       3.9185722      0.59882170      0.79487175      0.72301430
       405.48785      -276.05524       219.91083       95.389954       17.277531
       74.706146
       1.0000000       97.000000      0.64464182      -1.0000000       1.0000000
     0.012370069      0.12311994      -1.0000000      -1.0000000      -1.0000000
      -1.0000000      -1.0000000      -1.0000000      -1.0000000      -1.0000000
      -1.0000000
       0.0000000       96.000000      0.67611039       2422.0000       335110.00
       1.5668792       3.7228980      0.57411575      0.70967740      0.70744216
       374.80975      -299.36835       217.51561       95.147217       16.727993
       77.229050
       1.0000000       96.000000      0.67611039      -1.0000000       1.0000000
       0.0000000       0.0000000      -1.0000000      -1.0000000      -1.0000000
      -1.0000000      -1.0000000      -1.0000000      -1.0000000      -1.0000000
      -1.0000000
       0.0000000       95.000000      0.70010638      -1.0000000       331703.00
       1.5569167       4.0201998      -1.0000000      -1.0000000      -1.0000000
      -1.0000000      -1.0000000      -1.0000000       94.956284       18.505865
       78.023262
       0.0000000       94.000000      0.73263615      -1.0000000       328650.00
       1.4587753       4.1089783      -1.0000000      -1.0000000      -1.0000000
      -1.0000000      -1.0000000      -1.0000000       95.815552       18.264778
       79.354385
       0.0000000       93.000000      0.75744140      -1.0000000       324348.00
       1.4206375       4.3164120      -1.0000000      -1.0000000      -1.0000000
      -1.0000000      -1.0000000      -1.0000000       95.319466       18.537411
       80.939674
       0.0000000       92.000000      0.79106826      -1.0000000       318670.00
       1.3370748       3.7371957      -1.0000000      -1.0000000      -1.0000000
      -1.0000000      -1.0000000      -1.0000000       95.331955       17.562120
       82.624954
       1.0000000       92.000000      0.79106826      -1.0000000       3.0000000
    0.0097855510     0.048466381      -1.0000000      -1.0000000      -1.0000000
      -1.0000000      -1.0000000      -1.0000000      -1.0000000      -1.0000000
      -1.0000000
       0.0000000       91.000000      0.81671000      -1.0000000       318619.00
       1.2803448       3.6065605      -1.0000000      -1.0000000      -1.0000000
      -1.0000000      -1.0000000      -1.0000000       96.175713       17.451159
       82.351845
       1.0000000       91.000000      0.81671000      -1.0000000       1.0000000
    0.0090432307     0.033964250      -1.0000000      -1.0000000      -1.0000000
      -1.0000000      -1.0000000      -1.0000000      -1.0000000      -1.0000000
      -1.0000000
       0.0000000       90.000000      0.85147089      -1.0000000       315483.00
       1.2138976       4.0247636      -1.0000000      -1.0000000      -1.0000000
      -1.0000000      -1.0000000      -1.0000000       96.020172       17.122782
       81.169159
       0.0000000       89.000000      0.88689691      -1.0000000       312120.00
       1.1472943       4.1068726      -1.0000000      -1.0000000      -1.0000000
      -1.0000000      -1.0000000      -1.0000000       96.296349       17.959332
       81.723221
       1.0000000       89.000000      0.88689691      -1.0000000       1.0000000
     0.011571604      0.11965703      -1.0000000      -1.0000000      -1.0000000
      -1.0000000      -1.0000000      -1.0000000      -1.0000000      -1.0000000
      -1.0000000
       0.0000000       88.000000      0.92300081      -1.0000000       308171.00
     0.032243967     0.026131742      -1.0000000      -1.0000000      -1.0000000
      -1.0000000      -1.0000000      -1.0000000       31.193876      0.16980611
       4.4713349
       2.0000000       88.000000      0.92300081       32.702587       88.000000
       1.0544611       3.9314270      -1.0000000      -1.0000000      -1.0000000
      -1.0000000      -1.0000000      -1.0000000      -1.0000000      -1.0000000
      -1.0000000
       1.0000000       88.000000      0.92300081      -1.0000000       1.0000000
       0.0000000       0.0000000      -1.0000000      -1.0000000      -1.0000000
      -1.0000000      -1.0000000      -1.0000000      -1.0000000      -1.0000000
      -1.0000000
       0.0000000       87.000000      0.95053136      -1.0000000       303659.00
       1.0662631       4.1310053      -1.0000000      -1.0000000      -1.0000000
      -1.0000000      -1.0000000      -1.0000000       94.691727       18.028940
       81.295898
       0.0000000       86.000000      0.98785281      -1.0000000       300827.00
      0.98876810       4.3720207      -1.0000000      -1.0000000      -1.0000000
      -1.0000000      -1.0000000      -1.0000000       94.212654       17.496038
       82.272301
       0.0000000       85.000000      0.99729425      -1.0000000       299943.00
      0.97743398       4.4547834      -1.0000000      -1.0000000      -1.0000000
      -1.0000000      -1.0000000      -1.0000000       93.913559       17.666416
       83.061897
       0.0000000       84.000000       1.0355104      -1.0000000       295958.00
      0.90231025       4.4446654      -1.0000000      -1.0000000      -1.0000000
      -1.0000000      -1.0000000      -1.0000000       93.762535       17.156553
       84.780663
       1.0000000       84.000000       1.0355104      -1.0000000       1.0000000
   0.00057108549       0.0000000      -1.0000000      -1.0000000      -1.0000000
      -1.0000000      -1.0000000      -1.0000000      -1.0000000      -1.0000000
      -1.0000000
       0.0000000       83.000000       1.0744579      -1.0000000       281581.00
      0.83353150       4.2934422      -1.0000000      -1.0000000      -1.0000000
      -1.0000000      -1.0000000      -1.0000000       92.691193       16.417990
       89.453896
       1.0000000       83.000000       1.0744579      -1.0000000       2.0000000
     0.033427392      0.28501859      -1.0000000      -1.0000000      -1.0000000
      -1.0000000      -1.0000000      -1.0000000      -1.0000000      -1.0000000
      -1.0000000
       0.0000000       82.000000       1.1141505      -1.0000000       274910.00
      0.82955170       4.0198841      -1.0000000      -1.0000000      -1.0000000
      -1.0000000      -1.0000000      -1.0000000       92.096779       18.710674
       89.394463
       1.0000000       82.000000       1.1141505      -1.0000000       1.0000000
    0.0044583520     0.042109635      -1.0000000      -1.0000000      -1.0000000
      -1.0000000      -1.0000000      -1.0000000      -1.0000000      -1.0000000
      -1.0000000
       0.0000000       81.000000       1.1546028      -1.0000000       271516.00
      0.74619156       2.8793466      -1.0000000      -1.0000000      -1.0000000
      -1.0000000      -1.0000000      -1.0000000       93.364204       15.802727
       90.160217
       1.0000000       81.000000       1.1546028      -1.0000000       2.0000000
     0.014156179      0.14601554      -1.0000000      -1.0000000      -1.0000000
      -1.0000000      -1.0000000      -1.0000000      -1.0000000      -1.0000000
      -1.0000000
       0.0000000       80.000000       1.2062581      -1.0000000       262164.00
      0.73728853       3.0767074      -1.0000000      -1.0000000      -1.0000000
      -1.0000000      -1.0000000      -1.0000000       94.089127       15.534628
       91.937210
       1.0000000       80.000000       1.2062581      -1.0000000       2.0000000
    0.0065475660     0.098488450      -1.0000000      -1.0000000      -1.0000000
      -1.0000000      -1.0000000      -1.0000000      -1.0000000      -1.0000000
      -1.0000000
       0.0000000       79.000000       1.2484726      -1.0000000       256117.00
      0.65418303       3.0649028      -1.0000000      -1.0000000      -1.0000000
      -1.0000000      -1.0000000      -1.0000000       91.043739       15.007586
       94.805069
       1.0000000       79.000000       1.2484726      -1.0000000       1.0000000
    0.0032737830     0.049244225      -1.0000000      -1.0000000      -1.0000000
      -1.0000000      -1.0000000      -1.0000000      -1.0000000      -1.0000000
      -1.0000000
       0.0000000       78.000000       1.3023784      -1.0000000       248177.00
      0.56280422       2.4229531      -1.0000000      -1.0000000      -1.0000000
      -1.0000000      -1.0000000      -1.0000000       91.254143       13.632944
       94.151360
       1.0000000       78.000000       1.3023784      -1.0000000       1.0000000
       0.0000000       0.0000000      -1.0000000      -1.0000000      -1.0000000
      -1.0000000      -1.0000000      -1.0000000      -1.0000000      -1.0000000
      -1.0000000
       0.0000000       77.000000       1.3575766      -1.0000000       242882.00
      0.55592763       2.5220935      -1.0000000      -1.0000000      -1.0000000
      -1.0000000      -1.0000000      -1.0000000       96.917648       13.765275
       85.575226
       0.0000000       76.000000       1.4140983      -1.0000000       248662.00
      0.56069571       3.2013834      -1.0000000      -1.0000000      -1.0000000
      -1.0000000      -1.0000000      -1.0000000       100.95026       14.754934
       76.221581
       0.0000000       75.000000       1.4719748      -1.0000000       231199.00
      0.43743286       1.8600870      -1.0000000      -1.0000000      -1.0000000
      -1.0000000      -1.0000000      -1.0000000       91.452187       9.9679861
       93.564804
       1.0000000       75.000000       1.4719748      -1.0000000       2.0000000
       0.0000000       0.0000000      -1.0000000      -1.0000000      -1.0000000
      -1.0000000      -1.0000000      -1.0000000      -1.0000000      -1.0000000
      -1.0000000
       0.0000000       74.000000       1.5312390      -1.0000000       232022.00
      0.42842248       2.0096087      -1.0000000      -1.0000000      -1.0000000
      -1.0000000      -1.0000000      -1.0000000       87.809196       10.154214
       97.663666
       0.0000000       73.000000       1.6042346      -1.0000000       238762.00
      0.33550018       1.2509627      -1.0000000      -1.0000000      -1.0000000
      -1.0000000      -1.0000000      -1.0000000       88.006714       7.3336282
       93.456841
       0.0000000       72.000000       1.6666696      -1.0000000       229309.00
      0.38161772       1.8203568      -1.0000000      -1.0000000      -1.0000000
      -1.0000000      -1.0000000      -1.0000000       89.828163       11.643499
       91.798660
       2.0000000       72.000000       1.6666696      0.42033857       69.000000
     0.085203424      0.23973168      -1.0000000      -1.0000000      -1.0000000
      -1.0000000      -1.0000000      -1.0000000      -1.0000000      -1.0000000
      -1.0000000
       0.0000000       71.000000       1.7435706      -1.0000000       202889.00
      0.34876624       1.1362299      -1.0000000      -1.0000000      -1.0000000
      -1.0000000      -1.0000000      -1.0000000       94.392174       7.6153975
       97.852608
       1.0000000       71.000000       1.7435706      -1.0000000       2.0000000
    0.0020005964     0.048011046      -1.0000000      -1.0000000      -1.0000000
      -1.0000000      -1.0000000      -1.0000000      -1.0000000      -1.0000000
      -1.0000000
       0.0000000       70.000000       1.8226893      -1.0000000       217445.00
      0.20270190       1.0751320      -1.0000000      -1.0000000      -1.0000000
      -1.0000000      -1.0000000      -1.0000000       91.479836       5.5661321
       102.84245
       0.0000000       69.000000       1.9040896      -1.0000000       209033.00
      0.14354134      0.30683810      -1.0000000      -1.0000000      -1.0000000
      -1.0000000      -1.0000000      -1.0000000       63.739445       1.9298400
       18.151217
       1.0000000       69.000000       1.9040896      -1.0000000       1.0000000
   0.00039018897       0.0000000      -1.0000000      -1.0000000      -1.0000000
      -1.0000000      -1.0000000      -1.0000000      -1.0000000      -1.0000000
      -1.0000000
       0.0000000       68.000000       2.0020282      -1.0000000       200904.00
      0.17145333      0.63945496      -1.0000000      -1.0000000      -1.0000000
      -1.0000000      -1.0000000      -1.0000000       87.857292       3.8034451
       119.09574
       0.0000000       67.000000       2.1032696      -1.0000000       189800.00
      0.15660293      0.76944548      -1.0000000      -1.0000000      -1.0000000
      -1.0000000      -1.0000000      -1.0000000       90.979080       3.9668055
       118.93444
       1.0000000       67.000000       2.1032696      -1.0000000       1.0000000
   0.00036527117   0.00029297857      -1.0000000      -1.0000000      -1.0000000
      -1.0000000      -1.0000000      -1.0000000      -1.0000000      -1.0000000
      -1.0000000
       0.0000000       66.000000       2.2079256      -1.0000000       181976.00
      0.14500973      0.58539999      -1.0000000      -1.0000000      -1.0000000
      -1.0000000      -1.0000000      -1.0000000       94.519188       3.8920379
       107.86657
       1.0000000       66.000000       2.2079256      -1.0000000       1.0000000
       0.0000000       0.0000000      -1.0000000      -1.0000000      -1.0000000
      -1.0000000      -1.0000000      -1.0000000      -1.0000000      -1.0000000
      -1.0000000
       0.0000000       65.000000       2.3161108      -1.0000000       170450.00
      0.12916182      0.81332624      -1.0000000      -1.0000000      -1.0000000
      -1.0000000      -1.0000000      -1.0000000       97.745125       4.0151854
       105.94554
       1.0000000       65.000000       2.3161108      -1.0000000       1.0000000
   0.00045249634    0.0086452654      -1.0000000      -1.0000000      -1.0000000
      -1.0000000      -1.0000000      -1.0000000      -1.0000000      -1.0000000
      -1.0000000
       0.0000000       64.000000       2.4442258      -1.0000000       160077.00
      0.10267343      0.44000578      -1.0000000      -1.0000000      -1.0000000
      -1.0000000      -1.0000000      -1.0000000       69.320351       2.9390011
       27.313000
       0.0000000       63.000000       2.5772903      -1.0000000       150896.00
     0.090591311      0.44151497      -1.0000000      -1.0000000      -1.0000000
      -1.0000000      -1.0000000      -1.0000000       73.888985       2.4255307
       79.217041
       0.0000000       62.000000       2.7331426      -1.0000000       197918.00
     0.072060049       1.3143785      -1.0000000      -1.0000000      -1.0000000
      -1.0000000      -1.0000000      -1.0000000       81.848450       6.7807322
       62.896084
       1.0000000       62.000000       2.7331426      -1.0000000       1.0000000
     0.011670038     0.067534767      -1.0000000      -1.0000000      -1.0000000
      -1.0000000      -1.0000000      -1.0000000      -1.0000000      -1.0000000
      -1.0000000
       0.0000000       61.000000       2.8957851      -1.0000000       190880.00
     0.060943656       1.1324785      -1.0000000      -1.0000000      -1.0000000
      -1.0000000      -1.0000000      -1.0000000       85.677094       5.5297394
       53.805130
