       0.0000000       135.00000       0.0000000       132.00000       257377.00
       15.739968      0.22440398      0.56273729      0.58064520      0.63606071
       41.425461      -107.30217      -229.97198       185.69054       40.668571
       248.17007
       0.0000000       134.00000    0.0095216669       128.00000       253235.00
       15.745803      0.18877596      0.56137753      0.58064520      0.64111149
       37.063671      -109.40966      -233.99992       186.44318       40.779900
       248.04965
       1.0000000       134.00000    0.0095216669      -1.0000000       2.0000000
     0.080549643      0.30974618      -1.0000000      -1.0000000      -1.0000000
      -1.0000000      -1.0000000      -1.0000000      -1.0000000      -1.0000000
      -1.0000000
       0.0000000       133.00000     0.023974428       129.00000       250467.00
       15.786158      0.20130230      0.55842572      0.56666672      0.63080305
       27.176491      -106.55018      -241.79831       185.41512       41.003227
       255.63589
       0.0000000       132.00000     0.033724371       130.00000       250338.00
       15.797393      0.16453046      0.55688691      0.58064520      0.63654923
       20.839319      -107.76062      -245.06609       183.89114       41.044701
       258.83871
       1.0000000       132.00000     0.033724371      -1.0000000       1.0000000
       0.0000000       0.0000000      -1.0000000      -1.0000000      -1.0000000
      -1.0000000      -1.0000000      -1.0000000      -1.0000000      -1.0000000
      -1.0000000
       0.0000000       131.00000     0.048523631       130.00000       245979.00
       15.882044      0.26360583      0.56132072      0.57575762      0.61742002
       15.845346      -104.33688      -255.82109       180.32805       39.705639
       267.47757
       0.0000000       130.00000     0.058507323       133.00000       245914.00
       15.426368      0.20645814      0.56244725      0.56666672      0.63504022
       7.1965485      -100.44224      -253.25369       176.80513       37.674412
       274.32239
       1.0000000       130.00000     0.058507323      -1.0000000       1.0000000
      0.50955045      0.40095830      -1.0000000      -1.0000000      -1.0000000
      -1.0000000      -1.0000000      -1.0000000      -1.0000000      -1.0000000
      -1.0000000
       0.0000000       129.00000     0.073661387       129.00000       239934.00
       15.409875      0.12795633      0.56674248      0.62500000      0.64255595
       3.6927891      -97.660568      -259.13596       173.67020       37.241077
       290.20490
       0.0000000       128.00000     0.083884433       131.00000       240858.00
       15.275407      0.10200375      0.56951350      0.60606062      0.64220917
       1.0523306      -96.576073      -263.33743       173.09584       36.089264
       291.89453
       1.0000000       128.00000     0.083884433      -1.0000000       4.0000000
     0.015002616      0.18624000      -1.0000000      -1.0000000      -1.0000000
      -1.0000000      -1.0000000      -1.0000000      -1.0000000      -1.0000000
      -1.0000000
       0.0000000       127.00000     0.099401802       130.00000       237158.00
       15.112825      0.40921095      0.56780851      0.60606062      0.63857687
      -3.4295669      -98.545876      -263.79816       170.36656       35.175591
       299.74457
       1.0000000       127.00000     0.099401802      -1.0000000       2.0000000
   0.00086385221     0.035886705      -1.0000000      -1.0000000      -1.0000000
      -1.0000000      -1.0000000      -1.0000000      -1.0000000      -1.0000000
      -1.0000000
       0.0000000       126.00000      0.10986994       131.00000       236320.00
       15.020003      0.40217316      0.57236379      0.57575762      0.64196485
      -4.2199187      -98.676414      -267.28748       169.77324       34.631737
       302.36267
       0.0000000       125.00000      0.12575933       129.00000       232131.00
       15.036151      0.36490929      0.57012308      0.56250006      0.63468474
      -2.4525301      -97.456924      -270.43585       170.56805       34.394100
       303.50760
       1.0000000       125.00000      0.12575933      -1.0000000       1.0000000
       0.0000000       0.0000000      -1.0000000      -1.0000000      -1.0000000
      -1.0000000      -1.0000000      -1.0000000      -1.0000000      -1.0000000
      -1.0000000
       0.0000000       124.00000      0.14187621       129.00000       228886.00
       15.003897      0.34588918      0.56801540      0.62500000      0.65285128
      -3.9945691      -101.71768      -272.00146       172.10387       34.049950
       301.85416
       1.0000000       124.00000      0.14187621      -1.0000000       2.0000000
   0.00059365074    0.0053708944      -1.0000000      -1.0000000      -1.0000000
      -1.0000000      -1.0000000      -1.0000000      -1.0000000      -1.0000000
      -1.0000000
       0.0000000       123.00000      0.15274876       127.00000       225960.00
       14.980215      0.31906217      0.57115686      0.58823532      0.63915998
      -4.2919841      -106.14925      -272.99280       173.48480       34.032391
       302.31485
       1.0000000       123.00000      0.15274876      -1.0000000       3.0000000
    0.0011258369     0.024480266      -1.0000000      -1.0000000      -1.0000000
      -1.0000000      -1.0000000      -1.0000000      -1.0000000      -1.0000000
      -1.0000000
       0.0000000       122.00000      0.16925204       134.00000       226963.00
       15.010995      0.29315767      0.57367831      0.57575762      0.65288669
      -10.000301      -108.61991      -277.25809       176.62971       34.210327
       300.21237
       1.0000000       122.00000      0.16925204      -1.0000000       2.0000000
     0.031732857     0.074724264      -1.0000000      -1.0000000      -1.0000000
      -1.0000000      -1.0000000      -1.0000000      -1.0000000      -1.0000000
      -1.0000000
       0.0000000       121.00000      0.18038526       131.00000       222320.00
       15.123851      0.20738511      0.57422829      0.57575762      0.64422721
      -5.9630866      -111.80951      -280.54034       178.57317       34.614395
       301.95761
       1.0000000       121.00000      0.18038526      -1.0000000       5.0000000
      0.57707088      0.38348414      -1.0000000      -1.0000000      -1.0000000
      -1.0000000      -1.0000000      -1.0000000      -1.0000000      -1.0000000
      -1.0000000
       0.0000000       120.00000      0.19728418       128.00000       216621.00
       15.109152      0.80360675      0.57329792      0.57575762      0.64710099
      -6.8668475      -120.74933      -281.76672       181.14299       35.122932
       297.15500
       1.0000000       120.00000      0.19728418      -1.0000000       3.0000000
    0.0019540826     0.047510378      -1.0000000      -1.0000000      -1.0000000
      -1.0000000      -1.0000000      -1.0000000      -1.0000000      -1.0000000
      -1.0000000
       0.0000000       119.00000      0.21442504       127.00000       213426.00
       15.193565      0.76143080      0.57245457      0.60606062      0.64036709
      -9.1768904      -122.42317      -286.88211       183.41037       35.433369
       297.92700
       1.0000000       119.00000      0.21442504      -1.0000000       2.0000000
    0.0015789027     0.042083243      -1.0000000      -1.0000000      -1.0000000
      -1.0000000      -1.0000000      -1.0000000      -1.0000000      -1.0000000
      -1.0000000
       0.0000000       118.00000      0.22598839       126.00000       211855.00
       15.212862      0.81623942      0.56738263      0.56250006      0.64898098
      -10.601357      -122.68334      -288.43152       185.06259       35.522118
       300.44681
       1.0000000       118.00000      0.22598839      -1.0000000       1.0000000
       0.0000000       0.0000000      -1.0000000      -1.0000000      -1.0000000
      -1.0000000      -1.0000000      -1.0000000      -1.0000000      -1.0000000
      -1.0000000
       0.0000000       117.00000      0.24354018       120.00000       204862.00
       13.932837      0.54627562      0.58388084      0.61764705      0.64710838
      -7.3456373      -126.10751      -290.72525       181.37688       28.575205
       41.968613
       1.0000000       117.00000      0.24354018      -1.0000000       8.0000000
     0.013953168      0.12325020      -1.0000000      -1.0000000      -1.0000000
      -1.0000000      -1.0000000      -1.0000000      -1.0000000      -1.0000000
      -1.0000000
       0.0000000       116.00000      0.26134327       126.00000       204257.00
       14.032237      0.61281872      0.58422834      0.57575762      0.65205258
      -14.374958      -130.27518      -294.19931       181.71135       29.017385
       47.719326
       0.0000000       115.00000      0.27335334       125.00000       202737.00
       14.029705      0.61822641      0.58706522      0.57575762      0.64797491
      -15.610860      -126.58243      -297.88242       181.31094       28.917391
       47.554337
       1.0000000       115.00000      0.27335334      -1.0000000       1.0000000
    0.0012934346     0.013659086      -1.0000000      -1.0000000      -1.0000000
      -1.0000000      -1.0000000      -1.0000000      -1.0000000      -1.0000000
      -1.0000000
       0.0000000       114.00000      0.29158324       121.00000       195843.00
       15.152531      0.81366968      0.56484473      0.61764705      0.64945829
      -13.821121      -131.99779      -298.02869       184.49881       34.631184
       319.67807
       1.0000000       114.00000      0.29158324      -1.0000000       2.0000000
    0.0018820409     0.048755538      -1.0000000      -1.0000000      -1.0000000
      -1.0000000      -1.0000000      -1.0000000      -1.0000000      -1.0000000
      -1.0000000
       0.0000000       113.00000      0.31007412       119.00000       191611.00
       14.046859      0.65419263      0.57267129      0.62857145      0.65844524
      -4.3440771      -134.58344      -300.50931       177.77760       28.936747
       51.582245
       1.0000000       113.00000      0.31007412      -1.0000000       3.0000000
    0.0069943326      0.13287799      -1.0000000      -1.0000000      -1.0000000
      -1.0000000      -1.0000000      -1.0000000      -1.0000000      -1.0000000
      -1.0000000
       0.0000000       112.00000      0.32882974       112.00000       180727.00
       14.895278      0.81594735      0.55257469      0.64705884      0.66553897
      -5.6291213      -138.72452      -300.08835       182.87253       33.141258
       339.07840
       0.0000000       111.00000      0.34785384       109.00000       177117.00
       14.939985      0.87778288      0.55789030      0.64705884      0.66673821
       1.2428471      -145.59904      -308.04800       183.75531       33.077637
       347.89767
       0.0000000       110.00000      0.36068764       105.00000       174121.00
       14.913777      0.89858133      0.53817838      0.69444442      0.66527545
      0.74810374      -149.76480      -307.31842       183.76184       32.902870
       348.82211
       1.0000000       110.00000      0.36068764      -1.0000000       1.0000000
   0.00032131339       0.0000000      -1.0000000      -1.0000000      -1.0000000
      -1.0000000      -1.0000000      -1.0000000      -1.0000000      -1.0000000
      -1.0000000
       0.0000000       109.00000      0.38016787       106.00000       170746.00
       14.801169      0.98517936      0.54820526      0.66666663      0.66758883
       1.5858843      -156.96182      -307.25507       182.05450       32.357235
       337.67477
       1.0000000       109.00000      0.38016787      -1.0000000       2.0000000
    0.0044288130     0.080773029      -1.0000000      -1.0000000      -1.0000000
      -1.0000000      -1.0000000      -1.0000000      -1.0000000      -1.0000000
      -1.0000000
       0.0000000       108.00000      0.39992696       106.00000       167671.00
       14.778109       1.0323976      0.54849982      0.66666663      0.66881925
       2.1361811      -163.46111      -307.34229       185.15018       32.398594
       347.06891
       1.0000000       108.00000      0.39992696      -1.0000000       2.0000000
     0.098884950      0.22166484      -1.0000000      -1.0000000      -1.0000000
      -1.0000000      -1.0000000      -1.0000000      -1.0000000      -1.0000000
      -1.0000000
       0.0000000       107.00000      0.41996893       103.00000       162917.00
       14.957396       1.9416507      0.54601222      0.66666663      0.68279004
      0.50903422      -179.75616      -306.57260       190.41158       33.972851
       361.14825
       1.0000000       107.00000      0.41996893      -1.0000000       3.0000000
    0.0060203346     0.068462491      -1.0000000      -1.0000000      -1.0000000
      -1.0000000      -1.0000000      -1.0000000      -1.0000000      -1.0000000
      -1.0000000
       0.0000000       106.00000      0.44029784       101.00000       160049.00
       14.924630       2.2033880      0.56074047      0.66666663      0.67569971
       1.3360795      -181.83331      -318.80725       194.62262       34.442486
       376.95810
       1.0000000       106.00000      0.44029784      -1.0000000       5.0000000
    0.0015383723     0.045554999      -1.0000000      -1.0000000      -1.0000000
      -1.0000000      -1.0000000      -1.0000000      -1.0000000      -1.0000000
      -1.0000000
       0.0000000       105.00000      0.46091780       104.00000       157910.00
       14.065721       1.9056709      0.57003999      0.67567563      0.67653412
       8.4870825      -175.06584      -325.83649       189.29649       30.078390
       58.487469
       1.0000000       105.00000      0.46091780      -1.0000000       8.0000000
    0.0071561493      0.12582575      -1.0000000      -1.0000000      -1.0000000
      -1.0000000      -1.0000000      -1.0000000      -1.0000000      -1.0000000
      -1.0000000
       0.0000000       104.00000      0.48183295       99.000000       152789.00
       14.097654       2.1427622      0.57092410      0.65714288      0.67236912
       13.405463      -165.62393      -332.88559       186.02307       30.588192
       71.832207
       1.0000000       104.00000      0.48183295      -1.0000000       2.0000000
    0.0067908990     0.071834005      -1.0000000      -1.0000000      -1.0000000
      -1.0000000      -1.0000000      -1.0000000      -1.0000000      -1.0000000
      -1.0000000
       0.0000000       103.00000      0.50304753       99.000000       148648.00
       14.013995       2.0529099      0.56869352      0.65714288      0.67460191
       28.656973      -155.50142      -339.37897       184.27512       30.315418
       74.559250
       1.0000000       103.00000      0.50304753      -1.0000000       5.0000000
    0.0072149603     0.087216673      -1.0000000      -1.0000000      -1.0000000
      -1.0000000      -1.0000000      -1.0000000      -1.0000000      -1.0000000
      -1.0000000
       0.0000000       102.00000      0.52456582       101.00000       148085.00
       14.228668       2.2985883      0.56109071      0.68571424      0.67328548
       35.554447      -149.40950      -341.46475       177.79214       31.535637
       267.40973
       1.0000000       102.00000      0.52456582      -1.0000000       3.0000000
     0.024469561      0.14025280      -1.0000000      -1.0000000      -1.0000000
      -1.0000000      -1.0000000      -1.0000000      -1.0000000      -1.0000000
      -1.0000000
       0.0000000       101.00000      0.54639220       101.00000       145211.00
       14.214065       1.8486903      0.56143349      0.69444442      0.67663568
       46.020802      -141.01506      -348.87262       179.17065       31.050098
       280.01236
       1.0000000       101.00000      0.54639220      -1.0000000       3.0000000
    0.0023121493     0.044856685      -1.0000000      -1.0000000      -1.0000000
      -1.0000000      -1.0000000      -1.0000000      -1.0000000      -1.0000000
      -1.0000000
       0.0000000       100.00000      0.57598084       96.000000       137238.00
       14.225097       1.9730365      0.57184613      0.68421054      0.67730945
       68.359543      -145.92487      -355.62759       183.27197       31.642199
       302.74899
       1.0000000       100.00000      0.57598084      -1.0000000       5.0000000
      0.11572430      0.27493906      -1.0000000      -1.0000000      -1.0000000
      -1.0000000      -1.0000000      -1.0000000      -1.0000000      -1.0000000
      -1.0000000
       0.0000000       99.000000      0.59854329       94.000000       131127.00
       14.211995       2.1336708      0.58286989      0.69230771      0.66996652
       96.618423      -166.44998      -356.30405       185.43433       32.109505
       311.04095
       1.0000000       99.000000      0.59854329      -1.0000000       9.0000000
    0.0033105055      0.14035373      -1.0000000      -1.0000000      -1.0000000
      -1.0000000      -1.0000000      -1.0000000      -1.0000000      -1.0000000
      -1.0000000
       0.0000000       98.000000      0.62142873       98.000000       130095.00
       13.922192       2.1129222      0.57958585      0.68421054      0.68280578
       129.24945      -172.96371      -338.79373       187.30162       30.720827
       295.57639
       1.0000000       98.000000      0.62142873      -1.0000000       10.000000
    0.0043454113      0.23647629      -1.0000000      -1.0000000      -1.0000000
      -1.0000000      -1.0000000      -1.0000000      -1.0000000      -1.0000000
      -1.0000000
       0.0000000       97.000000      0.64464182       94.000000       126089.00
       13.685193       1.7874988      0.56493294      0.69444442      0.67799753
       161.30574      -176.25740      -309.62283       185.87564       29.559185
       234.92896
       1.0000000       97.000000      0.64464182      -1.0000000       4.0000000
    0.0020700715     0.063429106      -1.0000000      -1.0000000      -1.0000000
      -1.0000000      -1.0000000      -1.0000000      -1.0000000      -1.0000000
      -1.0000000
       0.0000000       96.000000      0.67611039       91.000000       120708.00
       13.520904       1.4976133      0.56194824      0.70270270      0.67542851
       187.44168      -182.02150      -299.38519       186.93442       28.356199
       198.57896
       1.0000000       96.000000      0.67611039      -1.0000000       4.0000000
    0.0045051302     0.088291647      -1.0000000      -1.0000000      -1.0000000
      -1.0000000      -1.0000000      -1.0000000      -1.0000000      -1.0000000
      -1.0000000
       0.0000000       95.000000      0.70010638       88.000000       116233.00
       13.838709       2.0522587      0.57537311      0.74418604      0.67733431
       228.84471      -213.78482      -301.15088       189.36444       30.957109
       197.08350
       1.0000000       95.000000      0.70010638      -1.0000000       2.0000000
    0.0027699561     0.033473764      -1.0000000      -1.0000000      -1.0000000
      -1.0000000      -1.0000000      -1.0000000      -1.0000000      -1.0000000
      -1.0000000
       0.0000000       94.000000      0.73263615       117.00000       128002.00
       12.874606       3.6791525      0.56871814      0.66666663      0.67070496
       226.71906      -232.68242      -327.19437       184.64798       30.552065
       200.06804
       1.0000000       94.000000      0.73263615      -1.0000000       3.0000000
    0.0070042802     0.099107957      -1.0000000      -1.0000000      -1.0000000
      -1.0000000      -1.0000000      -1.0000000      -1.0000000      -1.0000000
      -1.0000000
       0.0000000       93.000000      0.75744140       110.00000       121587.00
       12.396791       4.1568799      0.55538583      0.73684210      0.66388565
       233.50339      -175.75795      -338.48743       179.36008       31.049196
       211.85297
       1.0000000       93.000000      0.75744140      -1.0000000       1.0000000
       0.0000000       0.0000000      -1.0000000      -1.0000000      -1.0000000
      -1.0000000      -1.0000000      -1.0000000      -1.0000000      -1.0000000
      -1.0000000
       0.0000000       92.000000      0.79106826       113.00000       119714.00
       11.131367       4.3259597      0.52262717      0.74418604      0.69127834
       309.85120      -136.81612      -288.17484       177.67554       31.118317
       219.72929
       1.0000000       92.000000      0.79106826      -1.0000000       6.0000000
       1.8049151       1.3586164      -1.0000000      -1.0000000      -1.0000000
      -1.0000000      -1.0000000      -1.0000000      -1.0000000      -1.0000000
      -1.0000000
       0.0000000       91.000000      0.81671000       114.00000       117186.00
       10.441947       3.5470729      0.54225969      0.70270270      0.66160542
       489.15732      -92.245750      -250.41306       176.93109       31.009880
       216.02795
       1.0000000       91.000000      0.81671000      -1.0000000       4.0000000
      0.50035884      0.40762350      -1.0000000      -1.0000000      -1.0000000
      -1.0000000      -1.0000000      -1.0000000      -1.0000000      -1.0000000
      -1.0000000
       0.0000000       90.000000      0.85147089       111.00000       113013.00
       10.166467       4.0882330      0.51991481      0.81632650      0.65929872
       473.52686      -96.460205      -133.14755       176.07594       30.112076
       202.52953
       1.0000000       90.000000      0.85147089      -1.0000000       2.0000000
      0.26933435      0.27958684      -1.0000000      -1.0000000      -1.0000000
      -1.0000000      -1.0000000      -1.0000000      -1.0000000      -1.0000000
      -1.0000000
       0.0000000       89.000000      0.88689691       112.00000       110794.00
       9.6821918       4.2642827      0.55637431      0.77272725      0.69532222
       476.31763      -110.85555      -84.060440       182.50581       29.701353
       185.12447
       1.0000000       89.000000      0.88689691      -1.0000000       3.0000000
    0.0063852705     0.084638584      -1.0000000      -1.0000000      -1.0000000
      -1.0000000      -1.0000000      -1.0000000      -1.0000000      -1.0000000
      -1.0000000
       0.0000000       88.000000      0.92300081       115.00000       108127.00
       9.4101906       3.2067595      0.53784186      0.70270270      0.65262246
       412.62201      -89.074188      -116.74861       190.38484       27.879862
       171.46454
       1.0000000       88.000000      0.92300081      -1.0000000       4.0000000
     0.045616374     0.049893115      -1.0000000      -1.0000000      -1.0000000
      -1.0000000      -1.0000000      -1.0000000      -1.0000000      -1.0000000
      -1.0000000
       0.0000000       87.000000      0.95053136       116.00000       106271.00
       9.1438799       2.7080240      0.52874035      0.72500002      0.71514523
       402.58389      -81.558510      -143.39514       197.15944       26.005369
       163.49437
       1.0000000       87.000000      0.95053136      -1.0000000       2.0000000
      0.31820843      0.16396387      -1.0000000      -1.0000000      -1.0000000
      -1.0000000      -1.0000000      -1.0000000      -1.0000000      -1.0000000
      -1.0000000
       0.0000000       86.000000      0.98785281       221.00000       134008.00
       9.2131300       3.3578115      0.54955053      0.78260869      0.76752126
       471.60110      -15.947316      -170.96597       206.32240       29.456697
       152.42441
       1.0000000       86.000000      0.98785281      -1.0000000       3.0000000
    0.0017740992     0.022602517      -1.0000000      -1.0000000      -1.0000000
      -1.0000000      -1.0000000      -1.0000000      -1.0000000      -1.0000000
      -1.0000000
       0.0000000       85.000000      0.99729425       366.00000       161868.00
       9.4305124       4.5863595      0.55377066      0.85416669      0.76948994
       486.03094       2.2934358      -263.91833       206.70885       33.662510
       156.22305
       1.0000000       85.000000      0.99729425      -1.0000000       1.0000000
     0.089531153     0.015071386      -1.0000000      -1.0000000      -1.0000000
      -1.0000000      -1.0000000      -1.0000000      -1.0000000      -1.0000000
      -1.0000000
       0.0000000       84.000000       1.0355104       366.00000       157149.00
       8.7491007       3.3472955      0.54803753      0.82499999      0.72838271
       474.21533       11.002523      -203.23784       179.08757       26.437811
       189.17595
       1.0000000       84.000000       1.0355104      -1.0000000       3.0000000
     0.011601334     0.051711030      -1.0000000      -1.0000000      -1.0000000
      -1.0000000      -1.0000000      -1.0000000      -1.0000000      -1.0000000
      -1.0000000
       0.0000000       83.000000       1.0744579       367.00000       152759.00
       8.5368252       2.7215731      0.55396599      0.82051283      0.76628500
       479.57971      -52.355793      -216.26216       169.22794       26.505898
       188.57884
       1.0000000       83.000000       1.0744579      -1.0000000       6.0000000
      0.19710869      0.13459373      -1.0000000      -1.0000000      -1.0000000
      -1.0000000      -1.0000000      -1.0000000      -1.0000000      -1.0000000
      -1.0000000
       0.0000000       82.000000       1.1141505       357.00000       145674.00
       8.5132141       2.8584399      0.53294903      0.84782612      0.74659169
       451.79361      -78.108879      -278.12582       168.67978       27.430580
       184.66269
       1.0000000       82.000000       1.1141505      -1.0000000       4.0000000
     0.022216153     0.077616054      -1.0000000      -1.0000000      -1.0000000
      -1.0000000      -1.0000000      -1.0000000      -1.0000000      -1.0000000
      -1.0000000
       0.0000000       81.000000       1.1546028       351.00000       141213.00
       7.7626977       5.1006327      0.58650112      0.76315790      0.73274225
       462.95300      -11.984291      -311.38422       166.90691       26.155102
       180.60529
       1.0000000       81.000000       1.1546028      -1.0000000       3.0000000
      0.30802253      0.14650340      -1.0000000      -1.0000000      -1.0000000
      -1.0000000      -1.0000000      -1.0000000      -1.0000000      -1.0000000
      -1.0000000
       0.0000000       80.000000       1.2062581       369.00000       138025.00
       7.2627487       4.4551358      0.57034874      0.76315790      0.66199178
       478.35513       46.204491      -239.64934       165.27150       24.708738
       175.74806
       1.0000000       80.000000       1.2062581      -1.0000000       3.0000000
      0.12516482      0.27211560      -1.0000000      -1.0000000      -1.0000000
      -1.0000000      -1.0000000      -1.0000000      -1.0000000      -1.0000000
      -1.0000000
       0.0000000       79.000000       1.2484726       372.00000       135569.00
       6.4899516       3.8829558      0.57713288      0.76315790      0.70869327
       452.87973       180.29341      -183.04488       164.94839       21.243595
       177.67995
       1.0000000       79.000000       1.2484726      -1.0000000       5.0000000
    0.0035032259     0.035288953      -1.0000000      -1.0000000      -1.0000000
      -1.0000000      -1.0000000      -1.0000000      -1.0000000      -1.0000000
      -1.0000000
       0.0000000       78.000000       1.3023784       362.00000       129047.00
       6.0583787       3.7151947      0.61019689      0.75675678      0.73914683
       445.14130       288.84738      -114.21836       162.95164       20.523636
       182.15237
       1.0000000       78.000000       1.3023784      -1.0000000       5.0000000
     0.051078155      0.22343871      -1.0000000      -1.0000000      -1.0000000
      -1.0000000      -1.0000000      -1.0000000      -1.0000000      -1.0000000
      -1.0000000
       0.0000000       77.000000       1.3575766       358.00000       123376.00
       5.2715220       3.3357682      0.57364434      0.72222221      0.60180140
       353.90048       293.97845      -53.227226       158.57510       19.176147
       184.42171
       1.0000000       77.000000       1.3575766      -1.0000000       5.0000000
      0.27690593      0.42189428      -1.0000000      -1.0000000      -1.0000000
      -1.0000000      -1.0000000      -1.0000000      -1.0000000      -1.0000000
      -1.0000000
       0.0000000       76.000000       1.4140983       347.00000       117053.00
       5.1193194       3.0498769      0.50519019      0.79545456      0.48103884
       266.05234       349.76807      -124.65005       156.52757       18.895779
       187.70274
       1.0000000       76.000000       1.4140983      -1.0000000       8.0000000
     0.021202492      0.28688993      -1.0000000      -1.0000000      -1.0000000
      -1.0000000      -1.0000000      -1.0000000      -1.0000000      -1.0000000
      -1.0000000
       0.0000000       75.000000       1.4719748       344.00000       111671.00
       4.5135713       2.8103101      0.50959694      0.72093022      0.50079829
       101.25433       380.85397      -75.194656       157.35751       17.075724
       182.78580
       1.0000000       75.000000       1.4719748      -1.0000000       3.0000000
     0.094581411      0.30390784      -1.0000000      -1.0000000      -1.0000000
      -1.0000000      -1.0000000      -1.0000000      -1.0000000      -1.0000000
      -1.0000000
       0.0000000       74.000000       1.5312390       338.00000       107553.00
       4.1933956       2.5387313      0.52900940      0.65714288      0.58047080
       104.83124       388.71936      -51.526833       156.60632       16.098831
       175.70288
       1.0000000       74.000000       1.5312390      -1.0000000       4.0000000
     0.020566477     0.073682927      -1.0000000      -1.0000000      -1.0000000
      -1.0000000      -1.0000000      -1.0000000      -1.0000000      -1.0000000
      -1.0000000
       0.0000000       73.000000       1.6042346       488.00000       119082.00
       3.8637693       2.3774889      0.49223584      0.70270270      0.50297302
       129.89601       312.65854       114.04039       154.53766       16.720675
       168.67067
       1.0000000       73.000000       1.6042346      -1.0000000       3.0000000
      0.12405814      0.25659922      -1.0000000      -1.0000000      -1.0000000
      -1.0000000      -1.0000000      -1.0000000      -1.0000000      -1.0000000
      -1.0000000
       0.0000000       72.000000       1.6666696       505.00000       115589.00
       3.7833314       2.2068985      0.47345251      0.70270270      0.48170769
       180.92322       247.75844       99.202995       150.59369       16.314775
       163.93327
       1.0000000       72.000000       1.6666696      -1.0000000       2.0000000
   0.00074772716     0.031246355      -1.0000000      -1.0000000      -1.0000000
      -1.0000000      -1.0000000      -1.0000000      -1.0000000      -1.0000000
      -1.0000000
       0.0000000       71.000000       1.7435706       516.00000       110428.00
       3.6904447       2.2629263      0.46862331      0.71428573      0.47808143
       236.51782       204.41925       88.603607       147.01498       16.990450
       163.51459
       1.0000000       71.000000       1.7435706      -1.0000000       2.0000000
   0.00042270010       0.0000000      -1.0000000      -1.0000000      -1.0000000
      -1.0000000      -1.0000000      -1.0000000      -1.0000000      -1.0000000
      -1.0000000
       0.0000000       70.000000       1.8226893       500.00000       103525.00
       3.5471926       2.3475201      0.42874709      0.69999999      0.41534650
       222.75775       137.11485       48.915703       143.92786       16.825842
       166.82701
       1.0000000       70.000000       1.8226893      -1.0000000       1.0000000
   0.00024427555   0.00088690995      -1.0000000      -1.0000000      -1.0000000
      -1.0000000      -1.0000000      -1.0000000      -1.0000000      -1.0000000
      -1.0000000
       0.0000000       69.000000       1.9040896       610.00000       108012.00
       3.3328269       2.5426941      0.42707500      0.65116274      0.40289208
       180.44881       158.91777      -12.210544       144.21371       16.665569
       162.85529
       1.0000000       69.000000       1.9040896      -1.0000000       2.0000000
   0.00046043826    0.0020643196      -1.0000000      -1.0000000      -1.0000000
      -1.0000000      -1.0000000      -1.0000000      -1.0000000      -1.0000000
      -1.0000000
       0.0000000       68.000000       2.0020282       615.00000       100950.00
       3.0845332       2.5494564      0.39238849      0.42424244      0.31858811
       94.792885       147.74220       12.358790       144.19353       16.313597
       163.85762
       1.0000000       68.000000       2.0020282      -1.0000000       2.0000000
    0.0019688311     0.058407873      -1.0000000      -1.0000000      -1.0000000
      -1.0000000      -1.0000000      -1.0000000      -1.0000000      -1.0000000
      -1.0000000
       0.0000000       67.000000       2.1032696       575.00000       91630.000
       2.8260233       3.1897068      0.39222625      0.51282048      0.26040342
       112.99635       81.989883      -83.603195       143.67165       16.871054
       161.10625
       1.0000000       67.000000       2.1032696      -1.0000000       4.0000000
    0.0012181533     0.023806588      -1.0000000      -1.0000000      -1.0000000
      -1.0000000      -1.0000000      -1.0000000      -1.0000000      -1.0000000
      -1.0000000
       0.0000000       66.000000       2.2079256       746.00000       96505.000
       2.1642737       3.2127461      0.36356953      0.37142855      0.32320037
      -124.52198       97.260292       14.519313       150.29550       15.105651
       127.73199
       2.0000000       66.000000       2.2079256      0.41433185       63.000000
      0.44910535      0.59885234      -1.0000000      -1.0000000      -1.0000000
      -1.0000000      -1.0000000      -1.0000000      -1.0000000      -1.0000000
      -1.0000000
       1.0000000       66.000000       2.2079256      -1.0000000       5.0000000
     0.011333771      0.17624702      -1.0000000      -1.0000000      -1.0000000
      -1.0000000      -1.0000000      -1.0000000      -1.0000000      -1.0000000
      -1.0000000
       0.0000000       65.000000       2.3161108       555.00000       77283.000
       1.8867002       5.0804524      0.41581866      0.48648649      0.35854182
      -183.01324       61.770020       124.83258       170.54781       20.160105
       111.12878
       1.0000000       65.000000       2.3161108      -1.0000000       4.0000000
     0.038466083      0.27736124      -1.0000000      -1.0000000      -1.0000000
      -1.0000000      -1.0000000      -1.0000000      -1.0000000      -1.0000000
      -1.0000000
       0.0000000       64.000000       2.4442258      -1.0000000       70027.000
       1.2387438       2.9694161      -1.0000000      -1.0000000      -1.0000000
      -1.0000000      -1.0000000      -1.0000000       142.49553       12.641816
       150.97226
       1.0000000       64.000000       2.4442258      -1.0000000       8.0000000
    0.0038754782     0.035700266      -1.0000000      -1.0000000      -1.0000000
      -1.0000000      -1.0000000      -1.0000000      -1.0000000      -1.0000000
      -1.0000000
       0.0000000       63.000000       2.5772903      -1.0000000       70088.000
       1.0839267       1.0156028      -1.0000000      -1.0000000      -1.0000000
      -1.0000000      -1.0000000      -1.0000000       129.07042       8.5553951
       153.43314
       1.0000000       63.000000       2.5772903      -1.0000000       2.0000000
    0.0088585507      0.13719700      -1.0000000      -1.0000000      -1.0000000
      -1.0000000      -1.0000000      -1.0000000      -1.0000000      -1.0000000
      -1.0000000
       0.0000000       62.000000       2.7331426      -1.0000000       62673.000
      0.94080675       1.4036111      -1.0000000      -1.0000000      -1.0000000
      -1.0000000      -1.0000000      -1.0000000       126.26358       7.7963243
       139.25294
       1.0000000       62.000000       2.7331426      -1.0000000       3.0000000
     0.054688651      0.13038893      -1.0000000      -1.0000000      -1.0000000
      -1.0000000      -1.0000000      -1.0000000      -1.0000000      -1.0000000
      -1.0000000
       0.0000000       61.000000       2.8957851      -1.0000000       55047.000
      0.83350807       1.7959849      -1.0000000      -1.0000000      -1.0000000
      -1.0000000      -1.0000000      -1.0000000       129.24275       8.6950560
       132.02209
       1.0000000       61.000000       2.8957851      -1.0000000       8.0000000
    0.0021266319     0.034233052      -1.0000000      -1.0000000      -1.0000000
      -1.0000000      -1.0000000      -1.0000000      -1.0000000      -1.0000000
      -1.0000000
       0.0000000       60.000000       3.0081310      -1.0000000       49582.000
      0.68938714       2.1820595      -1.0000000      -1.0000000      -1.0000000
      -1.0000000      -1.0000000      -1.0000000       132.23059       8.7569742
       124.26514
       1.0000000       60.000000       3.0081310      -1.0000000       2.0000000
    0.0012895815     0.061877433      -1.0000000      -1.0000000      -1.0000000
      -1.0000000      -1.0000000      -1.0000000      -1.0000000      -1.0000000
      -1.0000000
       0.0000000       59.000000       3.0848227      -1.0000000       47631.000
      0.60195041       1.8920494      -1.0000000      -1.0000000      -1.0000000
      -1.0000000      -1.0000000      -1.0000000       133.23813       7.5859661
       117.48640
       1.0000000       59.000000       3.0848227      -1.0000000       4.0000000
   0.00096381381    0.0039882869      -1.0000000      -1.0000000      -1.0000000
      -1.0000000      -1.0000000      -1.0000000      -1.0000000      -1.0000000
      -1.0000000
       0.0000000       58.000000       3.2830331      -1.0000000       57788.000
      0.37921461       1.9501034      -1.0000000      -1.0000000      -1.0000000
      -1.0000000      -1.0000000      -1.0000000       135.80896       8.4806328
       103.65955
       1.0000000       58.000000       3.2830331      -1.0000000       4.0000000
    0.0079416703     0.075341366      -1.0000000      -1.0000000      -1.0000000
      -1.0000000      -1.0000000      -1.0000000      -1.0000000      -1.0000000
      -1.0000000
       0.0000000       57.000000       3.4908614      -1.0000000       49886.000
      0.23730974       2.6304009      -1.0000000      -1.0000000      -1.0000000
      -1.0000000      -1.0000000      -1.0000000       133.37257       11.260814
       100.59837
       1.0000000       57.000000       3.4908614      -1.0000000       6.0000000
     0.016810091     0.038452737      -1.0000000      -1.0000000      -1.0000000
      -1.0000000      -1.0000000      -1.0000000      -1.0000000      -1.0000000
      -1.0000000
