       0.0000000       135.00000       0.0000000       113.00000       247039.00
       19.862785      0.12266027      0.47157967      0.51612902      0.46251518
       92.455559      -134.06158       181.01382       189.08839       62.089348
       252.24699
       0.0000000       134.00000    0.0095216669       108.00000       242337.00
       19.888945      0.10695034      0.48811746      0.54545456      0.48900923
       93.970093      -154.64809       178.04034       188.85263       62.439194
       252.96194
       1.0000000       134.00000    0.0095216669      -1.0000000       5.0000000
    0.0047930576       0.0000000      -1.0000000      -1.0000000      -1.0000000
      -1.0000000      -1.0000000      -1.0000000      -1.0000000      -1.0000000
      -1.0000000
       0.0000000       133.00000     0.023974428       109.00000       239995.00
       19.934633     0.097447000      0.47931477      0.54838705      0.47274584
       88.114769      -176.30035       161.43832       189.05139       62.982037
       251.19164
       1.0000000       133.00000     0.023974428      -1.0000000       2.0000000
   0.00059166107     0.030092459      -1.0000000      -1.0000000      -1.0000000
      -1.0000000      -1.0000000      -1.0000000      -1.0000000      -1.0000000
      -1.0000000
       0.0000000       132.00000     0.033724371       119.00000       244590.00
       19.993515      0.10957442      0.49224606      0.54545456      0.49799651
       85.523865      -195.96132       151.75002       189.16957       62.614422
       250.10126
       1.0000000       132.00000     0.033724371      -1.0000000       1.0000000
   0.00085450063     0.061934937      -1.0000000      -1.0000000      -1.0000000
      -1.0000000      -1.0000000      -1.0000000      -1.0000000      -1.0000000
      -1.0000000
       0.0000000       131.00000     0.048523631       121.00000       241157.00
       19.948910     0.087293476      0.47935259      0.53333330      0.45762587
       76.466118      -210.69719       131.00708       189.19209       62.705685
       255.17949
       1.0000000       131.00000     0.048523631      -1.0000000       1.0000000
    0.0015378353     0.025113568      -1.0000000      -1.0000000      -1.0000000
      -1.0000000      -1.0000000      -1.0000000      -1.0000000      -1.0000000
      -1.0000000
       0.0000000       130.00000     0.058507323       121.00000       239677.00
       20.018921     0.085328609      0.48971412      0.53125000      0.49083623
       70.856506      -230.18552       116.32529       189.10698       63.098099
       258.50174
       1.0000000       130.00000     0.058507323      -1.0000000       2.0000000
    0.0068428781     0.020569886      -1.0000000      -1.0000000      -1.0000000
      -1.0000000      -1.0000000      -1.0000000      -1.0000000      -1.0000000
      -1.0000000
       0.0000000       129.00000     0.073661387       122.00000       236461.00
       19.879625     0.098813750      0.48853135      0.51724136      0.42578042
       64.949226      -242.01935       93.970665       188.28989       60.477837
       260.86276
       0.0000000       128.00000     0.083884433       117.00000       233847.00
       19.790022     0.080310680      0.49416575      0.56666672      0.48407882
       59.826031      -256.80615       79.923004       187.65450       60.852757
       262.19870
       1.0000000       128.00000     0.083884433      -1.0000000       2.0000000
       0.0000000       0.0000000      -1.0000000      -1.0000000      -1.0000000
      -1.0000000      -1.0000000      -1.0000000      -1.0000000      -1.0000000
      -1.0000000
       0.0000000       127.00000     0.099401802       119.00000       231282.00
       19.946848     0.092713840      0.50081438      0.57575762      0.50844306
       57.126408      -273.55252       59.217342       188.11662       61.584698
       261.54541
       0.0000000       126.00000      0.10986994       119.00000       229802.00
       20.068937     0.083543316      0.49750784      0.51724136      0.47312713
       54.220192      -279.68414       43.189640       188.40486       61.545174
       258.89691
       1.0000000       126.00000      0.10986994      -1.0000000       2.0000000
    0.0048131998      0.10491433      -1.0000000      -1.0000000      -1.0000000
      -1.0000000      -1.0000000      -1.0000000      -1.0000000      -1.0000000
      -1.0000000
       0.0000000       125.00000      0.12575933       123.00000       229014.00
       19.725952     0.052321509      0.52283001      0.57575762      0.54531729
       46.248856      -298.85709       16.928715       187.79547       60.716152
       257.76755
       1.0000000       125.00000      0.12575933      -1.0000000       1.0000000
   0.00066428719       0.0000000      -1.0000000      -1.0000000      -1.0000000
      -1.0000000      -1.0000000      -1.0000000      -1.0000000      -1.0000000
      -1.0000000
       0.0000000       124.00000      0.14187621       124.00000       226247.00
       20.021704     0.051650837      0.52380216      0.53125000      0.54301530
       43.702667      -304.03818       3.1241260       189.15088       60.037380
       255.29613
       1.0000000       124.00000      0.14187621      -1.0000000       3.0000000
    0.0050074054    0.0030602142      -1.0000000      -1.0000000      -1.0000000
      -1.0000000      -1.0000000      -1.0000000      -1.0000000      -1.0000000
      -1.0000000
       0.0000000       123.00000      0.15274876       123.00000       223717.00
       19.834236     0.098473564      0.51990426      0.57575762      0.55597401
       31.627085      -309.12997      -11.666799       190.25256       60.438728
       252.94124
       0.0000000       122.00000      0.16925204       121.00000       219751.00
       20.801952      0.19868638      0.52293676      0.46666664      0.52949983
      -3.7690570      -305.07074      -35.134396       192.96834       61.910568
       254.52707
       1.0000000       122.00000      0.16925204      -1.0000000       1.0000000
    0.0057132295     0.071670175      -1.0000000      -1.0000000      -1.0000000
      -1.0000000      -1.0000000      -1.0000000      -1.0000000      -1.0000000
      -1.0000000
       0.0000000       121.00000      0.18038526       120.00000       216065.00
       17.558233      0.19513488      0.56148106      0.55882359      0.60545528
      -28.076815      -313.12280      -48.877525       194.45207       57.261726
       251.34389
       2.0000000       121.00000      0.18038526      0.43720961       102.00000
       6.3331270       1.3310368      0.58471000      0.57575762      0.66024792
      -96.607719       168.48044      -358.12720       60022.188       14721.170
       34800.715
       1.0000000       121.00000      0.18038526      -1.0000000       1.0000000
     0.029626869      0.17691617      -1.0000000      -1.0000000      -1.0000000
      -1.0000000      -1.0000000      -1.0000000      -1.0000000      -1.0000000
      -1.0000000
       0.0000000       120.00000      0.19728418       116.00000       210605.00
       21.172995      0.30550456      0.54834628      0.50000000      0.73014730
       20.398304      -394.28125      -46.963448       201.55812       53.407883
       246.97601
       1.0000000       120.00000      0.19728418      -1.0000000       3.0000000
    0.0035069813       0.0000000      -1.0000000      -1.0000000      -1.0000000
      -1.0000000      -1.0000000      -1.0000000      -1.0000000      -1.0000000
      -1.0000000
       0.0000000       119.00000      0.21442504       161.00000       229458.00
       15.766872      0.59035695      0.60234034      0.62500000      0.68236607
      -2.2353888      -307.86292      -43.860325       199.17583       40.932568
       250.22191
       1.0000000       119.00000      0.21442504      -1.0000000       3.0000000
    0.0010161537    0.0076554767      -1.0000000      -1.0000000      -1.0000000
      -1.0000000      -1.0000000      -1.0000000      -1.0000000      -1.0000000
      -1.0000000
       0.0000000       118.00000      0.22598839       158.00000       226900.00
       15.851868      0.57535416      0.60102475      0.62500000      0.66884357
       6.1583695      -310.24417      -39.382671       200.96802       41.079300
       255.59401
       1.0000000       118.00000      0.22598839      -1.0000000       3.0000000
    0.0019425826     0.026759088      -1.0000000      -1.0000000      -1.0000000
      -1.0000000      -1.0000000      -1.0000000      -1.0000000      -1.0000000
      -1.0000000
       0.0000000       117.00000      0.24354018       159.00000       223118.00
       15.757854       1.4917830      0.60190827      0.63636363      0.67964578
       14.067758      -321.01340      -27.104301       206.03812       43.974220
       268.21820
       2.0000000       117.00000      0.24354018      0.87692076       90.000000
      0.51322311      0.28241330      -1.0000000      -1.0000000      -1.0000000
      -1.0000000      -1.0000000      -1.0000000      -1.0000000      -1.0000000
      -1.0000000
       1.0000000       117.00000      0.24354018      -1.0000000       1.0000000
       0.0000000       0.0000000      -1.0000000      -1.0000000      -1.0000000
      -1.0000000      -1.0000000      -1.0000000      -1.0000000      -1.0000000
      -1.0000000
       0.0000000       116.00000      0.26134327       156.00000       218284.00
       17.533104       1.8488852      0.59592533      0.56666672      0.61646187
       7.6030331      -396.35486      -14.330060       207.89284       56.286709
       274.23178
       1.0000000       116.00000      0.26134327      -1.0000000       2.0000000
    0.0018879933     0.028416514      -1.0000000      -1.0000000      -1.0000000
      -1.0000000      -1.0000000      -1.0000000      -1.0000000      -1.0000000
      -1.0000000
       0.0000000       115.00000      0.27335334       155.00000       216911.00
       15.413435       1.3587183      0.59449357      0.64705884      0.68536663
       11.354246      -325.56046       3.9116735       199.12758       39.118134
       282.73004
       1.0000000       115.00000      0.27335334      -1.0000000       2.0000000
    0.0017210484       0.0000000      -1.0000000      -1.0000000      -1.0000000
      -1.0000000      -1.0000000      -1.0000000      -1.0000000      -1.0000000
      -1.0000000
       0.0000000       114.00000      0.29158324       156.00000       212520.00
       14.932442       1.0157919      0.59600931      0.65625000      0.68049783
       16.885492      -323.91415      -3.0563900       196.91251       37.132046
       294.42975
       1.0000000       114.00000      0.29158324      -1.0000000       1.0000000
   0.00059751677     0.033501808      -1.0000000      -1.0000000      -1.0000000
      -1.0000000      -1.0000000      -1.0000000      -1.0000000      -1.0000000
      -1.0000000
       0.0000000       113.00000      0.31007412       157.00000       209382.00
       15.042862      0.79970378      0.60219872      0.63636363      0.66445589
       46.238014      -335.85593      -4.9462104       197.53609       37.087872
       298.33749
       0.0000000       112.00000      0.32882974       161.00000       203654.00
       14.668522      0.72657943      0.60312647      0.64705884      0.68738478
       42.783142      -332.68140      -6.3995280       193.61771       34.481537
       299.07077
       1.0000000       112.00000      0.32882974      -1.0000000       2.0000000
   0.00017672416       0.0000000      -1.0000000      -1.0000000      -1.0000000
      -1.0000000      -1.0000000      -1.0000000      -1.0000000      -1.0000000
      -1.0000000
       0.0000000       111.00000      0.34785384       165.00000       203620.00
       14.639035      0.61354709      0.59905225      0.64705884      0.68363053
       39.911613      -335.17651      -8.3787708       195.51387       34.108028
       293.69354
       0.0000000       110.00000      0.36068764       158.00000       198905.00
       14.679230      0.35838249      0.59556407      0.64705884      0.68457633
       41.637985      -336.24951      -13.849200       198.33147       34.074364
       290.18854
       0.0000000       109.00000      0.38016787       161.00000       197166.00
       14.696939      0.86904764      0.60025710      0.64705884      0.68847030
       49.168449      -340.80841      -18.811024       203.92564       34.684418
       279.73642
       1.0000000       109.00000      0.38016787      -1.0000000       2.0000000
   0.00019884406       0.0000000      -1.0000000      -1.0000000      -1.0000000
      -1.0000000      -1.0000000      -1.0000000      -1.0000000      -1.0000000
      -1.0000000
       0.0000000       108.00000      0.39992696       167.00000       196704.00
       14.669715      0.90731645      0.59947866      0.63636363      0.68626308
       52.994194      -346.10242      -15.684200       210.18242       34.676636
       265.69492
       1.0000000       108.00000      0.39992696      -1.0000000       1.0000000
       0.0000000       0.0000000      -1.0000000      -1.0000000      -1.0000000
      -1.0000000      -1.0000000      -1.0000000      -1.0000000      -1.0000000
      -1.0000000
       0.0000000       107.00000      0.41996893       166.00000       192470.00
       14.764564      0.99215668      0.59917229      0.63636363      0.68339872
       52.280811      -351.84268      -14.530652       217.08994       35.259148
       252.76216
       1.0000000       107.00000      0.41996893      -1.0000000       2.0000000
    0.0011792351     0.030906245      -1.0000000      -1.0000000      -1.0000000
      -1.0000000      -1.0000000      -1.0000000      -1.0000000      -1.0000000
      -1.0000000
       0.0000000       106.00000      0.44029784       165.00000       190245.00
       14.875806       1.0619931      0.60370183      0.63636363      0.68369359
       59.564148      -359.45648      -19.110556       221.22453       35.792461
       238.53050
       1.0000000       106.00000      0.44029784      -1.0000000       3.0000000
     0.014822128    0.0072722146      -1.0000000      -1.0000000      -1.0000000
      -1.0000000      -1.0000000      -1.0000000      -1.0000000      -1.0000000
      -1.0000000
       0.0000000       105.00000      0.46091780       161.00000       184246.00
       14.818110       1.0318671      0.60421407      0.63636363      0.68567562
       63.918018      -366.00198      -19.489889       221.72089       35.666386
       227.24893
       1.0000000       105.00000      0.46091780      -1.0000000       4.0000000
    0.0014774054     0.039846713      -1.0000000      -1.0000000      -1.0000000
      -1.0000000      -1.0000000      -1.0000000      -1.0000000      -1.0000000
      -1.0000000
       0.0000000       104.00000      0.48183295       160.00000       180911.00
       14.732368      0.94894522      0.59494317      0.63636363      0.67847383
       74.343628      -371.16928      -18.364614       219.24957       35.188988
       227.25986
       1.0000000       104.00000      0.48183295      -1.0000000       2.0000000
    0.0011187181       0.0000000      -1.0000000      -1.0000000      -1.0000000
      -1.0000000      -1.0000000      -1.0000000      -1.0000000      -1.0000000
      -1.0000000
       0.0000000       103.00000      0.50304753       169.00000       180178.00
       14.612875      0.94181556      0.59752095      0.61290324      0.68400651
       83.080322      -372.17038      -16.631960       212.41731       34.372200
       242.26297
       1.0000000       103.00000      0.50304753      -1.0000000       2.0000000
   0.00023114988       0.0000000      -1.0000000      -1.0000000      -1.0000000
      -1.0000000      -1.0000000      -1.0000000      -1.0000000      -1.0000000
      -1.0000000
       0.0000000       102.00000      0.52456582       167.00000       176982.00
       14.485333      0.88326859      0.59079462      0.65625000      0.67993826
       91.473633      -368.36960      -16.070816       205.66879       33.386597
       259.34973
       1.0000000       102.00000      0.52456582      -1.0000000       6.0000000
    0.0032198206     0.047604314      -1.0000000      -1.0000000      -1.0000000
      -1.0000000      -1.0000000      -1.0000000      -1.0000000      -1.0000000
      -1.0000000
       0.0000000       101.00000      0.54639220       166.00000       173926.00
       14.409655      0.87672508      0.59258443      0.65625000      0.68911994
       102.94181      -367.61478      -20.521357       199.13916       32.808277
       264.79956
       1.0000000       101.00000      0.54639220      -1.0000000       3.0000000
    0.0024908024     0.028951494      -1.0000000      -1.0000000      -1.0000000
      -1.0000000      -1.0000000      -1.0000000      -1.0000000      -1.0000000
      -1.0000000
       0.0000000       100.00000      0.57598084       166.00000       168169.00
       14.524582      0.92226464      0.57693624      0.67647058      0.69360322
       106.62701      -367.90234      -21.025389       192.92445       33.083233
       264.41891
       1.0000000       100.00000      0.57598084      -1.0000000       3.0000000
    0.0013988989     0.046094649      -1.0000000      -1.0000000      -1.0000000
      -1.0000000      -1.0000000      -1.0000000      -1.0000000      -1.0000000
      -1.0000000
       0.0000000       99.000000      0.59854329       168.00000       164052.00
       14.391187      0.76595891      0.57621008      0.73684210      0.70836687
       119.85862      -365.07275      -24.426689       186.90892       32.064514
       254.87640
       1.0000000       99.000000      0.59854329      -1.0000000       5.0000000
    0.0013049279     0.033263566      -1.0000000      -1.0000000      -1.0000000
      -1.0000000      -1.0000000      -1.0000000      -1.0000000      -1.0000000
      -1.0000000
       0.0000000       98.000000      0.62142873       159.00000       157164.00
       14.392501      0.63302469      0.56351274      0.75609756      0.70553577
       132.05768      -365.49619      -29.653704       184.25957       32.446136
       265.31442
       1.0000000       98.000000      0.62142873      -1.0000000       4.0000000
    0.0039010569      0.15655150      -1.0000000      -1.0000000      -1.0000000
      -1.0000000      -1.0000000      -1.0000000      -1.0000000      -1.0000000
      -1.0000000
       0.0000000       97.000000      0.64464182       161.00000       156330.00
       14.514585       1.0249736      0.53581572      0.75000000      0.67117894
       149.04388      -361.80469      -31.131216       182.93999       33.272209
       263.94641
       1.0000000       97.000000      0.64464182      -1.0000000       5.0000000
    0.0090519289      0.16130325      -1.0000000      -1.0000000      -1.0000000
      -1.0000000      -1.0000000      -1.0000000      -1.0000000      -1.0000000
      -1.0000000
       0.0000000       96.000000      0.67611039       161.00000       152353.00
       14.549896       1.0437011      0.55389863      0.77272725      0.68870312
       167.70410      -375.03821      -22.123672       182.50238       32.805393
       243.97063
       1.0000000       96.000000      0.67611039      -1.0000000       2.0000000
   0.00033648385     0.019356364      -1.0000000      -1.0000000      -1.0000000
      -1.0000000      -1.0000000      -1.0000000      -1.0000000      -1.0000000
      -1.0000000
       0.0000000       95.000000      0.70010638       168.00000       151873.00
       14.418942       1.0917200      0.57529587      0.74358976      0.68671405
       189.89084      -380.02078      -5.8873878       184.16048       32.155830
       230.99136
       1.0000000       95.000000      0.70010638      -1.0000000       3.0000000
    0.0030698184     0.029552003      -1.0000000      -1.0000000      -1.0000000
      -1.0000000      -1.0000000      -1.0000000      -1.0000000      -1.0000000
      -1.0000000
       0.0000000       94.000000      0.73263615       165.00000       147067.00
       14.522913       1.1775790      0.57663101      0.76190472      0.70693725
       196.99884      -371.60663       12.010254       187.09921       32.354538
       212.51833
       1.0000000       94.000000      0.73263615      -1.0000000       4.0000000
     0.063471025     0.098178916      -1.0000000      -1.0000000      -1.0000000
      -1.0000000      -1.0000000      -1.0000000      -1.0000000      -1.0000000
      -1.0000000
       0.0000000       93.000000      0.75744140       162.00000       141864.00
       14.496108       1.2564297      0.56772810      0.75609756      0.72199875
       207.34680      -369.40167       32.794937       191.48918       32.546562
       195.97873
       0.0000000       92.000000      0.79106826      -1.0000000       175118.00
      0.40385577     0.011381885      -1.0000000      -1.0000000      -1.0000000
      -1.0000000      -1.0000000      -1.0000000       63.357906      0.41774276
      0.92701465
       2.0000000       92.000000      0.79106826       23.467007       88.000000
       13.657746       2.4253736      0.37089014      0.32142860      0.31716385
      -43.814281       12.135255       43.163284       11109.194       52735.125
      -55952.316
       1.0000000       92.000000      0.79106826      -1.0000000       1.0000000
     0.030439988    0.0017079574      -1.0000000      -1.0000000      -1.0000000
      -1.0000000      -1.0000000      -1.0000000      -1.0000000      -1.0000000
      -1.0000000
       0.0000000       90.000000      0.85147089      -1.0000000       159964.00
      0.58525598     0.030421386      -1.0000000      -1.0000000      -1.0000000
      -1.0000000      -1.0000000      -1.0000000       73.447609      0.62381893
       1.1064677
       0.0000000       88.000000      0.92300081      -1.0000000       155289.00
      0.63643104     0.017888956      -1.0000000      -1.0000000      -1.0000000
      -1.0000000      -1.0000000      -1.0000000       78.618561      0.70445889
       1.1416807
       0.0000000       87.000000      0.95053136      -1.0000000       153759.00
      0.56089997     0.045671340      -1.0000000      -1.0000000      -1.0000000
      -1.0000000      -1.0000000      -1.0000000       69.509315      0.61346030
       1.1450180
       0.0000000       85.000000      0.99729425      -1.0000000       149754.00
      0.58199781     0.025570098      -1.0000000      -1.0000000      -1.0000000
      -1.0000000      -1.0000000      -1.0000000       76.796867      0.65217370
       1.1969482
       0.0000000       83.000000       1.0744579       302.00000       141668.00
       11.504642       3.2688057      0.57947510      0.76315790      0.66292042
      -262.63800      -328.84641       168.56331       192.14128       28.159494
       173.03006
       0.0000000       82.000000       1.1141505       331.00000       141441.00
       10.870828       4.3492546      0.54903102      0.74285710      0.65780294
      -244.33891      -312.88544       117.59650       190.87556       30.320538
       177.97377
       1.0000000       82.000000       1.1141505      -1.0000000       3.0000000
     0.035609533      0.33106214      -1.0000000      -1.0000000      -1.0000000
      -1.0000000      -1.0000000      -1.0000000      -1.0000000      -1.0000000
      -1.0000000
       0.0000000       81.000000       1.1546028       313.00000       134848.00
       10.321408       4.0037880      0.52560955      0.72727275      0.61809593
      -161.29848      -309.80609       114.77901       185.53889       30.092651
       192.68042
       1.0000000       81.000000       1.1546028      -1.0000000       4.0000000
     0.071487540      0.53500121      -1.0000000      -1.0000000      -1.0000000
      -1.0000000      -1.0000000      -1.0000000      -1.0000000      -1.0000000
      -1.0000000
       0.0000000       80.000000       1.2062581       315.00000       128986.00
       9.6365986       3.6904168      0.51803267      0.72727275      0.58321691
      -108.93948      -327.17181       51.599068       182.82930       28.508093
       205.83376
       1.0000000       80.000000       1.2062581      -1.0000000       5.0000000
     0.025048228      0.21174323      -1.0000000      -1.0000000      -1.0000000
      -1.0000000      -1.0000000      -1.0000000      -1.0000000      -1.0000000
      -1.0000000
       0.0000000       79.000000       1.2484726       317.00000       126618.00
       9.3693943       3.1056833      0.53088903      0.69696975      0.59850436
      -104.34714      -326.53268       39.536755       184.22400       27.344732
       207.49382
       1.0000000       79.000000       1.2484726      -1.0000000       1.0000000
     0.032648917      0.18112461      -1.0000000      -1.0000000      -1.0000000
      -1.0000000      -1.0000000      -1.0000000      -1.0000000      -1.0000000
      -1.0000000
       0.0000000       78.000000       1.3023784       304.00000       119716.00
       9.0413742       2.1505480      0.51154953      0.73529410      0.58841074
      -149.06662      -284.15149       55.036160       183.84613       25.132986
       208.63086
       1.0000000       78.000000       1.3023784      -1.0000000       3.0000000
      0.36036890      0.74419159      -1.0000000      -1.0000000      -1.0000000
      -1.0000000      -1.0000000      -1.0000000      -1.0000000      -1.0000000
      -1.0000000
       0.0000000       77.000000       1.3575766       336.00000       120128.00
       8.8017702       2.4034033      0.51124048      0.75000000      0.59042019
      -179.16243      -268.60751       9.5805407       189.93268       24.123133
       197.09346
       1.0000000       77.000000       1.3575766      -1.0000000       3.0000000
    0.0020170570     0.030447831      -1.0000000      -1.0000000      -1.0000000
      -1.0000000      -1.0000000      -1.0000000      -1.0000000      -1.0000000
      -1.0000000
       0.0000000       76.000000       1.4140983       345.00000       116797.00
       8.6644468       2.4226527      0.51174426      0.72727275      0.56743115
      -193.17474      -256.36478      -14.572056       197.65527       23.808022
       182.11577
       1.0000000       76.000000       1.4140983      -1.0000000       2.0000000
    0.0041546437     0.068915291      -1.0000000      -1.0000000      -1.0000000
      -1.0000000      -1.0000000      -1.0000000      -1.0000000      -1.0000000
      -1.0000000
       0.0000000       75.000000       1.4719748       351.00000       112660.00
       8.4718342       2.0065446      0.50651699      0.75675678      0.58328408
      -214.12845      -245.60571      -53.477024       210.81027       23.872797
       153.21405
       1.0000000       75.000000       1.4719748      -1.0000000       2.0000000
    0.0032768617       0.0000000      -1.0000000      -1.0000000      -1.0000000
      -1.0000000      -1.0000000      -1.0000000      -1.0000000      -1.0000000
      -1.0000000
       0.0000000       74.000000       1.5312390       353.00000       109674.00
       8.2194004       2.7160368      0.50615716      0.71428573      0.54243112
      -217.07729      -216.09880      -68.949547       202.18134       23.052122
       160.39647
       1.0000000       74.000000       1.5312390      -1.0000000       5.0000000
      0.15503957       1.0217457      -1.0000000      -1.0000000      -1.0000000
      -1.0000000      -1.0000000      -1.0000000      -1.0000000      -1.0000000
      -1.0000000
       0.0000000       73.000000       1.6042346       344.00000       103064.00
       7.9540691       2.0533888      0.50639915      0.72222221      0.56069684
      -168.89955      -226.85861      -122.90389       189.19759       21.403507
       164.32428
       1.0000000       73.000000       1.6042346      -1.0000000       2.0000000
   0.00047046391    0.0021338884      -1.0000000      -1.0000000      -1.0000000
      -1.0000000      -1.0000000      -1.0000000      -1.0000000      -1.0000000
      -1.0000000
       0.0000000       72.000000       1.6666696       346.00000       98637.000
       7.6822214       1.9165192      0.49858758      0.69230771      0.52414376
      -131.41585      -241.24059      -108.35358       189.04539       20.154060
       158.49045
       1.0000000       72.000000       1.6666696      -1.0000000       3.0000000
       0.0000000       0.0000000      -1.0000000      -1.0000000      -1.0000000
      -1.0000000      -1.0000000      -1.0000000      -1.0000000      -1.0000000
      -1.0000000
       0.0000000       71.000000       1.7435706       339.00000       91906.000
       7.5990496       1.5018365      0.49756753      0.67567563      0.56407380
      -124.06299      -262.42831      -79.428947       193.21646       20.902143
       141.17378
       0.0000000       70.000000       1.8226893       305.00000       82612.000
       7.4903884       2.4453452      0.47080857      0.67567563      0.47005305
      -141.96094      -237.27078      -20.660975       190.71071       21.020029
       143.79547
       1.0000000       70.000000       1.8226893      -1.0000000       6.0000000
     0.011955022      0.13970119      -1.0000000      -1.0000000      -1.0000000
      -1.0000000      -1.0000000      -1.0000000      -1.0000000      -1.0000000
      -1.0000000
       0.0000000       69.000000       1.9040896       396.00000       89412.000
       7.0172691       2.9280231      0.48395857      0.62857145      0.47210667
      -141.60861      -240.39949      -45.128704       179.77280       20.319677
       151.84901
       1.0000000       69.000000       1.9040896      -1.0000000       3.0000000
    0.0031064755     0.056896260      -1.0000000      -1.0000000      -1.0000000
      -1.0000000      -1.0000000      -1.0000000      -1.0000000      -1.0000000
      -1.0000000
       0.0000000       68.000000       2.0020282       352.00000       78264.000
       6.2128849       3.0828471      0.41850483      0.58333337      0.35031137
      -117.88321      -159.87029     -0.47069964       174.25520       18.857887
       167.45053
       1.0000000       68.000000       2.0020282      -1.0000000       3.0000000
     0.061677305      0.21550831      -1.0000000      -1.0000000      -1.0000000
      -1.0000000      -1.0000000      -1.0000000      -1.0000000      -1.0000000
      -1.0000000
       0.0000000       67.000000       2.1032696       313.00000       68759.000
       5.6927109       2.6229467      0.35569596      0.42424244      0.15636247
       14.615280      -60.524296      -29.674063       170.49080       18.596746
       179.66611
       1.0000000       67.000000       2.1032696      -1.0000000       5.0000000
    0.0060892659     0.087126508      -1.0000000      -1.0000000      -1.0000000
      -1.0000000      -1.0000000      -1.0000000      -1.0000000      -1.0000000
      -1.0000000
       0.0000000       66.000000       2.2079256       332.00000       65459.000
       5.4947176       2.2099271      0.30319858      0.26470590      0.11235256
       74.504501      -28.411470      -8.4763699       175.08554       17.316528
       165.25226
       1.0000000       66.000000       2.2079256      -1.0000000       5.0000000
     0.059381717      0.36247665      -1.0000000      -1.0000000      -1.0000000
      -1.0000000      -1.0000000      -1.0000000      -1.0000000      -1.0000000
      -1.0000000
       0.0000000       65.000000       2.3161108       320.00000       58878.000
       4.9311051       3.2355487      0.34305885      0.72549021      0.25594693
       52.581444       15.622781      -25.427299       198.47685       18.298372
       137.02022
       1.0000000       65.000000       2.3161108      -1.0000000       1.0000000
      0.20218892      0.33256689      -1.0000000      -1.0000000      -1.0000000
      -1.0000000      -1.0000000      -1.0000000      -1.0000000      -1.0000000
      -1.0000000
       0.0000000       64.000000       2.4442258       307.00000       52742.000
       3.4334173       6.0964484      0.47767970      0.72727275      0.51270276
      -358.91888      -461.24786      -204.37303       213.39917       28.352676
       125.18818
       2.0000000       64.000000       2.4442258      0.35527807       63.000000
      0.87162715       1.9651405      -1.0000000      -1.0000000      -1.0000000
      -1.0000000      -1.0000000      -1.0000000      -1.0000000      -1.0000000
      -1.0000000
       1.0000000       64.000000       2.4442258      -1.0000000       6.0000000
      0.13838431      0.27512087      -1.0000000      -1.0000000      -1.0000000
      -1.0000000      -1.0000000      -1.0000000      -1.0000000      -1.0000000
      -1.0000000
       0.0000000       63.000000       2.5772903       297.00000       47480.000
       2.4533660       2.9864957      0.51661319      0.74358976      0.59702891
      -182.31778      -382.57208      -127.30270       173.43671       14.217799
       160.29846
       1.0000000       63.000000       2.5772903      -1.0000000       10.000000
     0.060797677      0.41686484      -1.0000000      -1.0000000      -1.0000000
      -1.0000000      -1.0000000      -1.0000000      -1.0000000      -1.0000000
      -1.0000000
       0.0000000       62.000000       2.7331426       279.00000       41624.000
       1.9955388       2.5827994      0.46214631      0.70270270      0.46590850
      -230.71838      -246.30215      -61.041645       162.45432       12.158089
       151.23878
       1.0000000       62.000000       2.7331426      -1.0000000       13.000000
     0.012575695      0.14740853      -1.0000000      -1.0000000      -1.0000000
      -1.0000000      -1.0000000      -1.0000000      -1.0000000      -1.0000000
      -1.0000000
       0.0000000       61.000000       2.8957851       262.00000       36654.000
       1.7225729       2.0821185      0.51158798      0.74358976      0.60133272
      -278.22159      -167.38541      -191.89455       166.96799       12.136281
       126.55555
       1.0000000       61.000000       2.8957851      -1.0000000       7.0000000
     0.023480569      0.24115755      -1.0000000      -1.0000000      -1.0000000
      -1.0000000      -1.0000000      -1.0000000      -1.0000000      -1.0000000
      -1.0000000
       0.0000000       60.000000       3.0081310       243.00000       32467.000
       1.5619638       1.7754033      0.53554785      0.77272725      0.71446091
      -238.17900      -176.24371      -250.01036       166.83549       11.042260
       123.93678
       1.0000000       60.000000       3.0081310      -1.0000000       4.0000000
     0.037358739     0.091581672      -1.0000000      -1.0000000      -1.0000000
      -1.0000000      -1.0000000      -1.0000000      -1.0000000      -1.0000000
      -1.0000000
       0.0000000       59.000000       3.0848227      -1.0000000       31342.000
       1.5154134       1.3519282      -1.0000000      -1.0000000      -1.0000000
      -1.0000000      -1.0000000      -1.0000000       153.73730       9.6327782
       139.06500
       1.0000000       59.000000       3.0848227      -1.0000000       5.0000000
     0.023249900      0.22555237      -1.0000000      -1.0000000      -1.0000000
      -1.0000000      -1.0000000      -1.0000000      -1.0000000      -1.0000000
      -1.0000000
       0.0000000       58.000000       3.2830331      -1.0000000       38655.000
       1.1806148       2.3578300      -1.0000000      -1.0000000      -1.0000000
      -1.0000000      -1.0000000      -1.0000000       145.10896       10.061893
       130.69945
       1.0000000       58.000000       3.2830331      -1.0000000       7.0000000
    0.0083782562     0.056312318      -1.0000000      -1.0000000      -1.0000000
      -1.0000000      -1.0000000      -1.0000000      -1.0000000      -1.0000000
      -1.0000000
       0.0000000       57.000000       3.4908614      -1.0000000       32682.000
      0.92068952       1.6919552      -1.0000000      -1.0000000      -1.0000000
      -1.0000000      -1.0000000      -1.0000000       134.08583       8.2039890
       124.80965
       1.0000000       57.000000       3.4908614      -1.0000000       3.0000000
    0.0011571271     0.042208670      -1.0000000      -1.0000000      -1.0000000
      -1.0000000      -1.0000000      -1.0000000      -1.0000000      -1.0000000
      -1.0000000
