       0.0000000       135.00000       0.0000000       31.000000       157167.00
       6.3694053       0.0000000      0.44317332      0.65789473      0.55032927
       87.429131      -33.480194       8.8971376       134.85783       10.820957
       7.2276654
       0.0000000       134.00000    0.0095216669       32.000000       158670.00
       6.1955066       0.0000000      0.45282134      0.69999999      0.54615039
       84.033752      -40.538521       12.770411       141.14384       10.275052
       5.4869332
       0.0000000       133.00000     0.023974428       32.000000       156917.00
       6.5762110       0.0000000      0.50259197      0.63888896      0.58804804
       100.67331      -59.752316       20.768784       137.15254       11.580309
       8.4251194
       0.0000000       132.00000     0.033724371       31.000000       153966.00
       6.7527018       0.0000000      0.50553632      0.67567563      0.60096568
       107.66633      -63.669563       24.404530       133.55655       12.173271
       10.599234
       0.0000000       131.00000     0.048523631       31.000000       149565.00
       6.8150043       0.0000000      0.51031476      0.63888896      0.61285669
       113.85268      -68.204834       31.088804       130.25815       12.403242
       12.609036
       0.0000000       130.00000     0.058507323       30.000000       146814.00
       6.7731533       0.0000000      0.51899868      0.63888896      0.61696923
       115.70963      -67.852760       33.884048       130.79965       12.345108
       12.176229
       0.0000000       129.00000     0.073661387       29.000000       141402.00
       6.6962433       0.0000000      0.51225096      0.66666663      0.61736506
       113.60905      -68.021851       39.274460       131.20129       11.971345
       11.169007
       0.0000000       128.00000     0.083884433       29.000000       141670.00
       6.6623831       0.0000000      0.51296246      0.66666663      0.62355179
       112.42466      -67.464432       42.277508       130.95419       11.752733
       10.716048
       0.0000000       127.00000     0.099401802       29.000000       139520.00
       6.7896404       0.0000000      0.53975469      0.62857145      0.62010688
       119.81783      -75.469231       51.471672       136.99536       12.315878
       12.652555
       0.0000000       126.00000      0.10986994       29.000000       138909.00
       6.8435717       0.0000000      0.53243983      0.66666663      0.63064671
       117.90408      -73.207542       53.738121       155.61115       12.806322
       9.7456293
       0.0000000       125.00000      0.12575933       32.000000       141556.00
       7.1201968       0.0000000      0.47966135      0.66666663      0.60727149
       108.26446      -62.237843       60.038471       149.22031       13.718615
       12.179904
       0.0000000       124.00000      0.14187621       31.000000       137881.00
       7.4284883       0.0000000      0.49857566      0.66666663      0.62727398
       124.30880      -66.315681       69.228264       141.50987       14.971151
       18.625790
       0.0000000       123.00000      0.15274876       31.000000       135759.00
       7.4644527       0.0000000      0.50475067      0.64705884      0.62762153
       130.33032      -66.095085       71.965012       138.44409       15.241343
       21.233803
       0.0000000       122.00000      0.16925204       30.000000       133254.00
       7.5558167       0.0000000      0.50860310      0.68571424      0.63397282
       135.28571      -66.648430       74.710129       134.42273       15.458587
       24.531017
       0.0000000       121.00000      0.18038526       28.000000       127384.00
       7.5049348       0.0000000      0.51690823      0.63636363      0.63765728
       139.63036      -64.980286       75.626732       134.01419       15.323784
       25.247896
       0.0000000       120.00000      0.19728418       29.000000       126400.00
       7.5194864       0.0000000      0.51732475      0.68571424      0.64577067
       145.63345      -61.817543       73.783318       134.27893       15.494904
       25.214653
       0.0000000       119.00000      0.21442504       29.000000       123630.00
       7.4914165       0.0000000      0.52446711      0.67647058      0.63763630
       148.63832      -58.576752       76.257004       134.07716       15.353479
       25.323969
       0.0000000       118.00000      0.22598839       31.000000       127230.00
       7.6324477       0.0000000      0.52188218      0.68571424      0.65764576
       152.94585      -57.422516       76.365906       135.58084       15.445661
       24.029339
       0.0000000       117.00000      0.24354018       29.000000       121546.00
       7.5995760       0.0000000      0.51916921      0.68571424      0.65370673
       157.38998      -54.354511       72.399658       133.92708       15.359556
       24.997305
       0.0000000       116.00000      0.26134327       30.000000       120157.00
       7.4822307       0.0000000      0.52145338      0.67647058      0.64469337
       159.64328      -51.481594       78.686089       133.75380       15.062469
       25.818451
       0.0000000       115.00000      0.27335334       30.000000       119834.00
       7.5690460       0.0000000      0.53522640      0.67647058      0.65901208
       166.52037      -49.625679       80.834663       135.74632       15.327147
       27.127480
       0.0000000       114.00000      0.29158324       29.000000       116076.00
       7.6735325       0.0000000      0.54544407      0.63636363      0.66288525
       174.06421      -47.689949       83.870209       144.83162       15.664607
       26.510895
       0.0000000       113.00000      0.31007412       30.000000       114012.00
       7.5555797       0.0000000      0.55558503      0.65714288      0.66959095
       182.01987      -40.987827       86.915581       155.92003       15.364931
       20.329771
       0.0000000       112.00000      0.32882974       27.000000       104499.00
       7.5260582       0.0000000      0.56332672      0.68571424      0.67258942
       187.31818      -39.568077       82.947166       157.43553       15.278419
       18.421547
       0.0000000       111.00000      0.34785384       28.000000       104313.00
       7.5635505    0.0052366084      0.56554759      0.67647058      0.68351704
       194.87042      -36.202255       86.446426       149.33600       15.258353
       22.284338
       0.0000000       110.00000      0.36068764       28.000000       103849.00
       7.6084056    0.0075651002      0.57034665      0.63636363      0.68161446
       200.36887      -33.938911       89.042336       150.30832       15.589866
       24.111881
       0.0000000       109.00000      0.38016787       27.000000       99123.000
       7.7377143     0.012586588      0.57816237      0.65625000      0.67407119
       206.14737      -27.273909       91.162666       148.66505       16.071150
       30.369673
       0.0000000       108.00000      0.39992696       28.000000       95536.000
       7.8000808    0.0092043784      0.58303630      0.61290324      0.67709017
       211.25137      -23.425303       95.622353       147.83359       16.374382
       33.494366
       0.0000000       107.00000      0.41996893       27.000000       92553.000
       7.7877464     0.062728450      0.59421021      0.65714288      0.68992740
       214.91698      -21.129259       102.91430       142.44310       16.199100
       34.152798
       0.0000000       106.00000      0.44029784       28.000000       92625.000
       7.8221397     0.071525879      0.59096271      0.64705884      0.68459636
       219.08675      -20.993942       103.08302       141.72786       16.335133
       36.972359
       0.0000000       105.00000      0.46091780       29.000000       91020.000
       7.8880162     0.070481457      0.60069102      0.64705884      0.69687313
       225.63011      -17.364197       105.27351       140.49130       16.485949
       42.081127
       0.0000000       104.00000      0.48183295       27.000000       86148.000
       7.8695574     0.076142527      0.60812718      0.63636363      0.69727451
       229.36443      -19.505817       113.31395       143.32098       16.607607
       41.987244
       0.0000000       103.00000      0.50304753       26.000000       81536.000
       7.8587551     0.080747016      0.60623306      0.63636363      0.69596028
       231.01968      -19.302935       116.86060       144.34612       16.504299
       42.289715
       0.0000000       102.00000      0.52456582       26.000000       79872.000
       7.9100018     0.082439661      0.60949844      0.63636363      0.69922966
       237.77676      -16.244169       115.90312       142.89854       16.593079
       42.642971
       0.0000000       101.00000      0.54639220       25.000000       76693.000
       7.9388218     0.091128170      0.60803580      0.67647058      0.70335436
       238.12144      -9.4204912       120.01961       138.64796       16.676516
       47.303795
       0.0000000       100.00000      0.57598084       23.000000       69805.000
       7.9846754     0.081328012      0.61566252      0.63636363      0.70563519
       245.77068      -9.8463793       121.85246       139.81526       16.733932
       47.283970
       0.0000000       99.000000      0.59854329       21.000000       63091.000
       7.9714894     0.070921980      0.61389685      0.62500000      0.69904411
       246.39954      -8.7662296       127.98461       139.81593       16.606281
       48.294346
       0.0000000       98.000000      0.62142873       21.000000       59839.000
       8.0006924     0.057117455      0.61708522      0.63636363      0.69876039
       250.88914      -3.9568007       129.47142       141.87129       16.680975
       47.712807
       0.0000000       97.000000      0.64464182       20.000000       57538.000
       7.9834495     0.027004309      0.62492424      0.62500000      0.70214647
       256.34659       3.5978196       135.78433       143.63142       16.533825
       46.476810
       0.0000000       96.000000      0.67611039       20.000000       55962.000
       8.0391207      0.51741385      0.63245475      0.66666669      0.69872135
       263.27307      0.96605939       142.44450       147.55289       17.098278
       43.867943
       1.0000000       96.000000      0.67611039      -1.0000000       1.0000000
    0.0022157177   0.00032753855      -1.0000000      -1.0000000      -1.0000000
      -1.0000000      -1.0000000      -1.0000000      -1.0000000      -1.0000000
      -1.0000000
       0.0000000       95.000000      0.70010638       32.000000       71048.000
       7.9641137      0.50368297      0.63256383      0.62500000      0.70190465
       265.85458      -1.8563795       148.51222       147.64386       16.898064
       44.095490
       1.0000000       95.000000      0.70010638      -1.0000000       1.0000000
    0.0014860707       0.0000000      -1.0000000      -1.0000000      -1.0000000
      -1.0000000      -1.0000000      -1.0000000      -1.0000000      -1.0000000
      -1.0000000
       0.0000000       94.000000      0.73263615       31.000000       69011.000
       7.9795556      0.78497267      0.63089567      0.61290324      0.70433283
       267.75415      -6.8452978       163.89314       149.49524       17.397745
       42.705055
       0.0000000       93.000000      0.75744140       30.000000       66848.000
       7.9435530      0.95661652      0.62604767      0.63636363      0.69772404
       267.61838      -11.828487       166.79393       152.10284       17.577600
       40.254307
       0.0000000       92.000000      0.79106826       31.000000       65894.000
       7.9622655       1.2922742      0.62301177      0.65625000      0.69479269
       271.43411      -22.830879       164.97388       155.11874       18.133259
       43.867191
       0.0000000       91.000000      0.81671000       29.000000       61386.000
       7.8830109       1.4880940      0.61983234      0.63636363      0.68137574
       281.62338      -11.410935       157.72461       166.11797       18.498915
       39.622234
       1.0000000       91.000000      0.81671000      -1.0000000       1.0000000
    0.0030721829     0.024528578      -1.0000000      -1.0000000      -1.0000000
      -1.0000000      -1.0000000      -1.0000000      -1.0000000      -1.0000000
      -1.0000000
       0.0000000       90.000000      0.85147089       31.000000       61918.000
       7.8548923       1.5881937      0.61767495      0.58620685      0.66368324
       271.36493       1.2982788       178.21480       177.54953       18.925821
       32.372730
       0.0000000       89.000000      0.88689691       30.000000       59223.000
       7.5126948       1.3691556      0.61462450      0.60000002      0.67580801
       254.77167      -5.2914710       197.13573       173.61427       17.372904
       25.786907
       1.0000000       89.000000      0.88689691      -1.0000000       1.0000000
   0.00038141353     0.018085258      -1.0000000      -1.0000000      -1.0000000
      -1.0000000      -1.0000000      -1.0000000      -1.0000000      -1.0000000
      -1.0000000
       0.0000000       88.000000      0.92300081       29.000000       56010.000
       7.5204129      0.73226845      0.61231714      0.60606062      0.66680497
       261.24002      -1.9024791       190.66931       169.09810       17.179974
       34.371822
       0.0000000       87.000000      0.95053136       28.000000       54057.000
       7.6578517      0.84108621      0.60708314      0.62500000      0.67372394
       260.19885       5.4183807       192.32271       164.55237       17.715431
       44.378014
       0.0000000       86.000000      0.98785281       27.000000       50956.000
       7.7044563      0.83421588      0.60901594      0.60000002      0.66384494
       249.73740       6.9414649       212.37178       162.43796       17.866407
       51.857498
       0.0000000       85.000000      0.99729425       27.000000       51064.000
       7.6287689      0.83615041      0.59970725      0.62500000      0.66626501
       248.06236     -0.42852029       211.39180       162.25154       17.855257
       54.774479
       0.0000000       84.000000       1.0355104       27.000000       47964.000
       7.7908068      0.79873341      0.59709346      0.61290324      0.68274504
       254.77357       8.6791210       205.51189       161.33032       18.450605
       71.217682
       0.0000000       83.000000       1.0744579       26.000000       44967.000
       7.7323151      0.76174068      0.58765751      0.60000002      0.66120398
       256.89664       13.421661       198.70148       158.50456       18.247112
       84.717239
       0.0000000       82.000000       1.1141505       27.000000       44018.000
       7.7741981      0.75726879      0.57957071      0.65625000      0.66278845
       256.04990       9.9552622       203.44672       154.82613       18.381962
       97.167397
       1.0000000       82.000000       1.1141505      -1.0000000       1.0000000
       0.0000000       0.0000000      -1.0000000      -1.0000000      -1.0000000
      -1.0000000      -1.0000000      -1.0000000      -1.0000000      -1.0000000
      -1.0000000
       0.0000000       81.000000       1.1546028       44.000000       54755.000
       7.7821126      0.88166827      0.56618422      0.69696975      0.67887771
       257.84103       3.6153708       191.90186       153.35962       18.396267
       105.20035
       0.0000000       80.000000       1.2062581       935.00000       194695.00
       7.7698698       1.0296655      0.55749738      0.63888896      0.65453303
       266.28000       15.795099       184.72862       153.83231       18.467184
       113.63395
       1.0000000       80.000000       1.2062581      -1.0000000       1.0000000
       0.0000000       0.0000000      -1.0000000      -1.0000000      -1.0000000
      -1.0000000      -1.0000000      -1.0000000      -1.0000000      -1.0000000
      -1.0000000
       0.0000000       79.000000       1.2484726       897.00000       187618.00
       7.9491062       1.3167868      0.55378067      0.71052635      0.66666847
       275.51227       27.459227       170.49687       158.19821       19.114323
       109.14277
       1.0000000       79.000000       1.2484726      -1.0000000       1.0000000
   0.00020755504     0.027195474      -1.0000000      -1.0000000      -1.0000000
      -1.0000000      -1.0000000      -1.0000000      -1.0000000      -1.0000000
      -1.0000000
       0.0000000       78.000000       1.3023784       733.00000       169017.00
       7.9384980       2.7886820      0.54606682      0.72222221      0.69273806
       281.24237       42.023438       206.65843       162.40448       20.714941
       108.61594
       1.0000000       78.000000       1.3023784      -1.0000000       2.0000000
     0.010033261      0.12758486      -1.0000000      -1.0000000      -1.0000000
      -1.0000000      -1.0000000      -1.0000000      -1.0000000      -1.0000000
      -1.0000000
       0.0000000       77.000000       1.3575766       732.00000       163056.00
       7.6076903       2.6623867      0.60695398      0.64516127      0.70686114
       268.86310       37.782406       256.35748       162.57439       19.598421
       111.02988
       1.0000000       77.000000       1.3575766      -1.0000000       3.0000000
    0.0038882828     0.061453648      -1.0000000      -1.0000000      -1.0000000
      -1.0000000      -1.0000000      -1.0000000      -1.0000000      -1.0000000
      -1.0000000
       0.0000000       76.000000       1.4140983       723.00000       156618.00
       7.2282815       3.2234957      0.53736728      0.72222221      0.68617004
       140.79700      -2.5138311       295.32468       161.03220       19.119301
       113.62888
       1.0000000       76.000000       1.4140983      -1.0000000       4.0000000
    0.0051873107      0.16463587      -1.0000000      -1.0000000      -1.0000000
      -1.0000000      -1.0000000      -1.0000000      -1.0000000      -1.0000000
      -1.0000000
       0.0000000       75.000000       1.4719748       715.00000       149762.00
       6.8823290       2.5457261      0.56541014      0.70588237      0.68778092
       106.74435      -95.105301       307.52817       157.78140       17.562277
       116.75533
       1.0000000       75.000000       1.4719748      -1.0000000       1.0000000
     0.027175143      0.16542973      -1.0000000      -1.0000000      -1.0000000
      -1.0000000      -1.0000000      -1.0000000      -1.0000000      -1.0000000
      -1.0000000
       0.0000000       74.000000       1.5312390       706.00000       145117.00
       6.6415720       2.9071665      0.56600010      0.69696975      0.68239719
       46.282005      -169.23138       293.82590       158.19208       17.892580
       123.43842
       1.0000000       74.000000       1.5312390      -1.0000000       3.0000000
    0.0050151741      0.11890423      -1.0000000      -1.0000000      -1.0000000
      -1.0000000      -1.0000000      -1.0000000      -1.0000000      -1.0000000
      -1.0000000
       0.0000000       73.000000       1.6042346       663.00000       134813.00
       6.1959333       3.4524639      0.55728042      0.66666669      0.66826922
       17.072001      -197.29190       247.96738       158.95538       17.839428
       131.03313
       1.0000000       73.000000       1.6042346      -1.0000000       3.0000000
    0.0024789893     0.017716371      -1.0000000      -1.0000000      -1.0000000
      -1.0000000      -1.0000000      -1.0000000      -1.0000000      -1.0000000
      -1.0000000
       0.0000000       72.000000       1.6666696       647.00000       128093.00
       5.6212859       3.3498380      0.53894192      0.62500000      0.58821440
      -14.082106      -157.88716       237.23674       156.76927       17.174526
       136.08679
       1.0000000       72.000000       1.6666696      -1.0000000       3.0000000
     0.022463847      0.17108775      -1.0000000      -1.0000000      -1.0000000
      -1.0000000      -1.0000000      -1.0000000      -1.0000000      -1.0000000
      -1.0000000
       0.0000000       71.000000       1.7435706       622.00000       119684.00
       5.0517197       3.0102463      0.53597361      0.62857145      0.58105260
      -31.983105      -177.80080       198.01411       158.20879       15.106433
       144.02815
       1.0000000       71.000000       1.7435706      -1.0000000       1.0000000
   0.00025257503       0.0000000      -1.0000000      -1.0000000      -1.0000000
      -1.0000000      -1.0000000      -1.0000000      -1.0000000      -1.0000000
      -1.0000000
       0.0000000       70.000000       1.8226893       607.00000       112715.00
       4.7974315       2.6866705      0.51786500      0.57142854      0.55861425
       29.913832      -200.38658       140.36591       166.58835       14.867378
       144.46725
       1.0000000       70.000000       1.8226893      -1.0000000       2.0000000
     0.022206691      0.10864417      -1.0000000      -1.0000000      -1.0000000
      -1.0000000      -1.0000000      -1.0000000      -1.0000000      -1.0000000
      -1.0000000
       0.0000000       69.000000       1.9040896       565.00000       104544.00
       3.8609462       1.9190862      0.50156736      0.54545456      0.53072697
       71.976654      -167.67624       102.48534       172.51279       10.867954
       134.89043
       1.0000000       69.000000       1.9040896      -1.0000000       11.000000
       1.0157138       2.9477007      -1.0000000      -1.0000000      -1.0000000
      -1.0000000      -1.0000000      -1.0000000      -1.0000000      -1.0000000
      -1.0000000
       0.0000000       68.000000       2.0020282       487.00000       90632.000
       3.3819318       2.2914367      0.46321175      0.52941173      0.43399611
       62.112049      -141.29146       58.664375       200.93205       12.199165
       106.02328
       1.0000000       68.000000       2.0020282      -1.0000000       3.0000000
   0.00058341364    0.0027703422      -1.0000000      -1.0000000      -1.0000000
      -1.0000000      -1.0000000      -1.0000000      -1.0000000      -1.0000000
      -1.0000000
       0.0000000       67.000000       2.1032696       464.00000       82913.000
       2.7213578       1.4315932      0.50716323      0.34375006      0.48035821
      -16.861969      -180.54617       54.526966       163.33653       7.3857746
       144.63055
       1.0000000       67.000000       2.1032696      -1.0000000       9.0000000
    0.0094664093      0.18595771      -1.0000000      -1.0000000      -1.0000000
      -1.0000000      -1.0000000      -1.0000000      -1.0000000      -1.0000000
      -1.0000000
       0.0000000       66.000000       2.2079256       438.00000       74762.000
       2.3799186       1.4740765      0.47590771      0.34375006      0.48485884
      -71.884331      -140.30136       79.517250       141.52135       7.0104795
       142.40007
       1.0000000       66.000000       2.2079256      -1.0000000       6.0000000
   0.00034624025    0.0088543510      -1.0000000      -1.0000000      -1.0000000
      -1.0000000      -1.0000000      -1.0000000      -1.0000000      -1.0000000
      -1.0000000
       0.0000000       65.000000       2.3161108       392.00000       64985.000
       2.0767541       1.3454564      0.47139627      0.48648649      0.42728958
      -7.9401903      -164.79352       26.694931       134.74289       6.7673240
       135.52766
       1.0000000       65.000000       2.3161108      -1.0000000       1.0000000
       0.0000000       0.0000000      -1.0000000      -1.0000000      -1.0000000
      -1.0000000      -1.0000000      -1.0000000      -1.0000000      -1.0000000
      -1.0000000
       0.0000000       64.000000       2.4442258       361.00000       57235.000
       1.9051133       1.5390503      0.44793889      0.67441857      0.39563936
      -67.102257      -132.49248       34.945244       130.29448       7.7184319
       140.09497
       1.0000000       64.000000       2.4442258      -1.0000000       1.0000000
       0.0000000       0.0000000      -1.0000000      -1.0000000      -1.0000000
      -1.0000000      -1.0000000      -1.0000000      -1.0000000      -1.0000000
      -1.0000000
       0.0000000       63.000000       2.5772903       312.00000       48774.000
       1.5852753       1.8190291      0.47164556      0.66666663      0.33703631
      -110.50031      -109.85865       30.888556       131.55516       7.5799766
       135.84885
       1.0000000       63.000000       2.5772903      -1.0000000       2.0000000
   0.00017313157       0.0000000      -1.0000000      -1.0000000      -1.0000000
      -1.0000000      -1.0000000      -1.0000000      -1.0000000      -1.0000000
      -1.0000000
       0.0000000       62.000000       2.7331426      -1.0000000       42737.000
       1.3074497       1.4160389      -1.0000000      -1.0000000      -1.0000000
      -1.0000000      -1.0000000      -1.0000000       128.39789       8.4566307
       153.33434
       0.0000000       61.000000       2.8957851      -1.0000000       36718.000
       1.2471718       1.1897069      -1.0000000      -1.0000000      -1.0000000
      -1.0000000      -1.0000000      -1.0000000       135.21552       7.8331785
       151.95569
       1.0000000       61.000000       2.8957851      -1.0000000       2.0000000
    0.0027813363     0.076096402      -1.0000000      -1.0000000      -1.0000000
      -1.0000000      -1.0000000      -1.0000000      -1.0000000      -1.0000000
      -1.0000000
       0.0000000       60.000000       3.0081310      -1.0000000       32885.000
       1.0632017       1.3670242      -1.0000000      -1.0000000      -1.0000000
      -1.0000000      -1.0000000      -1.0000000       139.62657       7.7005529
       149.05132
       1.0000000       60.000000       3.0081310      -1.0000000       1.0000000
     0.059158955      0.20166542      -1.0000000      -1.0000000      -1.0000000
      -1.0000000      -1.0000000      -1.0000000      -1.0000000      -1.0000000
      -1.0000000
       0.0000000       59.000000       3.0848227      -1.0000000       31679.000
       1.0961732       1.8660045      -1.0000000      -1.0000000      -1.0000000
      -1.0000000      -1.0000000      -1.0000000       149.21251       10.388730
       126.13681
       1.0000000       59.000000       3.0848227      -1.0000000       3.0000000
     0.079318355      0.55439453      -1.0000000      -1.0000000      -1.0000000
      -1.0000000      -1.0000000      -1.0000000      -1.0000000      -1.0000000
      -1.0000000
       0.0000000       58.000000       3.2830331      -1.0000000       47012.000
      0.55046624       1.5498801      -1.0000000      -1.0000000      -1.0000000
      -1.0000000      -1.0000000      -1.0000000       165.30074       9.9961920
       102.50461
       2.0000000       58.000000       3.2830331      0.30527166       57.000000
      0.11402391      0.42612991      -1.0000000      -1.0000000      -1.0000000
      -1.0000000      -1.0000000      -1.0000000      -1.0000000      -1.0000000
      -1.0000000
       1.0000000       58.000000       3.2830331      -1.0000000       1.0000000
       0.0000000       0.0000000      -1.0000000      -1.0000000      -1.0000000
      -1.0000000      -1.0000000      -1.0000000      -1.0000000      -1.0000000
      -1.0000000
       0.0000000       57.000000       3.4908614      -1.0000000       41973.000
      0.37351620      0.56855863      -1.0000000      -1.0000000      -1.0000000
      -1.0000000      -1.0000000      -1.0000000       128.90434       2.9747865
       125.17542
       1.0000000       57.000000       3.4908614      -1.0000000       9.0000000
   0.00066387282       0.0000000      -1.0000000      -1.0000000      -1.0000000
      -1.0000000      -1.0000000      -1.0000000      -1.0000000      -1.0000000
      -1.0000000
