       0.0000000       135.00000       0.0000000       3021.0000       467430.00
       1.9158016       1.2926936      0.39746922      0.39393944      0.34540495
       45.536640       51.600101       22.277252       77.343407       8.6740789
       65.031120
       0.0000000       134.00000    0.0095216669       3036.0000       465626.00
       1.8804126       1.4930569      0.40403306      0.31250006      0.31844488
       40.319927       49.420174       26.890923       78.314049       8.8891544
       64.922699
       0.0000000       133.00000     0.023974428       2929.0000       459617.00
       1.8776042       1.5078243      0.40385240      0.31250006      0.34610662
       41.234447       48.867149       31.843414       80.439369       8.7263708
       64.905479
       0.0000000       132.00000     0.033724371       2889.0000       457748.00
       1.7954305       1.6487083      0.39589152      0.25806451      0.29317975
       42.179871       44.354450       30.536022       80.788826       8.6504259
       64.534538
       0.0000000       131.00000     0.048523631       2891.0000       454160.00
       1.7900711       1.5184859      0.39041013      0.31250006      0.26199409
       43.177670       43.312370       28.352177       80.507088       8.8404989
       65.227516
       0.0000000       130.00000     0.058507323       2904.0000       451726.00
       1.7722198       1.6709877      0.37453854      0.33333337      0.26772699
       40.197411       41.017052       29.469734       81.263405       8.8455009
       65.211006
       0.0000000       129.00000     0.073661387       2883.0000       448412.00
       1.7086453       1.7826066      0.37622011      0.10000008      0.29713592
       40.201378       37.224113       27.766747       81.095276       8.6254778
       65.642258
       1.0000000       129.00000     0.073661387      -1.0000000       1.0000000
   0.00051827123     0.021586621      -1.0000000      -1.0000000      -1.0000000
      -1.0000000      -1.0000000      -1.0000000      -1.0000000      -1.0000000
      -1.0000000
       0.0000000       128.00000     0.083884433       2887.0000       446092.00
       1.7107801       1.4643359      0.37073702      0.31250006      0.26658505
       40.752991       38.476715       21.684603       79.563019       8.6951246
       65.555336
       0.0000000       127.00000     0.099401802       2914.0000       444866.00
       1.7008783       1.1345264      0.36875868      0.35294116      0.26415792
       37.746799       38.932381       24.196596       79.695229       8.4675169
       64.319603
       0.0000000       126.00000      0.10986994       2927.0000       443007.00
       1.6993574       1.2102022      0.37755013      0.31250006      0.23464608
       39.114056       41.190395       23.933887       81.090645       8.6218338
       64.325272
       0.0000000       125.00000      0.12575933       2949.0000       441083.00
       1.6554844       1.5421071      0.38007063      0.13793099      0.22894233
       37.995789       38.237797       26.828722       83.092125       8.5842047
       64.402756
       0.0000000       124.00000      0.14187621       3017.0000       439519.00
       1.5947602       1.7762665      0.36898339      0.25000006      0.22988074
       35.005474       27.725649       28.587950       81.875305       8.5434513
       64.820419
       0.0000000       123.00000      0.15274876       2959.0000       436325.00
       1.5730202       1.6601086      0.36613554      0.13333338      0.21018304
       33.903870       24.848185       27.436993       79.822731       8.6642036
       64.900757
       0.0000000       122.00000      0.16925204       3026.0000       434867.00
       1.5514222       1.3279084      0.36725178      0.10344827      0.21427591
       33.607632       23.299829       29.061277       80.302940       8.2753344
       65.857956
       1.0000000       122.00000      0.16925204      -1.0000000       1.0000000
       0.0000000       0.0000000      -1.0000000      -1.0000000      -1.0000000
      -1.0000000      -1.0000000      -1.0000000      -1.0000000      -1.0000000
      -1.0000000
       0.0000000       121.00000      0.18038526      -1.0000000       431173.00
       1.5628889       1.5400462      -1.0000000      -1.0000000      -1.0000000
      -1.0000000      -1.0000000      -1.0000000       81.427971       8.6805563
       65.478539
       0.0000000       120.00000      0.19728418      -1.0000000       427586.00
       1.5124787       1.8313897      -1.0000000      -1.0000000      -1.0000000
      -1.0000000      -1.0000000      -1.0000000       81.378624       8.8482151
       66.879799
       0.0000000       119.00000      0.21442504      -1.0000000       424398.00
       1.4355237       1.6767858      -1.0000000      -1.0000000      -1.0000000
      -1.0000000      -1.0000000      -1.0000000       79.830353       7.9922605
       68.389626
       1.0000000       119.00000      0.21442504      -1.0000000       1.0000000
       0.0000000       0.0000000      -1.0000000      -1.0000000      -1.0000000
      -1.0000000      -1.0000000      -1.0000000      -1.0000000      -1.0000000
      -1.0000000
       0.0000000       118.00000      0.22598839      -1.0000000       422487.00
       1.4149060       1.6001056      -1.0000000      -1.0000000      -1.0000000
      -1.0000000      -1.0000000      -1.0000000       78.489960       8.2237558
       68.847466
       1.0000000       118.00000      0.22598839      -1.0000000       1.0000000
       0.0000000       0.0000000      -1.0000000      -1.0000000      -1.0000000
      -1.0000000      -1.0000000      -1.0000000      -1.0000000      -1.0000000
      -1.0000000
       0.0000000       117.00000      0.24354018      -1.0000000       422754.00
       1.4186800       1.2075552      -1.0000000      -1.0000000      -1.0000000
      -1.0000000      -1.0000000      -1.0000000       78.545952       7.8882117
       67.082642
       0.0000000       116.00000      0.26134327      -1.0000000       419323.00
       1.3806124       1.2204055      -1.0000000      -1.0000000      -1.0000000
      -1.0000000      -1.0000000      -1.0000000       78.088524       7.8285489
       66.237328
       1.0000000       116.00000      0.26134327      -1.0000000       1.0000000
    0.0016795828     0.024518676      -1.0000000      -1.0000000      -1.0000000
      -1.0000000      -1.0000000      -1.0000000      -1.0000000      -1.0000000
      -1.0000000
       0.0000000       115.00000      0.27335334      -1.0000000       417788.00
       1.3483802       1.0971150      -1.0000000      -1.0000000      -1.0000000
      -1.0000000      -1.0000000      -1.0000000       78.023735       7.5327411
       65.426552
       0.0000000       114.00000      0.29158324      -1.0000000       413677.00
       1.3561707       1.2733324      -1.0000000      -1.0000000      -1.0000000
      -1.0000000      -1.0000000      -1.0000000       79.599922       7.7443051
       66.604942
       0.0000000       113.00000      0.31007412      -1.0000000       410423.00
       1.2822849       1.8425732      -1.0000000      -1.0000000      -1.0000000
      -1.0000000      -1.0000000      -1.0000000       79.692108       8.0311060
       68.496536
       0.0000000       112.00000      0.32882974      -1.0000000       406404.00
       1.2554133       1.3816149      -1.0000000      -1.0000000      -1.0000000
      -1.0000000      -1.0000000      -1.0000000       77.666565       7.6008925
       67.698608
       0.0000000       111.00000      0.34785384      -1.0000000       411512.00
       1.2579346       1.2746849      -1.0000000      -1.0000000      -1.0000000
      -1.0000000      -1.0000000      -1.0000000       77.902245       7.8678608
       65.774811
       0.0000000       110.00000      0.36068764      -1.0000000       410477.00
       1.2295735       1.2319014      -1.0000000      -1.0000000      -1.0000000
      -1.0000000      -1.0000000      -1.0000000       79.136147       7.2092695
       68.219772
       0.0000000       109.00000      0.38016787      -1.0000000       408444.00
       1.1986037       1.8377618      -1.0000000      -1.0000000      -1.0000000
      -1.0000000      -1.0000000      -1.0000000       78.519531       7.9751658
       68.836548
       0.0000000       108.00000      0.39992696      -1.0000000       407915.00
       1.1573998       1.4375830      -1.0000000      -1.0000000      -1.0000000
      -1.0000000      -1.0000000      -1.0000000       76.075058       7.3484054
       69.870316
       0.0000000       107.00000      0.41996893      -1.0000000       406150.00
       1.1449313       1.1900402      -1.0000000      -1.0000000      -1.0000000
      -1.0000000      -1.0000000      -1.0000000       75.567329       7.3069634
       69.006454
       0.0000000       106.00000      0.44029784      -1.0000000       404297.00
       1.1261224       1.2069818      -1.0000000      -1.0000000      -1.0000000
      -1.0000000      -1.0000000      -1.0000000       77.924698       7.1710734
       69.460426
       0.0000000       105.00000      0.46091780      -1.0000000       401235.00
       1.0909501       1.4092411      -1.0000000      -1.0000000      -1.0000000
      -1.0000000      -1.0000000      -1.0000000       78.971672       6.8045731
       70.938835
       0.0000000       104.00000      0.48183295      -1.0000000       398362.00
       1.0474849       1.3419292      -1.0000000      -1.0000000      -1.0000000
      -1.0000000      -1.0000000      -1.0000000       76.504799       6.8710284
       72.307701
       1.0000000       104.00000      0.48183295      -1.0000000       1.0000000
   0.00021474471    0.0069514764      -1.0000000      -1.0000000      -1.0000000
      -1.0000000      -1.0000000      -1.0000000      -1.0000000      -1.0000000
      -1.0000000
       0.0000000       103.00000      0.50304753      -1.0000000       390796.00
       1.0495986      0.99181014      -1.0000000      -1.0000000      -1.0000000
      -1.0000000      -1.0000000      -1.0000000       75.551933       6.7365823
       74.193634
       0.0000000       102.00000      0.52456582      -1.0000000       388847.00
       1.0300456      0.96583712      -1.0000000      -1.0000000      -1.0000000
      -1.0000000      -1.0000000      -1.0000000       76.885910       6.6353168
       74.506310
       0.0000000       101.00000      0.54639220      -1.0000000       388726.00
       1.0172837      0.99061668      -1.0000000      -1.0000000      -1.0000000
      -1.0000000      -1.0000000      -1.0000000       78.586342       6.5966063
       73.491966
       0.0000000       100.00000      0.57598084      -1.0000000       382884.00
      0.97314173       1.2642475      -1.0000000      -1.0000000      -1.0000000
      -1.0000000      -1.0000000      -1.0000000       79.119133       6.6313238
       73.467697
       0.0000000       99.000000      0.59854329      -1.0000000       378843.00
      0.96005762       1.1747396      -1.0000000      -1.0000000      -1.0000000
      -1.0000000      -1.0000000      -1.0000000       79.278793       6.8186955
       71.468063
       1.0000000       99.000000      0.59854329      -1.0000000       1.0000000
   0.00092195428     0.046421003      -1.0000000      -1.0000000      -1.0000000
      -1.0000000      -1.0000000      -1.0000000      -1.0000000      -1.0000000
      -1.0000000
       0.0000000       98.000000      0.62142873      -1.0000000       373474.00
      0.93526733       1.1117352      -1.0000000      -1.0000000      -1.0000000
      -1.0000000      -1.0000000      -1.0000000       80.917168       6.4522028
       70.120430
       1.0000000       98.000000      0.62142873      -1.0000000       1.0000000
     0.027302571      0.17493387      -1.0000000      -1.0000000      -1.0000000
      -1.0000000      -1.0000000      -1.0000000      -1.0000000      -1.0000000
      -1.0000000
       0.0000000       97.000000      0.64464182      -1.0000000       370990.00
      0.90423048       1.3640596      -1.0000000      -1.0000000      -1.0000000
      -1.0000000      -1.0000000      -1.0000000       80.817223       6.7455049
       69.041656
       1.0000000       97.000000      0.64464182      -1.0000000       1.0000000
   0.00029773018    0.0072564739      -1.0000000      -1.0000000      -1.0000000
      -1.0000000      -1.0000000      -1.0000000      -1.0000000      -1.0000000
      -1.0000000
       0.0000000       96.000000      0.67611039      -1.0000000       368970.00
      0.88394028       1.3868061      -1.0000000      -1.0000000      -1.0000000
      -1.0000000      -1.0000000      -1.0000000       82.921295       6.6928358
       73.644020
       0.0000000       95.000000      0.70010638      -1.0000000       365098.00
      0.83084893       1.2944375      -1.0000000      -1.0000000      -1.0000000
      -1.0000000      -1.0000000      -1.0000000       80.141907       6.3488326
       77.667152
       0.0000000       94.000000      0.73263615      -1.0000000       363062.00
      0.79345506      0.99234438      -1.0000000      -1.0000000      -1.0000000
      -1.0000000      -1.0000000      -1.0000000       77.537605       5.8521457
       80.768616
       1.0000000       94.000000      0.73263615      -1.0000000       1.0000000
   0.00018100381    0.0049724183      -1.0000000      -1.0000000      -1.0000000
      -1.0000000      -1.0000000      -1.0000000      -1.0000000      -1.0000000
      -1.0000000
       0.0000000       93.000000      0.75744140      -1.0000000       360052.00
      0.79864705      0.97933310      -1.0000000      -1.0000000      -1.0000000
      -1.0000000      -1.0000000      -1.0000000       77.694229       6.0196819
       83.044724
       0.0000000       92.000000      0.79106826      -1.0000000       352385.00
      0.76068610       1.0409199      -1.0000000      -1.0000000      -1.0000000
      -1.0000000      -1.0000000      -1.0000000       79.646912       5.7783947
       83.236122
       0.0000000       91.000000      0.81671000      -1.0000000       350083.00
      0.73855329      0.93854505      -1.0000000      -1.0000000      -1.0000000
      -1.0000000      -1.0000000      -1.0000000       81.011810       5.4202867
       83.182106
       0.0000000       90.000000      0.85147089      -1.0000000       348956.00
      0.70287329       1.0513504      -1.0000000      -1.0000000      -1.0000000
      -1.0000000      -1.0000000      -1.0000000       82.980293       5.3702779
       79.005150
       0.0000000       89.000000      0.88689691      -1.0000000       342427.00
      0.67730045      0.99218911      -1.0000000      -1.0000000      -1.0000000
      -1.0000000      -1.0000000      -1.0000000       83.628937       5.3331275
       76.399307
       0.0000000       88.000000      0.92300081      -1.0000000       340261.00
      0.65702045       1.0569686      -1.0000000      -1.0000000      -1.0000000
      -1.0000000      -1.0000000      -1.0000000       84.628952       5.4909439
       73.188850
       0.0000000       87.000000      0.95053136      -1.0000000       335916.00
      0.63737857      0.90788984      -1.0000000      -1.0000000      -1.0000000
      -1.0000000      -1.0000000      -1.0000000       84.358383       5.3128090
       77.605949
       1.0000000       87.000000      0.95053136      -1.0000000       1.0000000
       0.0000000       0.0000000      -1.0000000      -1.0000000      -1.0000000
      -1.0000000      -1.0000000      -1.0000000      -1.0000000      -1.0000000
      -1.0000000
       0.0000000       86.000000      0.98785281      -1.0000000       329739.00
      0.60506928      0.99190086      -1.0000000      -1.0000000      -1.0000000
      -1.0000000      -1.0000000      -1.0000000       83.671776       5.1214590
       77.920341
       1.0000000       86.000000      0.98785281      -1.0000000       1.0000000
   0.00030166280    0.0096285921      -1.0000000      -1.0000000      -1.0000000
      -1.0000000      -1.0000000      -1.0000000      -1.0000000      -1.0000000
      -1.0000000
       0.0000000       85.000000      0.99729425      -1.0000000       325700.00
      0.59123015       1.0877452      -1.0000000      -1.0000000      -1.0000000
      -1.0000000      -1.0000000      -1.0000000       82.863152       5.2779737
       79.626358
       0.0000000       84.000000       1.0355104      -1.0000000       318140.00
      0.58508986       1.0163831      -1.0000000      -1.0000000      -1.0000000
      -1.0000000      -1.0000000      -1.0000000       79.706398       5.3626428
       81.324196
       0.0000000       83.000000       1.0744579      -1.0000000       311391.00
      0.55596739       1.1435699      -1.0000000      -1.0000000      -1.0000000
      -1.0000000      -1.0000000      -1.0000000       79.333504       5.3705077
       82.724503
       1.0000000       83.000000       1.0744579      -1.0000000       1.0000000
       0.0000000       0.0000000      -1.0000000      -1.0000000      -1.0000000
      -1.0000000      -1.0000000      -1.0000000      -1.0000000      -1.0000000
      -1.0000000
       0.0000000       82.000000       1.1141505      -1.0000000       305891.00
      0.52781993       1.0852729      -1.0000000      -1.0000000      -1.0000000
      -1.0000000      -1.0000000      -1.0000000       79.096191       5.3379121
       82.358978
       1.0000000       82.000000       1.1141505      -1.0000000       1.0000000
       0.0000000       0.0000000      -1.0000000      -1.0000000      -1.0000000
      -1.0000000      -1.0000000      -1.0000000      -1.0000000      -1.0000000
      -1.0000000
       0.0000000       81.000000       1.1546028      -1.0000000       302043.00
      0.48408222       1.0790179      -1.0000000      -1.0000000      -1.0000000
      -1.0000000      -1.0000000      -1.0000000       79.783882       5.1895776
       81.522903
       0.0000000       80.000000       1.2062581      -1.0000000       294464.00
      0.46393177       1.2940971      -1.0000000      -1.0000000      -1.0000000
      -1.0000000      -1.0000000      -1.0000000       80.166222       5.5091205
       79.140144
       0.0000000       79.000000       1.2484726      -1.0000000       290465.00
      0.42409813       1.0906404      -1.0000000      -1.0000000      -1.0000000
      -1.0000000      -1.0000000      -1.0000000       78.675446       5.2902393
       80.458214
       0.0000000       78.000000       1.3023784      -1.0000000       283437.00
      0.40143225      0.88891649      -1.0000000      -1.0000000      -1.0000000
      -1.0000000      -1.0000000      -1.0000000       78.052185       5.0470319
       84.804382
       0.0000000       77.000000       1.3575766      -1.0000000       282714.00
      0.36137813       1.0389907      -1.0000000      -1.0000000      -1.0000000
      -1.0000000      -1.0000000      -1.0000000       76.214722       4.7292829
       89.281616
       1.0000000       77.000000       1.3575766      -1.0000000       1.0000000
   0.00025638018     0.010437914      -1.0000000      -1.0000000      -1.0000000
      -1.0000000      -1.0000000      -1.0000000      -1.0000000      -1.0000000
      -1.0000000
       0.0000000       76.000000       1.4140983      -1.0000000       279577.00
      0.35098952      0.94661194      -1.0000000      -1.0000000      -1.0000000
      -1.0000000      -1.0000000      -1.0000000       73.916023       4.8607345
       89.597710
       1.0000000       76.000000       1.4140983      -1.0000000       1.0000000
    0.0015065215     0.036475923      -1.0000000      -1.0000000      -1.0000000
      -1.0000000      -1.0000000      -1.0000000      -1.0000000      -1.0000000
      -1.0000000
       0.0000000       75.000000       1.4719748      -1.0000000       288284.00
      0.32450527      0.75532651      -1.0000000      -1.0000000      -1.0000000
      -1.0000000      -1.0000000      -1.0000000       75.135910       4.1983018
       84.966904
       1.0000000       75.000000       1.4719748      -1.0000000       1.0000000
   0.00084726716     0.043162838      -1.0000000      -1.0000000      -1.0000000
      -1.0000000      -1.0000000      -1.0000000      -1.0000000      -1.0000000
      -1.0000000
       0.0000000       74.000000       1.5312390      -1.0000000       287428.00
      0.31205654      0.68106610      -1.0000000      -1.0000000      -1.0000000
      -1.0000000      -1.0000000      -1.0000000       79.148247       4.3339038
       77.026779
       1.0000000       74.000000       1.5312390      -1.0000000       2.0000000
     0.011604978      0.14316597      -1.0000000      -1.0000000      -1.0000000
      -1.0000000      -1.0000000      -1.0000000      -1.0000000      -1.0000000
      -1.0000000
       0.0000000       73.000000       1.6042346      -1.0000000       283540.00
      0.29116488       1.2960398      -1.0000000      -1.0000000      -1.0000000
      -1.0000000      -1.0000000      -1.0000000       87.669830       5.7615218
       64.701546
       0.0000000       72.000000       1.6666696      -1.0000000       274616.00
      0.25755647       1.3843044      -1.0000000      -1.0000000      -1.0000000
      -1.0000000      -1.0000000      -1.0000000       87.348076       6.1167650
       67.064888
       1.0000000       72.000000       1.6666696      -1.0000000       1.0000000
       0.0000000       0.0000000      -1.0000000      -1.0000000      -1.0000000
      -1.0000000      -1.0000000      -1.0000000      -1.0000000      -1.0000000
      -1.0000000
       0.0000000       71.000000       1.7435706      -1.0000000       263956.00
      0.20613058      0.95909667      -1.0000000      -1.0000000      -1.0000000
      -1.0000000      -1.0000000      -1.0000000       76.946701       4.8140755
       83.835686
       0.0000000       70.000000       1.8226893      -1.0000000       255565.00
      0.18811202      0.89208263      -1.0000000      -1.0000000      -1.0000000
      -1.0000000      -1.0000000      -1.0000000       74.821373       4.2436805
       75.574944
       0.0000000       69.000000       1.9040896      -1.0000000       251976.00
      0.15406589      0.87583876      -1.0000000      -1.0000000      -1.0000000
      -1.0000000      -1.0000000      -1.0000000       75.055069       3.8721128
       72.163948
       0.0000000       68.000000       2.0020282      -1.0000000       241030.00
      0.14781106      0.77838403      -1.0000000      -1.0000000      -1.0000000
      -1.0000000      -1.0000000      -1.0000000       74.384018       3.9237192
       73.436424
       0.0000000       67.000000       2.1032696      -1.0000000       237141.00
      0.12991031      0.74935436      -1.0000000      -1.0000000      -1.0000000
      -1.0000000      -1.0000000      -1.0000000       73.373688       3.8385856
       72.660622
       0.0000000       66.000000       2.2079256      -1.0000000       227527.00
      0.11251844      0.73278898      -1.0000000      -1.0000000      -1.0000000
      -1.0000000      -1.0000000      -1.0000000       71.796432       3.4777141
       74.891792
       1.0000000       66.000000       2.2079256      -1.0000000       1.0000000
       0.0000000       0.0000000      -1.0000000      -1.0000000      -1.0000000
      -1.0000000      -1.0000000      -1.0000000      -1.0000000      -1.0000000
      -1.0000000
       0.0000000       65.000000       2.3161108      -1.0000000       214841.00
      0.10207944      0.64333081      -1.0000000      -1.0000000      -1.0000000
      -1.0000000      -1.0000000      -1.0000000       70.710098       3.3540182
       80.522041
       1.0000000       65.000000       2.3161108      -1.0000000       1.0000000
   0.00095156522       0.0000000      -1.0000000      -1.0000000      -1.0000000
      -1.0000000      -1.0000000      -1.0000000      -1.0000000      -1.0000000
      -1.0000000
       0.0000000       64.000000       2.4442258      -1.0000000       226680.00
     0.090227358      0.70826268      -1.0000000      -1.0000000      -1.0000000
      -1.0000000      -1.0000000      -1.0000000       73.228767       3.6419506
       77.463890
       1.0000000       64.000000       2.4442258      -1.0000000       1.0000000
       0.0000000       0.0000000      -1.0000000      -1.0000000      -1.0000000
      -1.0000000      -1.0000000      -1.0000000      -1.0000000      -1.0000000
      -1.0000000
       0.0000000       63.000000       2.5772903      -1.0000000       212817.00
     0.080180109      0.35002565      -1.0000000      -1.0000000      -1.0000000
      -1.0000000      -1.0000000      -1.0000000       78.284576       2.6505244
       75.415771
       0.0000000       62.000000       2.7331426      -1.0000000       197610.00
     0.066024043      0.65437144      -1.0000000      -1.0000000      -1.0000000
      -1.0000000      -1.0000000      -1.0000000       87.431152       3.5826445
       61.614239
       0.0000000       61.000000       2.8957851      -1.0000000       186691.00
     0.041379359       1.0217376      -1.0000000      -1.0000000      -1.0000000
      -1.0000000      -1.0000000      -1.0000000       89.628410       5.0683150
       55.774223
       1.0000000       61.000000       2.8957851      -1.0000000       1.0000000
   0.00041160497       0.0000000      -1.0000000      -1.0000000      -1.0000000
      -1.0000000      -1.0000000      -1.0000000      -1.0000000      -1.0000000
      -1.0000000
