       0.0000000       135.00000       0.0000000       2773.0000       461752.00
       1.5709338       1.4067647      0.44103149      0.51612902      0.47365910
       68.758522       53.603596       53.642227       78.935188       9.4630795
       71.185684
       0.0000000       134.00000    0.0095216669       2791.0000       460058.00
       1.5430435       1.3428379      0.44291049      0.57575762      0.50069875
       66.319054       53.480911       57.637115       78.936447       9.0155392
       71.126381
       1.0000000       134.00000    0.0095216669      -1.0000000       1.0000000
   0.00035528449    0.0070431661      -1.0000000      -1.0000000      -1.0000000
      -1.0000000      -1.0000000      -1.0000000      -1.0000000      -1.0000000
      -1.0000000
       0.0000000       133.00000     0.023974428      -1.0000000       459580.00
       1.5270883       1.3534749      -1.0000000      -1.0000000      -1.0000000
      -1.0000000      -1.0000000      -1.0000000       78.729866       9.1467495
       70.373360
       0.0000000       132.00000     0.033724371      -1.0000000       459329.00
       1.4995050       1.2335675      -1.0000000      -1.0000000      -1.0000000
      -1.0000000      -1.0000000      -1.0000000       78.772308       8.9040642
       69.544327
       0.0000000       131.00000     0.048523631      -1.0000000       456825.00
       1.5230035       1.1881649      -1.0000000      -1.0000000      -1.0000000
      -1.0000000      -1.0000000      -1.0000000       79.854858       9.3293200
       68.519714
       0.0000000       130.00000     0.058507323      -1.0000000       453539.00
       1.5097179       1.2923301      -1.0000000      -1.0000000      -1.0000000
      -1.0000000      -1.0000000      -1.0000000       81.006950       9.0563354
       69.680519
       0.0000000       129.00000     0.073661387      -1.0000000       451209.00
       1.4626894       1.7573724      -1.0000000      -1.0000000      -1.0000000
      -1.0000000      -1.0000000      -1.0000000       80.922958       9.4875002
       70.066620
       0.0000000       128.00000     0.083884433      -1.0000000       453243.00
       1.4672843       1.5094793      -1.0000000      -1.0000000      -1.0000000
      -1.0000000      -1.0000000      -1.0000000       80.714569       9.2122622
       69.310608
       0.0000000       127.00000     0.099401802      -1.0000000       451613.00
       1.4463482       1.2324042      -1.0000000      -1.0000000      -1.0000000
      -1.0000000      -1.0000000      -1.0000000       79.930641       8.9574642
       69.832306
       1.0000000       127.00000     0.099401802      -1.0000000       2.0000000
   0.00063293637       0.0000000      -1.0000000      -1.0000000      -1.0000000
      -1.0000000      -1.0000000      -1.0000000      -1.0000000      -1.0000000
      -1.0000000
       0.0000000       126.00000      0.10986994      -1.0000000       449581.00
       1.4557008       1.1336087      -1.0000000      -1.0000000      -1.0000000
      -1.0000000      -1.0000000      -1.0000000       79.927971       8.9419212
       70.738152
       0.0000000       125.00000      0.12575933      -1.0000000       447556.00
       1.4264638       1.2552745      -1.0000000      -1.0000000      -1.0000000
      -1.0000000      -1.0000000      -1.0000000       80.739319       8.6366663
       71.340050
       0.0000000       124.00000      0.14187621      -1.0000000       444781.00
       1.4143736       1.2007723      -1.0000000      -1.0000000      -1.0000000
      -1.0000000      -1.0000000      -1.0000000       80.648521       9.0084648
       71.076775
       0.0000000       123.00000      0.15274876      -1.0000000       443236.00
       1.3919063       1.1727633      -1.0000000      -1.0000000      -1.0000000
      -1.0000000      -1.0000000      -1.0000000       81.188225       8.5440226
       71.044098
       0.0000000       122.00000      0.16925204      -1.0000000       440526.00
       1.3856597       1.4309248      -1.0000000      -1.0000000      -1.0000000
      -1.0000000      -1.0000000      -1.0000000       81.926117       8.9744244
       71.604462
       0.0000000       121.00000      0.18038526      -1.0000000       438309.00
       1.3671212       1.3552080      -1.0000000      -1.0000000      -1.0000000
      -1.0000000      -1.0000000      -1.0000000       82.105530       8.5350933
       71.255714
       0.0000000       120.00000      0.19728418      -1.0000000       434780.00
       1.3421572       1.1471839      -1.0000000      -1.0000000      -1.0000000
      -1.0000000      -1.0000000      -1.0000000       81.817337       8.3791361
       72.004028
       1.0000000       120.00000      0.19728418      -1.0000000       1.0000000
   0.00070774188     0.042032301      -1.0000000      -1.0000000      -1.0000000
      -1.0000000      -1.0000000      -1.0000000      -1.0000000      -1.0000000
      -1.0000000
       0.0000000       119.00000      0.21442504      -1.0000000       432236.00
       1.3078775       1.2017148      -1.0000000      -1.0000000      -1.0000000
      -1.0000000      -1.0000000      -1.0000000       81.921143       8.3467798
       71.919960
       0.0000000       118.00000      0.22598839      -1.0000000       430446.00
       1.3317496       1.2053273      -1.0000000      -1.0000000      -1.0000000
      -1.0000000      -1.0000000      -1.0000000       81.727684       8.5082874
       73.066017
       0.0000000       117.00000      0.24354018      -1.0000000       426996.00
       1.2930096       1.3395383      -1.0000000      -1.0000000      -1.0000000
      -1.0000000      -1.0000000      -1.0000000       82.223892       8.3808050
       73.193497
       0.0000000       116.00000      0.26134327      -1.0000000       424425.00
       1.2812470       1.3208288      -1.0000000      -1.0000000      -1.0000000
      -1.0000000      -1.0000000      -1.0000000       82.186768       8.4048185
       74.386757
       0.0000000       115.00000      0.27335334      -1.0000000       422009.00
       1.2648767       1.5217646      -1.0000000      -1.0000000      -1.0000000
      -1.0000000      -1.0000000      -1.0000000       82.527649       8.3989964
       75.466820
       0.0000000       114.00000      0.29158324      -1.0000000       418281.00
       1.2271200       1.4242994      -1.0000000      -1.0000000      -1.0000000
      -1.0000000      -1.0000000      -1.0000000       81.193130       8.0721350
       76.416092
       0.0000000       113.00000      0.31007412      -1.0000000       415837.00
       1.1853139       1.0856695      -1.0000000      -1.0000000      -1.0000000
      -1.0000000      -1.0000000      -1.0000000       80.933701       7.4612303
       75.353867
       0.0000000       112.00000      0.32882974      -1.0000000       412320.00
       1.1916646      0.97812873      -1.0000000      -1.0000000      -1.0000000
      -1.0000000      -1.0000000      -1.0000000       81.587959       7.6462474
       74.855164
       0.0000000       111.00000      0.34785384      -1.0000000       409932.00
       1.1719347       1.0398000      -1.0000000      -1.0000000      -1.0000000
      -1.0000000      -1.0000000      -1.0000000       82.870476       7.4558415
       75.385704
       0.0000000       110.00000      0.36068764      -1.0000000       408448.00
       1.1485121       1.2199763      -1.0000000      -1.0000000      -1.0000000
      -1.0000000      -1.0000000      -1.0000000       82.975761       7.5837870
       75.923988
       0.0000000       109.00000      0.38016787      -1.0000000       405711.00
       1.1535411       1.3952615      -1.0000000      -1.0000000      -1.0000000
      -1.0000000      -1.0000000      -1.0000000       83.127655       7.6701593
       76.759552
       1.0000000       109.00000      0.38016787      -1.0000000       1.0000000
   0.00069455762     0.017365955      -1.0000000      -1.0000000      -1.0000000
      -1.0000000      -1.0000000      -1.0000000      -1.0000000      -1.0000000
      -1.0000000
       0.0000000       108.00000      0.39992696      -1.0000000       403832.00
       1.0736852       1.2652503      -1.0000000      -1.0000000      -1.0000000
      -1.0000000      -1.0000000      -1.0000000       82.104721       7.0394359
       77.183319
       1.0000000       108.00000      0.39992696      -1.0000000       1.0000000
   0.00069455762     0.017365955      -1.0000000      -1.0000000      -1.0000000
      -1.0000000      -1.0000000      -1.0000000      -1.0000000      -1.0000000
      -1.0000000
       0.0000000       107.00000      0.41996893      -1.0000000       400606.00
       1.0711552      0.88833457      -1.0000000      -1.0000000      -1.0000000
      -1.0000000      -1.0000000      -1.0000000       81.814255       6.7313857
       76.504730
       1.0000000       107.00000      0.41996893      -1.0000000       2.0000000
   0.00016795684    0.0017968062      -1.0000000      -1.0000000      -1.0000000
      -1.0000000      -1.0000000      -1.0000000      -1.0000000      -1.0000000
      -1.0000000
       0.0000000       106.00000      0.44029784      -1.0000000       398088.00
       1.0773419      0.86639696      -1.0000000      -1.0000000      -1.0000000
      -1.0000000      -1.0000000      -1.0000000       82.672905       6.8258586
       76.906738
       1.0000000       106.00000      0.44029784      -1.0000000       1.0000000
   0.00016795684    0.0017968062      -1.0000000      -1.0000000      -1.0000000
      -1.0000000      -1.0000000      -1.0000000      -1.0000000      -1.0000000
      -1.0000000
       0.0000000       105.00000      0.46091780      -1.0000000       395491.00
       1.0082541      0.95664614      -1.0000000      -1.0000000      -1.0000000
      -1.0000000      -1.0000000      -1.0000000       83.085030       6.2733526
       76.846954
       0.0000000       104.00000      0.48183295      -1.0000000       392453.00
       1.0321888       1.2840748      -1.0000000      -1.0000000      -1.0000000
      -1.0000000      -1.0000000      -1.0000000       82.869667       7.0361767
       78.084953
       0.0000000       103.00000      0.50304753      -1.0000000       389229.00
      0.99145555       1.2228879      -1.0000000      -1.0000000      -1.0000000
      -1.0000000      -1.0000000      -1.0000000       82.877029       6.5609975
       79.710037
       0.0000000       102.00000      0.52456582      -1.0000000       387553.00
      0.96574628       1.0924268      -1.0000000      -1.0000000      -1.0000000
      -1.0000000      -1.0000000      -1.0000000       80.783821       6.4110894
       80.838120
       0.0000000       101.00000      0.54639220      -1.0000000       384752.00
      0.95133042      0.81777430      -1.0000000      -1.0000000      -1.0000000
      -1.0000000      -1.0000000      -1.0000000       79.880287       6.0481200
       82.633163
       0.0000000       100.00000      0.57598084      -1.0000000       380323.00
      0.92037284       1.0593176      -1.0000000      -1.0000000      -1.0000000
      -1.0000000      -1.0000000      -1.0000000       80.982903       5.8766794
       86.736053
       0.0000000       99.000000      0.59854329      -1.0000000       376124.00
      0.89909923       1.0397161      -1.0000000      -1.0000000      -1.0000000
      -1.0000000      -1.0000000      -1.0000000       80.443993       5.9122086
       89.445557
       0.0000000       98.000000      0.62142873      -1.0000000       372956.00
      0.87157005       1.2097689      -1.0000000      -1.0000000      -1.0000000
      -1.0000000      -1.0000000      -1.0000000       80.792755       5.9695563
       91.662529
       0.0000000       97.000000      0.64464182      -1.0000000       370648.00
      0.83752656      0.99431324      -1.0000000      -1.0000000      -1.0000000
      -1.0000000      -1.0000000      -1.0000000       80.205002       5.5822763
       91.405174
       0.0000000       96.000000      0.67611039      -1.0000000       367525.00
      0.82703632      0.73968655      -1.0000000      -1.0000000      -1.0000000
      -1.0000000      -1.0000000      -1.0000000       81.175117       5.2276025
       90.842140
       1.0000000       96.000000      0.67611039      -1.0000000       1.0000000
       0.0000000       0.0000000      -1.0000000      -1.0000000      -1.0000000
      -1.0000000      -1.0000000      -1.0000000      -1.0000000      -1.0000000
      -1.0000000
       0.0000000       95.000000      0.70010638      -1.0000000       365435.00
      0.81585908      0.91276038      -1.0000000      -1.0000000      -1.0000000
      -1.0000000      -1.0000000      -1.0000000       82.624580       5.7552419
       90.858070
       0.0000000       94.000000      0.73263615      -1.0000000       362167.00
      0.79097599       1.1225102      -1.0000000      -1.0000000      -1.0000000
      -1.0000000      -1.0000000      -1.0000000       85.693657       5.4440999
       89.373566
       0.0000000       93.000000      0.75744140      -1.0000000       358486.00
      0.73968422      0.77324152      -1.0000000      -1.0000000      -1.0000000
      -1.0000000      -1.0000000      -1.0000000       84.247314       4.8763237
       87.655556
       1.0000000       93.000000      0.75744140      -1.0000000       1.0000000
     0.043202139      0.15477037      -1.0000000      -1.0000000      -1.0000000
      -1.0000000      -1.0000000      -1.0000000      -1.0000000      -1.0000000
      -1.0000000
       0.0000000       92.000000      0.79106826      -1.0000000       353670.00
      0.72182196      0.70765561      -1.0000000      -1.0000000      -1.0000000
      -1.0000000      -1.0000000      -1.0000000       86.945091       4.6845212
       86.676109
       1.0000000       92.000000      0.79106826      -1.0000000       1.0000000
       0.0000000       0.0000000      -1.0000000      -1.0000000      -1.0000000
      -1.0000000      -1.0000000      -1.0000000      -1.0000000      -1.0000000
      -1.0000000
       0.0000000       91.000000      0.81671000      -1.0000000       350528.00
      0.72558445      0.75974500      -1.0000000      -1.0000000      -1.0000000
      -1.0000000      -1.0000000      -1.0000000       88.359268       5.2939963
       89.716415
       1.0000000       91.000000      0.81671000      -1.0000000       2.0000000
   0.00058083923     0.026555851      -1.0000000      -1.0000000      -1.0000000
      -1.0000000      -1.0000000      -1.0000000      -1.0000000      -1.0000000
      -1.0000000
       0.0000000       90.000000      0.85147089      -1.0000000       345800.00
      0.69167370      0.79187107      -1.0000000      -1.0000000      -1.0000000
      -1.0000000      -1.0000000      -1.0000000       85.823563       4.5745006
       94.579277
       0.0000000       89.000000      0.88689691      -1.0000000       341805.00
      0.68908054      0.58381623      -1.0000000      -1.0000000      -1.0000000
      -1.0000000      -1.0000000      -1.0000000       83.882469       4.5661373
       98.078400
       1.0000000       89.000000      0.88689691      -1.0000000       1.0000000
   0.00015661254       0.0000000      -1.0000000      -1.0000000      -1.0000000
      -1.0000000      -1.0000000      -1.0000000      -1.0000000      -1.0000000
      -1.0000000
       0.0000000       88.000000      0.92300081      -1.0000000       336500.00
      0.64763987      0.61229229      -1.0000000      -1.0000000      -1.0000000
      -1.0000000      -1.0000000      -1.0000000       84.102097       4.2506790
       98.418716
       0.0000000       87.000000      0.95053136      -1.0000000       332195.00
      0.65639031      0.53915364      -1.0000000      -1.0000000      -1.0000000
      -1.0000000      -1.0000000      -1.0000000       84.023010       4.3409753
       98.976288
       0.0000000       86.000000      0.98785281      -1.0000000       323469.00
      0.63967860      0.87012202      -1.0000000      -1.0000000      -1.0000000
      -1.0000000      -1.0000000      -1.0000000       85.880905       4.5218277
       100.62922
       0.0000000       85.000000      0.99729425      -1.0000000       322268.00
      0.64170474       1.0042244      -1.0000000      -1.0000000      -1.0000000
      -1.0000000      -1.0000000      -1.0000000       85.446518       4.7681594
       99.156219
       0.0000000       84.000000       1.0355104      -1.0000000       320470.00
      0.58534724      0.91917771      -1.0000000      -1.0000000      -1.0000000
      -1.0000000      -1.0000000      -1.0000000       84.524307       4.4726529
       100.66729
       1.0000000       84.000000       1.0355104      -1.0000000       2.0000000
    0.0037239964     0.092371188      -1.0000000      -1.0000000      -1.0000000
      -1.0000000      -1.0000000      -1.0000000      -1.0000000      -1.0000000
      -1.0000000
       0.0000000       83.000000       1.0744579      -1.0000000       316718.00
      0.56490195      0.80485344      -1.0000000      -1.0000000      -1.0000000
      -1.0000000      -1.0000000      -1.0000000       84.803307       4.3372335
       102.00786
       0.0000000       82.000000       1.1141505      -1.0000000       311233.00
      0.54762089      0.81629568      -1.0000000      -1.0000000      -1.0000000
      -1.0000000      -1.0000000      -1.0000000       85.375641       4.4747400
       102.28807
       1.0000000       82.000000       1.1141505      -1.0000000       1.0000000
   0.00063380075    0.0035755977      -1.0000000      -1.0000000      -1.0000000
      -1.0000000      -1.0000000      -1.0000000      -1.0000000      -1.0000000
      -1.0000000
       0.0000000       81.000000       1.1546028      -1.0000000       307136.00
      0.53139549      0.74348754      -1.0000000      -1.0000000      -1.0000000
      -1.0000000      -1.0000000      -1.0000000       84.718544       4.5096531
       100.92495
       0.0000000       80.000000       1.2062581      -1.0000000       299153.00
      0.53069228      0.66971183      -1.0000000      -1.0000000      -1.0000000
      -1.0000000      -1.0000000      -1.0000000       85.320755       4.5873365
       99.847351
       1.0000000       80.000000       1.2062581      -1.0000000       2.0000000
   0.00038681785    0.0065978095      -1.0000000      -1.0000000      -1.0000000
      -1.0000000      -1.0000000      -1.0000000      -1.0000000      -1.0000000
      -1.0000000
       0.0000000       79.000000       1.2484726      -1.0000000       297734.00
      0.50510567      0.71467775      -1.0000000      -1.0000000      -1.0000000
      -1.0000000      -1.0000000      -1.0000000       87.800735       4.5089989
       96.913185
       0.0000000       78.000000       1.3023784      -1.0000000       288608.00
      0.49602836      0.78777564      -1.0000000      -1.0000000      -1.0000000
      -1.0000000      -1.0000000      -1.0000000       90.560806       4.4233317
       90.193138
       1.0000000       78.000000       1.3023784      -1.0000000       2.0000000
    0.0021079497     0.053650513      -1.0000000      -1.0000000      -1.0000000
      -1.0000000      -1.0000000      -1.0000000      -1.0000000      -1.0000000
      -1.0000000
       0.0000000       77.000000       1.3575766      -1.0000000       282521.00
      0.45492452       1.0342470      -1.0000000      -1.0000000      -1.0000000
      -1.0000000      -1.0000000      -1.0000000       91.726112       4.8635268
       82.818924
       0.0000000       76.000000       1.4140983      -1.0000000       276659.00
      0.41410851       1.2794865      -1.0000000      -1.0000000      -1.0000000
      -1.0000000      -1.0000000      -1.0000000       92.674500       5.4893503
       77.433540
       0.0000000       75.000000       1.4719748      -1.0000000       271509.00
      0.36613670      0.95222813      -1.0000000      -1.0000000      -1.0000000
      -1.0000000      -1.0000000      -1.0000000       88.105515       4.7220297
       81.558983
       1.0000000       75.000000       1.4719748      -1.0000000       2.0000000
   0.00027444452    0.0074799317      -1.0000000      -1.0000000      -1.0000000
      -1.0000000      -1.0000000      -1.0000000      -1.0000000      -1.0000000
      -1.0000000
       0.0000000       74.000000       1.5312390      -1.0000000       264927.00
      0.33662963      0.74196684      -1.0000000      -1.0000000      -1.0000000
      -1.0000000      -1.0000000      -1.0000000       84.475868       4.0751381
       86.072067
       0.0000000       73.000000       1.6042346      -1.0000000       258681.00
      0.31803277      0.70778006      -1.0000000      -1.0000000      -1.0000000
      -1.0000000      -1.0000000      -1.0000000       86.748337       4.0066404
       77.478737
       1.0000000       73.000000       1.6042346      -1.0000000       2.0000000
    0.0018817113     0.045516487      -1.0000000      -1.0000000      -1.0000000
      -1.0000000      -1.0000000      -1.0000000      -1.0000000      -1.0000000
      -1.0000000
       0.0000000       72.000000       1.6666696      -1.0000000       251289.00
      0.28760296      0.87232095      -1.0000000      -1.0000000      -1.0000000
      -1.0000000      -1.0000000      -1.0000000       90.066742       4.1983266
       69.924362
       1.0000000       72.000000       1.6666696      -1.0000000       2.0000000
    0.0012423818       0.0000000      -1.0000000      -1.0000000      -1.0000000
      -1.0000000      -1.0000000      -1.0000000      -1.0000000      -1.0000000
      -1.0000000
       0.0000000       71.000000       1.7435706      -1.0000000       262960.00
      0.25121683      0.66489935      -1.0000000      -1.0000000      -1.0000000
      -1.0000000      -1.0000000      -1.0000000       83.320717       3.7427871
       77.216194
       1.0000000       71.000000       1.7435706      -1.0000000       1.0000000
       0.0000000       0.0000000      -1.0000000      -1.0000000      -1.0000000
      -1.0000000      -1.0000000      -1.0000000      -1.0000000      -1.0000000
      -1.0000000
       0.0000000       70.000000       1.8226893      -1.0000000       250221.00
      0.22790796      0.58711004      -1.0000000      -1.0000000      -1.0000000
      -1.0000000      -1.0000000      -1.0000000       78.671318       3.3842785
       82.411819
       1.0000000       70.000000       1.8226893      -1.0000000       1.0000000
       0.0000000       0.0000000      -1.0000000      -1.0000000      -1.0000000
      -1.0000000      -1.0000000      -1.0000000      -1.0000000      -1.0000000
      -1.0000000
       0.0000000       69.000000       1.9040896      -1.0000000       251687.00
      0.21286260      0.59210867      -1.0000000      -1.0000000      -1.0000000
      -1.0000000      -1.0000000      -1.0000000       79.993965       3.3203633
       74.891777
       1.0000000       69.000000       1.9040896      -1.0000000       1.0000000
    0.0014111559     0.045202002      -1.0000000      -1.0000000      -1.0000000
      -1.0000000      -1.0000000      -1.0000000      -1.0000000      -1.0000000
      -1.0000000
       0.0000000       68.000000       2.0020282      -1.0000000       248604.00
      0.18314666      0.69247299      -1.0000000      -1.0000000      -1.0000000
      -1.0000000      -1.0000000      -1.0000000       82.663025       3.3283525
       66.979988
       0.0000000       67.000000       2.1032696      -1.0000000       245062.00
      0.15258448      0.69209427      -1.0000000      -1.0000000      -1.0000000
      -1.0000000      -1.0000000      -1.0000000       82.677025       3.4019420
       64.223282
       0.0000000       66.000000       2.2079256      -1.0000000       235423.00
      0.12988712      0.47768497      -1.0000000      -1.0000000      -1.0000000
      -1.0000000      -1.0000000      -1.0000000       78.710381       3.2449687
       70.155762
       0.0000000       65.000000       2.3161108      -1.0000000       226753.00
      0.11820371      0.36196050      -1.0000000      -1.0000000      -1.0000000
      -1.0000000      -1.0000000      -1.0000000       76.773964       2.7693527
       75.449249
       1.0000000       65.000000       2.3161108      -1.0000000       1.0000000
    0.0027066481     0.025041956      -1.0000000      -1.0000000      -1.0000000
      -1.0000000      -1.0000000      -1.0000000      -1.0000000      -1.0000000
      -1.0000000
       0.0000000       64.000000       2.4442258      -1.0000000       216548.00
      0.11583223      0.60998642      -1.0000000      -1.0000000      -1.0000000
      -1.0000000      -1.0000000      -1.0000000       81.075279       3.4859650
       70.298782
       0.0000000       63.000000       2.5772903      -1.0000000       211776.00
     0.087279543      0.77919143      -1.0000000      -1.0000000      -1.0000000
      -1.0000000      -1.0000000      -1.0000000       88.831703       3.9297338
       55.865364
       1.0000000       63.000000       2.5772903      -1.0000000       1.0000000
   0.00068216224   0.00016188181      -1.0000000      -1.0000000      -1.0000000
      -1.0000000      -1.0000000      -1.0000000      -1.0000000      -1.0000000
      -1.0000000
       0.0000000       62.000000       2.7331426      -1.0000000       199616.00
     0.052698281      0.65004617      -1.0000000      -1.0000000      -1.0000000
      -1.0000000      -1.0000000      -1.0000000       87.394623       3.7804112
       55.440151
       2.0000000       62.000000       2.7331426      0.42519781       62.000000
     0.012233083      0.26745275      -1.0000000      -1.0000000      -1.0000000
      -1.0000000      -1.0000000      -1.0000000      -1.0000000      -1.0000000
      -1.0000000
       0.0000000       61.000000       2.8957851      -1.0000000       186997.00
     0.028770335      0.15630367      -1.0000000      -1.0000000      -1.0000000
      -1.0000000      -1.0000000      -1.0000000       55.130383       1.0989660
       15.815242
       1.0000000       61.000000       2.8957851      -1.0000000       2.0000000
       0.0000000       0.0000000      -1.0000000      -1.0000000      -1.0000000
      -1.0000000      -1.0000000      -1.0000000      -1.0000000      -1.0000000
      -1.0000000
