       0.0000000       135.00000       0.0000000       328.00000       318565.00
       10.850023      0.14012888      0.39819217      0.58333337      0.18202153
       30.949436       33.476257       57.486431       164.10204       41.523762
       177.08781
       0.0000000       134.00000    0.0095216669       330.00000       316656.00
       10.888695      0.14190097      0.40280923      0.54838705      0.17282933
       29.169462       32.696114       59.982677       165.07346       41.731262
       177.21051
       0.0000000       133.00000     0.023974428       333.00000       313985.00
       10.938604      0.12244558      0.40187284      0.58333337      0.17311704
       26.578384       27.234810       60.587486       165.64946       41.688713
       177.13411
       1.0000000       133.00000     0.023974428      -1.0000000       1.0000000
     0.016729869      0.10539649      -1.0000000      -1.0000000      -1.0000000
      -1.0000000      -1.0000000      -1.0000000      -1.0000000      -1.0000000
      -1.0000000
       0.0000000       132.00000     0.033724371       329.00000       311937.00
       10.857095      0.12217580      0.39851075      0.62162161      0.17477188
       29.993357       26.618029       60.842861       165.41542       42.111469
       180.12154
       1.0000000       132.00000     0.033724371      -1.0000000       1.0000000
   0.00015318279       0.0000000      -1.0000000      -1.0000000      -1.0000000
      -1.0000000      -1.0000000      -1.0000000      -1.0000000      -1.0000000
      -1.0000000
       0.0000000       131.00000     0.048523631       332.00000       308367.00
       10.888328      0.11903202      0.40236431      0.58333337      0.17713223
       35.249001       27.302095       62.676956       166.55078       41.548622
       179.37195
       0.0000000       130.00000     0.058507323       328.00000       305698.00
       10.924113      0.11825601      0.39840320      0.57142854      0.17779808
       35.042950       30.827246       63.190384       167.04919       41.828270
       179.17500
       1.0000000       130.00000     0.058507323      -1.0000000       1.0000000
       0.0000000       0.0000000      -1.0000000      -1.0000000      -1.0000000
      -1.0000000      -1.0000000      -1.0000000      -1.0000000      -1.0000000
      -1.0000000
       0.0000000       129.00000     0.073661387       336.00000       304417.00
       10.875224      0.12182248      0.40067953      0.55882359      0.18118590
       34.825645       35.030334       62.008709       167.79320       41.795643
       178.83501
       0.0000000       128.00000     0.083884433       328.00000       301607.00
       10.932899      0.12187254      0.39979169      0.57142854      0.17235138
       34.914761       40.150978       61.550663       168.39459       41.495514
       180.38272
       1.0000000       128.00000     0.083884433      -1.0000000       1.0000000
   0.00048833952       0.0000000      -1.0000000      -1.0000000      -1.0000000
      -1.0000000      -1.0000000      -1.0000000      -1.0000000      -1.0000000
      -1.0000000
       0.0000000       127.00000     0.099401802       339.00000       300717.00
       10.872375      0.12590986      0.40322509      0.57142854      0.18133891
       30.586912       41.842514       64.471062       168.74680       41.350685
       180.59445
       0.0000000       126.00000      0.10986994       336.00000       298112.00
       10.919929      0.12493593      0.40160051      0.57142854      0.17939894
       27.062965       40.011189       65.108810       168.73235       41.462128
       181.97089
       1.0000000       126.00000      0.10986994      -1.0000000       3.0000000
    0.0012290733     0.069266982      -1.0000000      -1.0000000      -1.0000000
      -1.0000000      -1.0000000      -1.0000000      -1.0000000      -1.0000000
      -1.0000000
       0.0000000       125.00000      0.12575933       339.00000       296557.00
       10.887834      0.12576120      0.40096366      0.57142854      0.17690349
       27.497852       36.034477       68.153442       169.04552       41.050941
       182.93442
       1.0000000       125.00000      0.12575933      -1.0000000       1.0000000
   0.00038278301       0.0000000      -1.0000000      -1.0000000      -1.0000000
      -1.0000000      -1.0000000      -1.0000000      -1.0000000      -1.0000000
      -1.0000000
       0.0000000       124.00000      0.14187621       340.00000       293003.00
       10.864528      0.13050762      0.39958647      0.60000002      0.18293954
       29.472212       33.302536       70.907814       168.77890       40.394318
       183.26796
       1.0000000       124.00000      0.14187621      -1.0000000       2.0000000
   0.00067098386     0.028484577      -1.0000000      -1.0000000      -1.0000000
      -1.0000000      -1.0000000      -1.0000000      -1.0000000      -1.0000000
      -1.0000000
       0.0000000       123.00000      0.15274876       342.00000       291920.00
       10.879590      0.13382928      0.40332994      0.54545456      0.18017738
       30.865879       33.707539       71.733932       168.33769       41.209709
       184.60356
       0.0000000       122.00000      0.16925204       337.00000       288125.00
       10.948687      0.14177212      0.40194348      0.61111116      0.18448140
       34.031345       34.566906       70.108116       168.91606       40.676350
       186.50046
       0.0000000       121.00000      0.18038526       338.00000       284957.00
       10.909044      0.24077474      0.40162367      0.60000002      0.18198605
       36.018864       38.627693       68.456657       169.01567       41.423450
       187.38629
       0.0000000       120.00000      0.19728418       337.00000       281427.00
       10.944518      0.23611589      0.40427452      0.58823532      0.18744692
       33.614876       43.166977       67.799217       168.90306       41.625278
       190.84210
       0.0000000       119.00000      0.21442504       344.00000       279704.00
       10.940831      0.22682184      0.40302879      0.60000002      0.18108001
       28.380272       41.630417       74.585732       168.89027       40.796478
       192.70921
       1.0000000       119.00000      0.21442504      -1.0000000       2.0000000
    0.0015950449     0.011854242      -1.0000000      -1.0000000      -1.0000000
      -1.0000000      -1.0000000      -1.0000000      -1.0000000      -1.0000000
      -1.0000000
       0.0000000       118.00000      0.22598839       338.00000       276663.00
       10.896057      0.22705147      0.40034315      0.58823532      0.18862568
       29.728622       41.549404       75.967865       167.96332       40.978867
       196.56824
       1.0000000       118.00000      0.22598839      -1.0000000       1.0000000
     0.043905336      0.23416822      -1.0000000      -1.0000000      -1.0000000
      -1.0000000      -1.0000000      -1.0000000      -1.0000000      -1.0000000
      -1.0000000
       0.0000000       117.00000      0.24354018       341.00000       272771.00
       10.912146      0.22541149      0.40348545      0.57575762      0.18747567
       35.008312       42.454208       78.069679       167.38696       40.701115
       199.57430
       1.0000000       117.00000      0.24354018      -1.0000000       1.0000000
   0.00035109857    0.0040623578      -1.0000000      -1.0000000      -1.0000000
      -1.0000000      -1.0000000      -1.0000000      -1.0000000      -1.0000000
      -1.0000000
       0.0000000       116.00000      0.26134327       341.00000       269249.00
       10.949789      0.22422732      0.40251797      0.58823532      0.18825839
       34.340389       40.712322       76.258713       167.72179       40.450932
       202.63918
       1.0000000       116.00000      0.26134327      -1.0000000       1.0000000
   0.00070855202     0.013842518      -1.0000000      -1.0000000      -1.0000000
      -1.0000000      -1.0000000      -1.0000000      -1.0000000      -1.0000000
      -1.0000000
       0.0000000       115.00000      0.27335334       337.00000       266631.00
       10.930425      0.22190435      0.40823385      0.58823532      0.19507079
       31.756193       38.358963       75.540886       167.24475       40.821484
       205.17293
       0.0000000       114.00000      0.29158324       337.00000       262895.00
       10.897450      0.22293043      0.40727493      0.57575762      0.19403192
       36.512493       40.034420       77.930634       166.17490       40.296120
       211.66982
       1.0000000       114.00000      0.29158324      -1.0000000       1.0000000
   0.00017540003       0.0000000      -1.0000000      -1.0000000      -1.0000000
      -1.0000000      -1.0000000      -1.0000000      -1.0000000      -1.0000000
      -1.0000000
       0.0000000       113.00000      0.31007412       337.00000       259384.00
       10.974180      0.22445691      0.40051034      0.57575762      0.18854453
       40.618717       40.406864       80.921997       166.18878       39.557285
       217.09122
       1.0000000       113.00000      0.31007412      -1.0000000       2.0000000
     0.069468953      0.20726100      -1.0000000      -1.0000000      -1.0000000
      -1.0000000      -1.0000000      -1.0000000      -1.0000000      -1.0000000
      -1.0000000
       0.0000000       112.00000      0.32882974       345.00000       254618.00
       10.906940      0.22907345      0.40593135      0.57575762      0.19329658
       38.178085       46.897003       79.365837       166.03516       40.350075
       223.02809
       0.0000000       111.00000      0.34785384       343.00000       251523.00
       10.963001      0.24911465      0.40292701      0.60606062      0.19148779
       34.912380       46.061951       80.855583       166.57661       40.941521
       226.46408
       1.0000000       111.00000      0.34785384      -1.0000000       2.0000000
   0.00083170395       0.0000000      -1.0000000      -1.0000000      -1.0000000
      -1.0000000      -1.0000000      -1.0000000      -1.0000000      -1.0000000
      -1.0000000
       0.0000000       110.00000      0.36068764       338.00000       248900.00
       10.994750      0.25822267      0.40802306      0.58823532      0.20055521
       35.410965       43.496117       83.902519       167.33148       39.902172
       227.17383
       1.0000000       110.00000      0.36068764      -1.0000000       1.0000000
    0.0013985854     0.040183432      -1.0000000      -1.0000000      -1.0000000
      -1.0000000      -1.0000000      -1.0000000      -1.0000000      -1.0000000
      -1.0000000
       0.0000000       109.00000      0.38016787       335.00000       244714.00
       10.944957      0.27283254      0.41125903      0.60606062      0.19720277
       37.833447       40.573967       85.737160       168.59233       40.554569
       227.23944
       1.0000000       109.00000      0.38016787      -1.0000000       1.0000000
   0.00018477032       0.0000000      -1.0000000      -1.0000000      -1.0000000
      -1.0000000      -1.0000000      -1.0000000      -1.0000000      -1.0000000
      -1.0000000
       0.0000000       108.00000      0.39992696       335.00000       242066.00
       10.967597      0.32498065      0.40960151      0.56250006      0.20400195
       39.776939       44.101543       86.666557       169.89836       40.143402
       226.80446
       0.0000000       107.00000      0.41996893       335.00000       238234.00
       10.931304      0.31484050      0.41068143      0.56250006      0.19985516
       40.491879       44.290424       89.831635       171.87692       39.368530
       224.80040
       0.0000000       106.00000      0.44029784       331.00000       235387.00
       11.031141      0.30072841      0.41102555      0.57575762      0.19848108
       42.212067       50.011726       90.486519       173.56046       40.724018
       222.82060
       0.0000000       105.00000      0.46091780       327.00000       229886.00
       10.936288      0.31051162      0.40721488      0.62162161      0.20888036
       44.548332       53.772190       89.037544       174.77661       39.706726
       221.42163
       1.0000000       105.00000      0.46091780      -1.0000000       1.0000000
       0.0000000       0.0000000      -1.0000000      -1.0000000      -1.0000000
      -1.0000000      -1.0000000      -1.0000000      -1.0000000      -1.0000000
      -1.0000000
       0.0000000       104.00000      0.48183295       328.00000       226661.00
       11.109115      0.29785475      0.40722674      0.56250006      0.19984181
       38.679520       60.677895       86.674843       176.53387       40.582443
       219.31168
       0.0000000       103.00000      0.50304753       324.00000       221108.00
       11.115873      0.29915857      0.40153328      0.58333337      0.19479790
       29.628937       59.507206       91.520119       177.97577       41.850986
       224.22110
       0.0000000       102.00000      0.52456582       325.00000       218745.00
       11.117189      0.32051980      0.40164521      0.57142854      0.19382404
       21.876226       52.525314       93.837616       177.84755       41.136925
       228.79962
       1.0000000       102.00000      0.52456582      -1.0000000       1.0000000
       0.0000000       0.0000000      -1.0000000      -1.0000000      -1.0000000
      -1.0000000      -1.0000000      -1.0000000      -1.0000000      -1.0000000
      -1.0000000
       0.0000000       101.00000      0.54639220       322.00000       214851.00
       11.224445      0.37444422      0.40071315      0.60606062      0.19363922
       15.817634       38.631790       102.86983       178.24370       41.442917
       232.85912
       1.0000000       101.00000      0.54639220      -1.0000000       1.0000000
    0.0011322290       0.0000000      -1.0000000      -1.0000000      -1.0000000
      -1.0000000      -1.0000000      -1.0000000      -1.0000000      -1.0000000
      -1.0000000
       0.0000000       100.00000      0.57598084       329.00000       211339.00
       11.154857      0.54834294      0.39856943      0.61111116      0.19798023
       13.489132       1.0340900       114.72601       177.04968       40.790123
       245.85410
       1.0000000       100.00000      0.57598084      -1.0000000       1.0000000
       0.0000000       0.0000000      -1.0000000      -1.0000000      -1.0000000
      -1.0000000      -1.0000000      -1.0000000      -1.0000000      -1.0000000
      -1.0000000
       0.0000000       99.000000      0.59854329       320.00000       204445.00
       11.075185      0.70311880      0.39152959      0.60000002      0.19574140
       30.060141      -22.016722       111.97734       174.89725       40.656273
       259.05045
       0.0000000       98.000000      0.62142873       314.00000       199764.00
       11.018566      0.99083620      0.39012802      0.59459460      0.19950746
       41.341473      -43.180691       97.770531       174.05072       39.389488
       270.59326
       1.0000000       98.000000      0.62142873      -1.0000000       1.0000000
       0.0000000       0.0000000      -1.0000000      -1.0000000      -1.0000000
      -1.0000000      -1.0000000      -1.0000000      -1.0000000      -1.0000000
      -1.0000000
       0.0000000       97.000000      0.64464182       311.00000       197431.00
       11.083293       1.1049805      0.39202458      0.59459460      0.20466587
       61.876793      -40.029308       88.485596       173.94418       39.582428
       276.69073
       0.0000000       96.000000      0.67611039       317.00000       194470.00
       10.911809       1.6825536      0.37039745      0.62162161      0.20481369
       75.117050       14.035986       91.125870       175.90498       40.562225
       275.56488
       1.0000000       96.000000      0.67611039      -1.0000000       1.0000000
       0.0000000       0.0000000      -1.0000000      -1.0000000      -1.0000000
      -1.0000000      -1.0000000      -1.0000000      -1.0000000      -1.0000000
      -1.0000000
       0.0000000       95.000000      0.70010638       316.00000       190823.00
       10.239413       1.3006703      0.42953861      0.55882359      0.38459915
       86.849289       77.840607       149.80243       179.36008       35.145882
       270.51141
       0.0000000       94.000000      0.73263615       310.00000       184834.00
       11.092875       1.0294024      0.29291603      0.35714281      0.24938588
       51.708282      -73.675667      -44.400333       187.52713       32.512665
       255.93816
       1.0000000       94.000000      0.73263615      -1.0000000       1.0000000
       0.0000000       0.0000000      -1.0000000      -1.0000000      -1.0000000
      -1.0000000      -1.0000000      -1.0000000      -1.0000000      -1.0000000
      -1.0000000
       0.0000000       93.000000      0.75744140       320.00000       182244.00
       7.3449550      0.26416877      0.49625334      0.57575762      0.51938510
       81.727997       128.47734       145.61772       184.47945       26.462397
       250.62376
       2.0000000       93.000000      0.75744140      0.73627794       83.000000
       4.8181982       2.0118480      0.53059047      0.75609756      0.56707430
      -149.29076       334.50143       97.758492       3633.1018       6209.1538
       36598.785
       0.0000000       92.000000      0.79106826       323.00000       178371.00
       7.1576157      0.43517172      0.47579065      0.53125000      0.51241177
       69.650360       121.05379       134.43309       193.46352       23.937618
       232.95360
       1.0000000       92.000000      0.79106826      -1.0000000       2.0000000
    0.0054150829     0.074663341      -1.0000000      -1.0000000      -1.0000000
      -1.0000000      -1.0000000      -1.0000000      -1.0000000      -1.0000000
      -1.0000000
       0.0000000       91.000000      0.81671000       325.00000       175312.00
       7.2103701      0.49508002      0.45791373      0.56666672      0.52398396
       60.866806       111.65592       137.67522       203.53584       25.875078
       210.36658
       1.0000000       91.000000      0.81671000      -1.0000000       2.0000000
   0.00032689091     0.012832341      -1.0000000      -1.0000000      -1.0000000
      -1.0000000      -1.0000000      -1.0000000      -1.0000000      -1.0000000
      -1.0000000
       0.0000000       90.000000      0.85147089       319.00000       169928.00
       8.0434723      0.74717903      0.50204700      0.65789473      0.56471032
       107.27331       177.84045       212.09396       222.25409       40.304081
       184.98740
       1.0000000       90.000000      0.85147089      -1.0000000       1.0000000
    0.0015997810     0.030213980      -1.0000000      -1.0000000      -1.0000000
      -1.0000000      -1.0000000      -1.0000000      -1.0000000      -1.0000000
      -1.0000000
       0.0000000       89.000000      0.88689691       316.00000       165966.00
       7.4290247      0.69361430      0.52274472      0.58823532      0.61629617
       112.76913       209.09662       208.86903       205.16672       25.068804
       201.09090
       1.0000000       89.000000      0.88689691      -1.0000000       2.0000000
      0.38682786       1.2857857      -1.0000000      -1.0000000      -1.0000000
      -1.0000000      -1.0000000      -1.0000000      -1.0000000      -1.0000000
      -1.0000000
       0.0000000       88.000000      0.92300081       311.00000       160328.00
       7.0291419      0.62175536      0.53152454      0.59375006      0.60331947
       79.552597       193.07706       180.69357       181.75923       20.645891
       254.17430
       1.0000000       88.000000      0.92300081      -1.0000000       1.0000000
       0.0000000       0.0000000      -1.0000000      -1.0000000      -1.0000000
      -1.0000000      -1.0000000      -1.0000000      -1.0000000      -1.0000000
      -1.0000000
       0.0000000       87.000000      0.95053136       303.00000       155561.00
       7.0665426       1.6774132      0.52907026      0.62857145      0.57926077
       83.175583       186.33025       169.11461       170.47937       21.413889
       264.14059
       1.0000000       87.000000      0.95053136      -1.0000000       1.0000000
       0.0000000       0.0000000      -1.0000000      -1.0000000      -1.0000000
      -1.0000000      -1.0000000      -1.0000000      -1.0000000      -1.0000000
      -1.0000000
       0.0000000       86.000000      0.98785281       305.00000       151991.00
       6.6991096       1.5587755      0.52573633      0.60606062      0.57180864
       66.755013       192.26207       151.22781       166.37445       19.117722
       55.088997
       0.0000000       85.000000      0.99729425       304.00000       151014.00
       6.7083015       1.6228354      0.53044248      0.56250006      0.59192944
       57.885525       195.72366       149.94075       164.82739       19.398252
       59.359058
       0.0000000       84.000000       1.0355104       298.00000       144824.00
       6.6362405       1.4340786      0.53125352      0.54838705      0.57838678
       21.551102       191.39027       162.58218       159.31349       18.929825
       69.610329
       0.0000000       83.000000       1.0744579       294.00000       140068.00
       6.5439939       1.3917971      0.52750200      0.57575762      0.56264865
      -8.0599089       159.97266       191.91319       156.15291       18.668037
       74.398056
       0.0000000       82.000000       1.1141505       293.00000       134732.00
       6.4387002       1.2856718      0.52646279      0.59375006      0.58898026
      -8.3120890       130.57962       214.80594       154.64346       18.254221
       81.003090
       0.0000000       81.000000       1.1546028       307.00000       133889.00
       6.4817281       1.3240707      0.52471882      0.54838705      0.54964799
       16.034197       144.06757       207.37425       155.32123       18.711262
       87.862923
       0.0000000       80.000000       1.2062581       327.00000       131098.00
       6.4236202       1.1233721      0.51548278      0.51724136      0.55563295
      -24.474586       153.31093       190.39256       151.60695       18.165386
       104.01550
       1.0000000       80.000000       1.2062581      -1.0000000       2.0000000
   0.00095513172    0.0087676430      -1.0000000      -1.0000000      -1.0000000
      -1.0000000      -1.0000000      -1.0000000      -1.0000000      -1.0000000
      -1.0000000
       0.0000000       79.000000       1.2484726       337.00000       129906.00
       6.3904018       1.0420173      0.51668328      0.53333330      0.53476906
      -48.908932       142.70099       199.69617       150.89468       17.968573
       113.25366
       0.0000000       78.000000       1.3023784       896.00000       181450.00
       6.4253497       1.1243582      0.51685017      0.56666672      0.55836791
      -56.809288       120.16547       213.19354       152.30704       18.308624
       122.99484
       0.0000000       77.000000       1.3575766       884.00000       174507.00
       6.3818097       1.2700452      0.52006358      0.58064520      0.56809455
      -65.166420       99.808754       224.25731       154.54251       18.201427
       121.50375
       0.0000000       76.000000       1.4140983       833.00000       164968.00
       6.3461270       1.4118150      0.51283282      0.54545456      0.55052125
      -55.092720       68.382935       235.02499       156.25072       18.434441
       124.87199
       1.0000000       76.000000       1.4140983      -1.0000000       2.0000000
    0.0017246449       0.0000000      -1.0000000      -1.0000000      -1.0000000
      -1.0000000      -1.0000000      -1.0000000      -1.0000000      -1.0000000
      -1.0000000
       0.0000000       75.000000       1.4719748       812.00000       157183.00
       6.3166156       1.6529362      0.50421542      0.54285711      0.52413934
      -7.1718602       54.751972       242.08083       160.63533       18.587057
       117.13304
       1.0000000       75.000000       1.4719748      -1.0000000       1.0000000
   0.00070776470     0.029121833      -1.0000000      -1.0000000      -1.0000000
      -1.0000000      -1.0000000      -1.0000000      -1.0000000      -1.0000000
      -1.0000000
       0.0000000       74.000000       1.5312390       784.00000       151175.00
       6.1438370       2.2094204      0.49382687      0.51515150      0.48787248
       6.3320403       90.241005       231.11896       167.65369       18.908596
       106.46432
       1.0000000       74.000000       1.5312390      -1.0000000       3.0000000
     0.019819736      0.35680005      -1.0000000      -1.0000000      -1.0000000
      -1.0000000      -1.0000000      -1.0000000      -1.0000000      -1.0000000
      -1.0000000
       0.0000000       73.000000       1.6042346       753.00000       141918.00
       5.7516584       2.8242333      0.46309772      0.27586204      0.37913203
      -25.057455       37.461243       197.21935       174.88560       19.236191
       111.39278
       1.0000000       73.000000       1.6042346      -1.0000000       5.0000000
     0.024903016      0.11805068      -1.0000000      -1.0000000      -1.0000000
      -1.0000000      -1.0000000      -1.0000000      -1.0000000      -1.0000000
      -1.0000000
       0.0000000       72.000000       1.6666696       730.00000       134823.00
       5.4007950       2.7037704      0.47520322      0.13333338      0.37624174
       13.492990      -22.123959       192.46144       171.05452       17.771454
       116.70435
       1.0000000       72.000000       1.6666696      -1.0000000       2.0000000
    0.0048984468      0.10073111      -1.0000000      -1.0000000      -1.0000000
      -1.0000000      -1.0000000      -1.0000000      -1.0000000      -1.0000000
      -1.0000000
       0.0000000       71.000000       1.7435706       690.00000       125296.00
       4.8869867       2.0031261      0.47948587     0.096774161      0.36242539
       99.901497      -63.709541       149.48174       166.99590       15.293594
       130.97382
       1.0000000       71.000000       1.7435706      -1.0000000       2.0000000
       0.0000000       0.0000000      -1.0000000      -1.0000000      -1.0000000
      -1.0000000      -1.0000000      -1.0000000      -1.0000000      -1.0000000
      -1.0000000
       0.0000000       70.000000       1.8226893       652.00000       116177.00
       4.4887362       1.6621928      0.49460599      0.22580642      0.37990364
       151.35777      -42.903667       100.60605       163.42781       13.107484
       140.41594
       1.0000000       70.000000       1.8226893      -1.0000000       8.0000000
     0.018718838      0.19241236      -1.0000000      -1.0000000      -1.0000000
      -1.0000000      -1.0000000      -1.0000000      -1.0000000      -1.0000000
      -1.0000000
       0.0000000       69.000000       1.9040896       634.00000       109855.00
       4.2410259       1.6888487      0.48584846      0.27272731      0.36451280
       175.17824      -12.490470       61.424656       166.23126       12.291111
       138.80605
       0.0000000       68.000000       2.0020282       619.00000       101278.00
       3.9755816       1.5340140      0.46015134      0.27272731      0.30487207
       163.50002      -2.9027650       10.858640       171.02505       11.366072
       135.67302
       1.0000000       68.000000       2.0020282      -1.0000000       3.0000000
    0.0017690904     0.069661871      -1.0000000      -1.0000000      -1.0000000
      -1.0000000      -1.0000000      -1.0000000      -1.0000000      -1.0000000
      -1.0000000
       0.0000000       67.000000       2.1032696       579.00000       91951.000
       3.5733297       1.8264831      0.51530492      0.25000006      0.54034770
       83.482552       95.970222      -218.32312       177.77303       11.272761
       130.10042
       1.0000000       67.000000       2.1032696      -1.0000000       3.0000000
   0.00011791388       0.0000000      -1.0000000      -1.0000000      -1.0000000
      -1.0000000      -1.0000000      -1.0000000      -1.0000000      -1.0000000
      -1.0000000
       0.0000000       66.000000       2.2079256       534.00000       82457.000
       3.2002645       1.5755341      0.58122480      0.45714289      0.63093394
       186.75294       214.04602      -194.88435       169.18954       11.931607
       158.29337
       1.0000000       66.000000       2.2079256      -1.0000000       9.0000000
      0.15719387      0.17274782      -1.0000000      -1.0000000      -1.0000000
      -1.0000000      -1.0000000      -1.0000000      -1.0000000      -1.0000000
      -1.0000000
       0.0000000       65.000000       2.3161108       464.00000       70695.000
       2.9919653       2.0371823      0.55253822      0.55263156      0.60139376
       254.80803       221.30997      -70.106766       164.05219       11.857333
       163.84714
       1.0000000       65.000000       2.3161108      -1.0000000       3.0000000
       0.0000000       0.0000000      -1.0000000      -1.0000000      -1.0000000
      -1.0000000      -1.0000000      -1.0000000      -1.0000000      -1.0000000
      -1.0000000
       0.0000000       64.000000       2.4442258       467.00000       65384.000
       2.6735885       2.4485557      0.50743741      0.52941173      0.53608334
       251.89555       225.40767       55.666424       177.15961       15.349887
       135.41824
       1.0000000       64.000000       2.4442258      -1.0000000       1.0000000
       0.0000000       0.0000000      -1.0000000      -1.0000000      -1.0000000
      -1.0000000      -1.0000000      -1.0000000      -1.0000000      -1.0000000
      -1.0000000
       0.0000000       63.000000       2.5772903       520.00000       63597.000
       2.0070379       4.1489305      0.34289083      0.48648649      0.28263777
       57.554661       124.02247      -22.127340       191.09052       17.085447
       112.86178
       1.0000000       63.000000       2.5772903      -1.0000000       5.0000000
     0.038904060     0.070924762      -1.0000000      -1.0000000      -1.0000000
      -1.0000000      -1.0000000      -1.0000000      -1.0000000      -1.0000000
      -1.0000000
       0.0000000       62.000000       2.7331426       480.00000       55384.000
       1.4013960       1.6930611      0.45701027      0.48648649      0.53040582
       206.27225       174.37996       36.035622       169.73354       10.888829
       141.48802
       1.0000000       62.000000       2.7331426      -1.0000000       1.0000000
   0.00019273315       0.0000000      -1.0000000      -1.0000000      -1.0000000
      -1.0000000      -1.0000000      -1.0000000      -1.0000000      -1.0000000
      -1.0000000
       0.0000000       61.000000       2.8957851      -1.0000000       47873.000
      0.97098845       2.2799098      -1.0000000      -1.0000000      -1.0000000
      -1.0000000      -1.0000000      -1.0000000       154.20569       13.651443
       139.50479
       2.0000000       61.000000       2.8957851      0.57410634       58.000000
      0.33520880      0.49335510      -1.0000000      -1.0000000      -1.0000000
      -1.0000000      -1.0000000      -1.0000000      -1.0000000      -1.0000000
      -1.0000000
       1.0000000       61.000000       2.8957851      -1.0000000       5.0000000
     0.082337579      0.25858876      -1.0000000      -1.0000000      -1.0000000
      -1.0000000      -1.0000000      -1.0000000      -1.0000000      -1.0000000
      -1.0000000
       0.0000000       60.000000       3.0081310      -1.0000000       44617.000
      0.67703575       1.7262045      -1.0000000      -1.0000000      -1.0000000
      -1.0000000      -1.0000000      -1.0000000       146.87077       8.5349016
       138.12662
       1.0000000       60.000000       3.0081310      -1.0000000       5.0000000
     0.027936961      0.17701808      -1.0000000      -1.0000000      -1.0000000
      -1.0000000      -1.0000000      -1.0000000      -1.0000000      -1.0000000
      -1.0000000
       0.0000000       59.000000       3.0848227      -1.0000000       44034.000
      0.58387929       1.2997373      -1.0000000      -1.0000000      -1.0000000
      -1.0000000      -1.0000000      -1.0000000       134.69960       6.3243179
       144.37012
       0.0000000       58.000000       3.2830331      -1.0000000       38489.000
      0.45393550      0.89673197      -1.0000000      -1.0000000      -1.0000000
      -1.0000000      -1.0000000      -1.0000000       124.49788       4.6138439
       130.86258
       1.0000000       58.000000       3.2830331      -1.0000000       3.0000000
       0.0000000       0.0000000      -1.0000000      -1.0000000      -1.0000000
      -1.0000000      -1.0000000      -1.0000000      -1.0000000      -1.0000000
      -1.0000000
       0.0000000       57.000000       3.4908614      -1.0000000       30490.000
      0.36420804      0.80233473      -1.0000000      -1.0000000      -1.0000000
      -1.0000000      -1.0000000      -1.0000000       115.78186       3.9379797
       136.96819
       1.0000000       57.000000       3.4908614      -1.0000000       3.0000000
   0.00092800977     0.023943488      -1.0000000      -1.0000000      -1.0000000
      -1.0000000      -1.0000000      -1.0000000      -1.0000000      -1.0000000
      -1.0000000
