       0.0000000       135.00000       0.0000000       2178.0000       445718.00
       2.7736807       1.7081410      0.49335432      0.63888896      0.51752752
      -103.80518       96.010544       61.486435       95.551682       14.898455
       66.084221
       0.0000000       134.00000    0.0095216669       2206.0000       444301.00
       2.7251318       1.7166288      0.49265668      0.56250006      0.48355752
      -105.99561       96.513947       49.013107       96.148247       14.726249
       64.228050
       0.0000000       133.00000     0.023974428       2219.0000       440982.00
       2.6532609       1.5843350      0.49862120      0.51724136      0.48218071
      -123.14138       79.736412       32.449615       97.141357       14.302889
       63.206352
       1.0000000       133.00000     0.023974428      -1.0000000       2.0000000
       0.0000000       0.0000000      -1.0000000      -1.0000000      -1.0000000
      -1.0000000      -1.0000000      -1.0000000      -1.0000000      -1.0000000
      -1.0000000
       0.0000000       132.00000     0.033724371       2235.0000       440575.00
       2.6965570       1.9478967      0.49483386      0.61764705      0.50684965
      -128.43611       67.858490       45.717403       97.657974       15.257109
       63.098690
       0.0000000       131.00000     0.048523631       2279.0000       437936.00
       2.6010296       1.6921670      0.49585593      0.59375006      0.47995543
      -116.82523       58.938839       80.007553       98.562874       14.164344
       62.845097
       0.0000000       130.00000     0.058507323       2282.0000       435359.00
       2.5830791       1.5423450      0.49779317      0.56250006      0.49098074
      -108.05842       74.648415       90.833961       98.735329       14.092392
       62.011539
       0.0000000       129.00000     0.073661387       2309.0000       433225.00
       2.5850976       1.5626702      0.49323130      0.50000000      0.48963314
      -97.682709       91.174484       63.583603       98.842896       14.126635
       60.942825
       0.0000000       128.00000     0.083884433       2314.0000       430981.00
       2.5431335       1.6010336      0.49873307      0.66666669      0.55287927
      -105.97586       94.763443       44.892441       97.667686       14.016566
       62.205612
       0.0000000       127.00000     0.099401802       2341.0000       429629.00
       2.5099566       1.5782056      0.49283352      0.69696975      0.55463570
      -119.11762       76.141403       37.715195       95.859848       14.033209
       63.783615
       1.0000000       127.00000     0.099401802      -1.0000000       1.0000000
   0.00041488570     0.035303831      -1.0000000      -1.0000000      -1.0000000
      -1.0000000      -1.0000000      -1.0000000      -1.0000000      -1.0000000
      -1.0000000
       0.0000000       126.00000      0.10986994       2369.0000       428548.00
       2.5029519       1.7932943      0.49397314      0.63636363      0.48845267
      -119.77029       59.705486       50.856941       95.535561       14.185554
       63.713379
       0.0000000       125.00000      0.12575933       2358.0000       425893.00
       2.4425290       1.7387798      0.49564481      0.64705884      0.47838637
      -116.27415       45.093815       72.136406       94.409416       13.979181
       63.867596
       0.0000000       124.00000      0.14187621       2381.0000       423398.00
       2.4039443       1.4447087      0.48835537      0.64705884      0.46469668
      -99.591980       54.267895       77.635056       93.969109       13.230680
       64.111931
       1.0000000       124.00000      0.14187621      -1.0000000       1.0000000
    0.0047967276     0.064812727      -1.0000000      -1.0000000      -1.0000000
      -1.0000000      -1.0000000      -1.0000000      -1.0000000      -1.0000000
      -1.0000000
       0.0000000       123.00000      0.15274876       2383.0000       421615.00
       2.3831449       1.5006021      0.49443614      0.62857145      0.48846069
      -94.311150       68.878082       75.966133       93.611115       13.335291
       63.634766
       1.0000000       123.00000      0.15274876      -1.0000000       2.0000000
   0.00097157477     0.038255865      -1.0000000      -1.0000000      -1.0000000
      -1.0000000      -1.0000000      -1.0000000      -1.0000000      -1.0000000
      -1.0000000
       0.0000000       122.00000      0.16925204       2395.0000       419185.00
       2.3305612       1.4522620      0.49328375      0.59375006      0.47587785
      -100.13079       77.856186       52.509243       94.040421       12.887410
       63.413952
       1.0000000       122.00000      0.16925204      -1.0000000       1.0000000
       0.0000000       0.0000000      -1.0000000      -1.0000000      -1.0000000
      -1.0000000      -1.0000000      -1.0000000      -1.0000000      -1.0000000
      -1.0000000
       0.0000000       121.00000      0.18038526       2414.0000       417023.00
       2.3431313       1.4927455      0.48362464      0.58064520      0.43799427
      -113.02705       68.127274       39.833179       94.730171       13.279903
       62.907372
       0.0000000       120.00000      0.19728418       2423.0000       414025.00
       2.2980201       1.7221313      0.48165548      0.63636363      0.45628348
      -119.76825       39.054367       42.545235       95.007446       13.497997
       63.447811
       1.0000000       120.00000      0.19728418      -1.0000000       1.0000000
    0.0046639303     0.045241073      -1.0000000      -1.0000000      -1.0000000
      -1.0000000      -1.0000000      -1.0000000      -1.0000000      -1.0000000
      -1.0000000
       0.0000000       119.00000      0.21442504       2433.0000       411420.00
       2.2520289       1.8171524      0.48056382      0.59375006      0.48682258
      -106.22829       30.205671       65.194008       94.738960       13.212596
       64.446236
       0.0000000       118.00000      0.22598839       2437.0000       409757.00
       2.2107973       1.7574437      0.48075855      0.58064520      0.42864162
      -95.046394       36.838528       74.013474       94.451431       13.041512
       64.917549
       0.0000000       117.00000      0.24354018       2465.0000       406368.00
       2.1752985       1.3459350      0.48055407      0.63636363      0.50733578
      -85.399750       53.325134       75.300529       94.342026       12.447957
       64.441948
       1.0000000       117.00000      0.24354018      -1.0000000       1.0000000
   0.00029195755     0.020906784      -1.0000000      -1.0000000      -1.0000000
      -1.0000000      -1.0000000      -1.0000000      -1.0000000      -1.0000000
      -1.0000000
       0.0000000       116.00000      0.26134327       2475.0000       403324.00
       2.1527441       1.3566422      0.47916660      0.61290324      0.47681689
      -87.007935       67.572731       57.676235       94.888382       12.410433
       64.784744
       0.0000000       115.00000      0.27335334       2785.0000       408797.00
       2.1384325       1.4202150      0.47694096      0.62500000      0.42183667
      -94.984261       69.452103       43.618858       96.347069       12.487250
       63.160088
       0.0000000       114.00000      0.29158324       2812.0000       406239.00
       2.1253748       1.6466609      0.47031817      0.61290324      0.38614044
      -106.89858       52.855686       31.249451       97.831787       12.597302
       62.060509
       0.0000000       113.00000      0.31007412       2829.0000       403682.00
       2.0436709       1.8102882      0.47703907      0.61764705      0.41552830
      -105.76749       40.252354       39.083897       98.221710       12.292189
       62.515682
       0.0000000       112.00000      0.32882974       2873.0000       400168.00
       1.9836273       1.4728525      0.47370133      0.53333330      0.40313816
      -101.45441       41.464485       43.592911       97.897583       11.709332
       62.108402
       1.0000000       112.00000      0.32882974      -1.0000000       1.0000000
       0.0000000       0.0000000      -1.0000000      -1.0000000      -1.0000000
      -1.0000000      -1.0000000      -1.0000000      -1.0000000      -1.0000000
      -1.0000000
       0.0000000       111.00000      0.34785384       2885.0000       397630.00
       1.9392414       1.3472492      0.47186181      0.58064520      0.43255356
      -102.60252       41.773857       38.752502       99.354240       11.418471
       61.934711
       0.0000000       110.00000      0.36068764       2905.0000       396588.00
       1.9609976       1.5846387      0.46383935      0.56250006      0.40129080
      -104.13334       33.934013       34.281708       99.873779       11.939399
       62.425861
       0.0000000       109.00000      0.38016787       2914.0000       393718.00
       1.8859305       1.5556163      0.45983976      0.54838705      0.39113867
      -104.85023       19.889219       32.492630       98.523567       11.291703
       64.410950
       0.0000000       108.00000      0.39992696       2957.0000       392606.00
       1.8622468       1.4357055      0.45730314      0.56666672      0.40772852
      -103.80759       9.2707291       36.217556       97.698898       10.998428
       64.589821
       0.0000000       107.00000      0.41996893       2957.0000       388705.00
       1.8276645       1.5088050      0.45311615      0.50000000      0.36479548
      -100.11821       12.847838       34.833878       98.566612       10.998741
       64.529793
       1.0000000       107.00000      0.41996893      -1.0000000       1.0000000
    0.0011757510     0.040872864      -1.0000000      -1.0000000      -1.0000000
      -1.0000000      -1.0000000      -1.0000000      -1.0000000      -1.0000000
      -1.0000000
       0.0000000       106.00000      0.44029784       2977.0000       386637.00
       1.7854338       1.4153997      0.45133162      0.50000000      0.34844580
      -95.489090       9.9860754       35.760269       99.317802       10.496104
       63.466675
       0.0000000       105.00000      0.46091780       3002.0000       383288.00
       1.7560761       1.4098222      0.44832471      0.56250006      0.35290414
      -92.333923       4.3823071       39.873165       98.752502       10.650929
       63.815975
       0.0000000       104.00000      0.48183295       3049.0000       380352.00
       1.7475847       1.5912961      0.44841108      0.46428573      0.30703720
      -91.023758       4.7863789       45.095413       99.351494       10.654816
       64.093559
       1.0000000       104.00000      0.48183295      -1.0000000       1.0000000
   0.00029115868    0.0092004100      -1.0000000      -1.0000000      -1.0000000
      -1.0000000      -1.0000000      -1.0000000      -1.0000000      -1.0000000
      -1.0000000
       0.0000000       103.00000      0.50304753       3094.0000       377225.00
       1.6890209       1.5236118      0.44937402      0.53333330      0.34327167
      -88.964630       11.332935       46.145382       98.762894       10.243612
       65.158722
       0.0000000       102.00000      0.52456582       3119.0000       374986.00
       1.6428498       1.4328566      0.44368389      0.51612902      0.36052477
      -84.804810       15.956948       39.166328       97.517082       9.7484570
       67.195724
       0.0000000       101.00000      0.54639220       3151.0000       372719.00
       1.6063806       1.1714731      0.43728453      0.48275858      0.32260221
      -86.638107       17.862749       29.088671       97.411118       9.3372478
       66.867279
       0.0000000       100.00000      0.57598084       3183.0000       369123.00
       1.5883124       1.1907609      0.43534416      0.51612902      0.29167220
      -89.985168      -8.4746494       21.496460       99.523308       9.4399204
       65.393303
       0.0000000       99.000000      0.59854329       3227.0000       365602.00
       1.5855170       1.4352609      0.43475029      0.53333330      0.27768445
      -80.375374      -27.399479       40.488338       100.37751       9.7962322
       64.657272
       0.0000000       98.000000      0.62142873       3224.0000       362354.00
       1.5192375       1.3944423      0.43038481      0.48275858      0.28072125
      -66.690125      -9.9937620       60.316994       99.227242       9.2895699
       66.409630
       0.0000000       97.000000      0.64464182       3262.0000       360490.00
       1.4633968       1.0540776      0.43261039      0.45454544      0.25323546
      -61.936089       26.245705       53.975086       98.771164       8.5514116
       67.043427
       0.0000000       96.000000      0.67611039       3230.0000       356164.00
       1.4258652       1.3379097      0.41767907      0.41935480      0.24820700
      -63.872375       42.073116       19.597567       99.464294       8.7964373
       68.842064
       1.0000000       96.000000      0.67611039      -1.0000000       1.0000000
     0.015286445      0.15950318      -1.0000000      -1.0000000      -1.0000000
      -1.0000000      -1.0000000      -1.0000000      -1.0000000      -1.0000000
      -1.0000000
       0.0000000       95.000000      0.70010638      -1.0000000       353796.00
       1.3842218       1.3722192      -1.0000000      -1.0000000      -1.0000000
      -1.0000000      -1.0000000      -1.0000000       99.047646       8.7984819
       70.093628
       0.0000000       94.000000      0.73263615      -1.0000000       350627.00
       1.3630584       1.1900432      -1.0000000      -1.0000000      -1.0000000
      -1.0000000      -1.0000000      -1.0000000       97.477242       8.3440018
       72.808075
       0.0000000       93.000000      0.75744140      -1.0000000       346590.00
       1.2931828       1.1397412      -1.0000000      -1.0000000      -1.0000000
      -1.0000000      -1.0000000      -1.0000000       97.148140       7.8749804
       75.271080
       0.0000000       92.000000      0.79106826      -1.0000000       342768.00
       1.2724797      0.99139071      -1.0000000      -1.0000000      -1.0000000
      -1.0000000      -1.0000000      -1.0000000       96.482666       7.8768926
       75.767860
       0.0000000       91.000000      0.81671000      -1.0000000       339443.00
       1.2438048      0.99237520      -1.0000000      -1.0000000      -1.0000000
      -1.0000000      -1.0000000      -1.0000000       97.501427       7.5454574
       76.537224
       1.0000000       91.000000      0.81671000      -1.0000000       1.0000000
   0.00018728741       0.0000000      -1.0000000      -1.0000000      -1.0000000
      -1.0000000      -1.0000000      -1.0000000      -1.0000000      -1.0000000
      -1.0000000
       0.0000000       90.000000      0.85147089      -1.0000000       334866.00
       1.2017413       1.1325144      -1.0000000      -1.0000000      -1.0000000
      -1.0000000      -1.0000000      -1.0000000       100.44229       7.6961169
       75.545677
       0.0000000       89.000000      0.88689691      -1.0000000       331897.00
       1.1453640      0.93663180      -1.0000000      -1.0000000      -1.0000000
      -1.0000000      -1.0000000      -1.0000000       103.08403       7.1288285
       72.530952
       0.0000000       88.000000      0.92300081      -1.0000000       327375.00
       1.1492531       1.1350518      -1.0000000      -1.0000000      -1.0000000
      -1.0000000      -1.0000000      -1.0000000       106.65402       7.5960183
       70.610733
       0.0000000       87.000000      0.95053136      -1.0000000       325206.00
       1.1253718      0.95288157      -1.0000000      -1.0000000      -1.0000000
      -1.0000000      -1.0000000      -1.0000000       106.40860       7.7011948
       70.838936
       0.0000000       86.000000      0.98785281      -1.0000000       319995.00
       1.0876958      0.75328851      -1.0000000      -1.0000000      -1.0000000
      -1.0000000      -1.0000000      -1.0000000       103.27991       7.1908364
       73.689667
       1.0000000       86.000000      0.98785281      -1.0000000       1.0000000
       0.0000000       0.0000000      -1.0000000      -1.0000000      -1.0000000
      -1.0000000      -1.0000000      -1.0000000      -1.0000000      -1.0000000
      -1.0000000
       0.0000000       85.000000      0.99729425      -1.0000000       318597.00
       1.0688124      0.65533489      -1.0000000      -1.0000000      -1.0000000
      -1.0000000      -1.0000000      -1.0000000       103.44785       6.9023943
       72.827316
       0.0000000       84.000000       1.0355104      -1.0000000       313429.00
       1.0731653      0.81287628      -1.0000000      -1.0000000      -1.0000000
      -1.0000000      -1.0000000      -1.0000000       104.60623       7.3047509
       70.302132
       0.0000000       83.000000       1.0744579      -1.0000000       305223.00
       1.0384903       1.0265110      -1.0000000      -1.0000000      -1.0000000
      -1.0000000      -1.0000000      -1.0000000       103.34718       6.9989409
       71.208794
       1.0000000       83.000000       1.0744579      -1.0000000       1.0000000
   0.00090298016     0.055478234      -1.0000000      -1.0000000      -1.0000000
      -1.0000000      -1.0000000      -1.0000000      -1.0000000      -1.0000000
      -1.0000000
       0.0000000       82.000000       1.1141505      -1.0000000       299076.00
      0.99198663       1.1618471      -1.0000000      -1.0000000      -1.0000000
      -1.0000000      -1.0000000      -1.0000000       99.974350       6.7589092
       75.885300
       0.0000000       81.000000       1.1546028      -1.0000000       294611.00
      0.94589281       1.0610708      -1.0000000      -1.0000000      -1.0000000
      -1.0000000      -1.0000000      -1.0000000       96.696793       6.8737288
       76.996887
       0.0000000       80.000000       1.2062581      -1.0000000       287787.00
      0.91631734      0.97950470      -1.0000000      -1.0000000      -1.0000000
      -1.0000000      -1.0000000      -1.0000000       95.917442       6.7268462
       77.918785
       0.0000000       79.000000       1.2484726      -1.0000000       290348.00
      0.89366043      0.97003692      -1.0000000      -1.0000000      -1.0000000
      -1.0000000      -1.0000000      -1.0000000       95.605560       6.7529492
       77.653488
       0.0000000       78.000000       1.3023784      -1.0000000       284232.00
      0.87788075      0.83600664      -1.0000000      -1.0000000      -1.0000000
      -1.0000000      -1.0000000      -1.0000000       97.232231       6.5423303
       79.553139
       0.0000000       77.000000       1.3575766      -1.0000000       274228.00
      0.84081829      0.91004729      -1.0000000      -1.0000000      -1.0000000
      -1.0000000      -1.0000000      -1.0000000       98.880592       6.6661663
       81.324074
       0.0000000       76.000000       1.4140983      -1.0000000       260064.00
      0.79695570       1.1853229      -1.0000000      -1.0000000      -1.0000000
      -1.0000000      -1.0000000      -1.0000000       102.22306       6.9794574
       80.791359
       1.0000000       76.000000       1.4140983      -1.0000000       1.0000000
    0.0010656620     0.013742401      -1.0000000      -1.0000000      -1.0000000
      -1.0000000      -1.0000000      -1.0000000      -1.0000000      -1.0000000
      -1.0000000
       0.0000000       75.000000       1.4719748      -1.0000000       249986.00
      0.72066665       1.5423011      -1.0000000      -1.0000000      -1.0000000
      -1.0000000      -1.0000000      -1.0000000       100.68943       8.1149235
       88.112114
       1.0000000       75.000000       1.4719748      -1.0000000       1.0000000
    0.0010656620     0.013742401      -1.0000000      -1.0000000      -1.0000000
      -1.0000000      -1.0000000      -1.0000000      -1.0000000      -1.0000000
      -1.0000000
       0.0000000       74.000000       1.5312390      -1.0000000       241639.00
      0.72612268       1.5515813      -1.0000000      -1.0000000      -1.0000000
      -1.0000000      -1.0000000      -1.0000000       102.69415       8.9462194
       94.237976
       1.0000000       74.000000       1.5312390      -1.0000000       1.0000000
       0.0000000       0.0000000      -1.0000000      -1.0000000      -1.0000000
      -1.0000000      -1.0000000      -1.0000000      -1.0000000      -1.0000000
      -1.0000000
       0.0000000       73.000000       1.6042346      -1.0000000       232985.00
      0.58891457       1.8013741      -1.0000000      -1.0000000      -1.0000000
      -1.0000000      -1.0000000      -1.0000000       104.60851       10.026773
       93.609543
       1.0000000       73.000000       1.6042346      -1.0000000       1.0000000
    0.0016076327     0.024080321      -1.0000000      -1.0000000      -1.0000000
      -1.0000000      -1.0000000      -1.0000000      -1.0000000      -1.0000000
      -1.0000000
       0.0000000       72.000000       1.6666696      -1.0000000       226166.00
      0.50450140       2.0497444      -1.0000000      -1.0000000      -1.0000000
      -1.0000000      -1.0000000      -1.0000000       111.33488       10.620764
       88.245796
       2.0000000       72.000000       1.6666696      0.57878649       69.000000
      0.13044158      0.53074729      -1.0000000      -1.0000000      -1.0000000
      -1.0000000      -1.0000000      -1.0000000      -1.0000000      -1.0000000
      -1.0000000
       0.0000000       71.000000       1.7435706      -1.0000000       216900.00
      0.12847173      0.22541808      -1.0000000      -1.0000000      -1.0000000
      -1.0000000      -1.0000000      -1.0000000       55.654545      0.81029588
       7.9632154
       2.0000000       71.000000       1.7435706       3.8410790       71.000000
      0.49347007       3.2548203      -1.0000000      -1.0000000      -1.0000000
      -1.0000000      -1.0000000      -1.0000000      -1.0000000      -1.0000000
      -1.0000000
       0.0000000       70.000000       1.8226893      -1.0000000       208466.00
      0.28140402       1.0642275      -1.0000000      -1.0000000      -1.0000000
      -1.0000000      -1.0000000      -1.0000000       112.08314       5.7744875
       85.228775
       0.0000000       69.000000       1.9040896      -1.0000000       201212.00
      0.22537079      0.82772487      -1.0000000      -1.0000000      -1.0000000
      -1.0000000      -1.0000000      -1.0000000       96.757759       3.9511280
       83.873459
       0.0000000       68.000000       2.0020282      -1.0000000       192048.00
      0.18790877      0.60566580      -1.0000000      -1.0000000      -1.0000000
      -1.0000000      -1.0000000      -1.0000000       85.589355       3.3283193
       93.395241
       0.0000000       67.000000       2.1032696      -1.0000000       184311.00
      0.16070798      0.58441913      -1.0000000      -1.0000000      -1.0000000
      -1.0000000      -1.0000000      -1.0000000       80.917908       3.1426909
       73.049583
       0.0000000       66.000000       2.2079256      -1.0000000       173224.00
      0.13171296      0.75411475      -1.0000000      -1.0000000      -1.0000000
      -1.0000000      -1.0000000      -1.0000000       84.974792       3.4775305
       59.759472
       0.0000000       65.000000       2.3161108      -1.0000000       164164.00
      0.10059970      0.39764211      -1.0000000      -1.0000000      -1.0000000
      -1.0000000      -1.0000000      -1.0000000       74.427177       2.4899590
       70.059311
       1.0000000       65.000000       2.3161108      -1.0000000       1.0000000
     0.013533376      0.16173017      -1.0000000      -1.0000000      -1.0000000
      -1.0000000      -1.0000000      -1.0000000      -1.0000000      -1.0000000
      -1.0000000
       0.0000000       64.000000       2.4442258      -1.0000000       228493.00
     0.090394087      0.39458564      -1.0000000      -1.0000000      -1.0000000
      -1.0000000      -1.0000000      -1.0000000       69.376305       2.2806733
       66.757751
       1.0000000       64.000000       2.4442258      -1.0000000       2.0000000
       0.0000000       0.0000000      -1.0000000      -1.0000000      -1.0000000
      -1.0000000      -1.0000000      -1.0000000      -1.0000000      -1.0000000
      -1.0000000
       0.0000000       63.000000       2.5772903      -1.0000000       215955.00
     0.074540451      0.28777471      -1.0000000      -1.0000000      -1.0000000
      -1.0000000      -1.0000000      -1.0000000       67.766838       1.7910123
       63.206429
       1.0000000       63.000000       2.5772903      -1.0000000       1.0000000
    0.0034719885     0.038261168      -1.0000000      -1.0000000      -1.0000000
      -1.0000000      -1.0000000      -1.0000000      -1.0000000      -1.0000000
      -1.0000000
       0.0000000       62.000000       2.7331426      -1.0000000       201141.00
     0.062856801      0.23859398      -1.0000000      -1.0000000      -1.0000000
      -1.0000000      -1.0000000      -1.0000000       64.631866       1.4608504
       64.545807
       0.0000000       61.000000       2.8957851      -1.0000000       209652.00
     0.061178539      0.16652940      -1.0000000      -1.0000000      -1.0000000
      -1.0000000      -1.0000000      -1.0000000       63.332409       1.3864813
       67.679398
