       0.0000000       135.00000       0.0000000       2229.0000       447165.00
       2.9131279       2.0271294      0.43858883      0.39393944      0.40573943
       29.519762      -41.167740      -105.84580       90.147896       12.544628
       64.593521
       0.0000000       134.00000    0.0095216669       2246.0000       445507.00
       2.8935871       1.6205761      0.43649268      0.38235301      0.40089333
       28.049501      -42.372429      -100.70600       90.569328       12.154230
       64.349915
       1.0000000       134.00000    0.0095216669      -1.0000000       2.0000000
    0.0068746518      0.10126457      -1.0000000      -1.0000000      -1.0000000
      -1.0000000      -1.0000000      -1.0000000      -1.0000000      -1.0000000
      -1.0000000
       0.0000000       133.00000     0.023974428       2265.0000       442289.00
       2.8727112       2.1297607      0.43900439      0.47368419      0.42136398
       37.162708      -46.204620      -98.410393       92.143509       12.466557
       63.404190
       0.0000000       132.00000     0.033724371       2268.0000       441487.00
       2.8104711       2.2117400      0.43313506      0.52499998      0.42967203
       47.063889      -47.210876      -90.640320       92.249695       12.419910
       63.232216
       0.0000000       131.00000     0.048523631       2304.0000       438757.00
       2.7779758       1.9776367      0.44496658      0.48648649      0.43663511
       51.097504      -65.421448      -76.732178       92.357994       12.077533
       62.534576
       0.0000000       130.00000     0.058507323       2305.0000       435969.00
       2.7212036       1.9182334      0.44609734      0.37500006      0.42726952
       43.964966      -79.534531      -72.048004       92.901695       11.904366
       62.406685
       0.0000000       129.00000     0.073661387       2324.0000       433664.00
       2.7166357       2.1373353      0.45538974      0.47222227      0.45932135
       22.386995      -89.567436      -69.220612       94.686729       12.222235
       61.417759
       0.0000000       128.00000     0.083884433       2328.0000       431323.00
       2.6536896       2.3234327      0.46123850      0.37500006      0.45538518
       3.5507369      -95.730415      -68.541512       95.197357       12.192575
       60.937057
       0.0000000       127.00000     0.099401802       2365.0000       430362.00
       2.6062677       1.9554733      0.45193648      0.44117647      0.41760796
      -9.7468376      -94.140701      -73.253105       92.216782       11.537332
       63.941944
       0.0000000       126.00000      0.10986994       2374.0000       428647.00
       2.5690944       1.9134086      0.45079303      0.47222227      0.42400262
      -13.687031      -83.620216      -80.959503       90.798714       11.289000
       65.786957
       0.0000000       125.00000      0.12575933       2378.0000       426478.00
       2.5214205       1.9747430      0.45000806      0.44117647      0.43223408
      -13.241470      -73.538971      -89.287056       90.350067       11.199949
       65.689583
       0.0000000       124.00000      0.14187621       2385.0000       423493.00
       2.4724374       2.0029042      0.44174787      0.48571426      0.41067833
      -12.926004      -66.206001      -90.756851       90.247780       11.185390
       65.147217
       1.0000000       124.00000      0.14187621      -1.0000000       1.0000000
       0.0000000       0.0000000      -1.0000000      -1.0000000      -1.0000000
      -1.0000000      -1.0000000      -1.0000000      -1.0000000      -1.0000000
      -1.0000000
       0.0000000       123.00000      0.15274876       2382.0000       421599.00
       2.4687839       1.6497486      0.44460249      0.48571426      0.39940387
      -18.669844      -56.894039      -98.828888       90.829018       11.041514
       63.312904
       0.0000000       122.00000      0.16925204       2391.0000       419091.00
       2.4378870       1.9541422      0.44797018      0.42424244      0.41547805
      -22.118965      -49.364941      -107.64162       93.247490       11.392668
       61.958027
       0.0000000       121.00000      0.18038526       2396.0000       416424.00
       2.3532362       2.2115545      0.44642466      0.42424244      0.39244026
      -21.000599      -34.938698      -114.70374       94.310204       10.905962
       62.157738
       0.0000000       120.00000      0.19728418       2389.0000       412978.00
       2.2719543       2.1305151      0.45929325      0.35483867      0.35770178
      -12.012050      -27.808439      -107.12637       92.884193       10.673488
       63.698059
       0.0000000       119.00000      0.21442504       2400.0000       410497.00
       2.2112865       2.1452079      0.44140646      0.41176474      0.37311807
      -7.2880378      -24.760326      -102.99839       92.551376       10.727715
       64.632355
       0.0000000       118.00000      0.22598839       2405.0000       408889.00
       2.2119260       1.9426998      0.43355635      0.38709676      0.38573676
      -2.5018985      -25.447569      -101.79990       91.388367       10.738153
       64.524208
       0.0000000       117.00000      0.24354018       2413.0000       405024.00
       2.1269586       1.6891488      0.43576095      0.37500006      0.35203218
       5.7166095      -26.675894      -100.94833       91.745468       9.8447495
       64.822128
       0.0000000       116.00000      0.26134327       2546.0000       405272.00
       2.1155415       2.1160033      0.43241256      0.34375006      0.34619975
       9.4451981      -22.390884      -96.637901       92.891212       10.565172
       64.548035
       0.0000000       115.00000      0.27335334       2638.0000       404889.00
       2.0686162       2.2516251      0.41660914      0.34375006      0.31645772
       2.8273523      -15.891500      -93.018677       93.220955       10.487905
       64.475334
       0.0000000       114.00000      0.29158324       2611.0000       401027.00
       1.9797057       2.0677996      0.41580880      0.34375006      0.33992359
       9.3042870      -8.5394058      -96.493034       91.723709       10.211411
       66.462097
       0.0000000       113.00000      0.31007412       2545.0000       396355.00
       1.9396715       1.9335685      0.39493877      0.39393944      0.33757249
       14.813962      -3.2063277      -92.370247       90.710281       10.240685
       69.261879
       0.0000000       112.00000      0.32882974       2628.0000       393867.00
       1.8766329       2.0244288      0.39906803      0.38235301      0.33228937
       23.391552       6.0537024      -89.039963       90.521515       9.8432646
       72.076050
       1.0000000       112.00000      0.32882974      -1.0000000       1.0000000
   0.00051905430       0.0000000      -1.0000000      -1.0000000      -1.0000000
      -1.0000000      -1.0000000      -1.0000000      -1.0000000      -1.0000000
      -1.0000000
       0.0000000       111.00000      0.34785384       2636.0000       391268.00
       1.7939808       1.9797385      0.40491882      0.40000004      0.32270151
       21.644302       16.624374      -87.351097       89.227989       9.6639366
       73.052902
       1.0000000       111.00000      0.34785384      -1.0000000       1.0000000
     0.021274026      0.16148174      -1.0000000      -1.0000000      -1.0000000
      -1.0000000      -1.0000000      -1.0000000      -1.0000000      -1.0000000
      -1.0000000
       0.0000000       110.00000      0.36068764       2641.0000       389684.00
       1.7656254       1.4892584      0.42265314      0.41176474      0.33687425
       28.085331       20.586838      -89.942551       89.159470       9.0405111
       73.363495
       1.0000000       110.00000      0.36068764      -1.0000000       1.0000000
       0.0000000       0.0000000      -1.0000000      -1.0000000      -1.0000000
      -1.0000000      -1.0000000      -1.0000000      -1.0000000      -1.0000000
      -1.0000000
       0.0000000       109.00000      0.38016787       2627.0000       386210.00
       1.7197373       1.5822362      0.43232343      0.41176474      0.34727556
       42.044510       29.482786      -85.722618       89.232941       9.0644169
       73.292282
       1.0000000       109.00000      0.38016787      -1.0000000       2.0000000
      0.11261691      0.48158568      -1.0000000      -1.0000000      -1.0000000
      -1.0000000      -1.0000000      -1.0000000      -1.0000000      -1.0000000
      -1.0000000
       0.0000000       108.00000      0.39992696       2616.0000       383694.00
       1.6754695       1.9880000      0.42252842      0.41176474      0.36943176
       51.287701       23.994240      -82.695290       91.545578       9.6444788
       74.727127
       0.0000000       107.00000      0.41996893       2595.0000       379188.00
       1.6495919       2.1681268      0.42786968      0.35294116      0.37921590
       61.151173       13.298172      -76.245056       95.008858       9.6170893
       79.220604
       0.0000000       106.00000      0.44029784       2592.0000       376447.00
       1.5097289       1.6461473      0.40042049      0.33333337      0.32900426
       49.149368      -5.3231449      -62.657555       87.312599       8.3145599
       86.210381
       0.0000000       105.00000      0.46091780       2595.0000       372467.00
       1.4531769       1.4483904      0.38562870      0.38235301      0.29933339
       48.651051      -4.2664909      -58.625889       86.450851       7.7827892
       93.598076
       0.0000000       104.00000      0.48183295       2593.0000       368401.00
       1.4145674       1.4810486      0.37621176      0.30555558      0.27056223
       46.003216       3.4408145      -54.265186       86.388290       7.6584606
       97.366386
       0.0000000       103.00000      0.50304753      -1.0000000       364057.00
       1.3783131       1.3410226      -1.0000000      -1.0000000      -1.0000000
      -1.0000000      -1.0000000      -1.0000000       86.247223       7.7132716
       99.680840
       0.0000000       102.00000      0.52456582      -1.0000000       333089.00
       1.3672651       1.2575363      -1.0000000      -1.0000000      -1.0000000
      -1.0000000      -1.0000000      -1.0000000       87.828918       7.4421043
       100.91059
       0.0000000       101.00000      0.54639220      -1.0000000       357692.00
       1.3117070       1.5254996      -1.0000000      -1.0000000      -1.0000000
      -1.0000000      -1.0000000      -1.0000000       89.549240       7.4484529
       99.404442
       0.0000000       100.00000      0.57598084      -1.0000000       353677.00
       1.2757000       1.1210809      -1.0000000      -1.0000000      -1.0000000
      -1.0000000      -1.0000000      -1.0000000       92.572266       7.1226311
       92.091293
       0.0000000       99.000000      0.59854329      -1.0000000       347580.00
       1.2644887      0.86628586      -1.0000000      -1.0000000      -1.0000000
      -1.0000000      -1.0000000      -1.0000000       97.213867       7.5924954
       85.625526
       0.0000000       98.000000      0.62142873      -1.0000000       314910.00
       1.3071064       1.0815666      -1.0000000      -1.0000000      -1.0000000
      -1.0000000      -1.0000000      -1.0000000       104.02479       7.9606185
       78.562798
       0.0000000       97.000000      0.64464182      -1.0000000       311216.00
       1.2534634       2.0864568      -1.0000000      -1.0000000      -1.0000000
      -1.0000000      -1.0000000      -1.0000000       109.18901       9.5699558
       76.900307
       0.0000000       96.000000      0.67611039      -1.0000000       306659.00
       1.1709667       1.6878183      -1.0000000      -1.0000000      -1.0000000
      -1.0000000      -1.0000000      -1.0000000       99.546646       8.1731987
       88.505829
       1.0000000       96.000000      0.67611039      -1.0000000       1.0000000
       0.0000000       0.0000000      -1.0000000      -1.0000000      -1.0000000
      -1.0000000      -1.0000000      -1.0000000      -1.0000000      -1.0000000
      -1.0000000
       0.0000000       95.000000      0.70010638      -1.0000000       302594.00
       1.1166217       1.5557163      -1.0000000      -1.0000000      -1.0000000
      -1.0000000      -1.0000000      -1.0000000       96.753250       7.8088894
       93.392448
       0.0000000       94.000000      0.73263615      -1.0000000       296708.00
       1.0641189       1.3627146      -1.0000000      -1.0000000      -1.0000000
      -1.0000000      -1.0000000      -1.0000000       93.090347       7.4049368
       93.021935
       0.0000000       93.000000      0.75744140      -1.0000000       293068.00
       1.0489444       1.1725614      -1.0000000      -1.0000000      -1.0000000
      -1.0000000      -1.0000000      -1.0000000       91.850449       7.0793633
       95.531342
       0.0000000       92.000000      0.79106826      -1.0000000       286053.00
       1.0138614      0.90950662      -1.0000000      -1.0000000      -1.0000000
      -1.0000000      -1.0000000      -1.0000000       89.552193       6.7073250
       99.634888
       0.0000000       91.000000      0.81671000      -1.0000000       283736.00
       1.0100145      0.89169431      -1.0000000      -1.0000000      -1.0000000
      -1.0000000      -1.0000000      -1.0000000       89.092102       6.4808722
       100.41914
       0.0000000       90.000000      0.85147089      -1.0000000       279975.00
      0.95980859      0.94937938      -1.0000000      -1.0000000      -1.0000000
      -1.0000000      -1.0000000      -1.0000000       87.727348       6.1294889
       98.182449
       1.0000000       90.000000      0.85147089      -1.0000000       1.0000000
     0.032916281      0.10897589      -1.0000000      -1.0000000      -1.0000000
      -1.0000000      -1.0000000      -1.0000000      -1.0000000      -1.0000000
      -1.0000000
       0.0000000       89.000000      0.88689691      -1.0000000       275811.00
      0.94438034      0.83428597      -1.0000000      -1.0000000      -1.0000000
      -1.0000000      -1.0000000      -1.0000000       86.999809       6.1718130
       95.080765
       0.0000000       88.000000      0.92300081      -1.0000000       279776.00
      0.95357490      0.93386847      -1.0000000      -1.0000000      -1.0000000
      -1.0000000      -1.0000000      -1.0000000       89.661125       6.6782637
       88.827370
       0.0000000       87.000000      0.95053136      -1.0000000       274724.00
      0.94501811       1.2490453      -1.0000000      -1.0000000      -1.0000000
      -1.0000000      -1.0000000      -1.0000000       91.660789       6.8326855
       86.752541
       0.0000000       86.000000      0.98785281      -1.0000000       267298.00
      0.87111986       1.3135632      -1.0000000      -1.0000000      -1.0000000
      -1.0000000      -1.0000000      -1.0000000       89.117508       6.4506612
       91.264397
       0.0000000       85.000000      0.99729425      -1.0000000       265619.00
      0.86469901       1.4077868      -1.0000000      -1.0000000      -1.0000000
      -1.0000000      -1.0000000      -1.0000000       88.012466       6.6317711
       92.414215
       0.0000000       84.000000       1.0355104      -1.0000000       260727.00
      0.83029109       1.1944984      -1.0000000      -1.0000000      -1.0000000
      -1.0000000      -1.0000000      -1.0000000       86.621353       6.3408508
       97.675407
       0.0000000       83.000000       1.0744579      -1.0000000       256570.00
      0.78816003       1.3410044      -1.0000000      -1.0000000      -1.0000000
      -1.0000000      -1.0000000      -1.0000000       86.119934       6.3593960
       97.116806
       0.0000000       82.000000       1.1141505      -1.0000000       297638.00
      0.77455646       1.0794392      -1.0000000      -1.0000000      -1.0000000
      -1.0000000      -1.0000000      -1.0000000       87.031479       6.1637368
       94.306488
       0.0000000       81.000000       1.1546028      -1.0000000       295327.00
      0.72766620       1.2653028      -1.0000000      -1.0000000      -1.0000000
      -1.0000000      -1.0000000      -1.0000000       89.431702       5.9970303
       92.615379
       0.0000000       80.000000       1.2062581      -1.0000000       289022.00
      0.70045626       1.0177883      -1.0000000      -1.0000000      -1.0000000
      -1.0000000      -1.0000000      -1.0000000       91.168312       5.9915733
       89.517433
       0.0000000       79.000000       1.2484726      -1.0000000       282854.00
      0.68501145      0.94679767      -1.0000000      -1.0000000      -1.0000000
      -1.0000000      -1.0000000      -1.0000000       93.682137       6.2846441
       87.498062
       0.0000000       78.000000       1.3023784      -1.0000000       271401.00
      0.67459798      0.90630126      -1.0000000      -1.0000000      -1.0000000
      -1.0000000      -1.0000000      -1.0000000       97.340858       6.4027867
       82.937119
       1.0000000       78.000000       1.3023784      -1.0000000       2.0000000
       0.0000000       0.0000000      -1.0000000      -1.0000000      -1.0000000
      -1.0000000      -1.0000000      -1.0000000      -1.0000000      -1.0000000
      -1.0000000
       0.0000000       77.000000       1.3575766      -1.0000000       261123.00
      0.63669318       1.4844208      -1.0000000      -1.0000000      -1.0000000
      -1.0000000      -1.0000000      -1.0000000       96.712326       6.7349930
       90.732841
       0.0000000       76.000000       1.4140983      -1.0000000       254827.00
      0.57804579       1.4479346      -1.0000000      -1.0000000      -1.0000000
      -1.0000000      -1.0000000      -1.0000000       91.765335       6.3936749
       95.383698
       1.0000000       76.000000       1.4140983      -1.0000000       2.0000000
     0.010082769      0.17669389      -1.0000000      -1.0000000      -1.0000000
      -1.0000000      -1.0000000      -1.0000000      -1.0000000      -1.0000000
      -1.0000000
       0.0000000       75.000000       1.4719748      -1.0000000       247354.00
      0.51267487       1.4335109      -1.0000000      -1.0000000      -1.0000000
      -1.0000000      -1.0000000      -1.0000000       89.316544       6.0964994
       99.517616
       1.0000000       75.000000       1.4719748      -1.0000000       2.0000000
    0.0023849133     0.046644300      -1.0000000      -1.0000000      -1.0000000
      -1.0000000      -1.0000000      -1.0000000      -1.0000000      -1.0000000
      -1.0000000
       0.0000000       74.000000       1.5312390      -1.0000000       239758.00
      0.49195772       1.4289911      -1.0000000      -1.0000000      -1.0000000
      -1.0000000      -1.0000000      -1.0000000       89.203964       6.7933121
       100.15475
       0.0000000       73.000000       1.6042346      -1.0000000       232288.00
      0.45695385       1.4613452      -1.0000000      -1.0000000      -1.0000000
      -1.0000000      -1.0000000      -1.0000000       93.334206       6.7160597
       96.335121
       0.0000000       72.000000       1.6666696      -1.0000000       224686.00
      0.41774979       1.7294611      -1.0000000      -1.0000000      -1.0000000
      -1.0000000      -1.0000000      -1.0000000       95.709854       7.9807782
       90.627098
       0.0000000       71.000000       1.7435706      -1.0000000       231777.00
      0.40292576       1.2678567      -1.0000000      -1.0000000      -1.0000000
      -1.0000000      -1.0000000      -1.0000000       97.643639       6.8310866
       89.715813
       0.0000000       70.000000       1.8226893      -1.0000000       225099.00
      0.31025019       2.0184963      -1.0000000      -1.0000000      -1.0000000
      -1.0000000      -1.0000000      -1.0000000       96.410408       8.6873007
       84.637291
       1.0000000       70.000000       1.8226893      -1.0000000       2.0000000
     0.024578981     0.043772031      -1.0000000      -1.0000000      -1.0000000
      -1.0000000      -1.0000000      -1.0000000      -1.0000000      -1.0000000
      -1.0000000
       0.0000000       69.000000       1.9040896      -1.0000000       218670.00
      0.24479331       1.6957163      -1.0000000      -1.0000000      -1.0000000
      -1.0000000      -1.0000000      -1.0000000       103.23120       7.9464722
       76.879051
       2.0000000       69.000000       1.9040896      0.43827564       67.000000
     0.058432482      0.39012098      -1.0000000      -1.0000000      -1.0000000
      -1.0000000      -1.0000000      -1.0000000      -1.0000000      -1.0000000
      -1.0000000
       0.0000000       68.000000       2.0020282      -1.0000000       208551.00
      0.16716550      0.85278785      -1.0000000      -1.0000000      -1.0000000
      -1.0000000      -1.0000000      -1.0000000       94.731636       3.9768281
       87.713684
       1.0000000       68.000000       2.0020282      -1.0000000       2.0000000
     0.011683630     0.091971986      -1.0000000      -1.0000000      -1.0000000
      -1.0000000      -1.0000000      -1.0000000      -1.0000000      -1.0000000
      -1.0000000
       0.0000000       67.000000       2.1032696      -1.0000000       209384.00
      0.13332359      0.70359260      -1.0000000      -1.0000000      -1.0000000
      -1.0000000      -1.0000000      -1.0000000       84.886238       3.0835752
       86.428665
       0.0000000       66.000000       2.2079256      -1.0000000       198143.00
      0.10163955      0.71898544      -1.0000000      -1.0000000      -1.0000000
      -1.0000000      -1.0000000      -1.0000000       78.187180       2.7246702
       82.592949
       0.0000000       65.000000       2.3161108      -1.0000000       186385.00
     0.082330182      0.39172193      -1.0000000      -1.0000000      -1.0000000
      -1.0000000      -1.0000000      -1.0000000       68.193199       1.8363520
       94.380989
       1.0000000       65.000000       2.3161108      -1.0000000       1.0000000
       0.0000000       0.0000000      -1.0000000      -1.0000000      -1.0000000
      -1.0000000      -1.0000000      -1.0000000      -1.0000000      -1.0000000
      -1.0000000
       0.0000000       64.000000       2.4442258      -1.0000000       175079.00
     0.079497322      0.20328718      -1.0000000      -1.0000000      -1.0000000
      -1.0000000      -1.0000000      -1.0000000       66.337166       1.5949806
       93.446091
       0.0000000       63.000000       2.5772903      -1.0000000       161875.00
     0.073307537      0.26731840      -1.0000000      -1.0000000      -1.0000000
      -1.0000000      -1.0000000      -1.0000000       68.872978       1.6114666
       75.872566
       1.0000000       63.000000       2.5772903      -1.0000000       1.0000000
   0.00032239579       0.0000000      -1.0000000      -1.0000000      -1.0000000
      -1.0000000      -1.0000000      -1.0000000      -1.0000000      -1.0000000
      -1.0000000
       0.0000000       62.000000       2.7331426      -1.0000000       206980.00
     0.063066967      0.41087830      -1.0000000      -1.0000000      -1.0000000
      -1.0000000      -1.0000000      -1.0000000       73.809219       1.7147249
       63.952999
       0.0000000       61.000000       2.8957851      -1.0000000       203760.00
     0.049020834      0.28710052      -1.0000000      -1.0000000      -1.0000000
      -1.0000000      -1.0000000      -1.0000000       68.346237       1.5073847
       65.063538
