       0.0000000       135.00000       0.0000000       215.00000       290197.00
       4.3008652       1.4280785      0.51750720      0.54838705      0.53749728
       125.88163      -102.27271       115.10387       100.30785       14.831656
       27.770649
       0.0000000       134.00000    0.0095216669       215.00000       288002.00
       4.3029885       1.4033834      0.51476663      0.64705884      0.54148072
       127.38230      -105.14718       116.32485       101.89288       14.984425
       27.167667
       0.0000000       133.00000     0.023974428       218.00000       285680.00
       4.2487922       1.1162196      0.51290834      0.59375006      0.54185224
       134.90504      -97.662270       121.31698       100.83176       14.442614
       28.183788
       0.0000000       132.00000     0.033724371       217.00000       284409.00
       4.2535372       1.1328568      0.51497561      0.56666672      0.55563885
       139.76135      -87.657471       128.90630       100.31279       14.743280
       29.091904
       0.0000000       131.00000     0.048523631       222.00000       281712.00
       4.2507381       1.1609797      0.51755011      0.58064520      0.53706568
       130.07887      -91.592018       143.74756       99.386322       14.402191
       32.993134
       0.0000000       130.00000     0.058507323       221.00000       279815.00
       4.2694707       1.1715084      0.51832777      0.65625000      0.55940372
       129.99480      -100.16742       147.18222       99.095901       14.871699
       35.758167
       0.0000000       129.00000     0.073661387       226.00000       278316.00
       4.1686263       1.0618538      0.51970112      0.63636363      0.54937094
       135.80919      -99.984505       152.64369       100.50346       14.810855
       37.059654
       0.0000000       128.00000     0.083884433       224.00000       276732.00
       4.3983335       1.0336206      0.52416700      0.62500000      0.57191396
       139.43275      -98.326408       157.91348       102.37825       16.256699
       36.748890
       0.0000000       127.00000     0.099401802       223.00000       273390.00
       4.1978774       2.2003052      0.52890986      0.58064520      0.56965005
       139.18733      -96.369186       165.21657       105.75014       15.778689
       36.033821
       0.0000000       126.00000      0.10986994       217.00000       269583.00
       4.1774025       2.2089088      0.53311455      0.63636363      0.57953948
       130.52643      -92.447548       182.39732       104.54951       15.933330
       37.165806
       0.0000000       125.00000      0.12575933       218.00000       267576.00
       4.1309395       2.4639223      0.53455073      0.63636363      0.57347983
       108.28996      -116.16692       199.50824       102.81882       16.230654
       40.622517
       0.0000000       124.00000      0.14187621       217.00000       263961.00
       4.0767703       2.4668560      0.53822964      0.63636363      0.57622689
       108.24146      -135.00804       197.70734       100.10291       16.530029
       45.323814
       0.0000000       123.00000      0.15274876       218.00000       262607.00
       4.0853233       2.3986502      0.53718662      0.67647058      0.57846648
       104.99931      -138.05356       204.49512       99.292099       16.569937
       48.331406
       0.0000000       122.00000      0.16925204       222.00000       260784.00
       3.9338100       2.4282823      0.54693973      0.58064520      0.58867508
       88.017464      -161.92371       203.69148       98.872116       16.053478
       49.218689
       0.0000000       121.00000      0.18038526       221.00000       257091.00
       3.9192021       2.2089853      0.54153287      0.64705884      0.57724369
       93.940437      -172.66873       203.05814       98.813858       16.103872
       47.870960
       1.0000000       121.00000      0.18038526      -1.0000000       1.0000000
       0.0000000       0.0000000      -1.0000000      -1.0000000      -1.0000000
      -1.0000000      -1.0000000      -1.0000000      -1.0000000      -1.0000000
      -1.0000000
       0.0000000       120.00000      0.19728418       225.00000       254794.00
       3.8944757       2.4541581      0.54870248      0.53333330      0.55774528
       116.35729      -172.05890       211.97116       101.81554       16.638664
       46.119976
       1.0000000       120.00000      0.19728418      -1.0000000       1.0000000
       0.0000000       0.0000000      -1.0000000      -1.0000000      -1.0000000
      -1.0000000      -1.0000000      -1.0000000      -1.0000000      -1.0000000
      -1.0000000
       0.0000000       119.00000      0.21442504       228.00000       252487.00
       3.8553371       3.1548078      0.51630074      0.72500002      0.55824661
       124.85560      -175.45976       212.90834       102.27177       17.908888
       49.325211
       0.0000000       118.00000      0.22598839       226.00000       250444.00
       3.7418489       3.5142462      0.51761341      0.61764705      0.54170281
       138.95447      -168.71848       205.41037       102.69179       17.703915
       47.269798
       0.0000000       117.00000      0.24354018       227.00000       246059.00
       3.7502334       3.3359978      0.50469106      0.68571424      0.52431297
       143.80507      -165.44135       207.18394       99.559227       18.630014
       54.085758
       1.0000000       117.00000      0.24354018      -1.0000000       3.0000000
    0.0016843826     0.027692392      -1.0000000      -1.0000000      -1.0000000
      -1.0000000      -1.0000000      -1.0000000      -1.0000000      -1.0000000
      -1.0000000
       0.0000000       116.00000      0.26134327       237.00000       245207.00
       3.6485128       3.4064860      0.51458001      0.69696975      0.57024747
       144.29245      -163.28201       213.06320       100.53859       18.863697
       52.795563
       1.0000000       116.00000      0.26134327      -1.0000000       1.0000000
       0.0000000       0.0000000      -1.0000000      -1.0000000      -1.0000000
      -1.0000000      -1.0000000      -1.0000000      -1.0000000      -1.0000000
      -1.0000000
       0.0000000       115.00000      0.27335334       236.00000       243442.00
       3.7106783       3.5939047      0.50544250      0.63333333      0.54739094
       148.19466      -182.43291       200.33115       101.99580       19.827858
       53.422729
       0.0000000       114.00000      0.29158324       240.00000       240528.00
       3.5539446       3.6948321      0.49722430      0.69444442      0.54322892
       147.88649      -169.79601       194.21330       101.72898       19.407562
       58.904404
       1.0000000       114.00000      0.29158324      -1.0000000       3.0000000
       0.0000000       0.0000000      -1.0000000      -1.0000000      -1.0000000
      -1.0000000      -1.0000000      -1.0000000      -1.0000000      -1.0000000
      -1.0000000
       0.0000000       113.00000      0.31007412       1960.0000       378590.00
       3.4858799       3.1334662      0.49304637      0.66666669      0.54574311
       157.90999      -164.52391       187.39877       98.308540       18.294020
       65.342575
       1.0000000       113.00000      0.31007412      -1.0000000       1.0000000
       0.0000000       0.0000000      -1.0000000      -1.0000000      -1.0000000
      -1.0000000      -1.0000000      -1.0000000      -1.0000000      -1.0000000
      -1.0000000
       0.0000000       112.00000      0.32882974       1952.0000       373368.00
       3.4268377       3.5745411      0.45774171      0.67647058      0.44427344
       142.97108      -157.51746       186.23553       96.850578       18.823217
       68.914879
       1.0000000       112.00000      0.32882974      -1.0000000       2.0000000
    0.0082163413     0.086399291      -1.0000000      -1.0000000      -1.0000000
      -1.0000000      -1.0000000      -1.0000000      -1.0000000      -1.0000000
      -1.0000000
       0.0000000       111.00000      0.34785384       1564.0000       355343.00
       3.3033514       3.7099187      0.46867311      0.70270270      0.49380514
       116.38706      -147.96643       194.03835       96.587265       18.253302
       71.261734
       0.0000000       110.00000      0.36068764       1461.0000       348688.00
       3.3087459       3.5319786      0.47781059      0.68571424      0.48237875
       116.32301      -164.06981       185.26532       96.211655       18.410803
       73.826126
       1.0000000       110.00000      0.36068764      -1.0000000       1.0000000
    0.0042200149     0.046226002      -1.0000000      -1.0000000      -1.0000000
      -1.0000000      -1.0000000      -1.0000000      -1.0000000      -1.0000000
      -1.0000000
       0.0000000       109.00000      0.38016787       1419.0000       343220.00
       3.2391324       3.3518124      0.45536619      0.71794868      0.48339298
       131.54417      -178.81935       161.85449       97.300697       18.301933
       75.644402
       1.0000000       109.00000      0.38016787      -1.0000000       1.0000000
    0.0042200149     0.046226002      -1.0000000      -1.0000000      -1.0000000
      -1.0000000      -1.0000000      -1.0000000      -1.0000000      -1.0000000
      -1.0000000
       0.0000000       108.00000      0.39992696       1361.0000       338008.00
       3.2361763       3.0487227      0.47317702      0.68571424      0.48501709
       152.62625      -180.67525       156.82002       97.074242       18.404217
       77.546036
       0.0000000       107.00000      0.41996893       1343.0000       333083.00
       3.0720453       2.8759539      0.46748918      0.71052635      0.52140903
       162.76456      -151.88437       171.79337       97.291862       17.149824
       77.123032
       1.0000000       107.00000      0.41996893      -1.0000000       2.0000000
    0.0011448913     0.043872714      -1.0000000      -1.0000000      -1.0000000
      -1.0000000      -1.0000000      -1.0000000      -1.0000000      -1.0000000
      -1.0000000
       0.0000000       106.00000      0.44029784       1577.0000       341657.00
       3.1068685       2.3857172      0.47969630      0.58620685      0.44895741
       145.95290      -123.10033       210.17723       98.441475       17.757822
       75.071678
       1.0000000       106.00000      0.44029784      -1.0000000       2.0000000
     0.028565653      0.15956999      -1.0000000      -1.0000000      -1.0000000
      -1.0000000      -1.0000000      -1.0000000      -1.0000000      -1.0000000
      -1.0000000
       0.0000000       105.00000      0.46091780       1323.0000       325220.00
       3.1277277       2.2245696      0.45863411      0.65714288      0.48425233
       97.252220      -103.77509       238.63487       101.22454       17.280598
       74.422264
       1.0000000       105.00000      0.46091780      -1.0000000       1.0000000
     0.028565653      0.15956999      -1.0000000      -1.0000000      -1.0000000
      -1.0000000      -1.0000000      -1.0000000      -1.0000000      -1.0000000
      -1.0000000
       0.0000000       104.00000      0.48183295       1622.0000       335517.00
       2.8802202       4.8068652      0.45456824      0.71052635      0.51261395
       95.887398      -150.03427       187.31471       104.56753       18.216288
       74.056442
       0.0000000       103.00000      0.50304753       1591.0000       329659.00
       2.8384061       4.3844991      0.45385507      0.73170733      0.50848925
       113.63559      -192.70810       132.04193       99.716255       19.062269
       76.000259
       1.0000000       103.00000      0.50304753      -1.0000000       2.0000000
     0.028565653      0.15956999      -1.0000000      -1.0000000      -1.0000000
      -1.0000000      -1.0000000      -1.0000000      -1.0000000      -1.0000000
      -1.0000000
       0.0000000       102.00000      0.52456582       1533.0000       323994.00
       2.6457636       3.1711347      0.45366848      0.66666669      0.47456306
       147.50085      -143.74144       157.02673       99.052940       16.830822
       76.757179
       1.0000000       102.00000      0.52456582      -1.0000000       5.0000000
     0.027646360      0.23277905      -1.0000000      -1.0000000      -1.0000000
      -1.0000000      -1.0000000      -1.0000000      -1.0000000      -1.0000000
      -1.0000000
       0.0000000       101.00000      0.54639220       1689.0000       327594.00
       2.6321754       3.0017231      0.45301867      0.66666669      0.48882455
       149.61639      -117.49252       169.89386       99.770767       17.684925
       74.722755
       1.0000000       101.00000      0.54639220      -1.0000000       1.0000000
     0.013669872     0.087701201      -1.0000000      -1.0000000      -1.0000000
      -1.0000000      -1.0000000      -1.0000000      -1.0000000      -1.0000000
      -1.0000000
       0.0000000       100.00000      0.57598084       1666.0000       322477.00
       2.5201216       3.9215741      0.44283548      0.65714288      0.44714439
       100.23967      -121.39436       193.59926       104.98686       17.512571
       74.705086
       1.0000000       100.00000      0.57598084      -1.0000000       2.0000000
     0.010124897     0.076046444      -1.0000000      -1.0000000      -1.0000000
      -1.0000000      -1.0000000      -1.0000000      -1.0000000      -1.0000000
      -1.0000000
       0.0000000       99.000000      0.59854329       1782.0000       322732.00
       2.3068280       4.5212269      0.40773582      0.68292683      0.37543648
       42.845676      -116.29665       155.86966       103.81790       17.282635
       77.363060
       1.0000000       99.000000      0.59854329      -1.0000000       1.0000000
    0.0012476990     0.043279555      -1.0000000      -1.0000000      -1.0000000
      -1.0000000      -1.0000000      -1.0000000      -1.0000000      -1.0000000
      -1.0000000
       0.0000000       98.000000      0.62142873       1814.0000       320507.00
       2.2287705       4.3934579      0.38729182      0.66666663      0.30828881
       15.540318      -107.99599       108.76205       102.15569       17.313507
       79.451714
       1.0000000       98.000000      0.62142873      -1.0000000       1.0000000
   0.00024410477    0.0091665192      -1.0000000      -1.0000000      -1.0000000
      -1.0000000      -1.0000000      -1.0000000      -1.0000000      -1.0000000
      -1.0000000
       0.0000000       97.000000      0.64464182       1797.0000       317321.00
       2.1471622       3.8486640      0.36370638      0.59459460      0.31367230
       66.401001      -115.29362       59.369049       100.46557       16.446577
       83.516884
       1.0000000       97.000000      0.64464182      -1.0000000       3.0000000
   0.00061113934     0.014357999      -1.0000000      -1.0000000      -1.0000000
      -1.0000000      -1.0000000      -1.0000000      -1.0000000      -1.0000000
      -1.0000000
       0.0000000       96.000000      0.67611039       1824.0000       315124.00
       2.0783620       3.7342374      0.36144418      0.67567563      0.31655625
       51.414192      -90.283257       68.878464       99.133324       17.363039
       84.365822
       1.0000000       96.000000      0.67611039      -1.0000000       3.0000000
   0.00069101733     0.073576726      -1.0000000      -1.0000000      -1.0000000
      -1.0000000      -1.0000000      -1.0000000      -1.0000000      -1.0000000
      -1.0000000
       0.0000000       95.000000      0.70010638       1805.0000       310680.00
       2.0195301       2.9659922      0.37599885      0.52941173      0.30256644
       48.999313      -83.125519       75.478294       100.34953       16.356180
       84.898094
       0.0000000       94.000000      0.73263615       1815.0000       307368.00
       2.0197065       3.6803775      0.34993023      0.71052635      0.31945586
       42.722168      -56.061222       90.358887       103.13847       16.927862
       85.032654
       0.0000000       93.000000      0.75744140       1866.0000       305070.00
       1.8171399       3.8284676      0.31010959      0.57575762      0.22253403
       17.589260      -19.212988       43.456772       102.71586       16.335293
       85.400208
       1.0000000       93.000000      0.75744140      -1.0000000       2.0000000
     0.021686275      0.24265477      -1.0000000      -1.0000000      -1.0000000
      -1.0000000      -1.0000000      -1.0000000      -1.0000000      -1.0000000
      -1.0000000
       0.0000000       92.000000      0.79106826       1957.0000       302666.00
       1.8993518       3.5032275      0.30509803      0.70731705      0.23986377
       19.243467      -15.228129       15.073353       103.27822       17.791727
       82.557724
       1.0000000       92.000000      0.79106826      -1.0000000       2.0000000
    0.0088299792      0.12880668      -1.0000000      -1.0000000      -1.0000000
      -1.0000000      -1.0000000      -1.0000000      -1.0000000      -1.0000000
      -1.0000000
       0.0000000       91.000000      0.81671000       1981.0000       300158.00
       1.5565728       2.3770239      0.35678390      0.58333337      0.24931812
       23.512375      -72.399055       26.742620       108.98640       12.556845
       76.846619
       0.0000000       90.000000      0.85147089       1995.0000       296246.00
       1.9083557       7.5609598      0.39800352      0.81818181      0.52732915
       182.14937      -89.591476       100.95710       115.15046       32.523510
       65.643959
       1.0000000       90.000000      0.85147089      -1.0000000       1.0000000
       0.0000000       0.0000000      -1.0000000      -1.0000000      -1.0000000
      -1.0000000      -1.0000000      -1.0000000      -1.0000000      -1.0000000
      -1.0000000
       0.0000000       89.000000      0.88689691       2005.0000       292599.00
       1.5534260       4.7776918      0.43655726      0.70212770      0.66376376
       127.95848      -226.07788       392.73584       125.08798       18.837496
       63.484272
       0.0000000       88.000000      0.92300081      -1.0000000       288372.00
       1.1540073       3.5545766      -1.0000000      -1.0000000      -1.0000000
      -1.0000000      -1.0000000      -1.0000000       101.30617       14.184901
       85.908974
       1.0000000       88.000000      0.92300081      -1.0000000       2.0000000
      0.34591866      0.87970710      -1.0000000      -1.0000000      -1.0000000
      -1.0000000      -1.0000000      -1.0000000      -1.0000000      -1.0000000
      -1.0000000
       0.0000000       87.000000      0.95053136      -1.0000000       284935.00
       1.0625833       2.8814263      -1.0000000      -1.0000000      -1.0000000
      -1.0000000      -1.0000000      -1.0000000       95.168068       11.493910
       87.582504
       0.0000000       86.000000      0.98785281      -1.0000000       278568.00
      0.99461120       3.3502021      -1.0000000      -1.0000000      -1.0000000
      -1.0000000      -1.0000000      -1.0000000       89.120415       12.324337
       88.877541
       0.0000000       85.000000      0.99729425      -1.0000000       280157.00
      0.97484243       3.1770031      -1.0000000      -1.0000000      -1.0000000
      -1.0000000      -1.0000000      -1.0000000       88.111115       11.996720
       87.431961
       0.0000000       84.000000       1.0355104      -1.0000000       277370.00
      0.92045414       2.8874409      -1.0000000      -1.0000000      -1.0000000
      -1.0000000      -1.0000000      -1.0000000       85.494865       11.441716
       84.668602
       0.0000000       83.000000       1.0744579      -1.0000000       272555.00
      0.90351868       2.9222562      -1.0000000      -1.0000000      -1.0000000
      -1.0000000      -1.0000000      -1.0000000       85.562271       12.214255
       82.235924
       0.0000000       82.000000       1.1141505      -1.0000000       267036.00
      0.83762908       2.8268828      -1.0000000      -1.0000000      -1.0000000
      -1.0000000      -1.0000000      -1.0000000       87.547440       11.622116
       78.626099
       0.0000000       81.000000       1.1546028      -1.0000000       262977.00
      0.81599951       3.0692148      -1.0000000      -1.0000000      -1.0000000
      -1.0000000      -1.0000000      -1.0000000       88.457832       12.083307
       75.479561
       1.0000000       81.000000       1.1546028      -1.0000000       1.0000000
   0.00030296735    0.0040031550      -1.0000000      -1.0000000      -1.0000000
      -1.0000000      -1.0000000      -1.0000000      -1.0000000      -1.0000000
      -1.0000000
       0.0000000       80.000000       1.2062581      -1.0000000       291466.00
      0.71555299       3.0316894      -1.0000000      -1.0000000      -1.0000000
      -1.0000000      -1.0000000      -1.0000000       88.202179       11.334093
       72.357178
       1.0000000       80.000000       1.2062581      -1.0000000       2.0000000
    0.0070472404     0.041425495      -1.0000000      -1.0000000      -1.0000000
      -1.0000000      -1.0000000      -1.0000000      -1.0000000      -1.0000000
      -1.0000000
       0.0000000       79.000000       1.2484726      -1.0000000       286922.00
      0.68688887       2.8166151      -1.0000000      -1.0000000      -1.0000000
      -1.0000000      -1.0000000      -1.0000000       87.278969       11.255065
       75.679901
       1.0000000       79.000000       1.2484726      -1.0000000       1.0000000
    0.0064675896     0.051875010      -1.0000000      -1.0000000      -1.0000000
      -1.0000000      -1.0000000      -1.0000000      -1.0000000      -1.0000000
      -1.0000000
       0.0000000       78.000000       1.3023784      -1.0000000       281117.00
      0.64448714       2.7224069      -1.0000000      -1.0000000      -1.0000000
      -1.0000000      -1.0000000      -1.0000000       88.973602       10.649376
       75.685570
       0.0000000       77.000000       1.3575766      -1.0000000       276465.00
      0.59723324       2.9116731      -1.0000000      -1.0000000      -1.0000000
      -1.0000000      -1.0000000      -1.0000000       89.657433       11.520370
       72.992447
       1.0000000       77.000000       1.3575766      -1.0000000       2.0000000
   0.00044967936     0.041475434      -1.0000000      -1.0000000      -1.0000000
      -1.0000000      -1.0000000      -1.0000000      -1.0000000      -1.0000000
      -1.0000000
       0.0000000       76.000000       1.4140983      -1.0000000       270574.00
      0.53712839       2.3217380      -1.0000000      -1.0000000      -1.0000000
      -1.0000000      -1.0000000      -1.0000000       92.961426       9.6591177
       69.143486
       1.0000000       76.000000       1.4140983      -1.0000000       1.0000000
   0.00016479810     0.013724722      -1.0000000      -1.0000000      -1.0000000
      -1.0000000      -1.0000000      -1.0000000      -1.0000000      -1.0000000
      -1.0000000
       0.0000000       75.000000       1.4719748      -1.0000000       233089.00
      0.48580638       2.8822203      -1.0000000      -1.0000000      -1.0000000
      -1.0000000      -1.0000000      -1.0000000       91.546661       10.554688
       71.016930
       0.0000000       74.000000       1.5312390      -1.0000000       226428.00
      0.42294469       2.8509290      -1.0000000      -1.0000000      -1.0000000
      -1.0000000      -1.0000000      -1.0000000       89.133751       10.099802
       70.627281
       0.0000000       73.000000       1.6042346      -1.0000000       248687.00
      0.35660404       1.8618820      -1.0000000      -1.0000000      -1.0000000
      -1.0000000      -1.0000000      -1.0000000       86.708130       8.6016388
       75.630325
       0.0000000       72.000000       1.6666696      -1.0000000       242798.00
      0.32106754       1.6361161      -1.0000000      -1.0000000      -1.0000000
      -1.0000000      -1.0000000      -1.0000000       86.471085       7.6345258
       74.956299
       1.0000000       72.000000       1.6666696      -1.0000000       1.0000000
       0.0000000       0.0000000      -1.0000000      -1.0000000      -1.0000000
      -1.0000000      -1.0000000      -1.0000000      -1.0000000      -1.0000000
      -1.0000000
       0.0000000       71.000000       1.7435706      -1.0000000       241547.00
      0.29631275       1.9002653      -1.0000000      -1.0000000      -1.0000000
      -1.0000000      -1.0000000      -1.0000000       84.718147       8.4525967
       75.181511
       1.0000000       71.000000       1.7435706      -1.0000000       2.0000000
   0.00091829209     0.026901243      -1.0000000      -1.0000000      -1.0000000
      -1.0000000      -1.0000000      -1.0000000      -1.0000000      -1.0000000
      -1.0000000
       0.0000000       70.000000       1.8226893      -1.0000000       232384.00
      0.25934881       1.6610665      -1.0000000      -1.0000000      -1.0000000
      -1.0000000      -1.0000000      -1.0000000       84.625870       7.5169687
       79.942322
       0.0000000       69.000000       1.9040896      -1.0000000       222634.00
      0.20645262       1.4445491      -1.0000000      -1.0000000      -1.0000000
      -1.0000000      -1.0000000      -1.0000000       82.830833       5.7000332
       84.754768
       1.0000000       69.000000       1.9040896      -1.0000000       1.0000000
   0.00051926379     0.025541646      -1.0000000      -1.0000000      -1.0000000
      -1.0000000      -1.0000000      -1.0000000      -1.0000000      -1.0000000
      -1.0000000
       0.0000000       68.000000       2.0020282      -1.0000000       218754.00
      0.13580994       1.4470164      -1.0000000      -1.0000000      -1.0000000
      -1.0000000      -1.0000000      -1.0000000       80.019707       6.0946736
       82.137573
       2.0000000       68.000000       2.0020282      0.80627149       65.000000
     0.039035231      0.18553117      -1.0000000      -1.0000000      -1.0000000
      -1.0000000      -1.0000000      -1.0000000      -1.0000000      -1.0000000
      -1.0000000
       1.0000000       68.000000       2.0020282      -1.0000000       3.0000000
    0.0092370472     0.086922399      -1.0000000      -1.0000000      -1.0000000
      -1.0000000      -1.0000000      -1.0000000      -1.0000000      -1.0000000
      -1.0000000
       0.0000000       67.000000       2.1032696      -1.0000000       208651.00
      0.12388616       1.7077106      -1.0000000      -1.0000000      -1.0000000
      -1.0000000      -1.0000000      -1.0000000       85.257011       7.0893364
       78.332657
       0.0000000       66.000000       2.2079256      -1.0000000       197620.00
     0.077120006       1.6542072      -1.0000000      -1.0000000      -1.0000000
      -1.0000000      -1.0000000      -1.0000000       85.787605       5.8079147
       82.954681
       1.0000000       66.000000       2.2079256      -1.0000000       1.0000000
       0.0000000       0.0000000      -1.0000000      -1.0000000      -1.0000000
      -1.0000000      -1.0000000      -1.0000000      -1.0000000      -1.0000000
      -1.0000000
       0.0000000       65.000000       2.3161108      -1.0000000       191486.00
     0.048414499       1.1281128      -1.0000000      -1.0000000      -1.0000000
      -1.0000000      -1.0000000      -1.0000000       79.953659       4.1914077
       90.336578
       2.0000000       65.000000       2.3161108      0.44752979       62.000000
    0.0061965976     0.032349229      -1.0000000      -1.0000000      -1.0000000
      -1.0000000      -1.0000000      -1.0000000      -1.0000000      -1.0000000
      -1.0000000
       1.0000000       65.000000       2.3161108      -1.0000000       2.0000000
       0.0000000       0.0000000      -1.0000000      -1.0000000      -1.0000000
      -1.0000000      -1.0000000      -1.0000000      -1.0000000      -1.0000000
      -1.0000000
       0.0000000       64.000000       2.4442258      -1.0000000       173584.00
     0.035103664      0.95831001      -1.0000000      -1.0000000      -1.0000000
      -1.0000000      -1.0000000      -1.0000000       69.925667       3.2968476
       109.74827
       0.0000000       63.000000       2.5772903      -1.0000000       162370.00
     0.023542929      0.48572361      -1.0000000      -1.0000000      -1.0000000
      -1.0000000      -1.0000000      -1.0000000       66.102646       2.2559433
       120.20084
       0.0000000       62.000000       2.7331426      -1.0000000       146332.00
     0.020002015      0.67259485      -1.0000000      -1.0000000      -1.0000000
      -1.0000000      -1.0000000      -1.0000000       63.936066       2.6578431
       108.13365
       1.0000000       62.000000       2.7331426      -1.0000000       2.0000000
    0.0027283840     0.037362441      -1.0000000      -1.0000000      -1.0000000
      -1.0000000      -1.0000000      -1.0000000      -1.0000000      -1.0000000
      -1.0000000
       0.0000000       61.000000       2.8957851      -1.0000000       138648.00
     0.013846223      0.66359448      -1.0000000      -1.0000000      -1.0000000
      -1.0000000      -1.0000000      -1.0000000       67.830147       2.7322440
       103.24928
       1.0000000       61.000000       2.8957851      -1.0000000       2.0000000
       0.0000000       0.0000000      -1.0000000      -1.0000000      -1.0000000
      -1.0000000      -1.0000000      -1.0000000      -1.0000000      -1.0000000
      -1.0000000
       0.0000000       60.000000       3.0081310      -1.0000000       133106.00
    0.0099282488      0.28022084      -1.0000000      -1.0000000      -1.0000000
      -1.0000000      -1.0000000      -1.0000000       68.221275       1.2552365
       95.432930
       1.0000000       60.000000       3.0081310      -1.0000000       1.0000000
       0.0000000       0.0000000      -1.0000000      -1.0000000      -1.0000000
      -1.0000000      -1.0000000      -1.0000000      -1.0000000      -1.0000000
      -1.0000000
       0.0000000       59.000000       3.0848227      -1.0000000       134165.00
    0.0081615392      0.37815613      -1.0000000      -1.0000000      -1.0000000
      -1.0000000      -1.0000000      -1.0000000       68.845932       1.6852088
       83.910187
       1.0000000       59.000000       3.0848227      -1.0000000       1.0000000
   0.00036074052       0.0000000      -1.0000000      -1.0000000      -1.0000000
      -1.0000000      -1.0000000      -1.0000000      -1.0000000      -1.0000000
      -1.0000000
       0.0000000       58.000000       3.2830331      -1.0000000       155335.00
   0.00082532893     0.017090980      -1.0000000      -1.0000000      -1.0000000
      -1.0000000      -1.0000000      -1.0000000       26.187124     0.090564027
       14.478155
       1.0000000       58.000000       3.2830331      -1.0000000       2.0000000
   0.00036074052       0.0000000      -1.0000000      -1.0000000      -1.0000000
      -1.0000000      -1.0000000      -1.0000000      -1.0000000      -1.0000000
      -1.0000000
       0.0000000       57.000000       3.4908614      -1.0000000       150162.00
    0.0017198687     0.055841822      -1.0000000      -1.0000000      -1.0000000
      -1.0000000      -1.0000000      -1.0000000       35.863914      0.39387056
       34.089760
