       0.0000000       135.00000       0.0000000       8.0000000       80748.000
       3.6007183     0.047362644      0.55180335      0.53333330      0.59216207
      -21.927042      -102.16301       38.946072       119.13794       10.576804
       20.717033
       0.0000000       134.00000    0.0095216669       8.0000000       79807.000
       3.6222322     0.057102919      0.55342990      0.48275858      0.58758110
      -24.414749      -103.07844       41.701721       125.15194       11.008867
       21.103825
       0.0000000       133.00000     0.023974428       8.0000000       78719.000
       3.6397953     0.075668328      0.55640328      0.53333330      0.59282774
      -26.338264      -104.21236       42.269073       117.22140       11.099465
       26.758247
       0.0000000       132.00000     0.033724371       8.0000000       78382.000
       3.6479235     0.087370649      0.55420136      0.53333330      0.59632707
      -28.621954      -104.72495       43.912331       116.44435       11.130557
       28.389666
       0.0000000       131.00000     0.048523631       8.0000000       74639.000
       3.6501133      0.10683641      0.55717802      0.51724136      0.59660548
      -32.253990      -103.99450       46.552883       116.45258       11.249887
       30.739590
       0.0000000       130.00000     0.058507323       8.0000000       73932.000
       3.6685183      0.11621244      0.55398697      0.54545456      0.58822662
      -34.693199      -103.91899       48.085594       114.41397       11.342787
       33.192394
       0.0000000       129.00000     0.073661387       8.0000000       73157.000
       3.6609027      0.12971181      0.55477637      0.54545456      0.59801596
      -37.160431      -103.98061       51.213875       113.92253       11.200235
       35.054180
       0.0000000       128.00000     0.083884433       8.0000000       72794.000
       3.6680522      0.13397969      0.55760986      0.53125000      0.59002018
      -38.646004      -103.46155       54.486649       115.68501       11.440234
       34.930401
       0.0000000       127.00000     0.099401802       8.0000000       71715.000
       3.6859560      0.15159750      0.55827016      0.53125000      0.59100223
      -42.129150      -101.52413       58.359940       114.37289       11.601619
       38.785862
       0.0000000       126.00000      0.10986994       8.0000000       71230.000
       3.6982465      0.15843570      0.55325866      0.54545456      0.60281587
      -43.406925      -100.91322       59.990055       111.78992       11.571887
       39.372467
       0.0000000       125.00000      0.12575933       8.0000000       68149.000
       3.6901896      0.15735365      0.55778170      0.51612902      0.59104037
      -45.639935      -99.612602       64.179131       110.97515       11.408657
       41.964867
       0.0000000       124.00000      0.14187621       8.0000000       67514.000
       3.6843832      0.14627743      0.55517578      0.53125000      0.58718807
      -47.662880      -98.703789       67.189301       113.65560       11.482547
       42.464935
       0.0000000       123.00000      0.15274876       7.0000000       60890.000
       3.6806343      0.14731346      0.55780065      0.53125000      0.59818453
      -49.454517      -98.417046       69.044014       112.70339       11.511752
       44.200886
       0.0000000       122.00000      0.16925204       7.0000000       60117.000
       3.6760907      0.15221451      0.55516100      0.53125000      0.59940612
      -52.788929      -97.180679       71.274857       113.98447       11.397467
       43.028065
       0.0000000       121.00000      0.18038526       7.0000000       59617.000
       3.6963141      0.14818816      0.55489159      0.56250006      0.60476935
      -55.428249      -95.008423       74.110428       115.26323       11.503828
       42.592400
       0.0000000       120.00000      0.19728418       6.0000000       52467.000
       3.6993518      0.14532281      0.55615795      0.51612902      0.58543295
      -55.675465      -94.153191       79.286110       116.39586       11.557203
       42.252369
       0.0000000       119.00000      0.21442504       6.0000000       48527.000
       3.6983545      0.14866237      0.56077731      0.51612902      0.59434468
      -57.046448      -93.193954       83.035439       116.50443       11.523201
       42.959480
       0.0000000       118.00000      0.22598839       6.0000000       48478.000
       3.6745150      0.14530566      0.55893892      0.50000000      0.58598262
      -57.973461      -91.849678       86.018456       115.93089       11.417073
       45.055717
       0.0000000       117.00000      0.24354018       6.0000000       47972.000
       3.7004511      0.14756009      0.55797017      0.51612902      0.58760333
      -60.624580      -90.930153       87.629776       115.11536       11.660048
       46.839573
       0.0000000       116.00000      0.26134327       6.0000000       45946.000
       3.6792870      0.14975278      0.55559373      0.51612902      0.59952551
      -63.427963      -89.123894       90.216278       114.39355       11.429373
       49.521770
       1.0000000       116.00000      0.26134327      -1.0000000       1.0000000
       0.0000000       0.0000000      -1.0000000      -1.0000000      -1.0000000
      -1.0000000      -1.0000000      -1.0000000      -1.0000000      -1.0000000
      -1.0000000
       0.0000000       115.00000      0.27335334       6.0000000       45697.000
       3.6844597      0.15426707      0.56085074      0.51612902      0.59316194
      -65.566803      -86.320587       93.487801       114.94548       11.397086
       48.159260
       0.0000000       114.00000      0.29158324       6.0000000       45113.000
       3.6927516      0.15400265      0.55738634      0.51612902      0.59241021
      -66.049881      -86.838303       96.373619       114.39274       11.418875
       50.075912
       0.0000000       113.00000      0.31007412       4.0000000       29249.000
       3.7308977      0.15097743      0.55792230      0.51612902      0.59265536
      -65.129890      -87.225319       100.02554       115.36502       11.728909
       52.209454
       1.0000000       113.00000      0.31007412      -1.0000000       1.0000000
   0.00085240637     0.025518188      -1.0000000      -1.0000000      -1.0000000
      -1.0000000      -1.0000000      -1.0000000      -1.0000000      -1.0000000
      -1.0000000
       0.0000000       112.00000      0.32882974       4.0000000       28513.000
       3.7012196      0.14777555      0.56130558      0.50000000      0.58672023
      -65.337395      -84.213577       104.63701       114.85376       11.288303
       59.044979
       1.0000000       112.00000      0.32882974      -1.0000000       2.0000000
     0.062980500      0.13549592      -1.0000000      -1.0000000      -1.0000000
      -1.0000000      -1.0000000      -1.0000000      -1.0000000      -1.0000000
      -1.0000000
       0.0000000       111.00000      0.34785384       4.0000000       26957.000
       3.7130535      0.15267989      0.55973709      0.50000000      0.59637219
      -67.080322      -80.149178       108.94231       116.23219       11.564924
       59.985420
       0.0000000       110.00000      0.36068764       4.0000000       27293.000
       3.7207630      0.16022174      0.56294310      0.56250006      0.60715085
      -68.080101      -78.857773       111.53442       118.00813       11.514395
       59.772293
       0.0000000       109.00000      0.38016787       4.0000000       28209.000
       3.7145660      0.17083736      0.56222588      0.56250006      0.59134513
      -70.989433      -77.436630       114.72858       122.60121       11.630258
       52.138493
       0.0000000       108.00000      0.39992696       3.0000000       20847.000
       3.7178316      0.18206565      0.56001937      0.57575762      0.60395569
      -72.943207      -79.087189       119.77954       128.09311       11.671019
       50.191128
       0.0000000       107.00000      0.41996893       3.0000000       20528.000
       3.7142317      0.19470842      0.56169218      0.53125000      0.60311431
      -74.366051      -78.501884       118.68621       131.49091       11.671227
       51.142155
       0.0000000       106.00000      0.44029784       3.0000000       20512.000
       3.7031260      0.21561413      0.56008136      0.51612902      0.60030609
      -74.259872      -81.822464       118.61051       127.75732       11.434244
       46.465630
       0.0000000       105.00000      0.46091780       3.0000000       20381.000
       3.6900730      0.26079118      0.56109148      0.50000000      0.58964825
      -71.229034      -86.135902       120.58625       129.12990       11.411134
       40.432583
       0.0000000       104.00000      0.48183295       3.0000000       20205.000
       3.6698654      0.31208503      0.55659765      0.51724136      0.59765518
      -67.384926      -88.372574       123.65301       131.78610       11.284712
       36.758835
       0.0000000       103.00000      0.50304753       3.0000000       19714.000
       3.6659305      0.33471972      0.56065840      0.50000000      0.58666557
      -63.489510      -89.290054       127.93270       130.60492       11.315908
       35.903519
       0.0000000       102.00000      0.52456582       3.0000000       18758.000
       3.6571243      0.41971797      0.55469328      0.51724136      0.59848624
      -60.977646      -85.598900       133.75096       131.94766       11.318176
       37.031311
       0.0000000       101.00000      0.54639220       3.0000000       18590.000
       3.6763587      0.44655228      0.55325854      0.50000000      0.57857060
      -59.824066      -80.286041       138.64574       133.98938       11.716775
       44.325130
       0.0000000       100.00000      0.57598084       3.0000000       18037.000
       3.7025075      0.50342160      0.54881662      0.51612902      0.59034890
      -57.957626      -72.493584       145.41771       136.57776       12.171122
       54.975685
       0.0000000       99.000000      0.59854329       2.0000000       11630.000
       3.6902940      0.53091180      0.55021042      0.51612902      0.57987261
      -61.716579      -66.439468       148.19983       130.26115       12.166969
       79.191422
       0.0000000       98.000000      0.62142873       2.0000000       11121.000
       3.6586466      0.52438784      0.55091161      0.51612902      0.58113730
      -72.445480      -69.449677       146.14890       130.27242       12.024181
       75.200127
       0.0000000       97.000000      0.64464182       2.0000000       11000.000
       3.6755154      0.39965853      0.55339038      0.51612902      0.58889842
      -76.816948      -78.699982       140.00447       129.21559       12.007741
       84.942230
       1.0000000       97.000000      0.64464182      -1.0000000       2.0000000
     0.047785319      0.23667237      -1.0000000      -1.0000000      -1.0000000
      -1.0000000      -1.0000000      -1.0000000      -1.0000000      -1.0000000
      -1.0000000
       0.0000000       96.000000      0.67611039       3.0000000       15331.000
       3.6823518      0.40244249      0.55036753      0.51612902      0.57715487
      -71.316872      -92.367249       136.42934       126.72752       12.082484
       104.74805
       0.0000000       95.000000      0.70010638       1277.0000       285549.00
       3.6707699      0.39895150      0.55316865      0.51612902      0.57799596
      -63.881996      -100.53482       136.98761       123.63837       12.007270
       126.60368
       1.0000000       95.000000      0.70010638      -1.0000000       1.0000000
       0.0000000       0.0000000      -1.0000000      -1.0000000      -1.0000000
      -1.0000000      -1.0000000      -1.0000000      -1.0000000      -1.0000000
      -1.0000000
       0.0000000       94.000000      0.73263615       1273.0000       281509.00
       3.6395845      0.35625899      0.54852188      0.53125000      0.57517290
      -55.651283      -112.13331       133.33818       125.27203       11.973388
       126.27316
       0.0000000       93.000000      0.75744140       1287.0000       277638.00
       3.6835172      0.41955215      0.55556995      0.51612902      0.59566647
      -45.263134      -126.45074       138.40886       127.91772       12.301579
       126.38316
       1.0000000       93.000000      0.75744140      -1.0000000       1.0000000
   0.00026012716    0.0020265393      -1.0000000      -1.0000000      -1.0000000
      -1.0000000      -1.0000000      -1.0000000      -1.0000000      -1.0000000
      -1.0000000
       0.0000000       92.000000      0.79106826       1107.0000       260713.00
       3.6833036      0.27263972      0.55475408      0.50000000      0.57435626
      -26.657694      -121.06769       144.27319       123.77404       11.984085
       135.03604
       1.0000000       92.000000      0.79106826      -1.0000000       1.0000000
   0.00036611292     0.016233392      -1.0000000      -1.0000000      -1.0000000
      -1.0000000      -1.0000000      -1.0000000      -1.0000000      -1.0000000
      -1.0000000
       0.0000000       91.000000      0.81671000       1115.0000       257812.00
       3.6861420      0.25594231      0.55420655      0.44827580      0.58002883
      -12.504639      -119.88079       149.78300       123.61079       11.871256
       139.56409
       1.0000000       91.000000      0.81671000      -1.0000000       1.0000000
   0.00030366593       0.0000000      -1.0000000      -1.0000000      -1.0000000
      -1.0000000      -1.0000000      -1.0000000      -1.0000000      -1.0000000
      -1.0000000
       0.0000000       90.000000      0.85147089       1108.0000       252795.00
       3.6894181      0.21220425      0.55591255      0.53333330      0.59185654
       14.797865      -112.30439       161.28604       122.50638       11.661674
       144.45370
       1.0000000       90.000000      0.85147089      -1.0000000       1.0000000
     0.021585371      0.21051176      -1.0000000      -1.0000000      -1.0000000
      -1.0000000      -1.0000000      -1.0000000      -1.0000000      -1.0000000
      -1.0000000
       0.0000000       89.000000      0.88689691       1097.0000       248607.00
       3.6847422      0.21338761      0.55603993      0.50000000      0.58883488
       28.956026      -97.544403       169.68390       122.46454       11.465900
       143.65926
       1.0000000       89.000000      0.88689691      -1.0000000       1.0000000
       0.0000000       0.0000000      -1.0000000      -1.0000000      -1.0000000
      -1.0000000      -1.0000000      -1.0000000      -1.0000000      -1.0000000
      -1.0000000
       0.0000000       88.000000      0.92300081       1073.0000       241561.00
       3.6841938      0.14821549      0.55715865      0.51612902      0.58662415
       41.579025      -76.713768       182.73508       124.20731       11.589314
       139.79811
       0.0000000       87.000000      0.95053136       1113.0000       241032.00
       3.7791157      0.13760905      0.55980271      0.48387092      0.59005374
       41.176476      -55.388924       195.49344       126.31647       12.060040
       147.26105
       0.0000000       86.000000      0.98785281       984.00000       227138.00
       3.7127719      0.66755545      0.55481684      0.53125000      0.60509747
       14.441148      -38.802353       206.29604       127.04517       12.105797
       149.71402
       0.0000000       85.000000      0.99729425       1038.0000       229515.00
       3.7178638      0.68052197      0.55484682      0.56250006      0.59503454
       9.9476900      -37.874508       206.82062       127.11188       12.234678
       149.63417
       0.0000000       84.000000       1.0355104       1175.0000       233583.00
       3.6490726      0.77022302      0.55140990      0.51612902      0.59969229
      -11.853997      -22.340393       208.09407       127.62261       11.808320
       152.76868
       0.0000000       83.000000       1.0744579       1165.0000       227416.00
       3.6355402      0.71641362      0.55317748      0.57575762      0.60887581
      -36.347694      -26.654835       206.30200       129.05836       11.802794
       158.41486
       0.0000000       82.000000       1.1141505       1162.0000       220999.00
       3.6074953      0.80853182      0.55335200      0.50000000      0.57622778
      -62.449211      -12.821143       200.15613       130.67990       11.694526
       159.36311
       1.0000000       82.000000       1.1141505      -1.0000000       1.0000000
    0.0012687162       0.0000000      -1.0000000      -1.0000000      -1.0000000
      -1.0000000      -1.0000000      -1.0000000      -1.0000000      -1.0000000
      -1.0000000
       0.0000000       81.000000       1.1546028       1167.0000       217254.00
       3.5644231      0.68247998      0.55043787      0.46666664      0.58698678
      -87.195404      -24.603455       191.98898       133.07668       11.339871
       157.54825
       1.0000000       81.000000       1.1546028      -1.0000000       1.0000000
   0.00027599328    0.0067431848      -1.0000000      -1.0000000      -1.0000000
      -1.0000000      -1.0000000      -1.0000000      -1.0000000      -1.0000000
      -1.0000000
       0.0000000       80.000000       1.2062581       1169.0000       209785.00
       3.5416741      0.76982242      0.53903490      0.50000000      0.58524328
      -115.43238      -38.585621       171.80406       137.16226       11.365447
       154.05681
       1.0000000       80.000000       1.2062581      -1.0000000       1.0000000
   0.00075789896     0.027486406      -1.0000000      -1.0000000      -1.0000000
      -1.0000000      -1.0000000      -1.0000000      -1.0000000      -1.0000000
      -1.0000000
       0.0000000       79.000000       1.2484726       1172.0000       205847.00
       3.4922876      0.66826284      0.54027426      0.51612902      0.58041602
      -138.38219      -51.844147       151.60199       140.16125       11.060916
       147.14905
       1.0000000       79.000000       1.2484726      -1.0000000       2.0000000
   0.00024939104       0.0000000      -1.0000000      -1.0000000      -1.0000000
      -1.0000000      -1.0000000      -1.0000000      -1.0000000      -1.0000000
      -1.0000000
       0.0000000       78.000000       1.3023784       1170.0000       199404.00
       3.5306675      0.53574651      0.53941184      0.50000000      0.56592053
      -133.47475      -78.547173       150.14473       143.59601       11.250895
       142.91072
       0.0000000       77.000000       1.3575766       1164.0000       192658.00
       3.4915493      0.63892996      0.52739036      0.53333330      0.57802689
      -143.74588      -92.002831       126.60569       145.77730       10.728599
       134.05983
       1.0000000       77.000000       1.3575766      -1.0000000       1.0000000
    0.0010724458       0.0000000      -1.0000000      -1.0000000      -1.0000000
      -1.0000000      -1.0000000      -1.0000000      -1.0000000      -1.0000000
      -1.0000000
       0.0000000       76.000000       1.4140983       1059.0000       180111.00
       3.4944551      0.45256579      0.51648724      0.51612902      0.56749922
      -145.98775      -107.26105       112.32684       149.21890       10.934608
       123.65403
       0.0000000       75.000000       1.4719748       1031.0000       171954.00
       3.5147233       1.2553302      0.54516596      0.48387092      0.57016069
      -153.05916      -137.00812       89.446960       147.94287       11.607749
       128.77362
       0.0000000       74.000000       1.5312390       1037.0000       167570.00
       3.4251711       1.1448581      0.54412985      0.46666664      0.60297781
      -142.37666      -158.71605       64.005486       144.25975       11.094469
       128.39581
       1.0000000       74.000000       1.5312390      -1.0000000       3.0000000
    0.0085412830     0.044774360      -1.0000000      -1.0000000      -1.0000000
      -1.0000000      -1.0000000      -1.0000000      -1.0000000      -1.0000000
      -1.0000000
       0.0000000       73.000000       1.6042346       1038.0000       160192.00
       3.3181922       1.1974322      0.53249872      0.50000000      0.55867916
      -110.43580      -182.75255       21.221838       142.59236       10.589006
       114.99617
       1.0000000       73.000000       1.6042346      -1.0000000       2.0000000
   0.00087817894       0.0000000      -1.0000000      -1.0000000      -1.0000000
      -1.0000000      -1.0000000      -1.0000000      -1.0000000      -1.0000000
      -1.0000000
       0.0000000       72.000000       1.6666696       1084.0000       157366.00
       3.2098677       1.2721112      0.53098756      0.46666664      0.57747638
      -103.63609      -191.37222       8.4161539       144.04468       10.232661
       108.90620
       1.0000000       72.000000       1.6666696      -1.0000000       1.0000000
   0.00039390469     0.029121928      -1.0000000      -1.0000000      -1.0000000
      -1.0000000      -1.0000000      -1.0000000      -1.0000000      -1.0000000
      -1.0000000
       0.0000000       71.000000       1.7435706       1220.0000       157244.00
       3.0665581       1.2872556      0.53573078      0.46666664      0.57670045
      -35.783600      -208.44812      -51.038773       144.47748       9.7723856
       100.97765
       1.0000000       71.000000       1.7435706      -1.0000000       5.0000000
    0.0033770725     0.056952117      -1.0000000      -1.0000000      -1.0000000
      -1.0000000      -1.0000000      -1.0000000      -1.0000000      -1.0000000
      -1.0000000
       0.0000000       70.000000       1.8226893       1287.0000       153761.00
       2.9123917       1.0821683      0.53275818      0.43333334      0.57273453
       33.574997      -211.60764      -28.586466       140.69463       8.6764698
       107.56712
       1.0000000       70.000000       1.8226893      -1.0000000       1.0000000
       0.0000000       0.0000000      -1.0000000      -1.0000000      -1.0000000
      -1.0000000      -1.0000000      -1.0000000      -1.0000000      -1.0000000
      -1.0000000
       0.0000000       69.000000       1.9040896       1248.0000       145586.00
       2.8615923       1.0935577      0.53023052      0.38709676      0.57597166
       44.030025      -209.92282      -54.420517       139.50676       8.7037182
       108.15546
       1.0000000       69.000000       1.9040896      -1.0000000       4.0000000
     0.013371547      0.11913852      -1.0000000      -1.0000000      -1.0000000
      -1.0000000      -1.0000000      -1.0000000      -1.0000000      -1.0000000
      -1.0000000
       0.0000000       68.000000       2.0020282       1153.0000       132668.00
       2.8035791       1.0586222      0.53510320      0.39285713      0.57158190
       74.577065      -206.66341      -77.783447       140.09377       8.5565033
       104.19652
       1.0000000       68.000000       2.0020282      -1.0000000       1.0000000
   0.00055312214     0.027274583      -1.0000000      -1.0000000      -1.0000000
      -1.0000000      -1.0000000      -1.0000000      -1.0000000      -1.0000000
      -1.0000000
       0.0000000       67.000000       2.1032696       963.00000       115613.00
       2.6815813       1.9602835      0.50205004      0.48387092      0.50076008
       102.81851      -194.16121      -13.604699       152.43370       9.4304504
       97.967224
       0.0000000       66.000000       2.2079256       936.00000       106865.00
       2.3165145       2.5965796      0.53709614      0.52941173      0.57613271
       171.69383      -146.79550      -41.843315       154.18031       9.6287422
       94.950340
       1.0000000       66.000000       2.2079256      -1.0000000       1.0000000
    0.0035493050       0.0000000      -1.0000000      -1.0000000      -1.0000000
      -1.0000000      -1.0000000      -1.0000000      -1.0000000      -1.0000000
      -1.0000000
       0.0000000       65.000000       2.3161108       928.00000       99027.000
       2.0131342       1.9076475      0.54914618      0.61764705      0.59157926
       36.922516      -207.20920       61.824642       150.58867       8.4188147
       98.370888
       1.0000000       65.000000       2.3161108      -1.0000000       4.0000000
    0.0054991252     0.078656828      -1.0000000      -1.0000000      -1.0000000
      -1.0000000      -1.0000000      -1.0000000      -1.0000000      -1.0000000
      -1.0000000
       0.0000000       64.000000       2.4442258       881.00000       89760.000
       1.7835772       1.6450112      0.53052670      0.62162161      0.61298513
       42.629204      -191.20662       2.1693535       149.80141       6.9801564
       104.74091
       1.0000000       64.000000       2.4442258      -1.0000000       4.0000000
    0.0030614052     0.099105480      -1.0000000      -1.0000000      -1.0000000
      -1.0000000      -1.0000000      -1.0000000      -1.0000000      -1.0000000
      -1.0000000
       0.0000000       63.000000       2.5772903       846.00000       80547.000
       1.5260210       1.3859888      0.47675008      0.58974349      0.43183312
       21.824198      -142.66934       33.364048       146.59239       6.0793781
       109.96166
       1.0000000       63.000000       2.5772903      -1.0000000       4.0000000
       0.0000000       0.0000000      -1.0000000      -1.0000000      -1.0000000
      -1.0000000      -1.0000000      -1.0000000      -1.0000000      -1.0000000
      -1.0000000
       0.0000000       62.000000       2.7331426      -1.0000000       71092.000
       1.2088819       1.4583108      -1.0000000      -1.0000000      -1.0000000
      -1.0000000      -1.0000000      -1.0000000       148.11310       5.2673259
       111.47895
       1.0000000       62.000000       2.7331426      -1.0000000       5.0000000
   0.00036961699       0.0000000      -1.0000000      -1.0000000      -1.0000000
      -1.0000000      -1.0000000      -1.0000000      -1.0000000      -1.0000000
      -1.0000000
       0.0000000       61.000000       2.8957851      -1.0000000       62710.000
      0.99774468       1.2685781      -1.0000000      -1.0000000      -1.0000000
      -1.0000000      -1.0000000      -1.0000000       145.41435       4.9214168
       120.82771
       1.0000000       61.000000       2.8957851      -1.0000000       3.0000000
    0.0010344995    0.0037625227      -1.0000000      -1.0000000      -1.0000000
      -1.0000000      -1.0000000      -1.0000000      -1.0000000      -1.0000000
      -1.0000000
       0.0000000       60.000000       3.0081310      -1.0000000       55869.000
      0.87213260       1.1106288      -1.0000000      -1.0000000      -1.0000000
      -1.0000000      -1.0000000      -1.0000000       141.14110       4.9471569
       131.31880
       1.0000000       60.000000       3.0081310      -1.0000000       5.0000000
   0.00049866864     0.027180638      -1.0000000      -1.0000000      -1.0000000
      -1.0000000      -1.0000000      -1.0000000      -1.0000000      -1.0000000
      -1.0000000
       0.0000000       59.000000       3.0848227      -1.0000000       52948.000
      0.80804110      0.88355124      -1.0000000      -1.0000000      -1.0000000
      -1.0000000      -1.0000000      -1.0000000       141.33478       4.2260876
       127.07313
       1.0000000       59.000000       3.0848227      -1.0000000       6.0000000
     0.036601570      0.20488924      -1.0000000      -1.0000000      -1.0000000
      -1.0000000      -1.0000000      -1.0000000      -1.0000000      -1.0000000
      -1.0000000
       0.0000000       58.000000       3.2830331      -1.0000000       49048.000
      0.63767898       1.3124975      -1.0000000      -1.0000000      -1.0000000
      -1.0000000      -1.0000000      -1.0000000       157.04019       4.7249756
       109.46153
       1.0000000       58.000000       3.2830331      -1.0000000       5.0000000
     0.054100746      0.17823835      -1.0000000      -1.0000000      -1.0000000
      -1.0000000      -1.0000000      -1.0000000      -1.0000000      -1.0000000
      -1.0000000
       0.0000000       57.000000       3.4908614      -1.0000000       41395.000
      0.35160795       1.9255800      -1.0000000      -1.0000000      -1.0000000
      -1.0000000      -1.0000000      -1.0000000       163.84605       5.4723954
       95.058495
       1.0000000       57.000000       3.4908614      -1.0000000       5.0000000
    0.0030847592       0.0000000      -1.0000000      -1.0000000      -1.0000000
      -1.0000000      -1.0000000      -1.0000000      -1.0000000      -1.0000000
      -1.0000000
