       0.0000000       135.00000       0.0000000       221.00000       292000.00
       8.4240236      0.74397475      0.54704094      0.61764705      0.69486284
       127.43441      -266.81525      -152.09737       122.87608       24.937948
       20.116495
       0.0000000       134.00000    0.0095216669       223.00000       290373.00
       8.4167576       1.3642070      0.54998422      0.63636363      0.70582545
       122.17464      -272.09039      -157.69159       122.44309       25.345459
       21.518528
       0.0000000       133.00000     0.023974428       222.00000       286702.00
       8.3627558       1.3569920      0.55344218      0.65714288      0.71369332
       123.84879      -272.20062      -172.07494       123.09425       25.217785
       20.914022
       0.0000000       132.00000     0.033724371       228.00000       287356.00
       8.3821192       1.4327711      0.55291981      0.61764705      0.69536650
       127.53257      -268.09799      -184.34430       124.02296       25.434982
       20.763773
       0.0000000       131.00000     0.048523631       226.00000       282788.00
       8.3856277       1.5826840      0.55103034      0.65714288      0.70564657
       138.27812      -265.05615      -196.25899       125.08790       25.639687
       20.074266
       0.0000000       130.00000     0.058507323       228.00000       281617.00
       8.3149691       1.4863136      0.54894555      0.60000002      0.71656263
       149.03442      -265.65912      -203.34634       125.76089       25.545261
       20.336548
       0.0000000       129.00000     0.073661387       233.00000       280232.00
       8.4068460       1.2451973      0.54776794      0.66666663      0.69250739
       165.19615      -250.21342      -217.24814       128.63853       25.742290
       19.671419
       0.0000000       128.00000     0.083884433       229.00000       278009.00
       8.2313995       1.3909291      0.55110115      0.68421054      0.71083289
       173.62526      -238.53723      -229.32124       131.99023       25.024904
       17.835947
       0.0000000       127.00000     0.099401802       362.00000       305250.00
       8.3863897       1.5480207      0.55877805      0.72222221      0.73198050
       199.20280      -229.33452      -232.62093       135.94882       26.119783
       15.303847
       0.0000000       126.00000      0.10986994       361.00000       302737.00
       8.3900003       1.5434808      0.56590509      0.64516127      0.71355826
       203.64070      -243.85904      -220.72867       135.14426       25.793173
       15.107667
       0.0000000       125.00000      0.12575933       365.00000       301653.00
       8.3257141       1.5356944      0.57046837      0.70588237      0.72216541
       202.12155      -261.73865      -229.27972       132.18936       26.282211
       17.547554
       0.0000000       124.00000      0.14187621       362.00000       297375.00
       8.4301653       1.6138972      0.56793654      0.69696975      0.73771411
       215.10289      -262.32938      -248.31552       131.73351       27.608419
       26.936445
       0.0000000       123.00000      0.15274876       364.00000       296209.00
       8.4039316       1.5710571      0.56929326      0.62500000      0.71830374
       223.96222      -260.73972      -245.38965       130.90787       27.825531
       30.042076
       0.0000000       122.00000      0.16925204       363.00000       293441.00
       8.3758202       1.4698347      0.56720543      0.65714288      0.71667939
       234.79851      -264.42188      -240.60765       128.42047       27.567783
       38.475719
       0.0000000       121.00000      0.18038526       364.00000       290246.00
       8.4683304       1.4018886      0.56826615      0.60606062      0.71487629
       239.70636      -271.35553      -234.40479       126.36948       27.913614
       44.173927
       0.0000000       120.00000      0.19728418       363.00000       286718.00
       8.2954359       1.3531352      0.56983316      0.65714288      0.73680264
       250.66542      -287.02316      -217.90643       123.70930       27.072582
       51.538361
       0.0000000       119.00000      0.21442504       248.00000       258067.00
       8.5925789       1.3792905      0.57237947      0.72972977      0.74213052
       244.85468      -314.49677      -209.31303       124.03015       29.305382
       52.426933
       0.0000000       118.00000      0.22598839       359.00000       280906.00
       8.4350986       2.6253369      0.57952392      0.67647058      0.73708045
       233.24605      -333.19092      -208.19699       125.08134       28.579000
       56.644299
       0.0000000       117.00000      0.24354018       362.00000       277075.00
       8.4062853       2.8624082      0.58378065      0.66666663      0.74023211
       215.79883      -346.67520      -224.67746       124.32034       29.192415
       62.533611
       0.0000000       116.00000      0.26134327       361.00000       273443.00
       8.3233528       3.0287087      0.57916677      0.65714288      0.74516767
       182.33839      -341.61139      -274.14252       125.01794       29.466103
       63.079006
       0.0000000       115.00000      0.27335334       355.00000       270278.00
       8.3266783       3.4801605      0.57318056      0.63888896      0.74765801
       202.97116      -303.96777      -312.45816       125.86572       30.051107
       63.699131
       0.0000000       114.00000      0.29158324       355.00000       266576.00
       8.1862259       3.9095759      0.56869072      0.66666669      0.73257273
       249.00063      -273.65869      -310.73410       126.82086       30.504721
       63.263992
       1.0000000       114.00000      0.29158324      -1.0000000       1.0000000
     0.010116304     0.072465725      -1.0000000      -1.0000000      -1.0000000
      -1.0000000      -1.0000000      -1.0000000      -1.0000000      -1.0000000
      -1.0000000
       0.0000000       113.00000      0.31007412       356.00000       263311.00
       8.0841103       4.2781520      0.56034440      0.73529410      0.75169742
       299.59192      -243.46910      -294.83142       127.48048       31.309696
       65.083725
       0.0000000       112.00000      0.32882974       361.00000       258088.00
       7.9863653       4.0373487      0.54957134      0.69444442      0.72556031
       318.76135      -238.80978      -269.49539       126.44234       30.929104
       69.073021
       1.0000000       112.00000      0.32882974      -1.0000000       3.0000000
     0.032173675      0.15918402      -1.0000000      -1.0000000      -1.0000000
      -1.0000000      -1.0000000      -1.0000000      -1.0000000      -1.0000000
      -1.0000000
       0.0000000       111.00000      0.34785384       363.00000       255417.00
       7.7765336       3.9050524      0.56182480      0.64705884      0.70993924
       327.91040      -258.06784      -275.40732       125.93111       30.217331
       68.468521
       0.0000000       110.00000      0.36068764       365.00000       254220.00
       7.7004614       3.3696880      0.57750177      0.74358976      0.73482662
       332.66641      -256.49350      -286.74533       124.50177       29.536943
       72.071312
       0.0000000       109.00000      0.38016787       360.00000       249746.00
       7.6728511       3.6731274      0.59297389      0.62162161      0.75466645
       364.12396      -240.10219      -292.24478       126.68660       30.003746
       73.485367
       1.0000000       109.00000      0.38016787      -1.0000000       3.0000000
     0.035940314      0.17458089      -1.0000000      -1.0000000      -1.0000000
      -1.0000000      -1.0000000      -1.0000000      -1.0000000      -1.0000000
      -1.0000000
       0.0000000       108.00000      0.39992696       362.00000       247569.00
       7.4562426       4.9037704      0.58424556      0.72972977      0.75403160
       381.76691      -267.33618      -256.56699       126.64556       30.959524
       76.633896
       1.0000000       108.00000      0.39992696      -1.0000000       2.0000000
     0.060601395      0.21015424      -1.0000000      -1.0000000      -1.0000000
      -1.0000000      -1.0000000      -1.0000000      -1.0000000      -1.0000000
      -1.0000000
       0.0000000       107.00000      0.41996893       362.00000       243498.00
       7.3838830       5.0362306      0.58735526      0.71428573      0.75354594
       356.44214      -307.09149      -246.25688       124.85409       31.614567
       75.319794
       1.0000000       107.00000      0.41996893      -1.0000000       3.0000000
     0.062669104      0.21712845      -1.0000000      -1.0000000      -1.0000000
      -1.0000000      -1.0000000      -1.0000000      -1.0000000      -1.0000000
      -1.0000000
       0.0000000       106.00000      0.44029784       354.00000       239793.00
       7.1322870       4.2363443      0.57696325      0.75000000      0.76947832
       356.39523      -312.07608      -234.83107       124.44415       30.772877
       76.766762
       1.0000000       106.00000      0.44029784      -1.0000000       6.0000000
      0.14704075      0.39706821      -1.0000000      -1.0000000      -1.0000000
      -1.0000000      -1.0000000      -1.0000000      -1.0000000      -1.0000000
      -1.0000000
       0.0000000       105.00000      0.46091780       359.00000       235897.00
       6.9671531       4.1105132      0.58123344      0.72972977      0.78356892
       344.51270      -326.50705      -226.13097       127.54124       30.134953
       74.624992
       1.0000000       105.00000      0.46091780      -1.0000000       4.0000000
      0.10141130      0.31504937      -1.0000000      -1.0000000      -1.0000000
      -1.0000000      -1.0000000      -1.0000000      -1.0000000      -1.0000000
      -1.0000000
       0.0000000       104.00000      0.48183295       361.00000       232608.00
       6.8424120       4.1734977      0.58165383      0.70588237      0.70368952
       311.09802      -339.89514      -227.37614       127.09172       30.582354
       82.379593
       1.0000000       104.00000      0.48183295      -1.0000000       7.0000000
      0.14664638      0.66406109      -1.0000000      -1.0000000      -1.0000000
      -1.0000000      -1.0000000      -1.0000000      -1.0000000      -1.0000000
      -1.0000000
       0.0000000       103.00000      0.50304753       359.00000       227550.00
       6.7183099       4.6122355      0.57732177      0.73684210      0.74688101
       307.08545      -330.28339      -267.62454       126.92620       30.055275
       87.309082
       1.0000000       103.00000      0.50304753      -1.0000000       4.0000000
     0.056265092      0.27956853      -1.0000000      -1.0000000      -1.0000000
      -1.0000000      -1.0000000      -1.0000000      -1.0000000      -1.0000000
      -1.0000000
       0.0000000       102.00000      0.52456582       1096.0000       300031.00
       6.5092683       4.4438992      0.57914752      0.69444442      0.70712906
       296.42682      -310.34064      -275.71179       127.47333       28.871881
       87.917336
       1.0000000       102.00000      0.52456582      -1.0000000       3.0000000
      0.10183675      0.41219284      -1.0000000      -1.0000000      -1.0000000
      -1.0000000      -1.0000000      -1.0000000      -1.0000000      -1.0000000
      -1.0000000
       0.0000000       101.00000      0.54639220       1097.0000       296480.00
       6.3966351       5.6445956      0.56232834      0.75675678      0.73530692
       288.61185      -291.54105      -300.66284       128.96425       31.080973
       86.310135
       0.0000000       100.00000      0.57598084       1102.0000       292708.00
       6.1503472       6.0518284      0.58002847      0.72972977      0.70645130
       332.13663      -248.45018      -295.86560       131.16171       30.457191
       85.673813
       1.0000000       100.00000      0.57598084      -1.0000000       2.0000000
   0.00012617350       0.0000000      -1.0000000      -1.0000000      -1.0000000
      -1.0000000      -1.0000000      -1.0000000      -1.0000000      -1.0000000
      -1.0000000
       0.0000000       99.000000      0.59854329       1127.0000       289504.00
       5.8146472       4.8723183      0.57883048      0.71428573      0.71854389
       381.34402      -227.15056      -231.98689       128.89317       27.567900
       88.287621
       1.0000000       99.000000      0.59854329      -1.0000000       4.0000000
     0.059523553      0.47697018      -1.0000000      -1.0000000      -1.0000000
      -1.0000000      -1.0000000      -1.0000000      -1.0000000      -1.0000000
      -1.0000000
       0.0000000       98.000000      0.62142873       1139.0000       286698.00
       5.6060724       4.9915996      0.57126892      0.66666669      0.69495928
       385.16534      -240.06699      -190.23466       127.35384       26.462755
       90.621758
       1.0000000       98.000000      0.62142873      -1.0000000       4.0000000
     0.052092913      0.20299074      -1.0000000      -1.0000000      -1.0000000
      -1.0000000      -1.0000000      -1.0000000      -1.0000000      -1.0000000
      -1.0000000
       0.0000000       97.000000      0.64464182       1148.0000       284839.00
       5.4476714       4.1201320      0.56544584      0.68571424      0.68895227
       362.67917      -264.66522      -185.08029       127.07367       25.895071
       90.610382
       1.0000000       97.000000      0.64464182      -1.0000000       3.0000000
     0.050592348      0.31620790      -1.0000000      -1.0000000      -1.0000000
      -1.0000000      -1.0000000      -1.0000000      -1.0000000      -1.0000000
      -1.0000000
       0.0000000       96.000000      0.67611039       1166.0000       282481.00
       5.3285894       4.8265719      0.57268912      0.70588237      0.69910395
       322.05435      -284.87317      -257.24872       128.50417       26.309572
       89.774612
       0.0000000       95.000000      0.70010638       1145.0000       277479.00
       5.1212735       4.7654982      0.56241977      0.71428573      0.72034919
       313.21140      -248.93623      -261.45224       127.22879       25.185066
       90.849411
       1.0000000       95.000000      0.70010638      -1.0000000       1.0000000
       0.0000000       0.0000000      -1.0000000      -1.0000000      -1.0000000
      -1.0000000      -1.0000000      -1.0000000      -1.0000000      -1.0000000
      -1.0000000
       0.0000000       94.000000      0.73263615       1163.0000       274745.00
       4.9233479       4.7732215      0.56054485      0.65625000      0.68634683
       321.16986      -248.17935      -222.36906       125.39498       24.401154
       92.587830
       1.0000000       94.000000      0.73263615      -1.0000000       1.0000000
    0.0047182515     0.011121432      -1.0000000      -1.0000000      -1.0000000
      -1.0000000      -1.0000000      -1.0000000      -1.0000000      -1.0000000
      -1.0000000
       0.0000000       93.000000      0.75744140       1169.0000       270587.00
       4.7534699       4.0039291      0.55284530      0.72222221      0.69014168
       327.85107      -254.24106      -183.97006       123.46024       23.859035
       92.548241
       1.0000000       93.000000      0.75744140      -1.0000000       1.0000000
     0.023675036      0.11207332      -1.0000000      -1.0000000      -1.0000000
      -1.0000000      -1.0000000      -1.0000000      -1.0000000      -1.0000000
      -1.0000000
       0.0000000       92.000000      0.79106826       1165.0000       264511.00
       4.5472660       3.9643917      0.54050684      0.60000002      0.69034296
       300.53308      -289.01266      -144.76668       124.49019       23.157333
       92.124107
       1.0000000       92.000000      0.79106826      -1.0000000       2.0000000
     0.045624968      0.23696039      -1.0000000      -1.0000000      -1.0000000
      -1.0000000      -1.0000000      -1.0000000      -1.0000000      -1.0000000
      -1.0000000
       0.0000000       91.000000      0.81671000       1178.0000       261924.00
       4.3864093       4.5858288      0.52410161      0.66666663      0.59313458
       274.70425      -301.46896      -136.23924       125.31615       23.203295
       92.803024
       1.0000000       91.000000      0.81671000      -1.0000000       1.0000000
       0.0000000       0.0000000      -1.0000000      -1.0000000      -1.0000000
      -1.0000000      -1.0000000      -1.0000000      -1.0000000      -1.0000000
      -1.0000000
       0.0000000       90.000000      0.85147089       1201.0000       258801.00
       4.1009479       4.9761400      0.50875098      0.58333337      0.56483555
       215.70039      -292.61667      -137.64267       122.02316       23.124636
       96.015030
       1.0000000       90.000000      0.85147089      -1.0000000       1.0000000
    0.0088787107      0.10961894      -1.0000000      -1.0000000      -1.0000000
      -1.0000000      -1.0000000      -1.0000000      -1.0000000      -1.0000000
      -1.0000000
       0.0000000       89.000000      0.88689691       1338.0000       262853.00
       3.8748515       4.5990300      0.50126922      0.62162161      0.54633760
       142.82196      -313.63910      -141.96307       120.63229       21.997238
       97.921249
       0.0000000       88.000000      0.92300081       1331.0000       257164.00
       3.6479437       4.2169929      0.50816882      0.57142854      0.54433310
       111.04866      -296.71191      -170.12077       119.31454       21.098326
       102.94366
       1.0000000       88.000000      0.92300081      -1.0000000       2.0000000
    0.0015869875     0.022020519      -1.0000000      -1.0000000      -1.0000000
      -1.0000000      -1.0000000      -1.0000000      -1.0000000      -1.0000000
      -1.0000000
       0.0000000       87.000000      0.95053136       1352.0000       255028.00
       3.4614227       3.4937050      0.50225145      0.54545456      0.47106609
       105.85955      -258.79303      -196.17676       119.81801       19.611092
       102.91939
       1.0000000       87.000000      0.95053136      -1.0000000       3.0000000
     0.027189279      0.22626062      -1.0000000      -1.0000000      -1.0000000
      -1.0000000      -1.0000000      -1.0000000      -1.0000000      -1.0000000
      -1.0000000
       0.0000000       86.000000      0.98785281       1331.0000       248860.00
       3.3890917       3.5751057      0.52445620      0.54545456      0.55039310
       127.66892      -205.42854      -256.96390       121.19631       19.729128
       109.14317
       1.0000000       86.000000      0.98785281      -1.0000000       2.0000000
    0.0082300934     0.098970897      -1.0000000      -1.0000000      -1.0000000
      -1.0000000      -1.0000000      -1.0000000      -1.0000000      -1.0000000
      -1.0000000
       0.0000000       85.000000      0.99729425       1339.0000       248149.00
       3.3669801       3.4431591      0.50893849      0.61111116      0.56325233
       130.43790      -192.63272      -268.52936       121.06185       19.575695
       109.58084
       1.0000000       85.000000      0.99729425      -1.0000000       1.0000000
    0.0049427338     0.041184660      -1.0000000      -1.0000000      -1.0000000
      -1.0000000      -1.0000000      -1.0000000      -1.0000000      -1.0000000
      -1.0000000
       0.0000000       84.000000       1.0355104       1324.0000       242430.00
       3.1862648       3.0476525      0.52207851      0.55882359      0.57862759
       124.05622      -131.56766      -284.53604       120.17657       18.113260
       113.35816
       1.0000000       84.000000       1.0355104      -1.0000000       4.0000000
      0.21863999      0.49191900      -1.0000000      -1.0000000      -1.0000000
      -1.0000000      -1.0000000      -1.0000000      -1.0000000      -1.0000000
      -1.0000000
       0.0000000       83.000000       1.0744579       1317.0000       236486.00
       3.0501838       3.3190727      0.48240000      0.52777779      0.54988080
       112.52539      -59.991993      -278.66617       121.45854       17.551544
       113.53289
       1.0000000       83.000000       1.0744579      -1.0000000       5.0000000
    0.0067313316      0.15329914      -1.0000000      -1.0000000      -1.0000000
      -1.0000000      -1.0000000      -1.0000000      -1.0000000      -1.0000000
      -1.0000000
       0.0000000       82.000000       1.1141505       1282.0000       228199.00
       2.9346561       2.4391122      0.41470942      0.69230771      0.51894152
       96.567184      -38.996555      -252.65468       124.67244       17.001310
       109.76942
       1.0000000       82.000000       1.1141505      -1.0000000       7.0000000
     0.010297111      0.20979623      -1.0000000      -1.0000000      -1.0000000
      -1.0000000      -1.0000000      -1.0000000      -1.0000000      -1.0000000
      -1.0000000
       0.0000000       81.000000       1.1546028       1245.0000       221952.00
       2.9811568       3.0803344      0.46988890      0.62857145      0.47197047
       91.448875      -27.800772      -305.79968       130.14017       18.024683
       109.96396
       0.0000000       80.000000       1.2062581       1216.0000       212465.00
       2.6385384       3.7125084      0.52378565      0.63888896      0.60351115
       71.185303       88.940315      -332.38229       129.59131       16.492090
       123.41555
       1.0000000       80.000000       1.2062581      -1.0000000       2.0000000
    0.0068420309      0.10473701      -1.0000000      -1.0000000      -1.0000000
      -1.0000000      -1.0000000      -1.0000000      -1.0000000      -1.0000000
      -1.0000000
       0.0000000       79.000000       1.2484726       1199.0000       207341.00
       2.4063420       3.8051651      0.52616984      0.60606062      0.57605422
       40.068699       160.77046      -285.69342       127.62826       15.993045
       132.80566
       1.0000000       79.000000       1.2484726      -1.0000000       2.0000000
    0.0013136127     0.029647514      -1.0000000      -1.0000000      -1.0000000
      -1.0000000      -1.0000000      -1.0000000      -1.0000000      -1.0000000
      -1.0000000
       0.0000000       78.000000       1.3023784       1175.0000       199731.00
       2.2562892       2.9576187      0.52649987      0.67567563      0.66036767
       43.272392       192.55659      -249.59120       125.15911       14.785622
       140.56720
       1.0000000       78.000000       1.3023784      -1.0000000       3.0000000
    0.0038792421      0.15620852      -1.0000000      -1.0000000      -1.0000000
      -1.0000000      -1.0000000      -1.0000000      -1.0000000      -1.0000000
      -1.0000000
       0.0000000       77.000000       1.3575766       1141.0000       191230.00
       2.1132364       1.7669728      0.51914829      0.64705884      0.54479182
       52.767933       175.72672      -236.34619       127.23649       12.729816
       142.08620
       1.0000000       77.000000       1.3575766      -1.0000000       6.0000000
    0.0052255195     0.094252291      -1.0000000      -1.0000000      -1.0000000
      -1.0000000      -1.0000000      -1.0000000      -1.0000000      -1.0000000
      -1.0000000
       0.0000000       76.000000       1.4140983       1102.0000       182831.00
       2.0607374       2.1046348      0.50776249      0.55882359      0.56140697
       40.360065       127.51143      -270.01736       133.27724       13.264206
       127.84157
       1.0000000       76.000000       1.4140983      -1.0000000       3.0000000
     0.031275801      0.13802417      -1.0000000      -1.0000000      -1.0000000
      -1.0000000      -1.0000000      -1.0000000      -1.0000000      -1.0000000
      -1.0000000
       0.0000000       75.000000       1.4719748       1122.0000       177557.00
       1.9460627       3.4885905      0.51064545      0.73170733      0.55522621
      -36.030067       81.410019      -269.90811       140.78203       14.759507
       114.97596
       1.0000000       75.000000       1.4719748      -1.0000000       2.0000000
    0.0041365437     0.038394451      -1.0000000      -1.0000000      -1.0000000
      -1.0000000      -1.0000000      -1.0000000      -1.0000000      -1.0000000
      -1.0000000
       0.0000000       74.000000       1.5312390       1133.0000       173296.00
       1.6819137       3.6480718      0.49283242      0.67647058      0.52674294
      -80.832756       80.448654      -244.43044       140.41786       13.914394
       110.71921
       1.0000000       74.000000       1.5312390      -1.0000000       1.0000000
    0.0010189692       0.0000000      -1.0000000      -1.0000000      -1.0000000
      -1.0000000      -1.0000000      -1.0000000      -1.0000000      -1.0000000
      -1.0000000
       0.0000000       73.000000       1.6042346       1203.0000       169646.00
       1.4178883       3.1350520      0.47176138      0.67647058      0.50626403
      -104.90540       87.661057      -211.18639       130.70253       12.014381
       118.48271
       0.0000000       72.000000       1.6666696      -1.0000000       164397.00
       1.1828452       2.2706101      -1.0000000      -1.0000000      -1.0000000
      -1.0000000      -1.0000000      -1.0000000       118.67599       10.171492
       126.60173
       1.0000000       72.000000       1.6666696      -1.0000000       5.0000000
     0.017450455      0.11552331      -1.0000000      -1.0000000      -1.0000000
      -1.0000000      -1.0000000      -1.0000000      -1.0000000      -1.0000000
      -1.0000000
       0.0000000       71.000000       1.7435706      -1.0000000       156745.00
       1.1305305       1.7342613      -1.0000000      -1.0000000      -1.0000000
      -1.0000000      -1.0000000      -1.0000000       117.84471       9.1012058
       125.16266
       1.0000000       71.000000       1.7435706      -1.0000000       2.0000000
       0.0000000       0.0000000      -1.0000000      -1.0000000      -1.0000000
      -1.0000000      -1.0000000      -1.0000000      -1.0000000      -1.0000000
      -1.0000000
       0.0000000       70.000000       1.8226893      -1.0000000       152837.00
      0.97450626       1.7788342      -1.0000000      -1.0000000      -1.0000000
      -1.0000000      -1.0000000      -1.0000000       118.47803       8.6865349
       105.33416
       1.0000000       70.000000       1.8226893      -1.0000000       3.0000000
     0.056378707      0.40816593      -1.0000000      -1.0000000      -1.0000000
      -1.0000000      -1.0000000      -1.0000000      -1.0000000      -1.0000000
      -1.0000000
       0.0000000       69.000000       1.9040896      -1.0000000       151887.00
      0.88636976       2.3505683      -1.0000000      -1.0000000      -1.0000000
      -1.0000000      -1.0000000      -1.0000000       127.10990       10.766875
       92.276520
       1.0000000       69.000000       1.9040896      -1.0000000       2.0000000
     0.018934663      0.14954926      -1.0000000      -1.0000000      -1.0000000
      -1.0000000      -1.0000000      -1.0000000      -1.0000000      -1.0000000
      -1.0000000
       0.0000000       68.000000       2.0020282      -1.0000000       162054.00
      0.78541708       2.6585724      -1.0000000      -1.0000000      -1.0000000
      -1.0000000      -1.0000000      -1.0000000       126.22903       12.113616
       87.974838
       0.0000000       67.000000       2.1032696      -1.0000000       134911.00
      0.67102671       2.3326287      -1.0000000      -1.0000000      -1.0000000
      -1.0000000      -1.0000000      -1.0000000       112.37109       9.9553900
       102.50942
       1.0000000       67.000000       2.1032696      -1.0000000       3.0000000
    0.0058941185      0.11147784      -1.0000000      -1.0000000      -1.0000000
      -1.0000000      -1.0000000      -1.0000000      -1.0000000      -1.0000000
      -1.0000000
       0.0000000       66.000000       2.2079256      -1.0000000       127028.00
      0.54996192       1.8424872      -1.0000000      -1.0000000      -1.0000000
      -1.0000000      -1.0000000      -1.0000000       107.94167       7.2918735
       107.46532
       1.0000000       66.000000       2.2079256      -1.0000000       2.0000000
   0.00053377927     0.014543573      -1.0000000      -1.0000000      -1.0000000
      -1.0000000      -1.0000000      -1.0000000      -1.0000000      -1.0000000
      -1.0000000
       0.0000000       65.000000       2.3161108      -1.0000000       135015.00
      0.44831434       1.3037888      -1.0000000      -1.0000000      -1.0000000
      -1.0000000      -1.0000000      -1.0000000       106.41798       5.6801682
       108.11486
       1.0000000       65.000000       2.3161108      -1.0000000       1.0000000
       0.0000000       0.0000000      -1.0000000      -1.0000000      -1.0000000
      -1.0000000      -1.0000000      -1.0000000      -1.0000000      -1.0000000
      -1.0000000
       0.0000000       64.000000       2.4442258      -1.0000000       135031.00
      0.38985395      0.94075757      -1.0000000      -1.0000000      -1.0000000
      -1.0000000      -1.0000000      -1.0000000       114.19942       5.5122590
       97.804848
       1.0000000       64.000000       2.4442258      -1.0000000       1.0000000
       0.0000000       0.0000000      -1.0000000      -1.0000000      -1.0000000
      -1.0000000      -1.0000000      -1.0000000      -1.0000000      -1.0000000
      -1.0000000
       0.0000000       63.000000       2.5772903      -1.0000000       121414.00
      0.33417347       2.1417372      -1.0000000      -1.0000000      -1.0000000
      -1.0000000      -1.0000000      -1.0000000       124.82742       10.313578
       81.954323
       1.0000000       63.000000       2.5772903      -1.0000000       3.0000000
   0.00046283507       0.0000000      -1.0000000      -1.0000000      -1.0000000
      -1.0000000      -1.0000000      -1.0000000      -1.0000000      -1.0000000
      -1.0000000
       0.0000000       62.000000       2.7331426      -1.0000000       114757.00
      0.19955221       2.0589206      -1.0000000      -1.0000000      -1.0000000
      -1.0000000      -1.0000000      -1.0000000       122.42919       9.2404299
       80.952553
       1.0000000       62.000000       2.7331426      -1.0000000       4.0000000
     0.012266085      0.24828061      -1.0000000      -1.0000000      -1.0000000
      -1.0000000      -1.0000000      -1.0000000      -1.0000000      -1.0000000
      -1.0000000
       0.0000000       61.000000       2.8957851      -1.0000000       102712.00
     0.075287268      0.43892065      -1.0000000      -1.0000000      -1.0000000
      -1.0000000      -1.0000000      -1.0000000       89.738083       2.2460132
       121.14236
       2.0000000       61.000000       2.8957851      0.84634334       61.000000
     0.063718878      0.56456703      -1.0000000      -1.0000000      -1.0000000
      -1.0000000      -1.0000000      -1.0000000      -1.0000000      -1.0000000
      -1.0000000
       1.0000000       61.000000       2.8957851      -1.0000000       5.0000000
   0.00077725237     0.017080482      -1.0000000      -1.0000000      -1.0000000
      -1.0000000      -1.0000000      -1.0000000      -1.0000000      -1.0000000
      -1.0000000
       0.0000000       60.000000       3.0081310      -1.0000000       108894.00
     0.063946225      0.44014478      -1.0000000      -1.0000000      -1.0000000
      -1.0000000      -1.0000000      -1.0000000       78.117798       2.0241897
       97.952538
       0.0000000       59.000000       3.0848227      -1.0000000       111618.00
     0.057648472      0.40705267      -1.0000000      -1.0000000      -1.0000000
      -1.0000000      -1.0000000      -1.0000000       68.922829       1.9872864
       43.313290
       0.0000000       58.000000       3.2830331      -1.0000000       105511.00
     0.045951616      0.38404971      -1.0000000      -1.0000000      -1.0000000
      -1.0000000      -1.0000000      -1.0000000       65.943161       1.9720012
       46.376755
       0.0000000       57.000000       3.4908614      -1.0000000       94608.000
     0.040694989      0.29897875      -1.0000000      -1.0000000      -1.0000000
      -1.0000000      -1.0000000      -1.0000000       65.942184       2.0438786
       53.708485
