       0.0000000       135.00000       0.0000000       360.00000       324929.00
       1.5300316      0.71770775      0.43701002      0.46875006      0.39255774
      -11.463456      -69.313690      -10.197587       81.911140       7.2535434
       10.716784
       0.0000000       134.00000    0.0095216669       362.00000       323012.00
       1.4882089      0.63924152      0.43534514      0.46875006      0.40077978
      -14.575606      -65.690208      -11.982124       81.323143       6.9059172
       10.394225
       1.0000000       134.00000    0.0095216669      -1.0000000       1.0000000
       0.0000000       0.0000000      -1.0000000      -1.0000000      -1.0000000
      -1.0000000      -1.0000000      -1.0000000      -1.0000000      -1.0000000
      -1.0000000
       0.0000000       133.00000     0.023974428       364.00000       320141.00
       1.4043467      0.56260890      0.43010980      0.45454544      0.36940789
      -17.651558      -61.207172      -19.167412       78.429054       6.3421021
       11.226377
       0.0000000       132.00000     0.033724371       363.00000       318678.00
       1.4429579      0.73508900      0.44275707      0.38709676      0.38049614
      -23.290220      -62.587204      -29.201025       88.356384       7.3861370
       11.245306
       0.0000000       131.00000     0.048523631      -1.0000000       314390.00
      0.92314202      0.32832021      -1.0000000      -1.0000000      -1.0000000
      -1.0000000      -1.0000000      -1.0000000       87.809792       3.3883250
       4.5440502
       0.0000000       130.00000     0.058507323       362.00000       312597.00
       1.6980473      0.96614856      0.46384925      0.44827580      0.47732282
      -53.375046      -64.523666      -46.192966       102.42812       9.9947453
       12.234127
       0.0000000       129.00000     0.073661387       364.00000       310201.00
       1.6843483      0.88080537      0.47158426      0.46428573      0.49605754
      -55.094578      -66.449539      -58.156635       99.815643       10.323447
       18.259064
       0.0000000       128.00000     0.083884433       359.00000       307956.00
       1.7259927      0.94602799      0.47353765      0.44827580      0.49685737
      -47.144741      -67.748886      -66.059036       98.690338       10.746583
       21.276194
       1.0000000       128.00000     0.083884433      -1.0000000       1.0000000
   0.00094487634     0.032085638      -1.0000000      -1.0000000      -1.0000000
      -1.0000000      -1.0000000      -1.0000000      -1.0000000      -1.0000000
      -1.0000000
       0.0000000       127.00000     0.099401802       358.00000       304578.00
       1.7017674      0.95606774      0.46975571      0.51612902      0.49553075
      -35.927101      -73.386925      -66.021912       97.375450       10.699832
       24.984438
       0.0000000       126.00000      0.10986994       351.00000       300905.00
       1.6842134      0.81987560      0.47270110      0.53333330      0.49596223
      -33.593735      -77.634781      -63.183380       95.042534       10.452144
       26.906475
       0.0000000       125.00000      0.12575933       347.00000       297955.00
       1.6827868      0.76121128      0.46002185      0.58823532      0.51520669
      -27.368191      -81.906021      -59.524750       92.939178       10.348214
       30.817652
       0.0000000       124.00000      0.14187621       344.00000       293826.00
       1.6583172      0.71621501      0.46025205      0.53333330      0.47356984
      -20.640347      -85.116920      -57.722878       91.495911       10.224889
       33.395763
       0.0000000       123.00000      0.15274876       348.00000       293186.00
       1.6486858      0.77772057      0.45528847      0.51612902      0.49959743
      -17.356678      -87.885056      -54.127865       90.847488       10.210377
       34.141197
       0.0000000       122.00000      0.16925204       349.00000       290590.00
       1.6665161      0.83415776      0.45943883      0.48275858      0.45789924
      -16.134518      -91.553871      -49.818054       90.212776       10.396749
       37.207233
       0.0000000       121.00000      0.18038526       351.00000       287626.00
       1.6639607      0.92285669      0.46705863      0.50000000      0.47103071
      -15.390565      -93.721748      -47.536430       89.581581       10.544266
       39.521358
       0.0000000       120.00000      0.19728418       357.00000       285522.00
       1.6321781      0.91348946      0.46373183      0.46666664      0.45140630
      -13.088868      -94.208588      -48.283386       87.445145       10.355943
       44.542156
       0.0000000       119.00000      0.21442504       362.00000       283323.00
       1.6360452      0.86599654      0.45400816      0.50000000      0.47079945
      -7.7412410      -92.350456      -52.557648       86.663666       10.419410
       46.129215
       0.0000000       118.00000      0.22598839       351.00000       279374.00
       1.6391732      0.93588126      0.45657873      0.46428573      0.46158871
      -4.8202572      -91.821938      -51.410248       87.387077       10.529999
       46.238064
       0.0000000       117.00000      0.24354018       369.00000       278395.00
       1.6298442      0.96486408      0.45446578      0.56250006      0.49927881
       3.2153924      -90.294876      -48.893585       87.136795       10.399346
       46.363079
       1.0000000       117.00000      0.24354018      -1.0000000       1.0000000
     0.080063552      0.25159124      -1.0000000      -1.0000000      -1.0000000
      -1.0000000      -1.0000000      -1.0000000      -1.0000000      -1.0000000
      -1.0000000
       0.0000000       116.00000      0.26134327       369.00000       274866.00
       1.6147151      0.74978215      0.44595098      0.48275858      0.45904911
       7.6831613      -90.312469      -45.795258       86.132462       10.160367
       48.471523
       0.0000000       115.00000      0.27335334       367.00000       272361.00
       1.6060866      0.71279603      0.45124143      0.53333330      0.44696113
       12.736737      -91.324516      -43.017105       85.986893       9.8698797
       49.294411
       0.0000000       114.00000      0.29158324       370.00000       269222.00
       1.5590562      0.50608981      0.45375857      0.48275858      0.46146569
       18.240938      -94.023170      -36.927155       86.675125       9.5328484
       48.799385
       0.0000000       113.00000      0.31007412       3763.0000       423408.00
       1.5965143      0.63969094      0.46111658      0.50000000      0.48925328
       24.773352      -101.97469      -30.141598       87.993546       9.7884550
       48.921143
       0.0000000       112.00000      0.32882974       3793.0000       419578.00
       1.5896393      0.77550149      0.45076272      0.50000000      0.48016068
       21.516943      -102.19302      -20.709682       88.313217       9.9856548
       49.099911
       1.0000000       112.00000      0.32882974      -1.0000000       1.0000000
    0.0016804481     0.026860943      -1.0000000      -1.0000000      -1.0000000
      -1.0000000      -1.0000000      -1.0000000      -1.0000000      -1.0000000
      -1.0000000
       0.0000000       111.00000      0.34785384       3797.0000       417084.00
       1.5740148      0.89784443      0.44793725      0.51724136      0.46399289
       20.374039      -101.88985      -10.629650       87.637276       9.8998966
       50.101433
       0.0000000       110.00000      0.36068764       3867.0000       416780.00
       1.5425618      0.88716155      0.44514021      0.48275858      0.46476552
       16.101080      -102.06834      -6.8348250       87.310516       9.6116343
       50.336189
       0.0000000       109.00000      0.38016787       3879.0000       413749.00
       1.5357820      0.81790435      0.44449696      0.53333330      0.48060226
       11.714797      -103.32333      -6.5564208       87.042953       9.5262032
       51.122612
       0.0000000       108.00000      0.39992696       3946.0000       413213.00
       1.5276901      0.78542310      0.44651097      0.46428573      0.43135324
       6.7780294      -103.81303      -3.7160745       87.622734       9.4699726
       50.986958
       0.0000000       107.00000      0.41996893       3985.0000       410014.00
       1.4964535      0.69778907      0.44621763      0.48275858      0.46072188
       1.4498358      -104.78041     -0.70182711       88.533791       9.1563301
       50.904247
       0.0000000       106.00000      0.44029784       3993.0000       407596.00
       1.5192833      0.81962287      0.43926117      0.42857134      0.44915146
      -3.3771679      -103.44376     -0.99918163       89.112984       9.3842878
       50.785130
       0.0000000       105.00000      0.46091780      -1.0000000       403204.00
       1.4961363      0.78214526      -1.0000000      -1.0000000      -1.0000000
      -1.0000000      -1.0000000      -1.0000000       90.573166       9.2528934
       50.313515
       1.0000000       105.00000      0.46091780      -1.0000000       1.0000000
       0.0000000       0.0000000      -1.0000000      -1.0000000      -1.0000000
      -1.0000000      -1.0000000      -1.0000000      -1.0000000      -1.0000000
      -1.0000000
       0.0000000       104.00000      0.48183295      -1.0000000       400723.00
       1.4988273      0.89331812      -1.0000000      -1.0000000      -1.0000000
      -1.0000000      -1.0000000      -1.0000000       91.105591       9.4575663
       48.962711
       0.0000000       103.00000      0.50304753      -1.0000000       396807.00
       1.4812863      0.90688348      -1.0000000      -1.0000000      -1.0000000
      -1.0000000      -1.0000000      -1.0000000       90.335701       9.2657080
       51.223057
       0.0000000       102.00000      0.52456582      -1.0000000       394142.00
       1.4539181      0.75606704      -1.0000000      -1.0000000      -1.0000000
      -1.0000000      -1.0000000      -1.0000000       89.084892       8.9547529
       52.126461
       0.0000000       101.00000      0.54639220      -1.0000000       392274.00
       1.4515423      0.86617148      -1.0000000      -1.0000000      -1.0000000
      -1.0000000      -1.0000000      -1.0000000       88.844414       8.9422359
       51.653595
       0.0000000       100.00000      0.57598084      -1.0000000       385754.00
       1.4351920      0.82357687      -1.0000000      -1.0000000      -1.0000000
      -1.0000000      -1.0000000      -1.0000000       88.145615       8.8194113
       51.341099
       0.0000000       99.000000      0.59854329      -1.0000000       380745.00
       1.4173002      0.80101055      -1.0000000      -1.0000000      -1.0000000
      -1.0000000      -1.0000000      -1.0000000       87.852287       8.7808313
       51.467922
       1.0000000       99.000000      0.59854329      -1.0000000       1.0000000
       0.0000000       0.0000000      -1.0000000      -1.0000000      -1.0000000
      -1.0000000      -1.0000000      -1.0000000      -1.0000000      -1.0000000
      -1.0000000
       0.0000000       98.000000      0.62142873      -1.0000000       377810.00
       1.3895223      0.72016042      -1.0000000      -1.0000000      -1.0000000
      -1.0000000      -1.0000000      -1.0000000       87.998047       8.4642801
       52.242088
       0.0000000       97.000000      0.64464182      -1.0000000       375085.00
       1.3866214      0.78333193      -1.0000000      -1.0000000      -1.0000000
      -1.0000000      -1.0000000      -1.0000000       87.989639       8.4788322
       53.635918
       0.0000000       96.000000      0.67611039      -1.0000000       372005.00
       1.3756878      0.73828822      -1.0000000      -1.0000000      -1.0000000
      -1.0000000      -1.0000000      -1.0000000       88.086975       8.4403887
       55.041882
       0.0000000       95.000000      0.70010638      -1.0000000       369224.00
       1.3556384      0.79674590      -1.0000000      -1.0000000      -1.0000000
      -1.0000000      -1.0000000      -1.0000000       88.531235       8.3134584
       56.494343
       0.0000000       94.000000      0.73263615      -1.0000000       365598.00
       1.3450314      0.75302291      -1.0000000      -1.0000000      -1.0000000
      -1.0000000      -1.0000000      -1.0000000       88.650925       8.1432648
       58.911659
       0.0000000       93.000000      0.75744140      -1.0000000       362223.00
       1.3194057      0.69501328      -1.0000000      -1.0000000      -1.0000000
      -1.0000000      -1.0000000      -1.0000000       88.449219       8.0001297
       59.991367
       0.0000000       92.000000      0.79106826      -1.0000000       357530.00
       1.3218008      0.71299738      -1.0000000      -1.0000000      -1.0000000
      -1.0000000      -1.0000000      -1.0000000       89.433105       7.9948306
       62.478283
       0.0000000       91.000000      0.81671000      -1.0000000       354731.00
       1.2882164      0.63410211      -1.0000000      -1.0000000      -1.0000000
      -1.0000000      -1.0000000      -1.0000000       89.235886       7.6456184
       62.702213
       0.0000000       90.000000      0.85147089      -1.0000000       350491.00
       1.2830507      0.58808237      -1.0000000      -1.0000000      -1.0000000
      -1.0000000      -1.0000000      -1.0000000       89.308189       7.4591541
       64.105881
       0.0000000       89.000000      0.88689691      -1.0000000       346752.00
       1.2892541      0.55889893      -1.0000000      -1.0000000      -1.0000000
      -1.0000000      -1.0000000      -1.0000000       89.392845       7.6998301
       65.508980
       0.0000000       88.000000      0.92300081      -1.0000000       342343.00
       1.2846006      0.57332492      -1.0000000      -1.0000000      -1.0000000
      -1.0000000      -1.0000000      -1.0000000       90.984909       7.6682620
       64.432076
       0.0000000       87.000000      0.95053136      -1.0000000       339516.00
       1.2690084      0.58449215      -1.0000000      -1.0000000      -1.0000000
      -1.0000000      -1.0000000      -1.0000000       91.826401       7.6657095
       64.949982
       0.0000000       86.000000      0.98785281      -1.0000000       334130.00
       1.2791245      0.52394056      -1.0000000      -1.0000000      -1.0000000
      -1.0000000      -1.0000000      -1.0000000       91.806831       7.5319753
       66.470757
       0.0000000       85.000000      0.99729425      -1.0000000       335831.00
       1.2744384      0.49358839      -1.0000000      -1.0000000      -1.0000000
      -1.0000000      -1.0000000      -1.0000000       92.094543       7.4950571
       67.661079
       0.0000000       84.000000       1.0355104      -1.0000000       331323.00
       1.2832057      0.40787852      -1.0000000      -1.0000000      -1.0000000
      -1.0000000      -1.0000000      -1.0000000       90.460747       7.2759490
       65.923401
       0.0000000       83.000000       1.0744579      -1.0000000       320838.00
       1.2530239      0.48926431      -1.0000000      -1.0000000      -1.0000000
      -1.0000000      -1.0000000      -1.0000000       91.845863       7.2870703
       61.375202
       0.0000000       82.000000       1.1141505      -1.0000000       307818.00
       1.2902205      0.68902069      -1.0000000      -1.0000000      -1.0000000
      -1.0000000      -1.0000000      -1.0000000       94.946228       7.7657604
       57.543350
       0.0000000       81.000000       1.1546028      -1.0000000       304326.00
       1.2457740       1.2897781      -1.0000000      -1.0000000      -1.0000000
      -1.0000000      -1.0000000      -1.0000000       96.834061       8.0609035
       54.113811
       0.0000000       80.000000       1.2062581      -1.0000000       311889.00
       1.1869642       1.2878883      -1.0000000      -1.0000000      -1.0000000
      -1.0000000      -1.0000000      -1.0000000       94.732147       7.9626164
       55.226910
       0.0000000       79.000000       1.2484726      -1.0000000       307386.00
       1.1494815      0.68746662      -1.0000000      -1.0000000      -1.0000000
      -1.0000000      -1.0000000      -1.0000000       93.083939       7.1261725
       58.300045
       0.0000000       78.000000       1.3023784      -1.0000000       296943.00
       1.1163534      0.72709632      -1.0000000      -1.0000000      -1.0000000
      -1.0000000      -1.0000000      -1.0000000       93.391983       6.8502216
       59.566475
       0.0000000       77.000000       1.3575766      -1.0000000       289113.00
       1.1010336      0.96946776      -1.0000000      -1.0000000      -1.0000000
      -1.0000000      -1.0000000      -1.0000000       96.321129       7.1799755
       58.359013
       0.0000000       76.000000       1.4140983      -1.0000000       282114.00
       1.0476639       1.0654759      -1.0000000      -1.0000000      -1.0000000
      -1.0000000      -1.0000000      -1.0000000       96.802589       6.9990067
       57.476986
       0.0000000       75.000000       1.4719748      -1.0000000       273444.00
       1.0071758       1.0237929      -1.0000000      -1.0000000      -1.0000000
      -1.0000000      -1.0000000      -1.0000000       94.868713       6.6600327
       60.261452
       0.0000000       74.000000       1.5312390      -1.0000000       266283.00
      0.97660822      0.68037009      -1.0000000      -1.0000000      -1.0000000
      -1.0000000      -1.0000000      -1.0000000       92.578972       6.2415590
       63.653919
       0.0000000       73.000000       1.6042346      -1.0000000       261938.00
      0.94996309      0.72280401      -1.0000000      -1.0000000      -1.0000000
      -1.0000000      -1.0000000      -1.0000000       92.802368       6.1859274
       65.197517
       0.0000000       72.000000       1.6666696      -1.0000000       255217.00
      0.92587316      0.82163733      -1.0000000      -1.0000000      -1.0000000
      -1.0000000      -1.0000000      -1.0000000       93.349625       6.1310072
       68.865005
       1.0000000       72.000000       1.6666696      -1.0000000       2.0000000
   0.00072235789    0.0087864883      -1.0000000      -1.0000000      -1.0000000
      -1.0000000      -1.0000000      -1.0000000      -1.0000000      -1.0000000
      -1.0000000
       0.0000000       71.000000       1.7435706      -1.0000000       246952.00
      0.89586669      0.73568600      -1.0000000      -1.0000000      -1.0000000
      -1.0000000      -1.0000000      -1.0000000       92.299843       5.9229636
       71.499763
       1.0000000       71.000000       1.7435706      -1.0000000       1.0000000
    0.0011451752     0.030454820      -1.0000000      -1.0000000      -1.0000000
      -1.0000000      -1.0000000      -1.0000000      -1.0000000      -1.0000000
      -1.0000000
       0.0000000       70.000000       1.8226893      -1.0000000       235184.00
      0.85551810      0.59333187      -1.0000000      -1.0000000      -1.0000000
      -1.0000000      -1.0000000      -1.0000000       94.002289       5.5611062
       70.452721
       0.0000000       69.000000       1.9040896      -1.0000000       220196.00
      0.83335716      0.53721672      -1.0000000      -1.0000000      -1.0000000
      -1.0000000      -1.0000000      -1.0000000       99.576881       5.4207873
       64.197487
       0.0000000       68.000000       2.0020282      -1.0000000       194047.00
      0.77471763      0.86958945      -1.0000000      -1.0000000      -1.0000000
      -1.0000000      -1.0000000      -1.0000000       99.695961       5.4551749
       67.767029
       0.0000000       67.000000       2.1032696      -1.0000000       181502.00
      0.71995503      0.70726585      -1.0000000      -1.0000000      -1.0000000
      -1.0000000      -1.0000000      -1.0000000       98.591896       5.1447077
       71.093773
       1.0000000       67.000000       2.1032696      -1.0000000       1.0000000
   0.00027375817       0.0000000      -1.0000000      -1.0000000      -1.0000000
      -1.0000000      -1.0000000      -1.0000000      -1.0000000      -1.0000000
      -1.0000000
       0.0000000       66.000000       2.2079256      -1.0000000       145630.00
      0.68716043      0.72084695      -1.0000000      -1.0000000      -1.0000000
      -1.0000000      -1.0000000      -1.0000000       98.827827       4.7440448
       73.372498
       1.0000000       66.000000       2.2079256      -1.0000000       2.0000000
   0.00032264355       0.0000000      -1.0000000      -1.0000000      -1.0000000
      -1.0000000      -1.0000000      -1.0000000      -1.0000000      -1.0000000
      -1.0000000
       0.0000000       65.000000       2.3161108      -1.0000000       149083.00
      0.63108462      0.87295526      -1.0000000      -1.0000000      -1.0000000
      -1.0000000      -1.0000000      -1.0000000       101.15659       4.6257915
       73.129868
       1.0000000       65.000000       2.3161108      -1.0000000       2.0000000
    0.0021120406       0.0000000      -1.0000000      -1.0000000      -1.0000000
      -1.0000000      -1.0000000      -1.0000000      -1.0000000      -1.0000000
      -1.0000000
       0.0000000       64.000000       2.4442258      -1.0000000       139365.00
      0.59369546      0.59877944      -1.0000000      -1.0000000      -1.0000000
      -1.0000000      -1.0000000      -1.0000000       100.54666       4.5515499
       71.744705
       1.0000000       64.000000       2.4442258      -1.0000000       1.0000000
       0.0000000       0.0000000      -1.0000000      -1.0000000      -1.0000000
      -1.0000000      -1.0000000      -1.0000000      -1.0000000      -1.0000000
      -1.0000000
       0.0000000       63.000000       2.5772903      -1.0000000       134446.00
      0.57637942      0.47363031      -1.0000000      -1.0000000      -1.0000000
      -1.0000000      -1.0000000      -1.0000000       95.972961       3.9512331
       70.818909
       1.0000000       63.000000       2.5772903      -1.0000000       2.0000000
    0.0034091005     0.085092030      -1.0000000      -1.0000000      -1.0000000
      -1.0000000      -1.0000000      -1.0000000      -1.0000000      -1.0000000
      -1.0000000
       0.0000000       62.000000       2.7331426      -1.0000000       141162.00
      0.52884215      0.67240518      -1.0000000      -1.0000000      -1.0000000
      -1.0000000      -1.0000000      -1.0000000       97.831459       4.0322890
       67.845932
       1.0000000       62.000000       2.7331426      -1.0000000       1.0000000
       0.0000000       0.0000000      -1.0000000      -1.0000000      -1.0000000
      -1.0000000      -1.0000000      -1.0000000      -1.0000000      -1.0000000
      -1.0000000
       0.0000000       61.000000       2.8957851      -1.0000000       128380.00
      0.46972185      0.57624310      -1.0000000      -1.0000000      -1.0000000
      -1.0000000      -1.0000000      -1.0000000       94.517769       3.6966364
       70.650917
       0.0000000       60.000000       3.0081310      -1.0000000       124066.00
      0.44358745      0.61539757      -1.0000000      -1.0000000      -1.0000000
      -1.0000000      -1.0000000      -1.0000000       93.391518       3.8718431
       73.083443
       0.0000000       59.000000       3.0848227      -1.0000000       114724.00
      0.41285560      0.62228698      -1.0000000      -1.0000000      -1.0000000
      -1.0000000      -1.0000000      -1.0000000       91.545296       3.5260675
       76.182106
       0.0000000       58.000000       3.2830331      -1.0000000       102181.00
      0.36496133      0.65899843      -1.0000000      -1.0000000      -1.0000000
      -1.0000000      -1.0000000      -1.0000000       94.918312       3.5712061
       75.985924
       0.0000000       57.000000       3.4908614      -1.0000000       86933.000
      0.30448729      0.68011749      -1.0000000      -1.0000000      -1.0000000
      -1.0000000      -1.0000000      -1.0000000       101.78245       3.4271648
       73.431610
       1.0000000       57.000000       3.4908614      -1.0000000       1.0000000
       0.0000000       0.0000000      -1.0000000      -1.0000000      -1.0000000
      -1.0000000      -1.0000000      -1.0000000      -1.0000000      -1.0000000
      -1.0000000
