       0.0000000       135.00000       0.0000000       1.0000000       16948.000
       9.6815882       3.7485595      0.59176534      0.72222221      0.74929893
       78.662148       363.65060      -281.02325       126.85930       30.843340
       44.291977
       0.0000000       134.00000    0.0095216669       1.0000000       16625.000
       10.022920       3.9462576      0.51250637      0.84615386      0.69520998
       84.555847       357.74637      -289.91809       124.51566       33.727737
       53.930672
       1.0000000       134.00000    0.0095216669      -1.0000000       1.0000000
     0.086836830      0.20121455      -1.0000000      -1.0000000      -1.0000000
      -1.0000000      -1.0000000      -1.0000000      -1.0000000      -1.0000000
      -1.0000000
       0.0000000       133.00000     0.023974428       1.0000000       16174.000
       9.7516241       3.9455082      0.53937501      0.75675678      0.70916831
       75.679398       340.83466      -289.36743       122.12616       32.363461
       60.667900
       1.0000000       133.00000     0.023974428      -1.0000000       2.0000000
     0.066977778      0.24134817      -1.0000000      -1.0000000      -1.0000000
      -1.0000000      -1.0000000      -1.0000000      -1.0000000      -1.0000000
      -1.0000000
       0.0000000       132.00000     0.033724371       1013.0000       389421.00
       9.5034552       3.7847037      0.56424522      0.70588237      0.71922225
       75.619698       345.33804      -270.10712       120.52383       31.584984
       64.502541
       1.0000000       132.00000     0.033724371      -1.0000000       3.0000000
      0.14134791      0.36463986      -1.0000000      -1.0000000      -1.0000000
      -1.0000000      -1.0000000      -1.0000000      -1.0000000      -1.0000000
      -1.0000000
       0.0000000       131.00000     0.048523631      -1.0000000       385344.00
      0.11285567     0.027586741      -1.0000000      -1.0000000      -1.0000000
      -1.0000000      -1.0000000      -1.0000000       34.704918      0.18076356
       1.7669084
       1.0000000       131.00000     0.048523631      -1.0000000       2.0000000
     0.019307207      0.15692671      -1.0000000      -1.0000000      -1.0000000
      -1.0000000      -1.0000000      -1.0000000      -1.0000000      -1.0000000
      -1.0000000
       0.0000000       130.00000     0.058507323       991.00000       380783.00
       9.3442068       5.3774977      0.56251782      0.71428573      0.69956815
       123.25431       316.47363      -287.01816       121.85741       32.558838
       66.853951
       0.0000000       129.00000     0.073661387       982.00000       377392.00
       9.1392002       4.4747996      0.56871086      0.68750000      0.71343535
       127.15594       301.31287      -304.99384       117.95587       31.622730
       69.497269
       0.0000000       128.00000     0.083884433       971.00000       374372.00
       9.0340452       3.3778284      0.57138735      0.69696975      0.71630812
       118.21829       305.13104      -307.39505       117.11304       30.131264
       71.007866
       1.0000000       128.00000     0.083884433      -1.0000000       2.0000000
    0.0099159125     0.043667510      -1.0000000      -1.0000000      -1.0000000
      -1.0000000      -1.0000000      -1.0000000      -1.0000000      -1.0000000
      -1.0000000
       0.0000000       127.00000     0.099401802       966.00000       371776.00
       8.9402695       3.6912980      0.57600158      0.69444442      0.72480601
       101.55190       310.83795      -305.50357       117.74724       30.107332
       73.906967
       1.0000000       127.00000     0.099401802      -1.0000000       1.0000000
    0.0029349790     0.041643705      -1.0000000      -1.0000000      -1.0000000
      -1.0000000      -1.0000000      -1.0000000      -1.0000000      -1.0000000
      -1.0000000
       0.0000000       126.00000      0.10986994       967.00000       369773.00
       8.7910566       3.8861697      0.54695159      0.75000000      0.70545995
       111.92842       307.09274      -297.10492       118.06406       29.776566
       74.886093
       0.0000000       125.00000      0.12575933       986.00000       368577.00
       8.6858778       3.7503135      0.55975997      0.71052635      0.69871813
       111.76558       301.41193      -299.57458       117.67313       29.674520
       75.141754
       1.0000000       125.00000      0.12575933      -1.0000000       2.0000000
    0.0011577255     0.011479435      -1.0000000      -1.0000000      -1.0000000
      -1.0000000      -1.0000000      -1.0000000      -1.0000000      -1.0000000
      -1.0000000
       0.0000000       124.00000      0.14187621       995.00000       365724.00
       8.6776962       4.0325294      0.55585027      0.69444442      0.71071368
       99.863571       297.71750      -315.82065       119.00321       30.116327
       75.232742
       1.0000000       124.00000      0.14187621      -1.0000000       1.0000000
   0.00035542302    0.0016062282      -1.0000000      -1.0000000      -1.0000000
      -1.0000000      -1.0000000      -1.0000000      -1.0000000      -1.0000000
      -1.0000000
       0.0000000       123.00000      0.15274876       986.00000       363358.00
       8.5404978       4.0089431      0.56665015      0.65714288      0.70549172
       69.741791       319.31262      -315.16098       120.24152       29.642988
       74.042068
       0.0000000       122.00000      0.16925204       962.00000       358351.00
       8.5319786       4.0073686      0.54629761      0.67647058      0.68901265
       60.489521       346.63333      -288.03574       121.60748       30.631132
       72.052513
       1.0000000       122.00000      0.16925204      -1.0000000       1.0000000
   0.00035851327     0.019601610      -1.0000000      -1.0000000      -1.0000000
      -1.0000000      -1.0000000      -1.0000000      -1.0000000      -1.0000000
      -1.0000000
       0.0000000       121.00000      0.18038526       975.00000       356191.00
       8.3256016       4.5521278      0.54008448      0.67567563      0.67585748
       61.725353       351.74139      -263.30554       122.97996       30.080799
       70.320297
       0.0000000       120.00000      0.19728418       1016.0000       355755.00
       8.2949629       5.8017535      0.55011207      0.75000000      0.71082932
       118.29254       385.14307      -261.68710       124.57692       32.629951
       67.672760
       1.0000000       120.00000      0.19728418      -1.0000000       3.0000000
     0.042935494      0.26990449      -1.0000000      -1.0000000      -1.0000000
      -1.0000000      -1.0000000      -1.0000000      -1.0000000      -1.0000000
      -1.0000000
       0.0000000       119.00000      0.21442504       1018.0000       352933.00
       8.0030518       7.4865656      0.54404789      0.79069763      0.69197506
       147.80396       362.38348      -327.07376       126.90958       34.329075
       67.853271
       1.0000000       119.00000      0.21442504      -1.0000000       1.0000000
      0.15258180      0.21183215      -1.0000000      -1.0000000      -1.0000000
      -1.0000000      -1.0000000      -1.0000000      -1.0000000      -1.0000000
      -1.0000000
       0.0000000       118.00000      0.22598839       1016.0000       350956.00
       7.9378099       6.9081635      0.51452333      0.80000001      0.69777554
       99.610512       344.09811      -369.54105       124.57903       35.375725
       68.610275
       1.0000000       118.00000      0.22598839      -1.0000000       3.0000000
     0.042567850      0.19936659      -1.0000000      -1.0000000      -1.0000000
      -1.0000000      -1.0000000      -1.0000000      -1.0000000      -1.0000000
      -1.0000000
       0.0000000       117.00000      0.24354018       1027.0000       347277.00
       7.6383581       6.4320550      0.51235402      0.81250000      0.70176977
       43.135345       385.48260      -355.65390       123.75230       34.057140
       72.779846
       1.0000000       117.00000      0.24354018      -1.0000000       3.0000000
     0.067480441      0.37251377      -1.0000000      -1.0000000      -1.0000000
      -1.0000000      -1.0000000      -1.0000000      -1.0000000      -1.0000000
      -1.0000000
       0.0000000       116.00000      0.26134327       1032.0000       344117.00
       7.4396534       5.8566785      0.54535192      0.79069763      0.69984221
       115.24950       412.12872      -308.11041       120.84850       33.059475
       77.421097
       1.0000000       116.00000      0.26134327      -1.0000000       4.0000000
     0.061049982      0.26163182      -1.0000000      -1.0000000      -1.0000000
      -1.0000000      -1.0000000      -1.0000000      -1.0000000      -1.0000000
      -1.0000000
       0.0000000       115.00000      0.27335334       1039.0000       341926.00
       7.0851927       5.6299720      0.55844551      0.75609756      0.67791420
       149.79018       374.41629      -324.80112       119.83838       30.650843
       80.084549
       1.0000000       115.00000      0.27335334      -1.0000000       3.0000000
   0.00043463652    0.0057281903      -1.0000000      -1.0000000      -1.0000000
      -1.0000000      -1.0000000      -1.0000000      -1.0000000      -1.0000000
      -1.0000000
       0.0000000       114.00000      0.29158324       1050.0000       339326.00
       7.0279131       4.8341727      0.54884088      0.72972977      0.71774274
       133.24077       331.28949      -376.78000       117.39168       30.328844
       81.545486
       1.0000000       114.00000      0.29158324      -1.0000000       3.0000000
    0.0081085684     0.070360253      -1.0000000      -1.0000000      -1.0000000
      -1.0000000      -1.0000000      -1.0000000      -1.0000000      -1.0000000
      -1.0000000
       0.0000000       113.00000      0.31007412       1070.0000       337262.00
       6.9258432       3.9398873      0.52540749      0.80434781      0.70915455
       93.445930       358.45850      -371.62497       118.72664       30.389009
       82.776825
       1.0000000       113.00000      0.31007412      -1.0000000       4.0000000
     0.046613150      0.13796612      -1.0000000      -1.0000000      -1.0000000
      -1.0000000      -1.0000000      -1.0000000      -1.0000000      -1.0000000
      -1.0000000
       0.0000000       112.00000      0.32882974      -1.0000000       334060.00
      0.15419321     0.011796610      -1.0000000      -1.0000000      -1.0000000
      -1.0000000      -1.0000000      -1.0000000       39.456341      0.25725064
       2.4750764
       2.0000000       112.00000      0.32882974      0.97989172       110.00000
       6.3273649       5.0943522      0.41480371      0.18181831      0.19061407
      -11.429055       10.091270      -45.944294       981.10126      -560.23352
       591.79559
       1.0000000       112.00000      0.32882974      -1.0000000       2.0000000
     0.067464009      0.12715277      -1.0000000      -1.0000000      -1.0000000
      -1.0000000      -1.0000000      -1.0000000      -1.0000000      -1.0000000
      -1.0000000
       0.0000000       111.00000      0.34785384      -1.0000000       331432.00
      0.22537702     0.028630100      -1.0000000      -1.0000000      -1.0000000
      -1.0000000      -1.0000000      -1.0000000       46.184502      0.40350619
       2.8228776
       0.0000000       110.00000      0.36068764       1116.0000       330050.00
       6.4572082       4.3454971      0.53985023      0.70588237      0.66013879
       65.121368       384.29501      -311.05392       120.10880       29.907623
       83.953835
       0.0000000       109.00000      0.38016787       1120.0000       326651.00
       6.3026690       4.4297605      0.52738869      0.71428573      0.67289895
       87.861565       398.23398      -261.03683       120.80714       28.741364
       85.275795
       0.0000000       108.00000      0.39992696       1130.0000       324861.00
       6.3924546       5.4162340      0.51013190      0.75675678      0.67147326
       165.88609       396.74423      -240.56010       119.65949       31.727125
       85.426315
       1.0000000       108.00000      0.39992696      -1.0000000       2.0000000
   0.00034022375     0.017322855      -1.0000000      -1.0000000      -1.0000000
      -1.0000000      -1.0000000      -1.0000000      -1.0000000      -1.0000000
      -1.0000000
       0.0000000       107.00000      0.41996893       1145.0000       321709.00
       6.0339842       4.9632649      0.49980426      0.76190472      0.66676676
       231.95772       344.01706      -266.61377       121.20819       30.265608
       84.599602
       1.0000000       107.00000      0.41996893      -1.0000000       3.0000000
     0.066049656      0.36473535      -1.0000000      -1.0000000      -1.0000000
      -1.0000000      -1.0000000      -1.0000000      -1.0000000      -1.0000000
      -1.0000000
       0.0000000       106.00000      0.44029784       1154.0000       319828.00
       5.7782688       5.8048186      0.50533974      0.68421054      0.66103286
       171.80537       309.89017      -289.51840       122.31264       30.653545
       82.857018
       1.0000000       106.00000      0.44029784      -1.0000000       4.0000000
      0.10829745      0.60222258      -1.0000000      -1.0000000      -1.0000000
      -1.0000000      -1.0000000      -1.0000000      -1.0000000      -1.0000000
      -1.0000000
       0.0000000       105.00000      0.46091780       1161.0000       315960.00
       5.5337143       5.8753519      0.50428617      0.68750000      0.63811487
       131.30362       332.09613      -268.87180       122.80647       29.847609
       80.985764
       1.0000000       105.00000      0.46091780      -1.0000000       3.0000000
     0.060123164      0.30543679      -1.0000000      -1.0000000      -1.0000000
      -1.0000000      -1.0000000      -1.0000000      -1.0000000      -1.0000000
      -1.0000000
       0.0000000       104.00000      0.48183295       1161.0000       311710.00
       5.4420223       5.7874494      0.50006360      0.69696975      0.61903518
       151.42665       336.54575      -207.73503       122.89391       30.530390
       81.300896
       1.0000000       104.00000      0.48183295      -1.0000000       4.0000000
     0.047876497      0.29249664      -1.0000000      -1.0000000      -1.0000000
      -1.0000000      -1.0000000      -1.0000000      -1.0000000      -1.0000000
      -1.0000000
       0.0000000       103.00000      0.50304753       1179.0000       308212.00
       5.2367425       4.8510661      0.48650250      0.69696975      0.62944716
       170.82838       313.26849      -180.50961       121.98372       28.862030
       82.763474
       1.0000000       103.00000      0.50304753      -1.0000000       4.0000000
     0.016704884     0.084814582      -1.0000000      -1.0000000      -1.0000000
      -1.0000000      -1.0000000      -1.0000000      -1.0000000      -1.0000000
      -1.0000000
       0.0000000       102.00000      0.52456582       1188.0000       305870.00
       5.1009674       4.0132260      0.47685722      0.67741930      0.61329138
       198.17256       281.64639      -177.51866       120.13287       27.776937
       86.331825
       1.0000000       102.00000      0.52456582      -1.0000000       3.0000000
     0.083688228      0.55029035      -1.0000000      -1.0000000      -1.0000000
      -1.0000000      -1.0000000      -1.0000000      -1.0000000      -1.0000000
      -1.0000000
       0.0000000       101.00000      0.54639220       1181.0000       301829.00
       4.9859324       4.4708929      0.49679986      0.65714288      0.57848293
       214.45953       272.31906      -198.38583       118.26336       27.281616
       89.882561
       1.0000000       101.00000      0.54639220      -1.0000000       3.0000000
    0.0098305056    0.0095739290      -1.0000000      -1.0000000      -1.0000000
      -1.0000000      -1.0000000      -1.0000000      -1.0000000      -1.0000000
      -1.0000000
       0.0000000       100.00000      0.57598084       1124.0000       294056.00
       4.8505354       4.2899780      0.48259485      0.72222221      0.64938676
       165.52449       272.78790      -214.98897       118.49473       26.878248
       91.693153
       1.0000000       100.00000      0.57598084      -1.0000000       5.0000000
     0.094373861      0.54732932      -1.0000000      -1.0000000      -1.0000000
      -1.0000000      -1.0000000      -1.0000000      -1.0000000      -1.0000000
      -1.0000000
       0.0000000       99.000000      0.59854329       1147.0000       290849.00
       4.6387930       4.7421365      0.46901628      0.64516127      0.60036319
       165.49654       283.08188      -175.60127       119.19042       27.029104
       92.967369
       1.0000000       99.000000      0.59854329      -1.0000000       3.0000000
     0.062810574      0.64714552      -1.0000000      -1.0000000      -1.0000000
      -1.0000000      -1.0000000      -1.0000000      -1.0000000      -1.0000000
      -1.0000000
       0.0000000       98.000000      0.62142873       1148.0000       287285.00
       4.5729156       4.8728485      0.45108348      0.62500000      0.53259259
       196.53047       245.32300      -129.91354       119.67226       27.472830
       91.925034
       1.0000000       98.000000      0.62142873      -1.0000000       4.0000000
     0.068590116      0.40146567      -1.0000000      -1.0000000      -1.0000000
      -1.0000000      -1.0000000      -1.0000000      -1.0000000      -1.0000000
      -1.0000000
       0.0000000       97.000000      0.64464182       1141.0000       284361.00
       4.3109989       5.2452407      0.45757368      0.69230771      0.51953077
       221.72018       200.24300      -141.83510       119.50660       26.478550
       93.277908
       1.0000000       97.000000      0.64464182      -1.0000000       5.0000000
     0.061024406      0.32824224      -1.0000000      -1.0000000      -1.0000000
      -1.0000000      -1.0000000      -1.0000000      -1.0000000      -1.0000000
      -1.0000000
       0.0000000       96.000000      0.67611039       1173.0000       282894.00
       4.2714853       4.7213054      0.44248298      0.68421054      0.52051985
       170.33955       180.18880      -190.25948       116.03378       27.160736
       99.719154
       1.0000000       96.000000      0.67611039      -1.0000000       5.0000000
     0.046806694      0.31775948      -1.0000000      -1.0000000      -1.0000000
      -1.0000000      -1.0000000      -1.0000000      -1.0000000      -1.0000000
      -1.0000000
       0.0000000       95.000000      0.70010638       1175.0000       279452.00
       4.0559673       5.1009750      0.44104367      0.62068963      0.52731550
       137.05577       195.12421      -188.08008       114.54200       24.670086
       105.08305
       0.0000000       94.000000      0.73263615       1120.0000       271888.00
       3.8415065       4.6031508      0.42359430      0.59375006      0.48243561
       125.20350       183.89040      -146.51575       112.34540       23.844986
       108.45475
       1.0000000       94.000000      0.73263615      -1.0000000       2.0000000
   0.00050650182     0.012309554      -1.0000000      -1.0000000      -1.0000000
      -1.0000000      -1.0000000      -1.0000000      -1.0000000      -1.0000000
      -1.0000000
       0.0000000       93.000000      0.75744140       1130.0000       268071.00
       3.8181205       3.7854972      0.41753426      0.64705884      0.45854023
       134.05095       177.90695      -124.62541       113.92902       23.556271
       107.61308
       1.0000000       93.000000      0.75744140      -1.0000000       2.0000000
    0.0029591140     0.026096698      -1.0000000      -1.0000000      -1.0000000
      -1.0000000      -1.0000000      -1.0000000      -1.0000000      -1.0000000
      -1.0000000
       0.0000000       92.000000      0.79106826       1084.0000       259206.00
       3.6917982       4.3857136      0.38688934      0.69230771      0.48069540
       127.05232       152.54378      -118.74966       117.72464       24.075188
       105.37955
       1.0000000       92.000000      0.79106826      -1.0000000       1.0000000
    0.0069144806      0.13241293      -1.0000000      -1.0000000      -1.0000000
      -1.0000000      -1.0000000      -1.0000000      -1.0000000      -1.0000000
      -1.0000000
       0.0000000       91.000000      0.81671000       1089.0000       256246.00
       3.6114516       4.4929438      0.41243851      0.62857145      0.38639262
       134.71596       119.76704      -163.30980       118.30939       22.942146
       106.86725
       0.0000000       90.000000      0.85147089       1102.0000       252346.00
       3.3584597       4.8713655      0.37923568      0.64705884      0.37841544
       70.090431       152.77284      -118.59074       119.56482       23.832113
       105.65031
       1.0000000       90.000000      0.85147089      -1.0000000       3.0000000
     0.030792093      0.41140298      -1.0000000      -1.0000000      -1.0000000
      -1.0000000      -1.0000000      -1.0000000      -1.0000000      -1.0000000
      -1.0000000
       0.0000000       89.000000      0.88689691       1183.0000       254079.00
       3.2580464       4.6535616      0.35296398      0.65789473      0.37787318
       49.965889       142.30087      -77.569870       122.89229       23.873808
       105.59848
       1.0000000       89.000000      0.88689691      -1.0000000       3.0000000
     0.073074199      0.69261932      -1.0000000      -1.0000000      -1.0000000
      -1.0000000      -1.0000000      -1.0000000      -1.0000000      -1.0000000
      -1.0000000
       0.0000000       88.000000      0.92300081       1191.0000       249401.00
       2.9889102       4.1492271      0.33508471      0.62162161      0.29003558
       78.241570       117.41354      -20.096571       126.71806       21.031536
       102.29621
       1.0000000       88.000000      0.92300081      -1.0000000       2.0000000
     0.012183663      0.25292659      -1.0000000      -1.0000000      -1.0000000
      -1.0000000      -1.0000000      -1.0000000      -1.0000000      -1.0000000
      -1.0000000
       0.0000000       87.000000      0.95053136       1200.0000       246560.00
       2.7961290       3.8579378      0.33143580      0.57894731      0.28701290
       58.999752       116.37099      -23.881081       126.72330       20.302355
       101.03298
       1.0000000       87.000000      0.95053136      -1.0000000       5.0000000
     0.092291203      0.54621527      -1.0000000      -1.0000000      -1.0000000
      -1.0000000      -1.0000000      -1.0000000      -1.0000000      -1.0000000
      -1.0000000
       0.0000000       86.000000      0.98785281       1222.0000       242671.00
       2.7434297       3.4863658      0.29308248      0.78333336      0.23808149
       50.343727       12.908361      -134.38391       131.15152       18.729811
       96.297073
       1.0000000       86.000000      0.98785281      -1.0000000       4.0000000
    0.0075096515      0.29119683      -1.0000000      -1.0000000      -1.0000000
      -1.0000000      -1.0000000      -1.0000000      -1.0000000      -1.0000000
      -1.0000000
       0.0000000       85.000000      0.99729425       1238.0000       242476.00
       2.5455115       3.2790062      0.37734729      0.60975605      0.25215569
       57.467644      -1.8868738      -168.08937       132.62015       17.183355
       94.346252
       0.0000000       84.000000       1.0355104       1236.0000       237323.00
       2.4584084       7.7981997      0.37213677      0.69767439      0.41554043
       103.90239       214.35081       7.2124791       137.30612       36.881348
       85.451263
       2.0000000       84.000000       1.0355104      0.84735817       81.000000
      0.97585344       1.7149667      -1.0000000      -1.0000000      -1.0000000
      -1.0000000      -1.0000000      -1.0000000      -1.0000000      -1.0000000
      -1.0000000
       1.0000000       84.000000       1.0355104      -1.0000000       2.0000000
     0.019833860      0.14386786      -1.0000000      -1.0000000      -1.0000000
      -1.0000000      -1.0000000      -1.0000000      -1.0000000      -1.0000000
      -1.0000000
       0.0000000       83.000000       1.0744579       1246.0000       232214.00
       2.7556312       7.3808661      0.61240911      0.75000000      0.90262491
       380.58737       853.32928      -407.51105       147.20351       30.136974
       76.917603
       1.0000000       83.000000       1.0744579      -1.0000000       3.0000000
     0.013193388      0.17246107      -1.0000000      -1.0000000      -1.0000000
      -1.0000000      -1.0000000      -1.0000000      -1.0000000      -1.0000000
      -1.0000000
       0.0000000       82.000000       1.1141505       1224.0000       224700.00
       1.3333014       4.2816172      0.47624448      0.54285711      0.64254421
       273.08530       64.281593      -50.299427       123.38389       14.185327
       118.17765
       1.0000000       82.000000       1.1141505      -1.0000000       1.0000000
    0.0060697249     0.037665546      -1.0000000      -1.0000000      -1.0000000
      -1.0000000      -1.0000000      -1.0000000      -1.0000000      -1.0000000
      -1.0000000
       0.0000000       81.000000       1.1546028      -1.0000000       220574.00
       1.1516422       3.3061562      -1.0000000      -1.0000000      -1.0000000
      -1.0000000      -1.0000000      -1.0000000       107.24544       10.643967
       148.92143
       1.0000000       81.000000       1.1546028      -1.0000000       1.0000000
     0.010320972     0.083429351      -1.0000000      -1.0000000      -1.0000000
      -1.0000000      -1.0000000      -1.0000000      -1.0000000      -1.0000000
      -1.0000000
       0.0000000       80.000000       1.2062581      -1.0000000       212526.00
       1.0335916       2.2094545      -1.0000000      -1.0000000      -1.0000000
      -1.0000000      -1.0000000      -1.0000000       94.430130       8.9482307
       146.51909
       1.0000000       80.000000       1.2062581      -1.0000000       2.0000000
     0.014180466      0.13126986      -1.0000000      -1.0000000      -1.0000000
      -1.0000000      -1.0000000      -1.0000000      -1.0000000      -1.0000000
      -1.0000000
       0.0000000       79.000000       1.2484726      -1.0000000       208372.00
      0.97832888       1.8958060      -1.0000000      -1.0000000      -1.0000000
      -1.0000000      -1.0000000      -1.0000000       91.850433       8.4841204
       141.26888
       1.0000000       79.000000       1.2484726      -1.0000000       2.0000000
    0.0032472577     0.055237699      -1.0000000      -1.0000000      -1.0000000
      -1.0000000      -1.0000000      -1.0000000      -1.0000000      -1.0000000
      -1.0000000
       0.0000000       78.000000       1.3023784      -1.0000000       202190.00
      0.94019252       2.4372163      -1.0000000      -1.0000000      -1.0000000
      -1.0000000      -1.0000000      -1.0000000       91.019974       9.1395769
       128.89330
       1.0000000       78.000000       1.3023784      -1.0000000       1.0000000
       0.0000000       0.0000000      -1.0000000      -1.0000000      -1.0000000
      -1.0000000      -1.0000000      -1.0000000      -1.0000000      -1.0000000
      -1.0000000
       0.0000000       77.000000       1.3575766      -1.0000000       197031.00
      0.88001561       1.9508327      -1.0000000      -1.0000000      -1.0000000
      -1.0000000      -1.0000000      -1.0000000       92.510658       8.4577389
       127.83760
       1.0000000       77.000000       1.3575766      -1.0000000       1.0000000
   0.00086964178       0.0000000      -1.0000000      -1.0000000      -1.0000000
      -1.0000000      -1.0000000      -1.0000000      -1.0000000      -1.0000000
      -1.0000000
       0.0000000       76.000000       1.4140983      -1.0000000       186673.00
      0.80394113       1.5771321      -1.0000000      -1.0000000      -1.0000000
      -1.0000000      -1.0000000      -1.0000000       95.871101       7.1136417
       126.99207
       0.0000000       75.000000       1.4719748      -1.0000000       179306.00
      0.74476629       1.1551005      -1.0000000      -1.0000000      -1.0000000
      -1.0000000      -1.0000000      -1.0000000       98.485977       6.8021283
       121.51739
       0.0000000       74.000000       1.5312390      -1.0000000       172198.00
      0.71240157       1.5085610      -1.0000000      -1.0000000      -1.0000000
      -1.0000000      -1.0000000      -1.0000000       98.396576       6.4355297
       119.80021
       0.0000000       73.000000       1.6042346      -1.0000000       164924.00
      0.60251266       1.7965533      -1.0000000      -1.0000000      -1.0000000
      -1.0000000      -1.0000000      -1.0000000       94.063904       6.5396323
       112.11230
       1.0000000       73.000000       1.6042346      -1.0000000       1.0000000
    0.0036427127     0.024014438      -1.0000000      -1.0000000      -1.0000000
      -1.0000000      -1.0000000      -1.0000000      -1.0000000      -1.0000000
      -1.0000000
       0.0000000       72.000000       1.6666696      -1.0000000       164119.00
      0.55692315       1.2860782      -1.0000000      -1.0000000      -1.0000000
      -1.0000000      -1.0000000      -1.0000000       91.792824       6.1006775
       103.11455
       1.0000000       72.000000       1.6666696      -1.0000000       1.0000000
   0.00025994907       0.0000000      -1.0000000      -1.0000000      -1.0000000
      -1.0000000      -1.0000000      -1.0000000      -1.0000000      -1.0000000
      -1.0000000
       0.0000000       71.000000       1.7435706      -1.0000000       191765.00
      0.48837274       1.6361766      -1.0000000      -1.0000000      -1.0000000
      -1.0000000      -1.0000000      -1.0000000       96.141449       6.2043514
       93.535782
       1.0000000       71.000000       1.7435706      -1.0000000       1.0000000
   0.00059702218     0.015060967      -1.0000000      -1.0000000      -1.0000000
      -1.0000000      -1.0000000      -1.0000000      -1.0000000      -1.0000000
      -1.0000000
       0.0000000       70.000000       1.8226893      -1.0000000       200170.00
      0.43392450       1.5985165      -1.0000000      -1.0000000      -1.0000000
      -1.0000000      -1.0000000      -1.0000000       95.967720       6.4122272
       88.307991
       0.0000000       69.000000       1.9040896      -1.0000000       194603.00
      0.37301400       1.2813655      -1.0000000      -1.0000000      -1.0000000
      -1.0000000      -1.0000000      -1.0000000       95.106361       5.6108041
       92.184395
       0.0000000       68.000000       2.0020282      -1.0000000       191775.00
      0.33067673       1.1424590      -1.0000000      -1.0000000      -1.0000000
      -1.0000000      -1.0000000      -1.0000000       92.973869       5.5698442
       97.781441
       0.0000000       67.000000       2.1032696      -1.0000000       188212.00
      0.26990271       1.3099259      -1.0000000      -1.0000000      -1.0000000
      -1.0000000      -1.0000000      -1.0000000       91.742851       4.7891026
       94.162933
       1.0000000       67.000000       2.1032696      -1.0000000       1.0000000
       0.0000000       0.0000000      -1.0000000      -1.0000000      -1.0000000
      -1.0000000      -1.0000000      -1.0000000      -1.0000000      -1.0000000
      -1.0000000
       0.0000000       66.000000       2.2079256      -1.0000000       186058.00
      0.21697113       1.0937178      -1.0000000      -1.0000000      -1.0000000
      -1.0000000      -1.0000000      -1.0000000       88.827026       4.3477302
       92.373184
       1.0000000       66.000000       2.2079256      -1.0000000       1.0000000
       0.0000000       0.0000000      -1.0000000      -1.0000000      -1.0000000
      -1.0000000      -1.0000000      -1.0000000      -1.0000000      -1.0000000
      -1.0000000
       0.0000000       65.000000       2.3161108      -1.0000000       178963.00
      0.18623677      0.76627314      -1.0000000      -1.0000000      -1.0000000
      -1.0000000      -1.0000000      -1.0000000       89.442711       4.0095892
       88.065590
       1.0000000       65.000000       2.3161108      -1.0000000       3.0000000
   0.00058398978    0.0066402275      -1.0000000      -1.0000000      -1.0000000
      -1.0000000      -1.0000000      -1.0000000      -1.0000000      -1.0000000
      -1.0000000
       0.0000000       64.000000       2.4442258      -1.0000000       177849.00
      0.16049744      0.91038603      -1.0000000      -1.0000000      -1.0000000
      -1.0000000      -1.0000000      -1.0000000       94.393326       4.1235447
       81.766327
       1.0000000       64.000000       2.4442258      -1.0000000       1.0000000
   0.00059545162       0.0000000      -1.0000000      -1.0000000      -1.0000000
      -1.0000000      -1.0000000      -1.0000000      -1.0000000      -1.0000000
      -1.0000000
       0.0000000       63.000000       2.5772903      -1.0000000       166155.00
     0.099640548      0.93990684      -1.0000000      -1.0000000      -1.0000000
      -1.0000000      -1.0000000      -1.0000000       90.227982       4.3533249
       82.673340
       2.0000000       63.000000       2.5772903      0.53226107       61.000000
     0.023242872      0.14925528      -1.0000000      -1.0000000      -1.0000000
      -1.0000000      -1.0000000      -1.0000000      -1.0000000      -1.0000000
      -1.0000000
       1.0000000       63.000000       2.5772903      -1.0000000       3.0000000
   0.00097963645     0.033563785      -1.0000000      -1.0000000      -1.0000000
      -1.0000000      -1.0000000      -1.0000000      -1.0000000      -1.0000000
      -1.0000000
       0.0000000       62.000000       2.7331426      -1.0000000       156130.00
     0.072182953      0.82022029      -1.0000000      -1.0000000      -1.0000000
      -1.0000000      -1.0000000      -1.0000000       88.837273       3.5886748
       79.096535
       0.0000000       61.000000       2.8957851      -1.0000000       145774.00
     0.043668181      0.32760978      -1.0000000      -1.0000000      -1.0000000
      -1.0000000      -1.0000000      -1.0000000       75.612694       1.7173041
       94.407166
       1.0000000       61.000000       2.8957851      -1.0000000       1.0000000
       0.0000000       0.0000000      -1.0000000      -1.0000000      -1.0000000
      -1.0000000      -1.0000000      -1.0000000      -1.0000000      -1.0000000
      -1.0000000
       0.0000000       60.000000       3.0081310      -1.0000000       138053.00
     0.038711451      0.31397000      -1.0000000      -1.0000000      -1.0000000
      -1.0000000      -1.0000000      -1.0000000       69.936844       1.8515184
       87.407799
       1.0000000       60.000000       3.0081310      -1.0000000       2.0000000
       0.0000000       0.0000000      -1.0000000      -1.0000000      -1.0000000
      -1.0000000      -1.0000000      -1.0000000      -1.0000000      -1.0000000
      -1.0000000
       0.0000000       59.000000       3.0848227      -1.0000000       136046.00
     0.035237964      0.26009807      -1.0000000      -1.0000000      -1.0000000
      -1.0000000      -1.0000000      -1.0000000       68.230309       1.5824925
       80.047188
       1.0000000       59.000000       3.0848227      -1.0000000       1.0000000
       0.0000000       0.0000000      -1.0000000      -1.0000000      -1.0000000
      -1.0000000      -1.0000000      -1.0000000      -1.0000000      -1.0000000
      -1.0000000
       0.0000000       58.000000       3.2830331      -1.0000000       144420.00
     0.028067272      0.32531402      -1.0000000      -1.0000000      -1.0000000
      -1.0000000      -1.0000000      -1.0000000       71.032394       1.7895908
       59.088051
       1.0000000       58.000000       3.2830331      -1.0000000       1.0000000
   0.00047966582    0.0055003599      -1.0000000      -1.0000000      -1.0000000
      -1.0000000      -1.0000000      -1.0000000      -1.0000000      -1.0000000
      -1.0000000
       0.0000000       57.000000       3.4908614      -1.0000000       134706.00
     0.015145076      0.34269175      -1.0000000      -1.0000000      -1.0000000
      -1.0000000      -1.0000000      -1.0000000       73.732552       1.5823660
       50.733501
       1.0000000       57.000000       3.4908614      -1.0000000       1.0000000
   0.00024935906     0.013423530      -1.0000000      -1.0000000      -1.0000000
      -1.0000000      -1.0000000      -1.0000000      -1.0000000      -1.0000000
      -1.0000000
