       0.0000000       135.00000       0.0000000       0.0000000       53.000000
       2.1828523      0.19732197      0.44557542      0.41935480      0.45098266
      -3.9223838      -61.347435      -61.290073       75.411171       7.3040366
       35.649563
       0.0000000       134.00000    0.0095216669       0.0000000       47.000000
       2.1382971      0.72384083      0.44694155      0.41935480      0.44610286
      -6.1683316      -62.193096      -61.902065       75.886093       7.5223384
       35.907661
       0.0000000       133.00000     0.023974428       0.0000000       50.000000
       2.1623383      0.80276072      0.44248310      0.39999998      0.44295999
      -10.825437      -65.477608      -61.083363       78.290047       7.5520248
       35.653439
       0.0000000       132.00000     0.033724371       0.0000000       47.000000
       2.1254656      0.93531626      0.44289640      0.43750000      0.44813716
      -15.903947      -64.327080      -61.631672       78.237221       7.6777678
       35.891647
       0.0000000       131.00000     0.048523631       0.0000000       39.000000
       2.1501753      0.79270291      0.44062677      0.43750000      0.45257869
      -20.547880      -61.858082      -65.269768       80.419060       7.6669564
       33.676292
       0.0000000       130.00000     0.058507323       0.0000000       36.000000
       2.1080170      0.84597290      0.44655815      0.36666667      0.43164462
      -18.917606      -61.590038      -67.005333       80.879166       7.3956165
       35.933887
       0.0000000       129.00000     0.073661387       0.0000000       39.000000
       2.1102555      0.75278229      0.44677246      0.42424244      0.44347623
      -12.771697      -62.186478      -68.988388       83.237175       7.3597713
       33.985123
       0.0000000       128.00000     0.083884433       0.0000000       37.000000
       2.1286492      0.80374259      0.44132194      0.43750000      0.44262701
      -11.898620      -63.265289      -68.774323       84.870399       7.8405838
       34.367229
       0.0000000       127.00000     0.099401802       0.0000000       40.000000
       2.1083069      0.79365516      0.43439072      0.47368419      0.44092381
      -10.907454      -64.846924      -65.529152       86.543945       7.5508742
       33.268394
       0.0000000       126.00000      0.10986994       0.0000000       45.000000
       2.0729899      0.90723336      0.41381216      0.47058821      0.41597235
      -16.069300      -61.373413      -62.348236       84.240089       7.4406137
       28.414087
       0.0000000       125.00000      0.12575933       0.0000000       49.000000
       2.0565681      0.82413107      0.43769535      0.47058821      0.41964439
      -23.457750      -62.844513      -64.306580       82.383499       7.1400533
       24.399351
       0.0000000       124.00000      0.14187621       0.0000000       54.000000
       2.0027194      0.78002971      0.44243041      0.41935480      0.43096435
      -21.891850      -66.066353      -64.125160       84.074379       6.8604817
       16.732971
       0.0000000       123.00000      0.15274876       0.0000000       50.000000
       2.0647833      0.97610462      0.44716865      0.43750000      0.48537284
      -20.963272      -70.942375      -67.270180       90.386543       7.6471906
       21.130976
       0.0000000       122.00000      0.16925204       0.0000000       44.000000
       2.0363877       1.0288193      0.43432266      0.35483867      0.40136316
      -21.060123      -72.917267      -62.150951       86.307281       7.8098993
       25.726400
       0.0000000       121.00000      0.18038526       0.0000000       42.000000
       2.0081253      0.83024961      0.44142026      0.37500006      0.45128971
      -24.458822      -71.534943      -58.142826       82.396225       7.3012424
       28.483099
       0.0000000       120.00000      0.19728418       0.0000000       37.000000
       2.0154169       1.1170270      0.44070157      0.32258064      0.43074092
      -23.875917      -68.458794      -67.015686       84.314285       7.7549930
       35.055267
       0.0000000       119.00000      0.21442504       18.000000       98519.000
       1.9711123       1.1166315      0.44352609      0.41935480      0.40759370
      -11.060380      -69.965279      -69.936447       84.461288       7.6620507
       37.500946
       0.0000000       118.00000      0.22598839       18.000000       98130.000
       1.9738162       1.1279829      0.44292328      0.36666667      0.41392583
      -4.8134875      -73.878586      -67.674385       84.117813       7.8063488
       34.413769
       0.0000000       117.00000      0.24354018       18.000000       97030.000
       1.9629620       1.2355530      0.44701403      0.50000000      0.44548124
       2.1514969      -82.939888      -65.455780       84.576691       7.9531512
       36.920166
       0.0000000       116.00000      0.26134327       18.000000       94243.000
       1.9224019       1.1662493      0.44744080      0.43750000      0.46389157
       9.3616390      -85.225891      -66.805634       83.549934       7.7937775
       43.288315
       0.0000000       115.00000      0.27335334       18.000000       93675.000
       1.9112865       1.1873940      0.44928029      0.39393944      0.43504858
       14.258874      -83.570686      -67.739662       82.283218       7.8889632
       48.522758
       0.0000000       114.00000      0.29158324       2720.0000       403772.00
       1.8762406       1.0771512      0.43999594      0.39393944      0.44479370
       17.823082      -84.337036      -65.369003       80.504951       7.5714369
       54.992428
       0.0000000       113.00000      0.31007412       19.000000       90725.000
       1.8834845      0.87464982      0.44030043      0.44117647      0.44198459
       11.761685      -86.588448      -65.315674       80.358635       7.4557114
       51.666374
       0.0000000       112.00000      0.32882974       18.000000       85213.000
       1.8931377      0.76159233      0.43434316      0.36666667      0.41562873
       9.6287174      -86.604141      -70.726852       83.539352       7.6817260
       47.048969
       0.0000000       111.00000      0.34785384       987.00000       323582.00
       1.9050006       1.1534905      0.43300390      0.39393944      0.44153491
       13.009034      -86.154762      -71.695724       88.494019       7.8888316
       45.154945
       0.0000000       110.00000      0.36068764       18.000000       82662.000
       1.8343072       1.4081932      0.43692768      0.41935480      0.44597659
       19.755844      -90.940582      -66.690971       90.005836       7.9939299
       41.264473
       0.0000000       109.00000      0.38016787       1002.0000       318920.00
       1.8002021       1.6264294      0.41976279      0.39393944      0.41826522
       17.567461      -94.026497      -51.592644       90.987862       8.2187672
       39.740669
       0.0000000       108.00000      0.39992696       994.00000       315990.00
       1.7555562       1.5871134      0.42118272      0.35294116      0.40506351
       13.473207      -87.093826      -42.636337       89.249115       8.0233164
       39.183212
       1.0000000       108.00000      0.39992696      -1.0000000       1.0000000
    0.0017708536       0.0000000      -1.0000000      -1.0000000      -1.0000000
      -1.0000000      -1.0000000      -1.0000000      -1.0000000      -1.0000000
      -1.0000000
       0.0000000       107.00000      0.41996893       1029.0000       314256.00
       1.6887269       1.3217012      0.42410073      0.33333337      0.38646597
       13.984617      -88.572701      -45.609940       87.130989       7.5852246
       40.790112
       0.0000000       106.00000      0.44029784       994.00000       309422.00
       1.6732674       1.3553225      0.40948486      0.31250006      0.35329399
       4.9038401      -84.967873      -49.800560       87.478882       7.5520205
       41.666309
       1.0000000       106.00000      0.44029784      -1.0000000       1.0000000
     0.018213460     0.096998625      -1.0000000      -1.0000000      -1.0000000
      -1.0000000      -1.0000000      -1.0000000      -1.0000000      -1.0000000
      -1.0000000
       0.0000000       105.00000      0.46091780       1007.0000       305940.00
       1.6262196       1.4261143      0.39686799      0.31250006      0.35229099
      -9.3214607      -79.365639      -57.081322       87.801346       7.4805698
       41.902821
       0.0000000       104.00000      0.48183295       1037.0000       303914.00
       1.6021035       1.4981203      0.40019664      0.31250006      0.36030972
      -18.765238      -68.232368      -64.828606       89.847679       7.5729141
       40.407597
       0.0000000       103.00000      0.50304753       1025.0000       298266.00
       1.5176333       1.6585487      0.38326937      0.22580642      0.35358068
      -7.2773781      -63.978603      -61.522171       88.504784       7.6156621
       40.679684
       0.0000000       102.00000      0.52456582       1041.0000       296363.00
       1.4792668       1.4399536      0.37993607      0.29032254      0.35119137
      0.41186282      -65.493401      -54.877068       87.306435       7.2196517
       42.104774
       0.0000000       101.00000      0.54639220       1029.0000       292030.00
       1.4358758       1.3391401      0.38324347      0.23333335      0.33295012
       8.1218557      -63.825813      -57.898972       83.583313       7.1136370
       46.469170
       0.0000000       100.00000      0.57598084      -1.0000000       283306.00
       1.4115984       1.0252559      -1.0000000      -1.0000000      -1.0000000
      -1.0000000      -1.0000000      -1.0000000       83.744354       6.7078261
       43.994576
       1.0000000       100.00000      0.57598084      -1.0000000       1.0000000
   0.00040729227     0.029829381      -1.0000000      -1.0000000      -1.0000000
      -1.0000000      -1.0000000      -1.0000000      -1.0000000      -1.0000000
      -1.0000000
       0.0000000       99.000000      0.59854329      -1.0000000       277511.00
       1.4036744      0.98271251      -1.0000000      -1.0000000      -1.0000000
      -1.0000000      -1.0000000      -1.0000000       84.961456       6.9191246
       47.634403
       1.0000000       99.000000      0.59854329      -1.0000000       1.0000000
   0.00032122040    0.0036842627      -1.0000000      -1.0000000      -1.0000000
      -1.0000000      -1.0000000      -1.0000000      -1.0000000      -1.0000000
      -1.0000000
       0.0000000       98.000000      0.62142873      -1.0000000       274000.00
       1.3624563       1.0813321      -1.0000000      -1.0000000      -1.0000000
      -1.0000000      -1.0000000      -1.0000000       87.977249       6.5249400
       45.796635
       1.0000000       98.000000      0.62142873      -1.0000000       1.0000000
   0.00063492038     0.015016932      -1.0000000      -1.0000000      -1.0000000
      -1.0000000      -1.0000000      -1.0000000      -1.0000000      -1.0000000
      -1.0000000
       0.0000000       97.000000      0.64464182      -1.0000000       269905.00
       1.3954971      0.93737441      -1.0000000      -1.0000000      -1.0000000
      -1.0000000      -1.0000000      -1.0000000       90.681175       6.9682231
       40.486294
       0.0000000       96.000000      0.67611039      -1.0000000       266088.00
       1.3204783       1.3454037      -1.0000000      -1.0000000      -1.0000000
      -1.0000000      -1.0000000      -1.0000000       92.997742       7.0625219
       36.597622
       0.0000000       95.000000      0.70010638      -1.0000000       264102.00
       1.3056135       1.5107579      -1.0000000      -1.0000000      -1.0000000
      -1.0000000      -1.0000000      -1.0000000       95.319832       7.6713719
       36.069828
       0.0000000       94.000000      0.73263615      -1.0000000       261845.00
       1.2150965       1.7318861      -1.0000000      -1.0000000      -1.0000000
      -1.0000000      -1.0000000      -1.0000000       94.833755       7.5301099
       35.691044
       1.0000000       94.000000      0.73263615      -1.0000000       1.0000000
    0.0059402809     0.045957167      -1.0000000      -1.0000000      -1.0000000
      -1.0000000      -1.0000000      -1.0000000      -1.0000000      -1.0000000
      -1.0000000
       0.0000000       93.000000      0.75744140      -1.0000000       257586.00
       1.1407729       1.3550082      -1.0000000      -1.0000000      -1.0000000
      -1.0000000      -1.0000000      -1.0000000       93.321030       6.8872280
       40.801537
       0.0000000       92.000000      0.79106826      -1.0000000       250798.00
       1.1140887       1.4355223      -1.0000000      -1.0000000      -1.0000000
      -1.0000000      -1.0000000      -1.0000000       93.621384       7.3825359
       39.904369
       0.0000000       91.000000      0.81671000      -1.0000000       247517.00
       1.1005256       1.5332526      -1.0000000      -1.0000000      -1.0000000
      -1.0000000      -1.0000000      -1.0000000       93.813995       7.6808496
       38.924355
       0.0000000       90.000000      0.85147089      -1.0000000       243484.00
       1.0420862       1.4198194      -1.0000000      -1.0000000      -1.0000000
      -1.0000000      -1.0000000      -1.0000000       93.027161       7.5158181
       41.316582
       0.0000000       89.000000      0.88689691      -1.0000000       243360.00
      0.99106133       1.6082683      -1.0000000      -1.0000000      -1.0000000
      -1.0000000      -1.0000000      -1.0000000       91.472824       7.9650235
       47.036823
       0.0000000       88.000000      0.92300081      -1.0000000       239635.00
      0.96348578       1.9784492      -1.0000000      -1.0000000      -1.0000000
      -1.0000000      -1.0000000      -1.0000000       94.695129       8.7829571
       48.143570
       1.0000000       88.000000      0.92300081      -1.0000000       1.0000000
       0.0000000       0.0000000      -1.0000000      -1.0000000      -1.0000000
      -1.0000000      -1.0000000      -1.0000000      -1.0000000      -1.0000000
      -1.0000000
       0.0000000       87.000000      0.95053136      -1.0000000       237410.00
      0.90398329       2.1986601      -1.0000000      -1.0000000      -1.0000000
      -1.0000000      -1.0000000      -1.0000000       96.347954       8.9336357
       48.638084
       0.0000000       86.000000      0.98785281      -1.0000000       232025.00
      0.83253431       2.1207161      -1.0000000      -1.0000000      -1.0000000
      -1.0000000      -1.0000000      -1.0000000       94.784508       8.5712643
       53.022251
       0.0000000       85.000000      0.99729425      -1.0000000       230881.00
      0.82992423       2.2709808      -1.0000000      -1.0000000      -1.0000000
      -1.0000000      -1.0000000      -1.0000000       94.467865       9.0182791
       54.417599
       0.0000000       84.000000       1.0355104      -1.0000000       225857.00
      0.77359521       2.3056622      -1.0000000      -1.0000000      -1.0000000
      -1.0000000      -1.0000000      -1.0000000       90.648109       9.5596495
       64.289139
       0.0000000       83.000000       1.0744579      -1.0000000       216625.00
      0.73627120       2.2681391      -1.0000000      -1.0000000      -1.0000000
      -1.0000000      -1.0000000      -1.0000000       88.697891       10.374738
       71.131104
       1.0000000       83.000000       1.0744579      -1.0000000       1.0000000
       0.0000000       0.0000000      -1.0000000      -1.0000000      -1.0000000
      -1.0000000      -1.0000000      -1.0000000      -1.0000000      -1.0000000
      -1.0000000
       0.0000000       82.000000       1.1141505      -1.0000000       290936.00
      0.70111442       2.1757815      -1.0000000      -1.0000000      -1.0000000
      -1.0000000      -1.0000000      -1.0000000       90.608833       10.320498
       72.271500
       0.0000000       81.000000       1.1546028      -1.0000000       287700.00
      0.66247731       2.5289593      -1.0000000      -1.0000000      -1.0000000
      -1.0000000      -1.0000000      -1.0000000       94.180916       10.675119
       70.074608
       0.0000000       80.000000       1.2062581      -1.0000000       280578.00
      0.53617108       2.6657929      -1.0000000      -1.0000000      -1.0000000
      -1.0000000      -1.0000000      -1.0000000       88.377579       9.8295307
       75.599991
       1.0000000       80.000000       1.2062581      -1.0000000       2.0000000
   0.00041593230    0.0027338690      -1.0000000      -1.0000000      -1.0000000
      -1.0000000      -1.0000000      -1.0000000      -1.0000000      -1.0000000
      -1.0000000
       0.0000000       79.000000       1.2484726      -1.0000000       278255.00
      0.46335334       2.1390822      -1.0000000      -1.0000000      -1.0000000
      -1.0000000      -1.0000000      -1.0000000       85.721039       8.5498695
       84.271873
       0.0000000       78.000000       1.3023784      -1.0000000       270101.00
      0.45699143       1.9693676      -1.0000000      -1.0000000      -1.0000000
      -1.0000000      -1.0000000      -1.0000000       85.245140       9.3570433
       90.756630
       1.0000000       78.000000       1.3023784      -1.0000000       1.0000000
       0.0000000       0.0000000      -1.0000000      -1.0000000      -1.0000000
      -1.0000000      -1.0000000      -1.0000000      -1.0000000      -1.0000000
      -1.0000000
       0.0000000       77.000000       1.3575766      -1.0000000       272033.00
      0.42341506       1.4114964      -1.0000000      -1.0000000      -1.0000000
      -1.0000000      -1.0000000      -1.0000000       86.343697       7.3376913
       90.155296
       1.0000000       77.000000       1.3575766      -1.0000000       1.0000000
       0.0000000       0.0000000      -1.0000000      -1.0000000      -1.0000000
      -1.0000000      -1.0000000      -1.0000000      -1.0000000      -1.0000000
      -1.0000000
       0.0000000       76.000000       1.4140983      -1.0000000       266376.00
      0.34014967       1.1980741      -1.0000000      -1.0000000      -1.0000000
      -1.0000000      -1.0000000      -1.0000000       89.269768       6.8449802
       87.913216
       1.0000000       76.000000       1.4140983      -1.0000000       1.0000000
     0.026326442     0.098590389      -1.0000000      -1.0000000      -1.0000000
      -1.0000000      -1.0000000      -1.0000000      -1.0000000      -1.0000000
      -1.0000000
       0.0000000       75.000000       1.4719748      -1.0000000       260518.00
      0.32378912       1.4091382      -1.0000000      -1.0000000      -1.0000000
      -1.0000000      -1.0000000      -1.0000000       95.065544       6.3944645
       79.290756
       0.0000000       74.000000       1.5312390      -1.0000000       253642.00
      0.27071023       1.6069794      -1.0000000      -1.0000000      -1.0000000
      -1.0000000      -1.0000000      -1.0000000       96.012711       5.8722296
       75.256584
       1.0000000       74.000000       1.5312390      -1.0000000       2.0000000
    0.0012228218    0.0038545453      -1.0000000      -1.0000000      -1.0000000
      -1.0000000      -1.0000000      -1.0000000      -1.0000000      -1.0000000
      -1.0000000
       0.0000000       73.000000       1.6042346      -1.0000000       246976.00
      0.25121239      0.72455347      -1.0000000      -1.0000000      -1.0000000
      -1.0000000      -1.0000000      -1.0000000       87.968735       4.5200067
       91.832939
       1.0000000       73.000000       1.6042346      -1.0000000       1.0000000
    0.0094382055      0.10728540      -1.0000000      -1.0000000      -1.0000000
      -1.0000000      -1.0000000      -1.0000000      -1.0000000      -1.0000000
      -1.0000000
       0.0000000       72.000000       1.6666696      -1.0000000       238905.00
      0.23886776      0.74513173      -1.0000000      -1.0000000      -1.0000000
      -1.0000000      -1.0000000      -1.0000000       83.484062       3.9476812
       97.074295
       0.0000000       71.000000       1.7435706      -1.0000000       233128.00
      0.21396254      0.99357009      -1.0000000      -1.0000000      -1.0000000
      -1.0000000      -1.0000000      -1.0000000       79.014503       4.0947952
       90.785942
       1.0000000       71.000000       1.7435706      -1.0000000       1.0000000
       0.0000000       0.0000000      -1.0000000      -1.0000000      -1.0000000
      -1.0000000      -1.0000000      -1.0000000      -1.0000000      -1.0000000
      -1.0000000
       0.0000000       70.000000       1.8226893      -1.0000000       232959.00
      0.19578560      0.95605850      -1.0000000      -1.0000000      -1.0000000
      -1.0000000      -1.0000000      -1.0000000       78.228790       4.2752123
       87.942894
       0.0000000       69.000000       1.9040896      -1.0000000       226119.00
      0.16467136       1.0923792      -1.0000000      -1.0000000      -1.0000000
      -1.0000000      -1.0000000      -1.0000000       76.135437       3.7785697
       83.728432
       1.0000000       69.000000       1.9040896      -1.0000000       1.0000000
    0.0054842215       1.1290886      -1.0000000      -1.0000000      -1.0000000
      -1.0000000      -1.0000000      -1.0000000      -1.0000000      -1.0000000
      -1.0000000
       0.0000000       68.000000       2.0020282      -1.0000000       213527.00
      0.12980668      0.79575086      -1.0000000      -1.0000000      -1.0000000
      -1.0000000      -1.0000000      -1.0000000       70.878578       3.5366337
       77.960068
       1.0000000       68.000000       2.0020282      -1.0000000       2.0000000
    0.0010171320    0.0054785204      -1.0000000      -1.0000000      -1.0000000
      -1.0000000      -1.0000000      -1.0000000      -1.0000000      -1.0000000
      -1.0000000
       0.0000000       67.000000       2.1032696      -1.0000000       250425.00
      0.11434360      0.71582192      -1.0000000      -1.0000000      -1.0000000
      -1.0000000      -1.0000000      -1.0000000       71.674255       3.1857224
       75.008881
       1.0000000       67.000000       2.1032696      -1.0000000       1.0000000
   0.00029609716       0.0000000      -1.0000000      -1.0000000      -1.0000000
      -1.0000000      -1.0000000      -1.0000000      -1.0000000      -1.0000000
      -1.0000000
       0.0000000       66.000000       2.2079256      -1.0000000       237186.00
      0.10404320      0.84005600      -1.0000000      -1.0000000      -1.0000000
      -1.0000000      -1.0000000      -1.0000000       74.777565       3.3422425
       74.918907
       1.0000000       66.000000       2.2079256      -1.0000000       2.0000000
    0.0051126074     0.086826406      -1.0000000      -1.0000000      -1.0000000
      -1.0000000      -1.0000000      -1.0000000      -1.0000000      -1.0000000
      -1.0000000
       0.0000000       65.000000       2.3161108      -1.0000000       226802.00
     0.087799974      0.97689056      -1.0000000      -1.0000000      -1.0000000
      -1.0000000      -1.0000000      -1.0000000       78.137894       3.8147995
       72.136551
       0.0000000       64.000000       2.4442258      -1.0000000       216232.00
     0.059532154      0.82172477      -1.0000000      -1.0000000      -1.0000000
      -1.0000000      -1.0000000      -1.0000000       79.488449       3.2631168
       69.451530
       0.0000000       63.000000       2.5772903      -1.0000000       150259.00
     0.043554183      0.72731316      -1.0000000      -1.0000000      -1.0000000
      -1.0000000      -1.0000000      -1.0000000       75.979568       4.2662420
       79.348816
       2.0000000       63.000000       2.5772903      0.77199709       60.000000
     0.010408659      0.12820393      -1.0000000      -1.0000000      -1.0000000
      -1.0000000      -1.0000000      -1.0000000      -1.0000000      -1.0000000
      -1.0000000
       1.0000000       63.000000       2.5772903      -1.0000000       1.0000000
       0.0000000       0.0000000      -1.0000000      -1.0000000      -1.0000000
      -1.0000000      -1.0000000      -1.0000000      -1.0000000      -1.0000000
      -1.0000000
       0.0000000       62.000000       2.7331426      -1.0000000       140447.00
     0.038627271      0.83693868      -1.0000000      -1.0000000      -1.0000000
      -1.0000000      -1.0000000      -1.0000000       72.955330       3.8505073
       86.276062
       0.0000000       61.000000       2.8957851      -1.0000000       161941.00
     0.019026626      0.29682612      -1.0000000      -1.0000000      -1.0000000
      -1.0000000      -1.0000000      -1.0000000       64.911591       1.3236688
       110.18315
       2.0000000       61.000000       2.8957851      0.27534619       58.000000
    0.0027418672     0.043996751      -1.0000000      -1.0000000      -1.0000000
      -1.0000000      -1.0000000      -1.0000000      -1.0000000      -1.0000000
      -1.0000000
       1.0000000       61.000000       2.8957851      -1.0000000       3.0000000
   0.00020910978       0.0000000      -1.0000000      -1.0000000      -1.0000000
      -1.0000000      -1.0000000      -1.0000000      -1.0000000      -1.0000000
      -1.0000000
       0.0000000       60.000000       3.0081310      -1.0000000       153386.00
     0.013482769      0.19768973      -1.0000000      -1.0000000      -1.0000000
      -1.0000000      -1.0000000      -1.0000000       58.458729      0.79688030
       113.63160
       1.0000000       60.000000       3.0081310      -1.0000000       3.0000000
    0.0022420164     0.035686605      -1.0000000      -1.0000000      -1.0000000
      -1.0000000      -1.0000000      -1.0000000      -1.0000000      -1.0000000
      -1.0000000
       0.0000000       59.000000       3.0848227      -1.0000000       164002.00
     0.011666281      0.17528705      -1.0000000      -1.0000000      -1.0000000
      -1.0000000      -1.0000000      -1.0000000       54.294598      0.71567035
       109.98452
       1.0000000       59.000000       3.0848227      -1.0000000       2.0000000
   0.00049513340    0.0011925522      -1.0000000      -1.0000000      -1.0000000
      -1.0000000      -1.0000000      -1.0000000      -1.0000000      -1.0000000
      -1.0000000
       0.0000000       58.000000       3.2830331      -1.0000000       153284.00
    0.0099578910     0.074800670      -1.0000000      -1.0000000      -1.0000000
      -1.0000000      -1.0000000      -1.0000000       48.743969      0.60783911
       98.819763
       0.0000000       57.000000       3.4908614      -1.0000000       141286.00
    0.0093742069     0.065170079      -1.0000000      -1.0000000      -1.0000000
      -1.0000000      -1.0000000      -1.0000000       46.567501      0.48364300
       82.518059
       1.0000000       57.000000       3.4908614      -1.0000000       1.0000000
       0.0000000       0.0000000      -1.0000000      -1.0000000      -1.0000000
      -1.0000000      -1.0000000      -1.0000000      -1.0000000      -1.0000000
      -1.0000000
