       0.0000000       135.00000       0.0000000       650.00000       366195.00
       3.6384490       1.3341198      0.47708485      0.45454544      0.49720389
       99.972885       27.414518      -55.679455       107.90983       11.211787
       24.408035
       0.0000000       134.00000    0.0095216669       653.00000       364066.00
       3.6289585       1.2643909      0.47571331      0.41935480      0.51035172
       101.97301       26.082977      -56.355095       105.66380       11.086773
       29.005320
       0.0000000       133.00000     0.023974428       652.00000       360511.00
       3.5824525       1.5413222      0.47363988      0.46875006      0.47938564
       101.57980       23.333273      -62.219326       105.86604       11.481223
       31.613363
       0.0000000       132.00000     0.033724371       652.00000       359329.00
       3.5631890       1.4704961      0.47680047      0.44117647      0.45972103
       101.60925       18.459627      -61.057281       105.90198       11.527637
       31.879650
       0.0000000       131.00000     0.048523631       652.00000       355218.00
       3.5173233       1.3847648      0.47411162      0.50000000      0.46328861
       99.572525       13.012379      -64.826088       106.35947       11.491189
       32.743511
       0.0000000       130.00000     0.058507323       647.00000       352315.00
       3.4437742       1.5293832      0.46647176      0.41935480      0.44357517
       97.117630       14.394668      -72.196800       106.49463       11.463239
       34.264824
       0.0000000       129.00000     0.073661387       651.00000       349879.00
       3.4359112       1.4227170      0.47152871      0.38709676      0.46569183
       97.895615       15.170750      -76.391479       96.812897       11.653649
       125.54817
       0.0000000       128.00000     0.083884433       649.00000       347663.00
       3.4066811       1.5003922      0.47121236      0.40625006      0.44055212
       93.826523       15.134919      -80.349854       95.709702       11.695813
       117.82600
       0.0000000       127.00000     0.099401802       658.00000       345972.00
       3.3543949       1.5433313      0.46707243      0.43750000      0.47495595
       88.630737       19.717886      -88.748222       94.990364       11.622560
       111.31897
       0.0000000       126.00000      0.10986994       660.00000       344080.00
       3.2969890       1.6099032      0.46543676      0.36666667      0.43752447
       85.453239       26.183859      -89.372086       94.655434       11.726284
       113.81309
       0.0000000       125.00000      0.12575933       663.00000       341969.00
       3.2962689       1.5020764      0.46781263      0.43750000      0.47273612
       82.142143       36.216930      -92.241264       93.595833       11.996002
       109.56877
       0.0000000       124.00000      0.14187621       680.00000       340020.00
       3.2044704       1.5809013      0.46250659      0.45454544      0.45167997
       80.431435       59.658859      -82.304764       92.645729       11.646089
       104.96056
       0.0000000       123.00000      0.15274876       682.00000       338635.00
       3.1906888       1.4029059      0.46037683      0.48571426      0.42953315
       82.135506       71.323883      -62.796997       92.247047       11.701060
       101.91535
       0.0000000       122.00000      0.16925204       825.00000       347988.00
       3.1079080       1.4757187      0.46205893      0.38235301      0.43118903
       104.32071       58.721184      -33.156223       92.539436       11.371056
       93.679169
       0.0000000       121.00000      0.18038526       834.00000       345650.00
       3.1064835       1.3966507      0.46393883      0.42424244      0.42115325
       114.10188       35.475872      -38.754154       99.053291       11.469042
       49.442894
       0.0000000       120.00000      0.19728418       848.00000       343750.00
       3.0707698       1.4063917      0.46652740      0.44117647      0.43260661
       114.40977       17.898542      -52.074364       91.981636       11.617792
       86.203957
       0.0000000       119.00000      0.21442504       855.00000       341204.00
       3.0407414       1.5010082      0.45761970      0.48484850      0.44527349
       110.13843       13.679329      -65.280663       97.605156       11.575286
       58.049973
       0.0000000       118.00000      0.22598839       861.00000       339842.00
       3.0714183       1.4589263      0.45423394      0.48484850      0.41998512
       106.46099       4.0808244      -68.162613       98.733742       11.895168
       56.813999
       0.0000000       117.00000      0.24354018       863.00000       335339.00
       3.0004632       1.8190165      0.44796982      0.52941173      0.43585676
       94.939095       1.4200815      -81.520531       95.625633       12.142962
       77.621384
       0.0000000       116.00000      0.26134327       954.00000       338810.00
       2.9369807       2.1600592      0.44005188      0.51515150      0.42883965
       84.132149       3.5331514      -90.177429       96.161057       12.035982
       76.519783
       0.0000000       115.00000      0.27335334       955.00000       336288.00
       2.8638172       1.9914713      0.43519136      0.46875006      0.41929597
       73.553711      -8.3773603      -94.752670       96.981354       11.948267
       65.746727
       0.0000000       114.00000      0.29158324       964.00000       333471.00
       2.8214552       1.8315359      0.43153894      0.39999998      0.36257288
       65.674629      -17.653618      -95.377083       97.845909       11.735310
       64.094833
       0.0000000       113.00000      0.31007412       986.00000       331797.00
       2.7742929       2.1584229      0.42105943      0.46875006      0.37263909
       54.781807      -24.619211      -97.742149       100.46152       12.149676
       62.055382
       0.0000000       112.00000      0.32882974       1000.0000       327367.00
       2.6569397       2.2353356      0.40092313      0.46875006      0.39982429
       37.883701      -10.549833      -102.63194       97.848793       11.958928
       71.303978
       1.0000000       112.00000      0.32882974      -1.0000000       1.0000000
       0.0000000       0.0000000      -1.0000000      -1.0000000      -1.0000000
      -1.0000000      -1.0000000      -1.0000000      -1.0000000      -1.0000000
      -1.0000000
       0.0000000       111.00000      0.34785384       2127.0000       376653.00
       2.5851376       2.0450828      0.39420804      0.41176474      0.35494936
       30.325533      -2.5377800      -90.714600       96.448524       11.743840
       74.324318
       1.0000000       111.00000      0.34785384      -1.0000000       2.0000000
       0.0000000       0.0000000      -1.0000000      -1.0000000      -1.0000000
      -1.0000000      -1.0000000      -1.0000000      -1.0000000      -1.0000000
      -1.0000000
       0.0000000       110.00000      0.36068764       2148.0000       375531.00
       2.5719531       1.8031480      0.37637326      0.42424244      0.29065359
       33.349060     -0.43746355      -86.489471       95.390839       11.922101
       75.075226
       1.0000000       110.00000      0.36068764      -1.0000000       1.0000000
       0.0000000       0.0000000      -1.0000000      -1.0000000      -1.0000000
      -1.0000000      -1.0000000      -1.0000000      -1.0000000      -1.0000000
      -1.0000000
       0.0000000       109.00000      0.38016787       2166.0000       372809.00
       2.4899514       1.7427994      0.37664977      0.42857140      0.31449410
       37.615852       10.407526      -81.140427       95.779160       11.330085
       75.942329
       0.0000000       108.00000      0.39992696       2203.0000       371620.00
       2.4269874       1.9022616      0.36899000      0.38235301      0.29077104
       49.236568       19.862917      -70.802307       97.105965       11.120959
       75.616119
       0.0000000       107.00000      0.41996893       2291.0000       370355.00
       2.3771756       2.0469947      0.34750453      0.41666669      0.24674781
       67.871086       13.763905      -33.001877       97.245705       11.481420
       75.629974
       1.0000000       107.00000      0.41996893      -1.0000000       1.0000000
       0.0000000       0.0000000      -1.0000000      -1.0000000      -1.0000000
      -1.0000000      -1.0000000      -1.0000000      -1.0000000      -1.0000000
      -1.0000000
       0.0000000       106.00000      0.44029784       2246.0000       366289.00
       2.3083572       2.1620338      0.35447979      0.31250006      0.23073903
       73.759735      -9.4013996      -17.310068       97.403717       11.635358
       77.941734
       1.0000000       106.00000      0.44029784      -1.0000000       1.0000000
    0.0086821625      0.10002372      -1.0000000      -1.0000000      -1.0000000
      -1.0000000      -1.0000000      -1.0000000      -1.0000000      -1.0000000
      -1.0000000
       0.0000000       105.00000      0.46091780       2251.0000       362381.00
       2.1740103       2.2625320      0.36826557      0.33333337      0.25166643
       69.197479      -24.195324      -31.736296       96.155319       11.109883
       80.324646
       1.0000000       105.00000      0.46091780      -1.0000000       1.0000000
       0.0000000       0.0000000      -1.0000000      -1.0000000      -1.0000000
      -1.0000000      -1.0000000      -1.0000000      -1.0000000      -1.0000000
      -1.0000000
       0.0000000       104.00000      0.48183295       2286.0000       359367.00
       2.1178656       1.7398788      0.37767801      0.34375006      0.29838037
       70.903694      -39.117500      -47.560776       96.896774       10.310628
       83.198448
       1.0000000       104.00000      0.48183295      -1.0000000       3.0000000
     0.078235541      0.28826723      -1.0000000      -1.0000000      -1.0000000
      -1.0000000      -1.0000000      -1.0000000      -1.0000000      -1.0000000
      -1.0000000
       0.0000000       103.00000      0.50304753       2303.0000       355616.00
       2.0684526       1.6757436      0.37476790      0.29032254      0.28489524
       58.421570      -40.335903      -56.887718       96.383377       10.165735
       84.383392
       1.0000000       103.00000      0.50304753      -1.0000000       1.0000000
    0.0010465417     0.031493291      -1.0000000      -1.0000000      -1.0000000
      -1.0000000      -1.0000000      -1.0000000      -1.0000000      -1.0000000
      -1.0000000
       0.0000000       102.00000      0.52456582       2331.0000       353823.00
       1.9895325       1.5962976      0.37588796      0.25806451      0.27079278
       39.600430      -43.583317      -71.183640       96.708382       9.7035885
       83.279297
       1.0000000       102.00000      0.52456582      -1.0000000       1.0000000
    0.0010465417     0.031493291      -1.0000000      -1.0000000      -1.0000000
      -1.0000000      -1.0000000      -1.0000000      -1.0000000      -1.0000000
      -1.0000000
       0.0000000       101.00000      0.54639220       2429.0000       353408.00
       1.9337785       1.4977133      0.39036307      0.32258064      0.28782707
       30.597189      -36.125366      -83.253510       98.738602       9.6738796
       79.864304
       1.0000000       101.00000      0.54639220      -1.0000000       4.0000000
     0.021894674      0.20868816      -1.0000000      -1.0000000      -1.0000000
      -1.0000000      -1.0000000      -1.0000000      -1.0000000      -1.0000000
      -1.0000000
       0.0000000       100.00000      0.57598084       2447.0000       349870.00
       1.8482718       1.5707752      0.35478920      0.47222227      0.22297741
       34.621738      -5.5502586      -58.674503       103.08691       9.4604006
       75.244301
       0.0000000       99.000000      0.59854329       2454.0000       345626.00
       1.8013796       1.6232866      0.35036188      0.32258064      0.22887470
       59.362251       12.271080      -16.002436       107.37193       9.9163103
       67.826653
       0.0000000       98.000000      0.62142873       2526.0000       344207.00
       1.8577867       1.9854931      0.35588795      0.25000006      0.28240797
       75.847336       10.482786      -23.951374       113.53848       11.837355
       63.728191
       1.0000000       98.000000      0.62142873      -1.0000000       3.0000000
    0.0051388275     0.078732751      -1.0000000      -1.0000000      -1.0000000
      -1.0000000      -1.0000000      -1.0000000      -1.0000000      -1.0000000
      -1.0000000
       0.0000000       97.000000      0.64464182       2557.0000       342338.00
       1.6516733       2.1188774      0.36030474      0.30303037      0.26654378
       62.795906       1.3037869      -20.769764       104.89166       9.4823561
       74.324783
       0.0000000       96.000000      0.67611039       2584.0000       339756.00
       1.6019568       1.3390259      0.39750254      0.28125006      0.27358571
       83.072182      -10.359815      -32.797806       97.719147       8.8757315
       75.601334
       0.0000000       95.000000      0.70010638       2612.0000       336952.00
       1.5490264       1.5403032      0.41563728      0.37142855      0.34724683
       83.078087      -35.768166      -37.069801       97.153389       8.6896439
       75.920982
       1.0000000       95.000000      0.70010638      -1.0000000       2.0000000
   0.00078321173     0.015568721      -1.0000000      -1.0000000      -1.0000000
      -1.0000000      -1.0000000      -1.0000000      -1.0000000      -1.0000000
      -1.0000000
       0.0000000       94.000000      0.73263615       2642.0000       334333.00
       1.4776359       1.2813808      0.43252108      0.42424244      0.33174250
       66.384315      -65.020210      -53.824894       95.195038       8.2728882
       79.738869
       0.0000000       93.000000      0.75744140      -1.0000000       331152.00
       1.4343786       1.4666307      -1.0000000      -1.0000000      -1.0000000
      -1.0000000      -1.0000000      -1.0000000       93.105484       8.3691082
       79.755898
       1.0000000       93.000000      0.75744140      -1.0000000       1.0000000
   0.00071405573     0.038071889      -1.0000000      -1.0000000      -1.0000000
      -1.0000000      -1.0000000      -1.0000000      -1.0000000      -1.0000000
      -1.0000000
       0.0000000       92.000000      0.79106826      -1.0000000       326509.00
       1.3446779       1.3777488      -1.0000000      -1.0000000      -1.0000000
      -1.0000000      -1.0000000      -1.0000000       92.690643       8.1622982
       80.311432
       0.0000000       91.000000      0.81671000      -1.0000000       323923.00
       1.3285369       1.5408465      -1.0000000      -1.0000000      -1.0000000
      -1.0000000      -1.0000000      -1.0000000       93.514259       8.2121763
       80.036758
       1.0000000       91.000000      0.81671000      -1.0000000       2.0000000
    0.0011793370     0.035800084      -1.0000000      -1.0000000      -1.0000000
      -1.0000000      -1.0000000      -1.0000000      -1.0000000      -1.0000000
      -1.0000000
       0.0000000       90.000000      0.85147089      -1.0000000       320331.00
       1.2664704       1.3688066      -1.0000000      -1.0000000      -1.0000000
      -1.0000000      -1.0000000      -1.0000000       93.798546       8.4408855
       78.254478
       0.0000000       89.000000      0.88689691      -1.0000000       333942.00
       1.2617294       1.4794477      -1.0000000      -1.0000000      -1.0000000
      -1.0000000      -1.0000000      -1.0000000       96.713051       8.7340345
       74.503860
       0.0000000       88.000000      0.92300081      -1.0000000       328858.00
       1.2156141       1.7599962      -1.0000000      -1.0000000      -1.0000000
      -1.0000000      -1.0000000      -1.0000000       96.946716       9.3291950
       74.097870
       0.0000000       87.000000      0.95053136      -1.0000000       325715.00
       1.1852438       1.4828019      -1.0000000      -1.0000000      -1.0000000
      -1.0000000      -1.0000000      -1.0000000       96.051971       9.0836287
       75.238472
       0.0000000       86.000000      0.98785281      -1.0000000       318400.00
       1.1329855       1.2014152      -1.0000000      -1.0000000      -1.0000000
      -1.0000000      -1.0000000      -1.0000000       93.494522       8.3685827
       77.104767
       1.0000000       86.000000      0.98785281      -1.0000000       1.0000000
       0.0000000       0.0000000      -1.0000000      -1.0000000      -1.0000000
      -1.0000000      -1.0000000      -1.0000000      -1.0000000      -1.0000000
      -1.0000000
       0.0000000       85.000000      0.99729425      -1.0000000       316755.00
       1.1576810       1.1812505      -1.0000000      -1.0000000      -1.0000000
      -1.0000000      -1.0000000      -1.0000000       93.491386       8.8684950
       75.735611
       0.0000000       84.000000       1.0355104      -1.0000000       310951.00
       1.1469382       1.3090169      -1.0000000      -1.0000000      -1.0000000
      -1.0000000      -1.0000000      -1.0000000       96.402710       8.5533905
       71.119415
       0.0000000       83.000000       1.0744579      -1.0000000       305584.00
       1.0743511       1.8657479      -1.0000000      -1.0000000      -1.0000000
      -1.0000000      -1.0000000      -1.0000000       94.012306       8.9880571
       69.624626
       0.0000000       82.000000       1.1141505      -1.0000000       301047.00
       1.0275127       1.6394643      -1.0000000      -1.0000000      -1.0000000
      -1.0000000      -1.0000000      -1.0000000       92.793457       8.5965691
       70.434387
       0.0000000       81.000000       1.1546028      -1.0000000       296926.00
      0.99403369       1.4729825      -1.0000000      -1.0000000      -1.0000000
      -1.0000000      -1.0000000      -1.0000000       93.876984       8.3840818
       69.151680
       1.0000000       81.000000       1.1546028      -1.0000000       1.0000000
       0.0000000       0.0000000      -1.0000000      -1.0000000      -1.0000000
      -1.0000000      -1.0000000      -1.0000000      -1.0000000      -1.0000000
      -1.0000000
       0.0000000       80.000000       1.2062581      -1.0000000       289398.00
      0.91124684       1.5706046      -1.0000000      -1.0000000      -1.0000000
      -1.0000000      -1.0000000      -1.0000000       95.056694       7.9342146
       67.362267
       0.0000000       79.000000       1.2484726      -1.0000000       295455.00
      0.83793813       1.6683626      -1.0000000      -1.0000000      -1.0000000
      -1.0000000      -1.0000000      -1.0000000       95.811325       7.4062648
       65.793358
       1.0000000       79.000000       1.2484726      -1.0000000       1.0000000
   0.00099792238       0.0000000      -1.0000000      -1.0000000      -1.0000000
      -1.0000000      -1.0000000      -1.0000000      -1.0000000      -1.0000000
      -1.0000000
       0.0000000       78.000000       1.3023784      -1.0000000       289489.00
      0.75896925       1.5019966      -1.0000000      -1.0000000      -1.0000000
      -1.0000000      -1.0000000      -1.0000000       92.661438       7.6105871
       70.616142
       0.0000000       77.000000       1.3575766      -1.0000000       283947.00
      0.71622086       1.3306309      -1.0000000      -1.0000000      -1.0000000
      -1.0000000      -1.0000000      -1.0000000       89.087509       7.2661905
       76.403625
       0.0000000       76.000000       1.4140983      -1.0000000       276347.00
      0.66363132       1.3406261      -1.0000000      -1.0000000      -1.0000000
      -1.0000000      -1.0000000      -1.0000000       89.021019       7.4239655
       80.954369
       0.0000000       75.000000       1.4719748      -1.0000000       269858.00
      0.63340348       1.4567193      -1.0000000      -1.0000000      -1.0000000
      -1.0000000      -1.0000000      -1.0000000       91.845535       7.1879106
       81.648361
       0.0000000       74.000000       1.5312390      -1.0000000       262314.00
      0.57846546       1.6363025      -1.0000000      -1.0000000      -1.0000000
      -1.0000000      -1.0000000      -1.0000000       91.800461       8.2682352
       80.656639
       1.0000000       74.000000       1.5312390      -1.0000000       2.0000000
    0.0017512727     0.055813354      -1.0000000      -1.0000000      -1.0000000
      -1.0000000      -1.0000000      -1.0000000      -1.0000000      -1.0000000
      -1.0000000
       0.0000000       73.000000       1.6042346      -1.0000000       253881.00
      0.53623271       1.6784500      -1.0000000      -1.0000000      -1.0000000
      -1.0000000      -1.0000000      -1.0000000       95.502747       8.2174120
       82.327087
       0.0000000       72.000000       1.6666696      -1.0000000       246826.00
      0.45572335       2.0960205      -1.0000000      -1.0000000      -1.0000000
      -1.0000000      -1.0000000      -1.0000000       95.620102       8.7260618
       80.576874
       2.0000000       72.000000       1.6666696      0.27988246       69.000000
     0.039884008      0.30340409      -1.0000000      -1.0000000      -1.0000000
      -1.0000000      -1.0000000      -1.0000000      -1.0000000      -1.0000000
      -1.0000000
       1.0000000       72.000000       1.6666696      -1.0000000       1.0000000
    0.0010673826     0.045129262      -1.0000000      -1.0000000      -1.0000000
      -1.0000000      -1.0000000      -1.0000000      -1.0000000      -1.0000000
      -1.0000000
       0.0000000       71.000000       1.7435706      -1.0000000       237703.00
      0.41792509       2.3134081      -1.0000000      -1.0000000      -1.0000000
      -1.0000000      -1.0000000      -1.0000000       100.98325       9.2137346
       72.878006
       0.0000000       70.000000       1.8226893      -1.0000000       229169.00
      0.36899847       1.8904700      -1.0000000      -1.0000000      -1.0000000
      -1.0000000      -1.0000000      -1.0000000       102.86451       10.958877
       73.277000
       0.0000000       69.000000       1.9040896      -1.0000000       220511.00
      0.26546919       1.0113075      -1.0000000      -1.0000000      -1.0000000
      -1.0000000      -1.0000000      -1.0000000       93.159843       5.9210639
       87.099602
       0.0000000       68.000000       2.0020282      -1.0000000       209559.00
      0.15713538      0.90234560      -1.0000000      -1.0000000      -1.0000000
      -1.0000000      -1.0000000      -1.0000000       89.241417       3.9186919
       95.023285
       2.0000000       68.000000       2.0020282      0.26298487       68.000000
     0.037476059      0.10967065      -1.0000000      -1.0000000      -1.0000000
      -1.0000000      -1.0000000      -1.0000000      -1.0000000      -1.0000000
      -1.0000000
       1.0000000       68.000000       2.0020282      -1.0000000       1.0000000
       0.0000000       0.0000000      -1.0000000      -1.0000000      -1.0000000
      -1.0000000      -1.0000000      -1.0000000      -1.0000000      -1.0000000
      -1.0000000
       0.0000000       67.000000       2.1032696      -1.0000000       199662.00
      0.14250271      0.50043702      -1.0000000      -1.0000000      -1.0000000
      -1.0000000      -1.0000000      -1.0000000       87.698486       2.9760609
       91.934685
       2.0000000       67.000000       2.1032696      0.26298487       67.000000
     0.037476059      0.10967065      -1.0000000      -1.0000000      -1.0000000
      -1.0000000      -1.0000000      -1.0000000      -1.0000000      -1.0000000
      -1.0000000
       0.0000000       66.000000       2.2079256      -1.0000000       188488.00
      0.13411193      0.46001700      -1.0000000      -1.0000000      -1.0000000
      -1.0000000      -1.0000000      -1.0000000       86.331116       2.8977630
       89.462822
       0.0000000       65.000000       2.3161108      -1.0000000       195073.00
      0.11983342      0.54327965      -1.0000000      -1.0000000      -1.0000000
      -1.0000000      -1.0000000      -1.0000000       84.536934       2.7456386
       97.347832
       0.0000000       64.000000       2.4442258      -1.0000000       183430.00
     0.098473035      0.52115899      -1.0000000      -1.0000000      -1.0000000
      -1.0000000      -1.0000000      -1.0000000       78.653358       2.6570659
       95.800323
       0.0000000       63.000000       2.5772903      -1.0000000       168518.00
     0.080036998      0.40614843      -1.0000000      -1.0000000      -1.0000000
      -1.0000000      -1.0000000      -1.0000000       70.419746       2.2367861
       91.291740
       1.0000000       63.000000       2.5772903      -1.0000000       1.0000000
   0.00026834579    0.0098951412      -1.0000000      -1.0000000      -1.0000000
      -1.0000000      -1.0000000      -1.0000000      -1.0000000      -1.0000000
      -1.0000000
       0.0000000       62.000000       2.7331426      -1.0000000       163288.00
     0.070954084      0.29294115      -1.0000000      -1.0000000      -1.0000000
      -1.0000000      -1.0000000      -1.0000000       65.956474       1.9021891
       73.238235
       0.0000000       61.000000       2.8957851      -1.0000000       202914.00
     0.064853959      0.28526127      -1.0000000      -1.0000000      -1.0000000
      -1.0000000      -1.0000000      -1.0000000       66.467560       1.9529153
       68.793465
       1.0000000       61.000000       2.8957851      -1.0000000       1.0000000
       0.0000000       0.0000000      -1.0000000      -1.0000000      -1.0000000
      -1.0000000      -1.0000000      -1.0000000      -1.0000000      -1.0000000
      -1.0000000
       0.0000000       60.000000       3.0081310      -1.0000000       193403.00
     0.060958136      0.39519879      -1.0000000      -1.0000000      -1.0000000
      -1.0000000      -1.0000000      -1.0000000       66.680458       2.0946546
       68.307938
       0.0000000       59.000000       3.0848227      -1.0000000       187079.00
     0.055920292      0.36297345      -1.0000000      -1.0000000      -1.0000000
      -1.0000000      -1.0000000      -1.0000000       66.599724       1.8256701
       68.429253
       1.0000000       59.000000       3.0848227      -1.0000000       1.0000000
       0.0000000       0.0000000      -1.0000000      -1.0000000      -1.0000000
      -1.0000000      -1.0000000      -1.0000000      -1.0000000      -1.0000000
      -1.0000000
       0.0000000       58.000000       3.2830331      -1.0000000       174189.00
     0.046800096      0.28456643      -1.0000000      -1.0000000      -1.0000000
      -1.0000000      -1.0000000      -1.0000000       68.048935       1.7594362
       67.163651
       1.0000000       58.000000       3.2830331      -1.0000000       1.0000000
       0.0000000       0.0000000      -1.0000000      -1.0000000      -1.0000000
      -1.0000000      -1.0000000      -1.0000000      -1.0000000      -1.0000000
      -1.0000000
       0.0000000       57.000000       3.4908614      -1.0000000       155430.00
     0.036120389      0.41127086      -1.0000000      -1.0000000      -1.0000000
      -1.0000000      -1.0000000      -1.0000000       70.689545       2.3940156
       64.248634
