       0.0000000       135.00000       0.0000000       761.00000       377008.00
       4.5106778       2.0230422      0.52222830      0.62500000      0.54530424
      -81.192078       141.83243      -43.909534       117.02694       20.487514
       114.62536
       0.0000000       134.00000    0.0095216669       743.00000       373135.00
       4.4856262       1.9764501      0.51792502      0.62500000      0.54300576
      -86.383904       135.71182      -37.778469       117.10992       20.326935
       115.24760
       0.0000000       133.00000     0.023974428       762.00000       371225.00
       4.4158635       2.0867748      0.51761657      0.60000002      0.52728665
      -82.657852       141.00252      -15.949906       117.83598       20.476450
       114.03779
       0.0000000       132.00000     0.033724371       765.00000       370433.00
       4.3432102       2.0444968      0.51572120      0.54838705      0.49732417
      -75.357567       142.00293      -14.019572       118.02660       20.186781
       112.78062
       0.0000000       131.00000     0.048523631       754.00000       365212.00
       4.3278594       2.0085247      0.50461805      0.54838705      0.49746084
      -68.110725       142.05617      -15.546420       118.14339       20.401604
       113.17807
       0.0000000       130.00000     0.058507323       778.00000       364739.00
       4.2937322       1.9640118      0.50554240      0.56250006      0.51363504
      -61.703667       143.07912      -23.573975       118.69803       20.218998
       112.81734
       1.0000000       130.00000     0.058507323      -1.0000000       1.0000000
   0.00047066930       0.0000000      -1.0000000      -1.0000000      -1.0000000
      -1.0000000      -1.0000000      -1.0000000      -1.0000000      -1.0000000
      -1.0000000
       0.0000000       129.00000     0.073661387       833.00000       366428.00
       4.2065239       2.2203059      0.50213134      0.54838705      0.51373702
      -58.691952       138.05849      -40.696491       118.61156       20.440063
       113.32420
       1.0000000       129.00000     0.073661387      -1.0000000       1.0000000
       0.0000000       0.0000000      -1.0000000      -1.0000000      -1.0000000
      -1.0000000      -1.0000000      -1.0000000      -1.0000000      -1.0000000
      -1.0000000
       0.0000000       128.00000     0.083884433       879.00000       367621.00
       4.1715255       2.2139473      0.49766365      0.53333330      0.48878714
      -71.476974       126.71729      -44.559181       119.11897       20.118753
       112.67030
       1.0000000       128.00000     0.083884433      -1.0000000       1.0000000
   0.00082997710     0.036218893      -1.0000000      -1.0000000      -1.0000000
      -1.0000000      -1.0000000      -1.0000000      -1.0000000      -1.0000000
      -1.0000000
       0.0000000       127.00000     0.099401802       863.00000       364025.00
       4.0869303       2.1733308      0.49199402      0.53333330      0.48431012
      -78.703773       119.54144      -32.047089       118.53646       20.205214
       113.92341
       1.0000000       127.00000     0.099401802      -1.0000000       2.0000000
     0.010712623     0.080222912      -1.0000000      -1.0000000      -1.0000000
      -1.0000000      -1.0000000      -1.0000000      -1.0000000      -1.0000000
      -1.0000000
       0.0000000       126.00000      0.10986994       893.00000       364285.00
       4.0672712       1.8807931      0.48832181      0.54838705      0.48658842
      -77.463257       118.83570      -28.363907       118.59386       19.886122
       113.50466
       0.0000000       125.00000      0.12575933       894.00000       362008.00
       3.9988737       1.8722221      0.48794290      0.48275858      0.45187008
      -74.375603       122.49460      -18.933701       118.91277       19.780960
       114.11262
       1.0000000       125.00000      0.12575933      -1.0000000       2.0000000
    0.0064022522     0.037198160      -1.0000000      -1.0000000      -1.0000000
      -1.0000000      -1.0000000      -1.0000000      -1.0000000      -1.0000000
      -1.0000000
       0.0000000       124.00000      0.14187621       914.00000       359959.00
       3.9630363       2.0377350      0.48280856      0.48275858      0.41860110
      -58.235653       128.13350      -10.960136       119.97552       19.949446
       113.99128
       1.0000000       124.00000      0.14187621      -1.0000000       1.0000000
   0.00038100086       0.0000000      -1.0000000      -1.0000000      -1.0000000
      -1.0000000      -1.0000000      -1.0000000      -1.0000000      -1.0000000
      -1.0000000
       0.0000000       123.00000      0.15274876       921.00000       358849.00
       3.8887205       2.1750538      0.47987622      0.48275858      0.44714639
      -41.610207       134.27354      -18.413921       120.21002       19.975451
       113.75832
       1.0000000       123.00000      0.15274876      -1.0000000       1.0000000
       0.0000000       0.0000000      -1.0000000      -1.0000000      -1.0000000
      -1.0000000      -1.0000000      -1.0000000      -1.0000000      -1.0000000
      -1.0000000
       0.0000000       122.00000      0.16925204       972.00000       359071.00
       3.8572032       2.1550577      0.48247987      0.51724136      0.43031141
      -26.461222       129.74338      -40.733013       120.59840       20.169409
       113.75674
       0.0000000       121.00000      0.18038526       954.00000       354690.00
       3.7958429       2.6588233      0.47858655      0.51724136      0.41827604
      -30.420589       117.39162      -57.524567       121.15934       20.309319
       114.79370
       1.0000000       121.00000      0.18038526      -1.0000000       1.0000000
       0.0000000       0.0000000      -1.0000000      -1.0000000      -1.0000000
      -1.0000000      -1.0000000      -1.0000000      -1.0000000      -1.0000000
      -1.0000000
       0.0000000       120.00000      0.19728418       952.00000       351472.00
       3.7255599       2.4202027      0.47920740      0.42307693      0.43133506
      -48.179390       102.19572      -63.789444       120.71857       20.358006
       116.08012
       1.0000000       120.00000      0.19728418      -1.0000000       2.0000000
   0.00019657421       0.0000000      -1.0000000      -1.0000000      -1.0000000
      -1.0000000      -1.0000000      -1.0000000      -1.0000000      -1.0000000
      -1.0000000
       0.0000000       119.00000      0.21442504       993.00000       351301.00
       3.6829832       2.1086082      0.47755140      0.48148143      0.40267202
      -60.903126       90.315315      -74.668190       120.39791       20.000071
       115.91404
       0.0000000       118.00000      0.22598839       985.00000       348982.00
       3.6664598       2.4262097      0.47015315      0.50000000      0.38814893
      -66.647301       85.127914      -63.721436       119.98389       20.375669
       116.40422
       1.0000000       118.00000      0.22598839      -1.0000000       1.0000000
       0.0000000       0.0000000      -1.0000000      -1.0000000      -1.0000000
      -1.0000000      -1.0000000      -1.0000000      -1.0000000      -1.0000000
      -1.0000000
       0.0000000       117.00000      0.24354018       998.00000       345307.00
       3.5620494       2.6026807      0.46732619      0.44827580      0.39369202
      -70.808006       82.288795      -56.718361       118.58012       19.987392
       116.97362
       0.0000000       116.00000      0.26134327       1019.0000       343290.00
       3.4929314       2.0634520      0.45854864      0.46666664      0.40947431
      -77.208771       69.847618      -58.414818       118.43723       19.234993
       116.42893
       1.0000000       116.00000      0.26134327      -1.0000000       1.0000000
     0.018315237     0.098529339      -1.0000000      -1.0000000      -1.0000000
      -1.0000000      -1.0000000      -1.0000000      -1.0000000      -1.0000000
      -1.0000000
       0.0000000       115.00000      0.27335334       1023.0000       340845.00
       3.4809000       2.2001443      0.45881733      0.48387092      0.39711526
      -83.515480       66.106956      -53.878803       118.67023       19.548786
       116.47921
       0.0000000       114.00000      0.29158324       1025.0000       337554.00
       3.4051883       2.2872124      0.45907098      0.46666664      0.40062368
      -82.132835       73.801941      -43.732906       119.31367       18.851824
       117.02288
       1.0000000       114.00000      0.29158324      -1.0000000       1.0000000
   9.7087890e-05       0.0000000      -1.0000000      -1.0000000      -1.0000000
      -1.0000000      -1.0000000      -1.0000000      -1.0000000      -1.0000000
      -1.0000000
       0.0000000       113.00000      0.31007412       1037.0000       335032.00
       3.3298542       2.5065958      0.44863629      0.46666664      0.35777450
      -72.202232       69.369804      -43.191017       117.84097       19.599592
       118.10973
       0.0000000       112.00000      0.32882974       1050.0000       330770.00
       3.3165998       2.1625679      0.44471353      0.42857134      0.31705615
      -71.718636       59.968842      -48.898823       117.67950       19.159634
       120.40779
       1.0000000       112.00000      0.32882974      -1.0000000       2.0000000
       0.0000000       0.0000000      -1.0000000      -1.0000000      -1.0000000
      -1.0000000      -1.0000000      -1.0000000      -1.0000000      -1.0000000
      -1.0000000
       0.0000000       111.00000      0.34785384       1074.0000       329432.00
       3.2173619       2.3495994      0.44284508      0.42857134      0.36187226
      -72.708885       53.001808      -52.837353       117.91454       18.958696
       121.87117
       0.0000000       110.00000      0.36068764       1072.0000       327329.00
       3.1889808       2.3010075      0.44171274      0.44827580      0.35928077
      -75.263832       44.323879      -48.630241       117.87910       18.921789
       123.83780
       0.0000000       109.00000      0.38016787       1097.0000       325152.00
       3.1481500       2.2216389      0.42669243      0.44444442      0.26124379
      -73.488274       41.709953      -46.202457       118.16896       18.783403
       126.11966
       0.0000000       108.00000      0.39992696       1093.0000       322492.00
       3.0764146       1.9913522      0.42619517      0.42857134      0.30243349
      -73.994011       41.454060      -49.049191       117.27770       18.685509
       129.11084
       1.0000000       108.00000      0.39992696      -1.0000000       4.0000000
      0.48227452       1.1626252      -1.0000000      -1.0000000      -1.0000000
      -1.0000000      -1.0000000      -1.0000000      -1.0000000      -1.0000000
      -1.0000000
       0.0000000       107.00000      0.41996893       1115.0000       319963.00
       2.9871988       1.8672161      0.42129263      0.44827580      0.31054974
      -70.404411       30.130033      -49.198879       117.49310       17.285303
       130.36865
       1.0000000       107.00000      0.41996893      -1.0000000       2.0000000
   0.00097069028     0.051087961      -1.0000000      -1.0000000      -1.0000000
      -1.0000000      -1.0000000      -1.0000000      -1.0000000      -1.0000000
      -1.0000000
       0.0000000       106.00000      0.44029784       1179.0000       321344.00
       2.8752582       1.9753973      0.41130808      0.36666667      0.27698749
      -62.919601       20.052774      -45.228756       117.97028       16.408449
       131.21184
       0.0000000       105.00000      0.46091780       1186.0000       317508.00
       2.8119016       1.8692467      0.40790719      0.36666667      0.26208907
      -64.120117       10.479949      -34.840504       118.66301       16.149950
       129.39142
       1.0000000       105.00000      0.46091780      -1.0000000       1.0000000
       0.0000000       0.0000000      -1.0000000      -1.0000000      -1.0000000
      -1.0000000      -1.0000000      -1.0000000      -1.0000000      -1.0000000
      -1.0000000
       0.0000000       104.00000      0.48183295       1186.0000       313348.00
       2.8255589       1.6840187      0.40433496      0.34482753      0.24104975
      -65.431816       11.113108      -25.827780       121.11175       16.228882
       123.84357
       0.0000000       103.00000      0.50304753       1196.0000       309267.00
       2.7717025       1.5843971      0.40070418      0.38709676      0.23655063
      -64.179382       18.670427      -23.491884       125.13428       15.935740
       118.59517
       1.0000000       103.00000      0.50304753      -1.0000000       3.0000000
     0.051594414      0.41549874      -1.0000000      -1.0000000      -1.0000000
      -1.0000000      -1.0000000      -1.0000000      -1.0000000      -1.0000000
      -1.0000000
       0.0000000       102.00000      0.52456582       1179.0000       305284.00
       2.7394962       1.5149237      0.40045613      0.34482753      0.24179773
      -58.101631       24.724083      -34.695923       129.83014       16.687653
       112.29187
       1.0000000       102.00000      0.52456582      -1.0000000       2.0000000
    0.0035650440      0.10362859      -1.0000000      -1.0000000      -1.0000000
      -1.0000000      -1.0000000      -1.0000000      -1.0000000      -1.0000000
      -1.0000000
       0.0000000       101.00000      0.54639220       1139.0000       299149.00
       2.7442634       1.7179135      0.38901898      0.37037033      0.25127479
      -49.575703       15.994903      -42.459160       133.96327       16.906031
       105.60004
       1.0000000       101.00000      0.54639220      -1.0000000       1.0000000
   0.00034828711       0.0000000      -1.0000000      -1.0000000      -1.0000000
      -1.0000000      -1.0000000      -1.0000000      -1.0000000      -1.0000000
      -1.0000000
       0.0000000       100.00000      0.57598084       1092.0000       292013.00
       2.5854013       2.0262725      0.38710383      0.39285713      0.26197293
      -41.162708       5.6306696      -46.098164       130.85410       15.605371
       112.52580
       0.0000000       99.000000      0.59854329       1120.0000       289041.00
       2.4490836       1.7525953      0.37728179      0.39999998      0.22890450
      -39.508358      -5.7551088      -38.630985       126.34711       13.755988
       119.83959
       1.0000000       99.000000      0.59854329      -1.0000000       1.0000000
       0.0000000       0.0000000      -1.0000000      -1.0000000      -1.0000000
      -1.0000000      -1.0000000      -1.0000000      -1.0000000      -1.0000000
      -1.0000000
       0.0000000       98.000000      0.62142873       1112.0000       284917.00
       2.4333613       1.7079265      0.37623668      0.27586204      0.19056721
      -39.608868      -14.760804      -34.880600       125.27106       14.440715
       122.36507
       0.0000000       97.000000      0.64464182       1100.0000       281641.00
       2.3868520       1.8655698      0.37546125      0.30000001      0.18425338
      -47.093567      -11.600733      -21.607168       124.73495       14.792927
       119.02433
       0.0000000       96.000000      0.67611039       1108.0000       278647.00
       2.2535801       1.6955659      0.37764338      0.20689654      0.17560923
      -50.831596       7.4602017      -10.998020       123.01730       13.865870
       125.04136
       1.0000000       96.000000      0.67611039      -1.0000000       2.0000000
     0.013974839      0.16299455      -1.0000000      -1.0000000      -1.0000000
      -1.0000000      -1.0000000      -1.0000000      -1.0000000      -1.0000000
      -1.0000000
       0.0000000       95.000000      0.70010638       1111.0000       275242.00
       2.1899042       1.4656789      0.37954560      0.18518513      0.18454096
      -40.049301       19.773798      -19.011631       120.03695       12.278413
       132.31201
       1.0000000       95.000000      0.70010638      -1.0000000       1.0000000
   0.00075813371     0.016621348      -1.0000000      -1.0000000      -1.0000000
      -1.0000000      -1.0000000      -1.0000000      -1.0000000      -1.0000000
      -1.0000000
       0.0000000       94.000000      0.73263615       1134.0000       272881.00
       2.0803528      0.82284957      0.37325814      0.23333335      0.17691927
      -30.643364       14.807716      -26.551567       115.62247       10.875323
       141.15796
       1.0000000       94.000000      0.73263615      -1.0000000       1.0000000
      0.34923801      0.33862734      -1.0000000      -1.0000000      -1.0000000
      -1.0000000      -1.0000000      -1.0000000      -1.0000000      -1.0000000
      -1.0000000
       0.0000000       93.000000      0.75744140       1147.0000       269156.00
       2.0486968      0.68825901      0.37771374      0.17241371      0.15166327
      -26.800472       11.555857      -33.646984       113.91082       10.390291
       144.54636
       1.0000000       93.000000      0.75744140      -1.0000000       2.0000000
    0.0026517319     0.063593951      -1.0000000      -1.0000000      -1.0000000
      -1.0000000      -1.0000000      -1.0000000      -1.0000000      -1.0000000
      -1.0000000
       0.0000000       92.000000      0.79106826       1122.0000       261736.00
       1.9896364      0.83974159      0.37265128      0.18518513      0.15869474
      -25.607790       4.8506556      -35.418804       113.75536       9.7856598
       150.68823
       1.0000000       92.000000      0.79106826      -1.0000000       1.0000000
    0.0023732544     0.055397093      -1.0000000      -1.0000000      -1.0000000
      -1.0000000      -1.0000000      -1.0000000      -1.0000000      -1.0000000
      -1.0000000
       0.0000000       91.000000      0.81671000       1121.0000       258234.00
       1.9470721      0.74824888      0.36755782      0.30000001      0.15372147
      -20.962656      -2.1033447      -35.476948       114.32978       9.0384779
       150.55075
       0.0000000       90.000000      0.85147089       1174.0000       257178.00
       1.8986080      0.77712196      0.36890772      0.26666665      0.15514961
      -17.788626      -15.669464      -33.829632       116.42292       8.6794424
       151.30946
       1.0000000       90.000000      0.85147089      -1.0000000       1.0000000
    0.0025002523     0.028227177      -1.0000000      -1.0000000      -1.0000000
      -1.0000000      -1.0000000      -1.0000000      -1.0000000      -1.0000000
      -1.0000000
       0.0000000       89.000000      0.88689691       1157.0000       252384.00
       1.8901403      0.82059330      0.35835060      0.20689654      0.17172872
      -14.951527      -19.133345      -34.229095       119.67998       8.4852715
       149.99919
       0.0000000       88.000000      0.92300081       1146.0000       246391.00
       1.8530928      0.66332680      0.35464635      0.17241371      0.15797007
      -12.613189      -16.592230      -36.132477       123.54977       8.2082796
       145.16954
       1.0000000       88.000000      0.92300081      -1.0000000       1.0000000
    0.0025002523     0.028227177      -1.0000000      -1.0000000      -1.0000000
      -1.0000000      -1.0000000      -1.0000000      -1.0000000      -1.0000000
      -1.0000000
       0.0000000       87.000000      0.95053136       1173.0000       244915.00
       1.8298234      0.71799451      0.35182142      0.17241371      0.15707859
      -10.138081      -18.246851      -33.785137       126.25137       8.2797489
       140.08435
       1.0000000       87.000000      0.95053136      -1.0000000       1.0000000
   0.00044587778       0.0000000      -1.0000000      -1.0000000      -1.0000000
      -1.0000000      -1.0000000      -1.0000000      -1.0000000      -1.0000000
      -1.0000000
       0.0000000       86.000000      0.98785281       1177.0000       239939.00
       1.8038008      0.98629421      0.34186649      0.30303037      0.14627658
      -9.9254961      -21.451714      -26.536699       130.41985       8.1775513
       137.70906
       1.0000000       86.000000      0.98785281      -1.0000000       1.0000000
   0.00097757590       0.0000000      -1.0000000      -1.0000000      -1.0000000
      -1.0000000      -1.0000000      -1.0000000      -1.0000000      -1.0000000
      -1.0000000
       0.0000000       85.000000      0.99729425       1184.0000       239056.00
       1.7921120      0.85061884      0.33948538      0.25806451      0.11895740
      -7.4248490      -21.377863      -21.455729       129.70885       8.0220394
       137.85976
       1.0000000       85.000000      0.99729425      -1.0000000       1.0000000
    0.0068234620     0.035606693      -1.0000000      -1.0000000      -1.0000000
      -1.0000000      -1.0000000      -1.0000000      -1.0000000      -1.0000000
      -1.0000000
       0.0000000       84.000000       1.0355104       1196.0000       234933.00
       1.7297045      0.84361821      0.33104271      0.23333335      0.11672154
      -3.5248992      -11.550728      -12.291043       129.08400       7.5655613
       142.46225
       1.0000000       84.000000       1.0355104      -1.0000000       2.0000000
    0.0040867249     0.039691996      -1.0000000      -1.0000000      -1.0000000
      -1.0000000      -1.0000000      -1.0000000      -1.0000000      -1.0000000
      -1.0000000
       0.0000000       83.000000       1.0744579       1194.0000       229113.00
       1.7447685      0.81940883      0.32791936      0.19999999      0.14406709
      -20.165964      0.93744397      -7.8025818       133.53201       7.8857718
       142.43730
       0.0000000       82.000000       1.1141505       1197.0000       223086.00
       1.6627259      0.55537432      0.36185348      0.24242431      0.16487296
      -37.371807       13.273027      -7.3724184       131.09055       7.1137600
       136.72371
       1.0000000       82.000000       1.1141505      -1.0000000       1.0000000
       0.0000000       0.0000000      -1.0000000      -1.0000000      -1.0000000
      -1.0000000      -1.0000000      -1.0000000      -1.0000000      -1.0000000
      -1.0000000
       0.0000000       81.000000       1.1546028       1215.0000       220105.00
       1.6252607      0.71965021      0.37677228      0.29411763      0.18018156
      -41.176842       15.223877       3.4979703       127.84303       6.9711537
       134.12859
       1.0000000       81.000000       1.1546028      -1.0000000       1.0000000
   0.00046634593     0.018519184      -1.0000000      -1.0000000      -1.0000000
      -1.0000000      -1.0000000      -1.0000000      -1.0000000      -1.0000000
      -1.0000000
       0.0000000       80.000000       1.2062581       1211.0000       212200.00
       1.6445647      0.59848046      0.38812089      0.31250006      0.18669769
      -36.832439       2.7738969       10.559278       130.09843       7.4297109
       139.35789
       1.0000000       80.000000       1.2062581      -1.0000000       1.0000000
   0.00024506100       0.0000000      -1.0000000      -1.0000000      -1.0000000
      -1.0000000      -1.0000000      -1.0000000      -1.0000000      -1.0000000
      -1.0000000
       0.0000000       79.000000       1.2484726       1216.0000       208303.00
       1.6236894      0.57433426      0.35804954      0.41176474      0.18275839
      -26.500935      -11.172826       21.365854       128.71602       7.4729424
       130.54532
       1.0000000       79.000000       1.2484726      -1.0000000       1.0000000
   0.00024506100       0.0000000      -1.0000000      -1.0000000      -1.0000000
      -1.0000000      -1.0000000      -1.0000000      -1.0000000      -1.0000000
      -1.0000000
       0.0000000       78.000000       1.3023784       1190.0000       200526.00
       1.5574036       1.0696511      0.36993608      0.45161289      0.20685183
      -24.813211      0.92397106       52.265579       122.68282       7.6738491
       139.31618
       1.0000000       78.000000       1.3023784      -1.0000000       3.0000000
   0.00098357027       0.0000000      -1.0000000      -1.0000000      -1.0000000
      -1.0000000      -1.0000000      -1.0000000      -1.0000000      -1.0000000
      -1.0000000
       0.0000000       77.000000       1.3575766       1190.0000       194169.00
       1.4574254       1.1782726      0.37656063      0.52941173      0.25848627
      -14.623247       8.4952497       36.739273       113.05512       7.3767271
       136.57669
       1.0000000       77.000000       1.3575766      -1.0000000       1.0000000
   0.00034310576     0.030569814      -1.0000000      -1.0000000      -1.0000000
      -1.0000000      -1.0000000      -1.0000000      -1.0000000      -1.0000000
      -1.0000000
       0.0000000       76.000000       1.4140983       1197.0000       188284.00
       1.4367027       1.2007282      0.35983926      0.48387092      0.15667802
      -6.3746386       1.6349710       14.188484       108.11778       8.1768427
       133.66365
       1.0000000       76.000000       1.4140983      -1.0000000       1.0000000
       0.0000000       0.0000000      -1.0000000      -1.0000000      -1.0000000
      -1.0000000      -1.0000000      -1.0000000      -1.0000000      -1.0000000
      -1.0000000
       0.0000000       75.000000       1.4719748      -1.0000000       181424.00
       1.3691694       1.0977820      -1.0000000      -1.0000000      -1.0000000
      -1.0000000      -1.0000000      -1.0000000       106.06834       7.8446441
       127.12210
       1.0000000       75.000000       1.4719748      -1.0000000       1.0000000
   0.00026946719    0.0042084036      -1.0000000      -1.0000000      -1.0000000
      -1.0000000      -1.0000000      -1.0000000      -1.0000000      -1.0000000
      -1.0000000
       0.0000000       74.000000       1.5312390      -1.0000000       193854.00
       1.3340448       1.2174116      -1.0000000      -1.0000000      -1.0000000
      -1.0000000      -1.0000000      -1.0000000       106.17213       7.9496741
       114.88786
       1.0000000       74.000000       1.5312390      -1.0000000       1.0000000
   0.00026946719    0.0042084036      -1.0000000      -1.0000000      -1.0000000
      -1.0000000      -1.0000000      -1.0000000      -1.0000000      -1.0000000
      -1.0000000
       0.0000000       73.000000       1.6042346      -1.0000000       186286.00
       1.2662323       1.0897479      -1.0000000      -1.0000000      -1.0000000
      -1.0000000      -1.0000000      -1.0000000       109.02614       7.5862207
       109.10718
       0.0000000       72.000000       1.6666696      -1.0000000       178973.00
       1.2418027      0.93932605      -1.0000000      -1.0000000      -1.0000000
      -1.0000000      -1.0000000      -1.0000000       111.37611       7.4262953
       104.42925
       1.0000000       72.000000       1.6666696      -1.0000000       1.0000000
   0.00029789901     0.027817477      -1.0000000      -1.0000000      -1.0000000
      -1.0000000      -1.0000000      -1.0000000      -1.0000000      -1.0000000
      -1.0000000
       0.0000000       71.000000       1.7435706      -1.0000000       164946.00
       1.2243487      0.81243229      -1.0000000      -1.0000000      -1.0000000
      -1.0000000      -1.0000000      -1.0000000       116.46725       7.2887092
       96.660408
       1.0000000       71.000000       1.7435706      -1.0000000       2.0000000
       0.0000000       0.0000000      -1.0000000      -1.0000000      -1.0000000
      -1.0000000      -1.0000000      -1.0000000      -1.0000000      -1.0000000
      -1.0000000
       0.0000000       70.000000       1.8226893      -1.0000000       178897.00
       1.1265817       1.6829101      -1.0000000      -1.0000000      -1.0000000
      -1.0000000      -1.0000000      -1.0000000       118.65800       7.8313270
       95.626900
       1.0000000       70.000000       1.8226893      -1.0000000       1.0000000
   0.00049639092       0.0000000      -1.0000000      -1.0000000      -1.0000000
      -1.0000000      -1.0000000      -1.0000000      -1.0000000      -1.0000000
      -1.0000000
       0.0000000       69.000000       1.9040896      -1.0000000       150162.00
       1.0120407       1.3174776      -1.0000000      -1.0000000      -1.0000000
      -1.0000000      -1.0000000      -1.0000000       114.98161       7.5308857
       102.80050
       0.0000000       68.000000       2.0020282      -1.0000000       158561.00
      0.89504492       1.4507617      -1.0000000      -1.0000000      -1.0000000
      -1.0000000      -1.0000000      -1.0000000       113.28810       7.4103937
       112.53816
       0.0000000       67.000000       2.1032696      -1.0000000       154453.00
      0.82859391       1.1767421      -1.0000000      -1.0000000      -1.0000000
      -1.0000000      -1.0000000      -1.0000000       113.32790       7.7270689
       105.54976
       1.0000000       67.000000       2.1032696      -1.0000000       2.0000000
       0.0000000       0.0000000      -1.0000000      -1.0000000      -1.0000000
      -1.0000000      -1.0000000      -1.0000000      -1.0000000      -1.0000000
      -1.0000000
       0.0000000       66.000000       2.2079256      -1.0000000       145148.00
      0.74421388       1.5054533      -1.0000000      -1.0000000      -1.0000000
      -1.0000000      -1.0000000      -1.0000000       121.61640       9.0258703
       90.386559
       1.0000000       66.000000       2.2079256      -1.0000000       2.0000000
    0.0019549523    0.0083907358      -1.0000000      -1.0000000      -1.0000000
      -1.0000000      -1.0000000      -1.0000000      -1.0000000      -1.0000000
      -1.0000000
       0.0000000       65.000000       2.3161108      -1.0000000       135969.00
      0.69627684       1.4470750      -1.0000000      -1.0000000      -1.0000000
      -1.0000000      -1.0000000      -1.0000000       130.10194       9.0523138
       85.728493
       0.0000000       64.000000       2.4442258      -1.0000000       125468.00
      0.55189919      0.93719482      -1.0000000      -1.0000000      -1.0000000
      -1.0000000      -1.0000000      -1.0000000       112.42312       5.5419164
       101.62354
       1.0000000       64.000000       2.4442258      -1.0000000       1.0000000
     0.041476913      0.56626701      -1.0000000      -1.0000000      -1.0000000
      -1.0000000      -1.0000000      -1.0000000      -1.0000000      -1.0000000
      -1.0000000
       0.0000000       63.000000       2.5772903      -1.0000000       115390.00
      0.49182841       1.0547681      -1.0000000      -1.0000000      -1.0000000
      -1.0000000      -1.0000000      -1.0000000       109.43451       6.0621257
       97.996719
       1.0000000       63.000000       2.5772903      -1.0000000       1.0000000
    0.0031053883     0.022488337      -1.0000000      -1.0000000      -1.0000000
      -1.0000000      -1.0000000      -1.0000000      -1.0000000      -1.0000000
      -1.0000000
       0.0000000       62.000000       2.7331426      -1.0000000       106966.00
      0.35295114       1.0690956      -1.0000000      -1.0000000      -1.0000000
      -1.0000000      -1.0000000      -1.0000000       111.37173       5.5292253
       89.643555
       1.0000000       62.000000       2.7331426      -1.0000000       2.0000000
     0.015103553     0.069793656      -1.0000000      -1.0000000      -1.0000000
      -1.0000000      -1.0000000      -1.0000000      -1.0000000      -1.0000000
      -1.0000000
       0.0000000       61.000000       2.8957851      -1.0000000       108873.00
      0.32228768       1.0616672      -1.0000000      -1.0000000      -1.0000000
      -1.0000000      -1.0000000      -1.0000000       116.36373       5.1114845
       80.742729
       1.0000000       61.000000       2.8957851      -1.0000000       3.0000000
    0.0018695326     0.050807375      -1.0000000      -1.0000000      -1.0000000
      -1.0000000      -1.0000000      -1.0000000      -1.0000000      -1.0000000
      -1.0000000
       0.0000000       60.000000       3.0081310      -1.0000000       101566.00
      0.27206999      0.64846241      -1.0000000      -1.0000000      -1.0000000
      -1.0000000      -1.0000000      -1.0000000       110.57513       3.7267506
       88.447937
       1.0000000       60.000000       3.0081310      -1.0000000       1.0000000
       0.0000000       0.0000000      -1.0000000      -1.0000000      -1.0000000
      -1.0000000      -1.0000000      -1.0000000      -1.0000000      -1.0000000
      -1.0000000
       0.0000000       59.000000       3.0848227      -1.0000000       96407.000
      0.24333696      0.58513242      -1.0000000      -1.0000000      -1.0000000
      -1.0000000      -1.0000000      -1.0000000       106.04693       3.0522172
       93.389786
       1.0000000       59.000000       3.0848227      -1.0000000       1.0000000
       0.0000000       0.0000000      -1.0000000      -1.0000000      -1.0000000
      -1.0000000      -1.0000000      -1.0000000      -1.0000000      -1.0000000
      -1.0000000
       0.0000000       58.000000       3.2830331      -1.0000000       86702.000
      0.19451551      0.68030792      -1.0000000      -1.0000000      -1.0000000
      -1.0000000      -1.0000000      -1.0000000       100.37232       2.7847450
       88.357956
       1.0000000       58.000000       3.2830331      -1.0000000       3.0000000
       0.0000000       0.0000000      -1.0000000      -1.0000000      -1.0000000
      -1.0000000      -1.0000000      -1.0000000      -1.0000000      -1.0000000
      -1.0000000
       0.0000000       57.000000       3.4908614      -1.0000000       78830.000
      0.15776175      0.39417914      -1.0000000      -1.0000000      -1.0000000
      -1.0000000      -1.0000000      -1.0000000       93.736618       2.1837621
       88.459808
       1.0000000       57.000000       3.4908614      -1.0000000       1.0000000
   0.00024117070     0.015957020      -1.0000000      -1.0000000      -1.0000000
      -1.0000000      -1.0000000      -1.0000000      -1.0000000      -1.0000000
      -1.0000000
