       0.0000000       135.00000       0.0000000       138.00000       260067.00
       32.210133      0.26646852      0.36394805      0.52941173      0.12350997
       63.454002      -10.465323      -21.377319       214.51010       115.31503
       207.10918
       0.0000000       134.00000    0.0095216669       136.00000       256991.00
       32.327164      0.24552053      0.36321408      0.52941173      0.13067494
       67.601837      -9.1332817      -22.603542       214.94536       117.04569
       208.09654
       1.0000000       134.00000    0.0095216669      -1.0000000       5.0000000
    0.0080423852     0.031583820      -1.0000000      -1.0000000      -1.0000000
      -1.0000000      -1.0000000      -1.0000000      -1.0000000      -1.0000000
      -1.0000000
       0.0000000       133.00000     0.023974428       138.00000       255136.00
       32.351032      0.21148708      0.36402974      0.52941173      0.12231171
       67.707413      -7.1441174      -22.864239       216.22351       116.19881
       208.55017
       1.0000000       133.00000     0.023974428      -1.0000000       2.0000000
    0.0067391214       0.0000000      -1.0000000      -1.0000000      -1.0000000
      -1.0000000      -1.0000000      -1.0000000      -1.0000000      -1.0000000
      -1.0000000
       0.0000000       132.00000     0.033724371       137.00000       253721.00
       32.419472      0.18879841      0.36264044      0.52941173      0.12598400
       68.711418      -7.3937469      -23.595606       216.75635       117.55098
       209.57137
       1.0000000       132.00000     0.033724371      -1.0000000       2.0000000
    0.0013993201       0.0000000      -1.0000000      -1.0000000      -1.0000000
      -1.0000000      -1.0000000      -1.0000000      -1.0000000      -1.0000000
      -1.0000000
       0.0000000       131.00000     0.048523631       139.00000       250274.00
       32.408989      0.15593812      0.36401296      0.52941173      0.12068354
       69.571480      -5.1829848      -22.515940       218.35445       116.78805
       208.34102
       1.0000000       131.00000     0.048523631      -1.0000000       2.0000000
       0.0000000       0.0000000      -1.0000000      -1.0000000      -1.0000000
      -1.0000000      -1.0000000      -1.0000000      -1.0000000      -1.0000000
      -1.0000000
       0.0000000       130.00000     0.058507323       138.00000       248306.00
       32.450607      0.12799859      0.36539826      0.51515150      0.11671443
       67.352913      -5.5376740      -19.027386       218.50125       117.04472
       209.72456
       1.0000000       130.00000     0.058507323      -1.0000000       2.0000000
   0.00038015610    0.0034005214      -1.0000000      -1.0000000      -1.0000000
      -1.0000000      -1.0000000      -1.0000000      -1.0000000      -1.0000000
      -1.0000000
       0.0000000       129.00000     0.073661387       143.00000       246980.00
       32.454803     0.086716674      0.36363494      0.50000000      0.11427985
       67.614700      -8.5421486      -19.590479       218.04553       116.79266
       210.61102
       0.0000000       128.00000     0.083884433       140.00000       245043.00
       32.343758     0.066535003      0.36468062      0.51515150      0.12239312
       69.510269      -7.2445278      -22.679127       218.42377       113.91773
       211.55672
       1.0000000       128.00000     0.083884433      -1.0000000       5.0000000
    0.0061088599       0.0000000      -1.0000000      -1.0000000      -1.0000000
      -1.0000000      -1.0000000      -1.0000000      -1.0000000      -1.0000000
      -1.0000000
       0.0000000       127.00000     0.099401802       141.00000       242531.00
       32.540123     0.027873389      0.36444962      0.51515150      0.11860326
       70.854164      -6.8076143      -26.093870       218.66193       115.16202
       212.14806
       0.0000000       126.00000      0.10986994       140.00000       240499.00
       32.492958     0.015876673      0.36310121      0.54545456      0.11823156
       68.019402      -5.5505476      -28.342113       218.16879       115.54752
       213.29773
       1.0000000       126.00000      0.10986994      -1.0000000       2.0000000
    0.0050308594     0.013561357      -1.0000000      -1.0000000      -1.0000000
      -1.0000000      -1.0000000      -1.0000000      -1.0000000      -1.0000000
      -1.0000000
       0.0000000       125.00000      0.12575933       144.00000       239402.00
       32.526608    0.0053194435      0.36537191      0.54545456      0.11711091
       65.961807      -5.2237072      -24.944868       218.61583       115.05957
       213.94695
       1.0000000       125.00000      0.12575933      -1.0000000       3.0000000
   0.00089184125     0.011091017      -1.0000000      -1.0000000      -1.0000000
      -1.0000000      -1.0000000      -1.0000000      -1.0000000      -1.0000000
      -1.0000000
       0.0000000       124.00000      0.14187621       146.00000       237070.00
       32.552261      0.11404664      0.36566222      0.54545456      0.11940694
       68.992744      -1.2139180      -28.340168       219.44965       116.12848
       213.77402
       1.0000000       124.00000      0.14187621      -1.0000000       4.0000000
    0.0010473736     0.041244623      -1.0000000      -1.0000000      -1.0000000
      -1.0000000      -1.0000000      -1.0000000      -1.0000000      -1.0000000
      -1.0000000
       0.0000000       123.00000      0.15274876       145.00000       234899.00
       32.675747     0.074079119      0.36621571      0.54545456      0.12213518
       71.383713      -2.2684996      -29.413963       219.87648       116.04351
       212.96863
       1.0000000       123.00000      0.15274876      -1.0000000       1.0000000
       0.0000000       0.0000000      -1.0000000      -1.0000000      -1.0000000
      -1.0000000      -1.0000000      -1.0000000      -1.0000000      -1.0000000
      -1.0000000
       0.0000000       122.00000      0.16925204       149.00000       233986.00
       32.704815     0.098311596      0.36348075      0.52777779      0.11666933
       71.245880     -0.27107042      -25.305893       221.06215       115.46291
       211.93513
       1.0000000       122.00000      0.16925204      -1.0000000       1.0000000
       0.0000000       0.0000000      -1.0000000      -1.0000000      -1.0000000
      -1.0000000      -1.0000000      -1.0000000      -1.0000000      -1.0000000
      -1.0000000
       0.0000000       121.00000      0.18038526       150.00000       231170.00
       32.532982     0.054451924      0.36354825      0.54545456      0.11800958
       69.203300     -0.74426621      -24.394434       221.56067       113.16837
       211.81329
       1.0000000       121.00000      0.18038526      -1.0000000       1.0000000
       0.0000000       0.0000000      -1.0000000      -1.0000000      -1.0000000
      -1.0000000      -1.0000000      -1.0000000      -1.0000000      -1.0000000
      -1.0000000
       0.0000000       120.00000      0.19728418       149.00000       227011.00
       32.501068      0.28074417      0.36661610      0.52777779      0.11296006
       67.449165    -0.092684694      -23.527134       220.62946       112.98089
       215.22017
       0.0000000       119.00000      0.21442504       148.00000       223713.00
       32.662094      0.30588320      0.36845955      0.55555552      0.12236283
       73.242912      -3.9263527      -22.081276       220.42542       113.60033
       216.01750
       0.0000000       118.00000      0.22598839       146.00000       221684.00
       32.559177      0.25245714      0.36623281      0.54285711      0.11184344
       71.969368      -7.4907160      -28.550795       220.93871       113.81570
       216.64336
       1.0000000       118.00000      0.22598839      -1.0000000       2.0000000
   0.00079323299     0.013101027      -1.0000000      -1.0000000      -1.0000000
      -1.0000000      -1.0000000      -1.0000000      -1.0000000      -1.0000000
      -1.0000000
       0.0000000       117.00000      0.24354018       143.00000       216173.00
       32.791451       1.1253560      0.36947262      0.54545456      0.11585710
       71.471542      -1.3646300      -29.289305       221.30750       114.64626
       220.85106
       1.0000000       117.00000      0.24354018      -1.0000000       2.0000000
    0.0033974248     0.029787054      -1.0000000      -1.0000000      -1.0000000
      -1.0000000      -1.0000000      -1.0000000      -1.0000000      -1.0000000
      -1.0000000
       0.0000000       116.00000      0.26134327       142.00000       212208.00
       32.851540       1.1432385      0.36767691      0.54285711      0.11364362
       70.285934       8.7618475      -30.852598       220.60249       115.88466
       225.33302
       1.0000000       116.00000      0.26134327      -1.0000000       1.0000000
   0.00039880769    0.0068680765      -1.0000000      -1.0000000      -1.0000000
      -1.0000000      -1.0000000      -1.0000000      -1.0000000      -1.0000000
      -1.0000000
       0.0000000       115.00000      0.27335334       142.00000       211321.00
       32.831451      0.94653368      0.36517349      0.56756753      0.11445004
       71.449890       17.326923      -23.856550       219.37807       114.54218
       229.64905
       1.0000000       115.00000      0.27335334      -1.0000000       1.0000000
       0.0000000       0.0000000      -1.0000000      -1.0000000      -1.0000000
      -1.0000000      -1.0000000      -1.0000000      -1.0000000      -1.0000000
      -1.0000000
       0.0000000       114.00000      0.29158324       146.00000       208237.00
       32.736168      0.87740594      0.36597267      0.54285711      0.12013235
       77.994827       18.028240      -8.1476898       218.41711       112.24647
       234.27663
       1.0000000       114.00000      0.29158324      -1.0000000       5.0000000
    0.0084085366     0.087468296      -1.0000000      -1.0000000      -1.0000000
      -1.0000000      -1.0000000      -1.0000000      -1.0000000      -1.0000000
      -1.0000000
       0.0000000       113.00000      0.31007412       148.00000       205541.00
       32.790077      0.88395882      0.36557898      0.54285711      0.12137299
       82.784355       16.368128       15.710005       218.51944       112.63569
       238.67853
       1.0000000       113.00000      0.31007412      -1.0000000       1.0000000
    0.0014168312     0.023436142      -1.0000000      -1.0000000      -1.0000000
      -1.0000000      -1.0000000      -1.0000000      -1.0000000      -1.0000000
      -1.0000000
       0.0000000       112.00000      0.32882974       150.00000       198783.00
       33.019985      0.70868665      0.36034963      0.56756753      0.12394830
       64.740219       17.550552       35.837914       219.23657       111.44455
       240.05249
       1.0000000       112.00000      0.32882974      -1.0000000       5.0000000
    0.0060527175      0.14589698      -1.0000000      -1.0000000      -1.0000000
      -1.0000000      -1.0000000      -1.0000000      -1.0000000      -1.0000000
      -1.0000000
       0.0000000       111.00000      0.34785384       148.00000       195833.00
       32.602623      0.41461605      0.36426374      0.57142854      0.11127387
       47.774120       3.1207387       48.544144       219.22427       110.19485
       240.04982
       1.0000000       111.00000      0.34785384      -1.0000000       1.0000000
       0.0000000       0.0000000      -1.0000000      -1.0000000      -1.0000000
      -1.0000000      -1.0000000      -1.0000000      -1.0000000      -1.0000000
      -1.0000000
       0.0000000       110.00000      0.36068764       144.00000       192421.00
       33.586239      0.77865595      0.35893807      0.57142854      0.14391576
       67.857567      -5.5900273       68.135704       220.31989       115.92492
       240.33455
       1.0000000       110.00000      0.36068764      -1.0000000       1.0000000
       0.0000000       0.0000000      -1.0000000      -1.0000000      -1.0000000
      -1.0000000      -1.0000000      -1.0000000      -1.0000000      -1.0000000
      -1.0000000
       0.0000000       109.00000      0.38016787       144.00000       189335.00
       32.421062       1.5511191      0.36970666      0.59999996      0.18265231
       114.12762      -31.087833       76.084831       222.40050       113.20716
       239.51118
       1.0000000       109.00000      0.38016787      -1.0000000       1.0000000
   0.00083848502       0.0000000      -1.0000000      -1.0000000      -1.0000000
      -1.0000000      -1.0000000      -1.0000000      -1.0000000      -1.0000000
      -1.0000000
       0.0000000       108.00000      0.39992696       147.00000       187456.00
       34.955364       2.6372125      0.37812302      0.82978725      0.28453988
       135.15555      -32.038567      -18.577173       227.11357       132.01213
       241.09068
       2.0000000       108.00000      0.39992696      0.51693702       94.000000
       11.123052       3.0409758      0.53143847      0.50000000      0.60934287
      -179.47507      -149.55157      -42.488174       103633.08       12850.344
       1639.6766
       1.0000000       108.00000      0.39992696      -1.0000000       3.0000000
    0.0029011727     0.035822123      -1.0000000      -1.0000000      -1.0000000
      -1.0000000      -1.0000000      -1.0000000      -1.0000000      -1.0000000
      -1.0000000
       0.0000000       107.00000      0.41996893       138.00000       179802.00
       23.840422       1.8232517      0.46974295      0.45161289      0.30943340
       158.11133      -70.654778       19.832056       224.91487       105.19545
       253.33542
       1.0000000       107.00000      0.41996893      -1.0000000       7.0000000
    0.0028178404       0.0000000      -1.0000000      -1.0000000      -1.0000000
      -1.0000000      -1.0000000      -1.0000000      -1.0000000      -1.0000000
      -1.0000000
       0.0000000       106.00000      0.44029784       133.00000       175782.00
       25.755230       2.2995372      0.47025385      0.45161289      0.30487099
       154.19940      -93.375519      -12.784476       230.20302       135.40279
       265.83920
       1.0000000       106.00000      0.44029784      -1.0000000       6.0000000
     0.025138161      0.14071876      -1.0000000      -1.0000000      -1.0000000
      -1.0000000      -1.0000000      -1.0000000      -1.0000000      -1.0000000
      -1.0000000
       0.0000000       105.00000      0.46091780       129.00000       170029.00
       31.044249       2.8692546      0.48821595      0.47058821      0.32464179
       281.75748      -170.08826      -113.23356       233.94388       124.70428
       272.57834
       1.0000000       105.00000      0.46091780      -1.0000000       4.0000000
    0.0032794138     0.019791063      -1.0000000      -1.0000000      -1.0000000
      -1.0000000      -1.0000000      -1.0000000      -1.0000000      -1.0000000
      -1.0000000
       0.0000000       104.00000      0.48183295       127.00000       166539.00
       22.909523       1.7870059      0.47730288      0.53333330      0.31457230
       133.55525      -91.894066      -101.07811       219.64815       77.872124
       280.47214
       1.0000000       104.00000      0.48183295      -1.0000000       4.0000000
      0.80769263      0.87104428      -1.0000000      -1.0000000      -1.0000000
      -1.0000000      -1.0000000      -1.0000000      -1.0000000      -1.0000000
      -1.0000000
       0.0000000       103.00000      0.50304753       122.00000       159992.00
       22.539104       2.6136839      0.47600499      0.54838705      0.31474298
       139.87787      -77.035248      -103.56041       220.50941       75.273476
       282.85162
       1.0000000       103.00000      0.50304753      -1.0000000       1.0000000
     0.071790047     0.085897923      -1.0000000      -1.0000000      -1.0000000
      -1.0000000      -1.0000000      -1.0000000      -1.0000000      -1.0000000
      -1.0000000
       0.0000000       102.00000      0.52456582       126.00000       159812.00
       22.420298       2.3572702      0.47735482      0.53333330      0.30296862
       151.38303      -70.180626      -92.586296       226.12555       74.779732
       273.68509
       1.0000000       102.00000      0.52456582      -1.0000000       1.0000000
       0.0000000       0.0000000      -1.0000000      -1.0000000      -1.0000000
      -1.0000000      -1.0000000      -1.0000000      -1.0000000      -1.0000000
      -1.0000000
       0.0000000       101.00000      0.54639220       127.00000       157810.00
       22.493511       1.9993201      0.47748142      0.54838705      0.31008834
       154.92227      -80.001221      -83.044327       234.19989       75.309502
       258.17230
       1.0000000       101.00000      0.54639220      -1.0000000       4.0000000
     0.038954299      0.24488508      -1.0000000      -1.0000000      -1.0000000
      -1.0000000      -1.0000000      -1.0000000      -1.0000000      -1.0000000
      -1.0000000
       0.0000000       100.00000      0.57598084       122.00000       149634.00
       22.620092       2.3205221      0.47976932      0.56250006      0.31222898
       157.54704      -86.863968      -81.360672       245.18881       76.848572
       238.33455
       1.0000000       100.00000      0.57598084      -1.0000000       8.0000000
     0.023265795      0.15457293      -1.0000000      -1.0000000      -1.0000000
      -1.0000000      -1.0000000      -1.0000000      -1.0000000      -1.0000000
      -1.0000000
       0.0000000       99.000000      0.59854329       118.00000       143089.00
       22.323505       1.9509518      0.47881982      0.50000000      0.29624164
       152.78856      -85.744942      -87.189476       252.38783       74.281502
       229.19783
       1.0000000       99.000000      0.59854329      -1.0000000       8.0000000
    0.0093341961     0.077696307      -1.0000000      -1.0000000      -1.0000000
      -1.0000000      -1.0000000      -1.0000000      -1.0000000      -1.0000000
      -1.0000000
       0.0000000       98.000000      0.62142873       121.00000       141429.00
       22.581738       3.0038800      0.47645935      0.56250006      0.32447481
       157.59000      -74.984200      -103.50010       261.55258       79.259598
       216.78842
       1.0000000       98.000000      0.62142873      -1.0000000       11.000000
     0.029310281      0.18401994      -1.0000000      -1.0000000      -1.0000000
      -1.0000000      -1.0000000      -1.0000000      -1.0000000      -1.0000000
      -1.0000000
       0.0000000       97.000000      0.64464182       126.00000       141848.00
       22.586321       2.8931496      0.47348329      0.50000000      0.33636880
       166.58737      -69.639954      -116.11678       267.40054       81.332092
       201.37766
       1.0000000       97.000000      0.64464182      -1.0000000       8.0000000
     0.059652776      0.16690634      -1.0000000      -1.0000000      -1.0000000
      -1.0000000      -1.0000000      -1.0000000      -1.0000000      -1.0000000
      -1.0000000
       0.0000000       96.000000      0.67611039       122.00000       136285.00
       22.901968       3.2981803      0.47327331      0.51724136      0.31725407
       172.33873      -57.900574      -111.61168       257.85416       82.575577
       217.87224
       1.0000000       96.000000      0.67611039      -1.0000000       7.0000000
    0.0033473004     0.088130031      -1.0000000      -1.0000000      -1.0000000
      -1.0000000      -1.0000000      -1.0000000      -1.0000000      -1.0000000
      -1.0000000
       0.0000000       95.000000      0.70010638       119.00000       131973.00
       21.942533       2.9157176      0.47586778      0.51612902      0.29539579
       159.72334      -64.089211      -99.830704       239.20859       72.491882
       245.97379
       1.0000000       95.000000      0.70010638      -1.0000000       7.0000000
     0.028299121      0.19416645      -1.0000000      -1.0000000      -1.0000000
      -1.0000000      -1.0000000      -1.0000000      -1.0000000      -1.0000000
      -1.0000000
       0.0000000       94.000000      0.73263615       113.00000       126388.00
       21.517227       2.5172577      0.47745824      0.53333330      0.29108033
       149.12201      -71.127037      -111.77854       222.11948       67.974594
       258.84073
       1.0000000       94.000000      0.73263615      -1.0000000       5.0000000
     0.066163761      0.25802874      -1.0000000      -1.0000000      -1.0000000
      -1.0000000      -1.0000000      -1.0000000      -1.0000000      -1.0000000
      -1.0000000
       0.0000000       93.000000      0.75744140       105.00000       119453.00
       21.248474       2.2179072      0.47898397      0.53333330      0.28097177
       145.19720      -67.899086      -120.03642       214.68636       65.026688
       253.85330
       1.0000000       93.000000      0.75744140      -1.0000000       10.000000
     0.040632840      0.42985780      -1.0000000      -1.0000000      -1.0000000
      -1.0000000      -1.0000000      -1.0000000      -1.0000000      -1.0000000
      -1.0000000
       0.0000000       92.000000      0.79106826       107.00000       117061.00
       21.247107       2.3514416      0.47366399      0.56250006      0.29648596
       142.47052      -57.522297      -122.92538       211.26479       64.596321
       249.88380
       1.0000000       92.000000      0.79106826      -1.0000000       5.0000000
    0.0099602887      0.14633868      -1.0000000      -1.0000000      -1.0000000
      -1.0000000      -1.0000000      -1.0000000      -1.0000000      -1.0000000
      -1.0000000
       0.0000000       91.000000      0.81671000       106.00000       113562.00
       21.120178       2.1892588      0.47380149      0.54838705      0.29257092
       143.41521      -58.536270      -119.02337       211.03329       63.799408
       246.52565
       1.0000000       91.000000      0.81671000      -1.0000000       10.000000
      0.10008554      0.20952083      -1.0000000      -1.0000000      -1.0000000
      -1.0000000      -1.0000000      -1.0000000      -1.0000000      -1.0000000
      -1.0000000
       0.0000000       90.000000      0.85147089       103.00000       109362.00
       21.256805       2.1678171      0.47611836      0.53333330      0.29136285
       148.06995      -56.735191      -122.59216       212.52675       64.501923
       246.43846
       1.0000000       90.000000      0.85147089      -1.0000000       3.0000000
     0.045240432       1.4853780      -1.0000000      -1.0000000      -1.0000000
      -1.0000000      -1.0000000      -1.0000000      -1.0000000      -1.0000000
      -1.0000000
       0.0000000       89.000000      0.88689691       97.000000       104510.00
       21.124113       2.1929491      0.47247830      0.53333330      0.26834223
       145.65323      -55.815662      -120.76186       215.19815       63.569427
       244.92894
       1.0000000       89.000000      0.88689691      -1.0000000       3.0000000
    0.0090604406     0.031344406      -1.0000000      -1.0000000      -1.0000000
      -1.0000000      -1.0000000      -1.0000000      -1.0000000      -1.0000000
      -1.0000000
       0.0000000       88.000000      0.92300081       100.00000       102024.00
       21.224009       2.1885233      0.47383553      0.53333330      0.27273947
       143.64317      -64.273987      -121.87611       218.88838       64.776733
       232.59811
       1.0000000       88.000000      0.92300081      -1.0000000       4.0000000
      0.16686614      0.42255730      -1.0000000      -1.0000000      -1.0000000
      -1.0000000      -1.0000000      -1.0000000      -1.0000000      -1.0000000
      -1.0000000
       0.0000000       87.000000      0.95053136       97.000000       98933.000
       21.187511       2.3155296      0.47412419      0.53333330      0.27571827
       142.19257      -64.153442      -133.44220       221.65918       63.973549
       229.06535
       1.0000000       87.000000      0.95053136      -1.0000000       8.0000000
     0.040652744      0.96669874      -1.0000000      -1.0000000      -1.0000000
      -1.0000000      -1.0000000      -1.0000000      -1.0000000      -1.0000000
      -1.0000000
       0.0000000       86.000000      0.98785281       97.000000       95163.000
       21.204025       2.3464844      0.46933383      0.53333330      0.27383202
       131.99850      -60.900871      -137.44316       219.59015       63.553654
       232.60184
       1.0000000       86.000000      0.98785281      -1.0000000       3.0000000
      0.20451192      0.27758105      -1.0000000      -1.0000000      -1.0000000
      -1.0000000      -1.0000000      -1.0000000      -1.0000000      -1.0000000
      -1.0000000
       0.0000000       85.000000      0.99729425       95.000000       93985.000
       21.181610       2.2357523      0.47119349      0.51724136      0.27767956
       132.57312      -55.910465      -139.86235       219.15323       63.116489
       235.31676
       0.0000000       84.000000       1.0355104       92.000000       88794.000
       21.165190       2.4958372      0.47129998      0.53125000      0.27654663
       126.54865      -44.857212      -152.66544       219.84395       62.922203
       236.47020
       1.0000000       84.000000       1.0355104      -1.0000000       7.0000000
    0.0077290204     0.079300716      -1.0000000      -1.0000000      -1.0000000
      -1.0000000      -1.0000000      -1.0000000      -1.0000000      -1.0000000
      -1.0000000
       0.0000000       83.000000       1.0744579       89.000000       83613.000
       21.179667       2.6150844      0.46782565      0.53125000      0.26738134
       130.98283      -25.812389      -149.54602       220.02165       62.485138
       237.13034
       1.0000000       83.000000       1.0744579      -1.0000000       5.0000000
     0.027286635      0.56679147      -1.0000000      -1.0000000      -1.0000000
      -1.0000000      -1.0000000      -1.0000000      -1.0000000      -1.0000000
      -1.0000000
       0.0000000       82.000000       1.1141505       88.000000       80334.000
       21.100761       3.1836259      0.46682471      0.51612902      0.26005131
       138.21236      -23.460032      -139.52026       221.63138       62.205517
       230.55214
       1.0000000       82.000000       1.1141505      -1.0000000       5.0000000
    0.0096094161      0.13285803      -1.0000000      -1.0000000      -1.0000000
      -1.0000000      -1.0000000      -1.0000000      -1.0000000      -1.0000000
      -1.0000000
       0.0000000       81.000000       1.1546028       141.00000       96460.000
       21.159744       3.6121559      0.46267569      0.53333330      0.27072924
       148.05257      -31.791924      -124.89330       225.17691       62.421124
       231.81374
       1.0000000       81.000000       1.1546028      -1.0000000       3.0000000
    0.0034748022     0.060253508      -1.0000000      -1.0000000      -1.0000000
      -1.0000000      -1.0000000      -1.0000000      -1.0000000      -1.0000000
      -1.0000000
       0.0000000       80.000000       1.2062581       135.00000       88997.000
       20.916275       3.4683354      0.45056373      0.60606062      0.27744693
       122.46670      -40.395939      -127.35685       227.72643       62.427147
       226.34372
       1.0000000       80.000000       1.2062581      -1.0000000       4.0000000
       1.3861713       1.3365920      -1.0000000      -1.0000000      -1.0000000
      -1.0000000      -1.0000000      -1.0000000      -1.0000000      -1.0000000
      -1.0000000
       0.0000000       79.000000       1.2484726       116.00000       80644.000
       21.295952       3.3079433      0.46581230      0.53333330      0.27378830
       138.76483      -19.763395      -158.83372       230.27211       62.413780
       223.80464
       1.0000000       79.000000       1.2484726      -1.0000000       5.0000000
     0.070395258      0.36354326      -1.0000000      -1.0000000      -1.0000000
      -1.0000000      -1.0000000      -1.0000000      -1.0000000      -1.0000000
      -1.0000000
       0.0000000       78.000000       1.3023784       108.00000       75732.000
       20.193703       3.5807934      0.46783763      0.54838705      0.24182715
       138.67345     -0.48601997      -127.55528       230.14287       56.228035
       222.83714
       1.0000000       78.000000       1.3023784      -1.0000000       7.0000000
      0.27523561      0.74413119      -1.0000000      -1.0000000      -1.0000000
      -1.0000000      -1.0000000      -1.0000000      -1.0000000      -1.0000000
      -1.0000000
       0.0000000       77.000000       1.3575766       65.000000       55396.000
       18.662666       5.2749052      0.46317452      0.74468088      0.50151169
       169.40909      -11.862041      -110.99122       233.32454       53.983494
       218.65668
       2.0000000       77.000000       1.3575766      0.34269300       72.000000
       3.2118566      0.82079321      0.45476919      0.55172414      0.37515363
      -23.128674      -119.91119       83.342918       2498.6145       7776.2373
      -14149.731
       1.0000000       77.000000       1.3575766      -1.0000000       9.0000000
    0.0088528847      0.15342505      -1.0000000      -1.0000000      -1.0000000
      -1.0000000      -1.0000000      -1.0000000      -1.0000000      -1.0000000
      -1.0000000
       0.0000000       76.000000       1.4140983       100.00000       66684.000
       17.858297       8.2309046      0.42352656      0.46875006      0.24654619
      -181.60951       86.255898      -26.824942       246.60103       74.445526
       207.21112
       1.0000000       76.000000       1.4140983      -1.0000000       5.0000000
     0.052393620      0.46487589      -1.0000000      -1.0000000      -1.0000000
      -1.0000000      -1.0000000      -1.0000000      -1.0000000      -1.0000000
      -1.0000000
       0.0000000       75.000000       1.4719748       89.000000       60710.000
       13.305403       4.4116096      0.44353998      0.62857145      0.39883569
      -182.05315      -154.39378      -23.321817       226.63936       41.467674
       237.94113
       1.0000000       75.000000       1.4719748      -1.0000000       10.000000
       1.5994378       1.0777133      -1.0000000      -1.0000000      -1.0000000
      -1.0000000      -1.0000000      -1.0000000      -1.0000000      -1.0000000
      -1.0000000
       0.0000000       74.000000       1.5312390       85.000000       56972.000
       12.858601       6.7780161      0.50741047      0.56250006      0.60459661
      -176.57635      -390.91318       175.11229       224.98494       45.821053
       260.38446
       1.0000000       74.000000       1.5312390      -1.0000000       8.0000000
     0.078264194      0.44036042      -1.0000000      -1.0000000      -1.0000000
      -1.0000000      -1.0000000      -1.0000000      -1.0000000      -1.0000000
      -1.0000000
       0.0000000       73.000000       1.6042346       100.00000       57403.000
       10.143258       5.4066930      0.56665081      0.63636363      0.71921074
      -152.89156      -501.81229       339.83737       217.01486       33.893341
       240.68416
       1.0000000       73.000000       1.6042346      -1.0000000       19.000000
      0.45858253       2.1958127      -1.0000000      -1.0000000      -1.0000000
      -1.0000000      -1.0000000      -1.0000000      -1.0000000      -1.0000000
      -1.0000000
       0.0000000       72.000000       1.6666696       112.00000       56536.000
       9.3724022       5.4076085      0.51169223      0.80434781      0.68070161
      -166.85100      -535.25519       401.56516       223.15477       34.425583
       237.73009
       2.0000000       72.000000       1.6666696      0.95458978       72.000000
       8.9467993       6.1404409      0.50739610      0.66666669      0.56125563
      -235.80931       154.40224      -243.79350      -722.49878      -44.582932
       490.54791
       1.0000000       72.000000       1.6666696      -1.0000000       10.000000
     0.046608513      0.52196163      -1.0000000      -1.0000000      -1.0000000
      -1.0000000      -1.0000000      -1.0000000      -1.0000000      -1.0000000
      -1.0000000
       0.0000000       70.000000       1.8226893       118.00000       51264.000
       7.2074418       9.3329039      0.48473987      0.76744187      0.58748019
      -48.314938      -691.77325       348.32532       268.14587       40.660732
       189.51971
       1.0000000       70.000000       1.8226893      -1.0000000       23.000000
      0.20902395       1.4681699      -1.0000000      -1.0000000      -1.0000000
      -1.0000000      -1.0000000      -1.0000000      -1.0000000      -1.0000000
      -1.0000000
       0.0000000       69.000000       1.9040896       120.00000       49201.000
       5.9316549       5.7122946      0.48618349      0.78723407      0.63845527
       367.15347      -474.89618       522.57172       233.78548       30.851816
       224.16681
       1.0000000       69.000000       1.9040896      -1.0000000       21.000000
      0.33386757       1.0216701      -1.0000000      -1.0000000      -1.0000000
      -1.0000000      -1.0000000      -1.0000000      -1.0000000      -1.0000000
      -1.0000000
       0.0000000       68.000000       2.0020282       114.00000       44098.000
       5.3249550       3.2250330      0.54289407      0.80000001      0.65793055
       380.44891      -182.98050       633.40002       204.98900       25.172962
       263.74149
       1.0000000       68.000000       2.0020282      -1.0000000       9.0000000
      0.13713847      0.44483709      -1.0000000      -1.0000000      -1.0000000
      -1.0000000      -1.0000000      -1.0000000      -1.0000000      -1.0000000
      -1.0000000
       0.0000000       67.000000       2.1032696       108.00000       39050.000
       4.7913084       3.0100868      0.59547836      0.73809522      0.74095100
       374.96622      -104.97317       602.28479       182.89510       20.666288
       268.81747
       1.0000000       67.000000       2.1032696      -1.0000000       11.000000
     0.085890252      0.27988547      -1.0000000      -1.0000000      -1.0000000
      -1.0000000      -1.0000000      -1.0000000      -1.0000000      -1.0000000
      -1.0000000
       0.0000000       66.000000       2.2079256       110.00000       36490.000
       4.6984339       2.8382664      0.61948937      0.66666669      0.74505430
       323.78043      -35.036671       635.33875       172.90581       19.000364
       226.68906
       1.0000000       66.000000       2.2079256      -1.0000000       4.0000000
    0.0088363993     0.085150743      -1.0000000      -1.0000000      -1.0000000
      -1.0000000      -1.0000000      -1.0000000      -1.0000000      -1.0000000
      -1.0000000
       0.0000000       65.000000       2.3161108       98.000000       30911.000
       4.5980129       2.7476647      0.49549246      0.80392158      0.64678967
       139.36151      -19.175287       657.31067       171.28795       20.513451
       195.18311
       1.0000000       65.000000       2.3161108      -1.0000000       6.0000000
    0.0012235828     0.015391405      -1.0000000      -1.0000000      -1.0000000
      -1.0000000      -1.0000000      -1.0000000      -1.0000000      -1.0000000
      -1.0000000
       0.0000000       64.000000       2.4442258       158.00000       37257.000
       3.8957787       4.1935592      0.48200661      0.82456142      0.68609238
       220.65474       90.838493       585.10840       172.91418       19.981991
       167.37686
       1.0000000       64.000000       2.4442258      -1.0000000       6.0000000
      0.16854272      0.45170489      -1.0000000      -1.0000000      -1.0000000
      -1.0000000      -1.0000000      -1.0000000      -1.0000000      -1.0000000
      -1.0000000
       0.0000000       63.000000       2.5772903       224.00000       41166.000
       3.1602485       5.5515347      0.58999711      0.81132078      0.75160152
       154.04314       433.01031       511.01016       176.01711       22.965057
       148.62851
       1.0000000       63.000000       2.5772903      -1.0000000       6.0000000
     0.048802356      0.12047293      -1.0000000      -1.0000000      -1.0000000
      -1.0000000      -1.0000000      -1.0000000      -1.0000000      -1.0000000
      -1.0000000
       0.0000000       62.000000       2.7331426       285.00000       42138.000
       2.4258707       4.3667412      0.59339976      0.75675678      0.72204697
       153.10979       323.05301       487.60641       161.18315       16.571304
       172.80435
       1.0000000       62.000000       2.7331426      -1.0000000       5.0000000
     0.043008351     0.057448526      -1.0000000      -1.0000000      -1.0000000
      -1.0000000      -1.0000000      -1.0000000      -1.0000000      -1.0000000
      -1.0000000
       0.0000000       61.000000       2.8957851       277.00000       37809.000
       1.9812574       2.5294778      0.58059567      0.75675678      0.68504149
       201.38222       190.18552       431.58136       145.50961       12.927042
       173.63058
       1.0000000       61.000000       2.8957851      -1.0000000       8.0000000
     0.014668181    0.0092275823      -1.0000000      -1.0000000      -1.0000000
      -1.0000000      -1.0000000      -1.0000000      -1.0000000      -1.0000000
      -1.0000000
       0.0000000       60.000000       3.0081310       304.00000       36658.000
       1.8114952       1.9580358      0.56971419      0.75675678      0.72943205
       258.98151       131.98615       379.20172       144.09187       11.086647
       165.09671
       1.0000000       60.000000       3.0081310      -1.0000000       6.0000000
   0.00055782445       0.0000000      -1.0000000      -1.0000000      -1.0000000
      -1.0000000      -1.0000000      -1.0000000      -1.0000000      -1.0000000
      -1.0000000
       0.0000000       59.000000       3.0848227       438.00000       43672.000
       1.7098433       2.0850246      0.55504519      0.79545456      0.70851409
       220.24841       94.473625       415.27676       147.89505       11.098131
       148.95245
       1.0000000       59.000000       3.0848227      -1.0000000       4.0000000
     0.017213976       0.0000000      -1.0000000      -1.0000000      -1.0000000
      -1.0000000      -1.0000000      -1.0000000      -1.0000000      -1.0000000
      -1.0000000
       0.0000000       58.000000       3.2830331      -1.0000000       39541.000
       1.4140297       2.6337359      -1.0000000      -1.0000000      -1.0000000
      -1.0000000      -1.0000000      -1.0000000       160.07611       13.335730
       116.18156
       1.0000000       58.000000       3.2830331      -1.0000000       6.0000000
      0.10947558      0.28357270      -1.0000000      -1.0000000      -1.0000000
      -1.0000000      -1.0000000      -1.0000000      -1.0000000      -1.0000000
      -1.0000000
       0.0000000       57.000000       3.4908614      -1.0000000       33433.000
      0.94139409       2.7474549      -1.0000000      -1.0000000      -1.0000000
      -1.0000000      -1.0000000      -1.0000000       160.37051       12.013776
       104.92734
       1.0000000       57.000000       3.4908614      -1.0000000       7.0000000
   0.00097572812       0.0000000      -1.0000000      -1.0000000      -1.0000000
      -1.0000000      -1.0000000      -1.0000000      -1.0000000      -1.0000000
      -1.0000000
