       0.0000000       135.00000       0.0000000       3623.0000       479498.00
       1.7957265       1.9918985      0.39058030      0.19999999      0.31858596
      -8.3276510       14.104332       78.835861       77.058472       10.131812
       52.070938
       0.0000000       134.00000    0.0095216669       3639.0000       477814.00
       1.7622117       1.8587327      0.37976047      0.19999999      0.30736157
      -6.2386980       11.518923       77.068413       76.114914       9.6983385
       52.494473
       0.0000000       133.00000     0.023974428       3666.0000       474682.00
       1.7592990       1.6997675      0.37782609      0.20689654      0.28366029
      -2.1861370       10.194931       75.200943       76.046028       9.9892569
       52.714371
       0.0000000       132.00000     0.033724371       3733.0000       474852.00
       1.7403948       1.7585973      0.38307363      0.25806451      0.28531030
      -2.0835547       11.273695       74.430740       76.996750       9.6834793
       53.786190
       0.0000000       131.00000     0.048523631       3758.0000       471785.00
       1.7023515       1.9820973      0.38760608      0.19999999      0.24575152
      -5.9676661       12.289184       74.937538       76.516312       9.7367926
       54.307663
       0.0000000       130.00000     0.058507323       3753.0000       468808.00
       1.6904639       1.7533890      0.38284984      0.17241371      0.26835778
      -7.6531868       10.896340       73.204025       76.126854       9.5337725
       54.289574
       1.0000000       130.00000     0.058507323      -1.0000000       1.0000000
   0.00021811978     0.011071957      -1.0000000      -1.0000000      -1.0000000
      -1.0000000      -1.0000000      -1.0000000      -1.0000000      -1.0000000
      -1.0000000
       0.0000000       129.00000     0.073661387       3753.0000       466065.00
       1.6653506       1.5056924      0.37176287      0.20689654      0.24722396
      -12.372605       7.5496497       71.622063       76.410347       9.3630457
       54.521332
       1.0000000       129.00000     0.073661387      -1.0000000       1.0000000
    0.0026545825     0.048096288      -1.0000000      -1.0000000      -1.0000000
      -1.0000000      -1.0000000      -1.0000000      -1.0000000      -1.0000000
      -1.0000000
       0.0000000       128.00000     0.083884433       3752.0000       463587.00
       1.6200135       1.4590359      0.37605590      0.16666669      0.24618617
      -13.389661       2.4680824       65.264046       77.090614       9.0662603
       54.921017
       1.0000000       128.00000     0.083884433      -1.0000000       1.0000000
      0.15820068      0.25367966      -1.0000000      -1.0000000      -1.0000000
      -1.0000000      -1.0000000      -1.0000000      -1.0000000      -1.0000000
      -1.0000000
       0.0000000       127.00000     0.099401802       3740.0000       461458.00
       1.6007500       1.5585597      0.37411344      0.16129035      0.25119156
      -16.541969      0.18640025       65.519333       77.965958       9.0331650
       54.954693
       0.0000000       126.00000      0.10986994       3716.0000       458902.00
       1.5802678       1.7702937      0.37355158      0.30303037      0.31119329
      -20.144028      0.39137787       65.109299       78.533882       8.9739075
       55.779087
       0.0000000       125.00000      0.12575933       3701.0000       456115.00
       1.5598955       1.3040098      0.37351006      0.13793099      0.26369828
      -22.616751       3.5898652       63.162975       77.970985       8.1478109
       56.003117
       0.0000000       124.00000      0.14187621       3687.0000       452822.00
       1.5118183       1.3006630      0.35002744      0.22580642      0.21564695
      -14.691872       3.4907196       47.654621       76.194038       8.1368828
       57.601944
       1.0000000       124.00000      0.14187621      -1.0000000       2.0000000
       0.0000000       0.0000000      -1.0000000      -1.0000000      -1.0000000
      -1.0000000      -1.0000000      -1.0000000      -1.0000000      -1.0000000
      -1.0000000
       0.0000000       123.00000      0.15274876      -1.0000000       451252.00
       1.5354135       1.1689237      -1.0000000      -1.0000000      -1.0000000
      -1.0000000      -1.0000000      -1.0000000       77.312859       8.2235107
       58.257473
       0.0000000       122.00000      0.16925204       3724.0000       448902.00
       1.5080818       1.5246645      0.35382286      0.22580642      0.24605903
      -24.195543       3.5761166       46.910137       80.408096       8.1523571
       59.692959
       1.0000000       122.00000      0.16925204      -1.0000000       1.0000000
       0.0000000       0.0000000      -1.0000000      -1.0000000      -1.0000000
      -1.0000000      -1.0000000      -1.0000000      -1.0000000      -1.0000000
      -1.0000000
       0.0000000       121.00000      0.18038526      -1.0000000       446152.00
       1.4591538       1.7716084      -1.0000000      -1.0000000      -1.0000000
      -1.0000000      -1.0000000      -1.0000000       79.834961       8.1750154
       59.882366
       0.0000000       120.00000      0.19728418      -1.0000000       442658.00
       1.4373945       1.4610990      -1.0000000      -1.0000000      -1.0000000
      -1.0000000      -1.0000000      -1.0000000       79.369278       7.9285460
       58.919582
       0.0000000       119.00000      0.21442504      -1.0000000       440556.00
       1.4203826       1.2996405      -1.0000000      -1.0000000      -1.0000000
      -1.0000000      -1.0000000      -1.0000000       81.338791       7.8302383
       56.992477
       0.0000000       118.00000      0.22598839      -1.0000000       439366.00
       1.4088835       1.3327916      -1.0000000      -1.0000000      -1.0000000
      -1.0000000      -1.0000000      -1.0000000       82.268967       7.6765332
       55.639816
       0.0000000       117.00000      0.24354018      -1.0000000       435711.00
       1.3859055       1.5835223      -1.0000000      -1.0000000      -1.0000000
      -1.0000000      -1.0000000      -1.0000000       81.991463       7.8435369
       57.046230
       0.0000000       116.00000      0.26134327      -1.0000000       432765.00
       1.3242339       1.4248623      -1.0000000      -1.0000000      -1.0000000
      -1.0000000      -1.0000000      -1.0000000       81.048294       7.3658056
       58.845581
       0.0000000       115.00000      0.27335334      -1.0000000       430020.00
       1.3256439       1.4108716      -1.0000000      -1.0000000      -1.0000000
      -1.0000000      -1.0000000      -1.0000000       79.728760       7.3300405
       60.932957
       0.0000000       114.00000      0.29158324      -1.0000000       426847.00
       1.2689701       1.3439100      -1.0000000      -1.0000000      -1.0000000
      -1.0000000      -1.0000000      -1.0000000       79.109627       6.8963985
       63.849426
       0.0000000       113.00000      0.31007412      -1.0000000       423875.00
       1.2788506       1.2769128      -1.0000000      -1.0000000      -1.0000000
      -1.0000000      -1.0000000      -1.0000000       77.446396       7.0910401
       67.209251
       0.0000000       112.00000      0.32882974      -1.0000000       419616.00
       1.2278562       1.2793730      -1.0000000      -1.0000000      -1.0000000
      -1.0000000      -1.0000000      -1.0000000       77.550690       6.8884425
       67.970764
       0.0000000       111.00000      0.34785384      -1.0000000       416846.00
       1.2288910       1.2484581      -1.0000000      -1.0000000      -1.0000000
      -1.0000000      -1.0000000      -1.0000000       77.602867       6.8479152
       64.927856
       0.0000000       110.00000      0.36068764      -1.0000000       415453.00
       1.2012684       1.2060437      -1.0000000      -1.0000000      -1.0000000
      -1.0000000      -1.0000000      -1.0000000       78.442207       6.8430109
       62.732498
       0.0000000       109.00000      0.38016787      -1.0000000       410673.00
       1.1985680       1.1838092      -1.0000000      -1.0000000      -1.0000000
      -1.0000000      -1.0000000      -1.0000000       79.864677       7.0516729
       60.613735
       0.0000000       108.00000      0.39992696      -1.0000000       408659.00
       1.1757271       1.4696609      -1.0000000      -1.0000000      -1.0000000
      -1.0000000      -1.0000000      -1.0000000       81.018600       7.1299257
       60.650478
       0.0000000       107.00000      0.41996893      -1.0000000       403723.00
       1.1313626       1.4910129      -1.0000000      -1.0000000      -1.0000000
      -1.0000000      -1.0000000      -1.0000000       79.878571       6.9196548
       63.054123
       0.0000000       106.00000      0.44029784      -1.0000000       402222.00
       1.0950062       1.5032823      -1.0000000      -1.0000000      -1.0000000
      -1.0000000      -1.0000000      -1.0000000       79.668571       6.8968177
       62.984322
       0.0000000       105.00000      0.46091780      -1.0000000       398151.00
       1.0728347       1.3102789      -1.0000000      -1.0000000      -1.0000000
      -1.0000000      -1.0000000      -1.0000000       79.014191       6.8200483
       64.657074
       1.0000000       105.00000      0.46091780      -1.0000000       1.0000000
       0.0000000       0.0000000      -1.0000000      -1.0000000      -1.0000000
      -1.0000000      -1.0000000      -1.0000000      -1.0000000      -1.0000000
      -1.0000000
       0.0000000       104.00000      0.48183295      -1.0000000       394791.00
       1.0385486       1.3274436      -1.0000000      -1.0000000      -1.0000000
      -1.0000000      -1.0000000      -1.0000000       79.455154       6.6945696
       63.191662
       0.0000000       103.00000      0.50304753      -1.0000000       391475.00
       1.0160289       1.4516631      -1.0000000      -1.0000000      -1.0000000
      -1.0000000      -1.0000000      -1.0000000       80.398392       6.8213115
       63.089561
       0.0000000       102.00000      0.52456582      -1.0000000       388663.00
      0.98046821       1.6215487      -1.0000000      -1.0000000      -1.0000000
      -1.0000000      -1.0000000      -1.0000000       80.741058       6.9030256
       63.328522
       0.0000000       101.00000      0.54639220      -1.0000000       385909.00
      0.91076624       1.5632498      -1.0000000      -1.0000000      -1.0000000
      -1.0000000      -1.0000000      -1.0000000       80.145020       6.4781637
       64.338600
       0.0000000       100.00000      0.57598084      -1.0000000       381358.00
      0.87047243       1.5079892      -1.0000000      -1.0000000      -1.0000000
      -1.0000000      -1.0000000      -1.0000000       79.845535       6.4057679
       66.546829
       0.0000000       99.000000      0.59854329      -1.0000000       376362.00
      0.83203435       1.3932681      -1.0000000      -1.0000000      -1.0000000
      -1.0000000      -1.0000000      -1.0000000       78.312500       6.2845259
       69.198006
       0.0000000       98.000000      0.62142873      -1.0000000       373018.00
      0.81865978       1.1484258      -1.0000000      -1.0000000      -1.0000000
      -1.0000000      -1.0000000      -1.0000000       78.000870       6.0137739
       68.463928
       0.0000000       97.000000      0.64464182      -1.0000000       370157.00
      0.81327796       1.3233051      -1.0000000      -1.0000000      -1.0000000
      -1.0000000      -1.0000000      -1.0000000       77.547066       6.4707255
       67.196556
       0.0000000       96.000000      0.67611039      -1.0000000       366289.00
      0.76021570       1.3077108      -1.0000000      -1.0000000      -1.0000000
      -1.0000000      -1.0000000      -1.0000000       78.315018       5.9736910
       62.962715
       0.0000000       95.000000      0.70010638      -1.0000000       363859.00
      0.75865316       1.4102080      -1.0000000      -1.0000000      -1.0000000
      -1.0000000      -1.0000000      -1.0000000       78.543190       6.7453613
       61.439445
       0.0000000       94.000000      0.73263615      -1.0000000       359236.00
      0.70424241       1.6050946      -1.0000000      -1.0000000      -1.0000000
      -1.0000000      -1.0000000      -1.0000000       79.296776       6.5194602
       64.737129
       0.0000000       93.000000      0.75744140      -1.0000000       355735.00
      0.66066748       1.3211560      -1.0000000      -1.0000000      -1.0000000
      -1.0000000      -1.0000000      -1.0000000       76.975700       6.0341172
       67.509361
       0.0000000       92.000000      0.79106826      -1.0000000       350701.00
      0.63653970       1.1714526      -1.0000000      -1.0000000      -1.0000000
      -1.0000000      -1.0000000      -1.0000000       75.804443       6.0569358
       71.173233
       0.0000000       91.000000      0.81671000      -1.0000000       347553.00
      0.61082846       1.2357647      -1.0000000      -1.0000000      -1.0000000
      -1.0000000      -1.0000000      -1.0000000       76.625359       5.7479539
       73.541077
       0.0000000       90.000000      0.85147089      -1.0000000       344106.00
      0.58373338       1.3472276      -1.0000000      -1.0000000      -1.0000000
      -1.0000000      -1.0000000      -1.0000000       77.012138       6.1504679
       72.975433
       0.0000000       89.000000      0.88689691      -1.0000000       340933.00
      0.54658490       1.3051075      -1.0000000      -1.0000000      -1.0000000
      -1.0000000      -1.0000000      -1.0000000       79.108368       5.7424049
       71.677887
       0.0000000       88.000000      0.92300081      -1.0000000       336745.00
      0.53070462       1.2568767      -1.0000000      -1.0000000      -1.0000000
      -1.0000000      -1.0000000      -1.0000000       79.820259       6.2225194
       67.597824
       0.0000000       87.000000      0.95053136      -1.0000000       333701.00
      0.46282494       1.3252403      -1.0000000      -1.0000000      -1.0000000
      -1.0000000      -1.0000000      -1.0000000       82.985458       5.3117628
       62.518902
       1.0000000       87.000000      0.95053136      -1.0000000       1.0000000
       0.0000000       0.0000000      -1.0000000      -1.0000000      -1.0000000
      -1.0000000      -1.0000000      -1.0000000      -1.0000000      -1.0000000
      -1.0000000
       0.0000000       86.000000      0.98785281      -1.0000000       329387.00
      0.47744676       1.8172175      -1.0000000      -1.0000000      -1.0000000
      -1.0000000      -1.0000000      -1.0000000       90.983292       7.4591427
       53.283184
       1.0000000       86.000000      0.98785281      -1.0000000       1.0000000
     0.053832699      0.35601330      -1.0000000      -1.0000000      -1.0000000
      -1.0000000      -1.0000000      -1.0000000      -1.0000000      -1.0000000
      -1.0000000
       0.0000000       85.000000      0.99729425      -1.0000000       328483.00
      0.46706641       1.4861931      -1.0000000      -1.0000000      -1.0000000
      -1.0000000      -1.0000000      -1.0000000       93.840721       6.7225456
       52.525723
       0.0000000       84.000000       1.0355104      -1.0000000       324587.00
      0.39202178       1.1829264      -1.0000000      -1.0000000      -1.0000000
      -1.0000000      -1.0000000      -1.0000000       82.136528       5.2419391
       65.895515
       0.0000000       83.000000       1.0744579      -1.0000000       318585.00
      0.36532786       1.0256199      -1.0000000      -1.0000000      -1.0000000
      -1.0000000      -1.0000000      -1.0000000       72.375916       4.7604594
       73.175476
       0.0000000       82.000000       1.1141505      -1.0000000       312920.00
      0.35905275       1.0109147      -1.0000000      -1.0000000      -1.0000000
      -1.0000000      -1.0000000      -1.0000000       70.225769       4.7639036
       69.513123
       0.0000000       81.000000       1.1546028      -1.0000000       308029.00
      0.33746409       1.0467088      -1.0000000      -1.0000000      -1.0000000
      -1.0000000      -1.0000000      -1.0000000       70.439445       4.7261286
       68.727379
       0.0000000       80.000000       1.2062581      -1.0000000       300495.00
      0.31962833       1.0041313      -1.0000000      -1.0000000      -1.0000000
      -1.0000000      -1.0000000      -1.0000000       67.744286       4.4390044
       68.186508
       0.0000000       79.000000       1.2484726      -1.0000000       296050.00
      0.30342880      0.90631735      -1.0000000      -1.0000000      -1.0000000
      -1.0000000      -1.0000000      -1.0000000       65.202629       4.2980609
       71.905670
       0.0000000       78.000000       1.3023784      -1.0000000       291775.00
      0.28890407      0.71948844      -1.0000000      -1.0000000      -1.0000000
      -1.0000000      -1.0000000      -1.0000000       65.952705       3.9626844
       66.908752
       0.0000000       77.000000       1.3575766      -1.0000000       313116.00
      0.28336897      0.90107125      -1.0000000      -1.0000000      -1.0000000
      -1.0000000      -1.0000000      -1.0000000       69.120911       4.3472815
       63.594105
       0.0000000       76.000000       1.4140983      -1.0000000       306365.00
      0.25921059      0.99181861      -1.0000000      -1.0000000      -1.0000000
      -1.0000000      -1.0000000      -1.0000000       69.623116       4.3343339
       62.367126
       0.0000000       75.000000       1.4719748      -1.0000000       299483.00
      0.23609854      0.80949605      -1.0000000      -1.0000000      -1.0000000
      -1.0000000      -1.0000000      -1.0000000       67.637047       3.8934197
       68.777809
       0.0000000       74.000000       1.5312390      -1.0000000       292052.00
      0.22565487      0.76877892      -1.0000000      -1.0000000      -1.0000000
      -1.0000000      -1.0000000      -1.0000000       66.479874       4.0019593
       69.678345
       0.0000000       73.000000       1.6042346      -1.0000000       289937.00
      0.21034840      0.76455337      -1.0000000      -1.0000000      -1.0000000
      -1.0000000      -1.0000000      -1.0000000       68.833115       3.8264849
       67.755699
       0.0000000       72.000000       1.6666696      -1.0000000       311030.00
      0.19572066      0.84732610      -1.0000000      -1.0000000      -1.0000000
      -1.0000000      -1.0000000      -1.0000000       73.217300       3.8370128
       63.814407
       0.0000000       71.000000       1.7435706      -1.0000000       302824.00
      0.16355932      0.99048322      -1.0000000      -1.0000000      -1.0000000
      -1.0000000      -1.0000000      -1.0000000       73.123383       3.7375805
       65.654579
       0.0000000       70.000000       1.8226893      -1.0000000       295340.00
      0.14455552      0.64046508      -1.0000000      -1.0000000      -1.0000000
      -1.0000000      -1.0000000      -1.0000000       70.350632       3.3585384
       70.002312
       0.0000000       69.000000       1.9040896      -1.0000000       287330.00
      0.13627090      0.55882269      -1.0000000      -1.0000000      -1.0000000
      -1.0000000      -1.0000000      -1.0000000       70.402573       3.0957599
       72.532249
       0.0000000       68.000000       2.0020282      -1.0000000       278223.00
      0.11805626      0.61112916      -1.0000000      -1.0000000      -1.0000000
      -1.0000000      -1.0000000      -1.0000000       72.837067       3.0747397
       68.588676
       1.0000000       68.000000       2.0020282      -1.0000000       1.0000000
       0.0000000       0.0000000      -1.0000000      -1.0000000      -1.0000000
      -1.0000000      -1.0000000      -1.0000000      -1.0000000      -1.0000000
      -1.0000000
       0.0000000       67.000000       2.1032696      -1.0000000       270114.00
      0.10299242      0.76597881      -1.0000000      -1.0000000      -1.0000000
      -1.0000000      -1.0000000      -1.0000000       74.465706       3.3153555
       67.717590
       1.0000000       67.000000       2.1032696      -1.0000000       1.0000000
       0.0000000       0.0000000      -1.0000000      -1.0000000      -1.0000000
      -1.0000000      -1.0000000      -1.0000000      -1.0000000      -1.0000000
      -1.0000000
       0.0000000       66.000000       2.2079256      -1.0000000       256390.00
     0.075383089      0.55664378      -1.0000000      -1.0000000      -1.0000000
      -1.0000000      -1.0000000      -1.0000000       71.910294       2.8354170
       74.956116
       0.0000000       65.000000       2.3161108      -1.0000000       244781.00
     0.072761416      0.33552247      -1.0000000      -1.0000000      -1.0000000
      -1.0000000      -1.0000000      -1.0000000       68.378433       2.4244182
       79.209869
       1.0000000       65.000000       2.3161108      -1.0000000       2.0000000
   0.00042070277     0.024202859      -1.0000000      -1.0000000      -1.0000000
      -1.0000000      -1.0000000      -1.0000000      -1.0000000      -1.0000000
      -1.0000000
       0.0000000       64.000000       2.4442258      -1.0000000       236561.00
     0.062910646      0.37508902      -1.0000000      -1.0000000      -1.0000000
      -1.0000000      -1.0000000      -1.0000000       74.188850       2.3119698
       67.852646
       1.0000000       64.000000       2.4442258      -1.0000000       2.0000000
       0.0000000       0.0000000      -1.0000000      -1.0000000      -1.0000000
      -1.0000000      -1.0000000      -1.0000000      -1.0000000      -1.0000000
      -1.0000000
       0.0000000       63.000000       2.5772903      -1.0000000       230183.00
     0.059503254       1.0359943      -1.0000000      -1.0000000      -1.0000000
      -1.0000000      -1.0000000      -1.0000000       83.173653       5.2328200
       51.039394
       0.0000000       62.000000       2.7331426      -1.0000000       217775.00
     0.027090652      0.35207412      -1.0000000      -1.0000000      -1.0000000
      -1.0000000      -1.0000000      -1.0000000       72.210106       1.9492325
       69.569786
       1.0000000       62.000000       2.7331426      -1.0000000       2.0000000
    0.0034173999     0.034798913      -1.0000000      -1.0000000      -1.0000000
      -1.0000000      -1.0000000      -1.0000000      -1.0000000      -1.0000000
      -1.0000000
       0.0000000       61.000000       2.8957851      -1.0000000       204859.00
     0.020838864      0.24283028      -1.0000000      -1.0000000      -1.0000000
      -1.0000000      -1.0000000      -1.0000000       58.963013       1.2995255
       81.206818
