       0.0000000       135.00000       0.0000000       5.0000000       59384.000
       171.67101       3.4666319      0.30465767      0.54999995     0.030970763
       9.0912771       13.899980       9.7724838       423.10733       1087.5548
       699.52570
       0.0000000       134.00000    0.0095216669       5.0000000       58569.000
       171.94147       4.9750013      0.30358747      0.58536583     0.017635776
       7.1079807       9.3564606       6.4841623       422.59116       1076.3323
       699.89410
       1.0000000       134.00000    0.0095216669      -1.0000000       53.000000
     0.084660261      0.20229251      -1.0000000      -1.0000000      -1.0000000
      -1.0000000      -1.0000000      -1.0000000      -1.0000000      -1.0000000
      -1.0000000
       0.0000000       133.00000     0.023974428       5.0000000       57631.000
       172.29988       4.4339337      0.29921734      0.58536583     0.017643053
       9.2434616       7.7468681       6.4223418       420.63586       1081.8932
       710.84027
       1.0000000       133.00000     0.023974428      -1.0000000       32.000000
     0.070121742      0.11107991      -1.0000000      -1.0000000      -1.0000000
      -1.0000000      -1.0000000      -1.0000000      -1.0000000      -1.0000000
      -1.0000000
       0.0000000       132.00000     0.033724371       5.0000000       57239.000
       170.20190       4.2424464      0.29721579      0.57499999     0.022961630
       14.111314       9.9922409       6.2157140       420.57321       1040.3116
       712.60883
       1.0000000       132.00000     0.033724371      -1.0000000       19.000000
     0.032403847     0.060436410      -1.0000000      -1.0000000      -1.0000000
      -1.0000000      -1.0000000      -1.0000000      -1.0000000      -1.0000000
      -1.0000000
       0.0000000       131.00000     0.048523631       4.0000000       46572.000
       170.68219       4.1318521      0.30876407      0.56410253     0.022577627
     -0.18438907       7.1515627       14.351636       421.29190       1049.7729
       714.46472
       1.0000000       131.00000     0.048523631      -1.0000000       21.000000
     0.043139359     0.048129054      -1.0000000      -1.0000000      -1.0000000
      -1.0000000      -1.0000000      -1.0000000      -1.0000000      -1.0000000
      -1.0000000
       0.0000000       130.00000     0.058507323       4.0000000       46138.000
       170.63896       3.6774037      0.30608469      0.57499999     0.025504777
     -0.86924338       4.8384843       12.086269       423.48843       1024.0972
       710.81403
       1.0000000       130.00000     0.058507323      -1.0000000       15.000000
     0.031385428      0.12676932      -1.0000000      -1.0000000      -1.0000000
      -1.0000000      -1.0000000      -1.0000000      -1.0000000      -1.0000000
      -1.0000000
       0.0000000       129.00000     0.073661387       4.0000000       45459.000
       170.11069       3.6273129      0.25247121      0.56410253     0.043141361
       2.6175630      -1.7730473       2.7542319       426.53711       1015.9482
       709.31281
       1.0000000       129.00000     0.073661387      -1.0000000       20.000000
     0.011615024     0.023238469      -1.0000000      -1.0000000      -1.0000000
      -1.0000000      -1.0000000      -1.0000000      -1.0000000      -1.0000000
      -1.0000000
       0.0000000       128.00000     0.083884433       4.0000000       45177.000
       170.48915       3.2168481      0.29261279      0.57894731     0.037408181
      -4.9741554      -3.8828871      0.81529725       429.07562       1032.0696
       708.23853
       1.0000000       128.00000     0.083884433      -1.0000000       15.000000
    0.0081682223     0.051005711      -1.0000000      -1.0000000      -1.0000000
      -1.0000000      -1.0000000      -1.0000000      -1.0000000      -1.0000000
      -1.0000000
       0.0000000       127.00000     0.099401802       7.0000000       65838.000
       170.31453       4.5077305      0.28983995      0.54054058     0.017565854
       5.3628540       1.4325445      -5.7094817       434.14618       1021.3454
       696.21063
       1.0000000       127.00000     0.099401802      -1.0000000       23.000000
     0.025883577     0.032800257      -1.0000000      -1.0000000      -1.0000000
      -1.0000000      -1.0000000      -1.0000000      -1.0000000      -1.0000000
      -1.0000000
       0.0000000       126.00000      0.10986994       7.0000000       65368.000
       170.79872       4.0064988      0.29600549      0.58536583     0.019634780
       16.812384       11.399216       3.0800316       437.17493       988.78284
       690.11676
       1.0000000       126.00000      0.10986994      -1.0000000       17.000000
     0.027677207      0.21436534      -1.0000000      -1.0000000      -1.0000000
      -1.0000000      -1.0000000      -1.0000000      -1.0000000      -1.0000000
      -1.0000000
       0.0000000       125.00000      0.12575933       6.0000000       55537.000
       171.63283       3.5831511      0.30941969      0.56756753     0.020269273
       2.3673828       3.7202446       5.2770929       442.08646       1049.4833
       687.46442
       1.0000000       125.00000      0.12575933      -1.0000000       30.000000
     0.032003767      0.21835040      -1.0000000      -1.0000000      -1.0000000
      -1.0000000      -1.0000000      -1.0000000      -1.0000000      -1.0000000
      -1.0000000
       0.0000000       124.00000      0.14187621       6.0000000       55055.000
       170.80489       4.5344329      0.28829515      0.54054058     0.031398658
       5.6458645       2.2991283      -4.3072639       448.72119       1041.6412
       678.77625
       1.0000000       124.00000      0.14187621      -1.0000000       24.000000
     0.022496781      0.10099366      -1.0000000      -1.0000000      -1.0000000
      -1.0000000      -1.0000000      -1.0000000      -1.0000000      -1.0000000
      -1.0000000
       0.0000000       123.00000      0.15274876       5.0000000       48491.000
       170.89546       4.5032368      0.30930814      0.54054058     0.035873748
      -4.2512245      -7.9641471      -6.7659988       452.49759       1047.3258
       676.31995
       1.0000000       123.00000      0.15274876      -1.0000000       19.000000
     0.074774098      0.14462461      -1.0000000      -1.0000000      -1.0000000
      -1.0000000      -1.0000000      -1.0000000      -1.0000000      -1.0000000
      -1.0000000
       0.0000000       122.00000      0.16925204       5.0000000       47794.000
       172.55035       4.3099036      0.28789899      0.54054058     0.016524015
       3.1482086       2.7581203      -5.5453792       457.45804       1081.8733
       678.04846
       1.0000000       122.00000      0.16925204      -1.0000000       16.000000
       7.2235001      0.91951973      -1.0000000      -1.0000000      -1.0000000
      -1.0000000      -1.0000000      -1.0000000      -1.0000000      -1.0000000
      -1.0000000
       0.0000000       121.00000      0.18038526       5.0000000       47286.000
       174.75626       4.0248337      0.28679258      0.56410253     0.019349040
      -1.6743691     -0.41606641      0.68796980       460.02075       1061.4413
       679.82141
       1.0000000       121.00000      0.18038526      -1.0000000       26.000000
     0.044500808      0.11239330      -1.0000000      -1.0000000      -1.0000000
      -1.0000000      -1.0000000      -1.0000000      -1.0000000      -1.0000000
      -1.0000000
       0.0000000       120.00000      0.19728418       5.0000000       46753.000
       171.35707       4.7123551      0.29682586      0.57499999     0.021514371
       4.4048433      -3.5805945      -3.6358755       458.26813       1038.8865
       672.59668
       1.0000000       120.00000      0.19728418      -1.0000000       19.000000
     0.021698352      0.21815039      -1.0000000      -1.0000000      -1.0000000
      -1.0000000      -1.0000000      -1.0000000      -1.0000000      -1.0000000
      -1.0000000
       0.0000000       119.00000      0.21442504       5.0000000       42957.000
       169.34734       3.7734163      0.30094948      0.56756753     0.039374419
       3.8234215      -7.3024168      -4.3399310       456.05646       989.87085
       669.32611
       1.0000000       119.00000      0.21442504      -1.0000000       23.000000
     0.026330452     0.067854033      -1.0000000      -1.0000000      -1.0000000
      -1.0000000      -1.0000000      -1.0000000      -1.0000000      -1.0000000
      -1.0000000
       0.0000000       118.00000      0.22598839       5.0000000       42953.000
       168.95888       3.9235435      0.28217429      0.54054058     0.018235685
      -2.6236925      -9.8654575       6.9662900       455.14273       975.93219
       664.01556
       1.0000000       118.00000      0.22598839      -1.0000000       25.000000
     0.070465900      0.40046940      -1.0000000      -1.0000000      -1.0000000
      -1.0000000      -1.0000000      -1.0000000      -1.0000000      -1.0000000
      -1.0000000
       0.0000000       117.00000      0.24354018       5.0000000       42418.000
       169.46770       3.9425194      0.29379937      0.55555552     0.032383472
       1.0720469      -11.082247     -0.82696420       459.10785       1006.2928
       663.68054
       1.0000000       117.00000      0.24354018      -1.0000000       32.000000
     0.096406640      0.21131732      -1.0000000      -1.0000000      -1.0000000
      -1.0000000      -1.0000000      -1.0000000      -1.0000000      -1.0000000
      -1.0000000
       0.0000000       116.00000      0.26134327       5.0000000       40401.000
       168.76755       3.4913797      0.28220052      0.55555552     0.063362099
       6.1467519      -6.4642544      -3.5570712       466.24219       1007.1300
       666.86432
       1.0000000       116.00000      0.26134327      -1.0000000       27.000000
     0.099148780      0.15890759      -1.0000000      -1.0000000      -1.0000000
      -1.0000000      -1.0000000      -1.0000000      -1.0000000      -1.0000000
      -1.0000000
       0.0000000       115.00000      0.27335334       5.0000000       40087.000
       170.84399       2.9119921      0.28988177      0.55263156     0.055428680
       5.2917414       5.5041776      -4.8159881       470.99048       1011.9748
       655.80591
       1.0000000       115.00000      0.27335334      -1.0000000       19.000000
     0.020517218      0.17636437      -1.0000000      -1.0000000      -1.0000000
      -1.0000000      -1.0000000      -1.0000000      -1.0000000      -1.0000000
      -1.0000000
       0.0000000       114.00000      0.29158324       5.0000000       39495.000
       170.41006       2.1809533      0.26695320      0.52777779     0.095615238
      -7.7824974       7.8681488      0.51585138       484.61520       1005.3698
       650.06458
       1.0000000       114.00000      0.29158324      -1.0000000       33.000000
       5.4558050       2.9311918      -1.0000000      -1.0000000      -1.0000000
      -1.0000000      -1.0000000      -1.0000000      -1.0000000      -1.0000000
      -1.0000000
       0.0000000       113.00000      0.31007412       3.0000000       23524.000
       173.65155       5.1548653      0.28193501      0.57894731     0.065106757
      -3.8980048       22.692936      -12.163424       490.08719       1074.6118
       642.39569
       1.0000000       113.00000      0.31007412      -1.0000000       28.000000
     0.016234896      0.13175289      -1.0000000      -1.0000000      -1.0000000
      -1.0000000      -1.0000000      -1.0000000      -1.0000000      -1.0000000
      -1.0000000
       0.0000000       112.00000      0.32882974       3.0000000       22796.000
       167.40277       3.7135909      0.28534892      0.59999996     0.044821199
       1.6700436       18.844404      -8.5980721       481.47504       928.27771
       660.82233
       1.0000000       112.00000      0.32882974      -1.0000000       32.000000
      0.18206660      0.84549244      -1.0000000      -1.0000000      -1.0000000
      -1.0000000      -1.0000000      -1.0000000      -1.0000000      -1.0000000
      -1.0000000
       0.0000000       111.00000      0.34785384       3.0000000       21161.000
       166.57668       3.5380876      0.29676411      0.61904758     0.091287978
       24.143747       22.751587      -34.592949       471.95114       975.48895
       690.97638
       1.0000000       111.00000      0.34785384      -1.0000000       29.000000
     0.054613549      0.21956572      -1.0000000      -1.0000000      -1.0000000
      -1.0000000      -1.0000000      -1.0000000      -1.0000000      -1.0000000
      -1.0000000
       0.0000000       110.00000      0.36068764       3.0000000       21415.000
       172.12131       4.1177058      0.31614855      0.74000001      0.24211061
      -82.911461       36.854050       218.44444       470.45691       1087.0605
       716.09308
       2.0000000       110.00000      0.36068764      0.43580139       102.00000
       48.023273       2.8664389      0.52822942      0.59375006      0.65120429
       4.3094835       258.30917       72.026344      -2496.7646       39105.043
       44490.402
       1.0000000       110.00000      0.36068764      -1.0000000       25.000000
       1.1691300      0.86757386      -1.0000000      -1.0000000      -1.0000000
      -1.0000000      -1.0000000      -1.0000000      -1.0000000      -1.0000000
      -1.0000000
       0.0000000       109.00000      0.38016787       2.0000000       16323.000
       154.92119       1.7793025      0.33437204      0.45945948     0.044470310
       17.521509      -48.203556      -83.631546       464.32962       809.58276
       741.59216
       1.0000000       109.00000      0.38016787      -1.0000000       35.000000
      0.13406202      0.45956959      -1.0000000      -1.0000000      -1.0000000
      -1.0000000      -1.0000000      -1.0000000      -1.0000000      -1.0000000
      -1.0000000
       0.0000000       108.00000      0.39992696       2.0000000       14911.000
       139.32176       2.0240908      0.30587837      0.40540540     0.041828319
     -0.48143753       11.737968       16.605640       458.17886       1267.8767
       769.83911
       1.0000000       108.00000      0.39992696      -1.0000000       29.000000
      0.18625418      0.73782909      -1.0000000      -1.0000000      -1.0000000
      -1.0000000      -1.0000000      -1.0000000      -1.0000000      -1.0000000
      -1.0000000
       0.0000000       107.00000      0.41996893       2.0000000       14755.000
       141.98743       9.9062443      0.30287665      0.40540540     0.032611143
       1.5359735       8.9751806       15.742129       459.58463       1528.7809
       778.83844
       1.0000000       107.00000      0.41996893      -1.0000000       23.000000
     0.070801053      0.48075544      -1.0000000      -1.0000000      -1.0000000
      -1.0000000      -1.0000000      -1.0000000      -1.0000000      -1.0000000
      -1.0000000
       0.0000000       106.00000      0.44029784       2.0000000       14690.000
       150.57140       8.9676437      0.28443426      0.39393944     0.059907015
       6.0462461      -4.1110616      -3.0736663       463.63528       1400.0931
       794.12341
       1.0000000       106.00000      0.44029784      -1.0000000       30.000000
     0.067108507      0.28697949      -1.0000000      -1.0000000      -1.0000000
      -1.0000000      -1.0000000      -1.0000000      -1.0000000      -1.0000000
      -1.0000000
       0.0000000       105.00000      0.46091780       2.0000000       14565.000
       151.29932       5.0764885      0.30552405      0.44444448     0.044963986
      -9.2954741       24.099390       36.650490       458.95355       1042.5654
       800.74579
       1.0000000       105.00000      0.46091780      -1.0000000       37.000000
       1.7077657       2.5743585      -1.0000000      -1.0000000      -1.0000000
      -1.0000000      -1.0000000      -1.0000000      -1.0000000      -1.0000000
      -1.0000000
       0.0000000       104.00000      0.48183295       2.0000000       14411.000
       114.11926       2.1589565      0.30398268      0.45714289     0.043843478
      -3.2942760       18.381081       14.942860       447.62927       640.39966
       804.61609
       1.0000000       104.00000      0.48183295      -1.0000000       33.000000
     0.028010909      0.38662760      -1.0000000      -1.0000000      -1.0000000
      -1.0000000      -1.0000000      -1.0000000      -1.0000000      -1.0000000
      -1.0000000
       0.0000000       103.00000      0.50304753       2.0000000       13971.000
       111.84264       1.8227930      0.30345982      0.45945948     0.045384038
      -3.5811810       23.088947       22.322544       446.37384       576.41553
       793.96240
       1.0000000       103.00000      0.50304753      -1.0000000       33.000000
     0.025814521      0.26890564      -1.0000000      -1.0000000      -1.0000000
      -1.0000000      -1.0000000      -1.0000000      -1.0000000      -1.0000000
      -1.0000000
       0.0000000       102.00000      0.52456582       2.0000000       13500.000
       110.19532       1.3864868      0.30302373      0.44444448     0.044373281
      -2.4904320       22.314379       15.986245       450.19498       533.50012
       781.85144
       1.0000000       102.00000      0.52456582      -1.0000000       31.000000
      0.84915878      0.48958792      -1.0000000      -1.0000000      -1.0000000
      -1.0000000      -1.0000000      -1.0000000      -1.0000000      -1.0000000
      -1.0000000
       0.0000000       101.00000      0.54639220       2.0000000       13402.000
       109.56790      0.84865475      0.30367064      0.44444448     0.044707421
       2.4167755       24.119728       14.930869       454.51801       525.17090
       766.27734
       1.0000000       101.00000      0.54639220      -1.0000000       27.000000
     0.025891345      0.16679564      -1.0000000      -1.0000000      -1.0000000
      -1.0000000      -1.0000000      -1.0000000      -1.0000000      -1.0000000
      -1.0000000
       0.0000000       100.00000      0.57598084       2.0000000       13091.000
       109.50024       3.3416877      0.30282047      0.45714289     0.054996308
     -0.89952987       21.998777       13.483821       468.00644       526.70233
       732.07758
       1.0000000       100.00000      0.57598084      -1.0000000       32.000000
     0.031119100      0.18418122      -1.0000000      -1.0000000      -1.0000000
      -1.0000000      -1.0000000      -1.0000000      -1.0000000      -1.0000000
      -1.0000000
       0.0000000       99.000000      0.59854329       3.0000000       16254.000
       110.08355       3.3011620      0.30265063      0.45714289     0.047874704
      -1.9468068       18.783890       14.379061       481.77325       530.45667
       704.79010
       1.0000000       99.000000      0.59854329      -1.0000000       28.000000
     0.055793573      0.48552334      -1.0000000      -1.0000000      -1.0000000
      -1.0000000      -1.0000000      -1.0000000      -1.0000000      -1.0000000
      -1.0000000
       0.0000000       98.000000      0.62142873       3.0000000       15690.000
       111.88795       3.5324476      0.30269974      0.47368419     0.049438708
     -0.52817994       26.194092       18.158535       496.84561       560.29169
       677.08087
       1.0000000       98.000000      0.62142873      -1.0000000       29.000000
      0.20031180      0.47738734      -1.0000000      -1.0000000      -1.0000000
      -1.0000000      -1.0000000      -1.0000000      -1.0000000      -1.0000000
      -1.0000000
       0.0000000       97.000000      0.64464182       3.0000000       15490.000
       111.32727       3.7775552      0.30199850      0.44444448     0.046161886
      0.22896802       24.887903       16.379358       513.02606       580.52588
       652.55933
       1.0000000       97.000000      0.64464182      -1.0000000       30.000000
       5.8607250       1.3042941      -1.0000000      -1.0000000      -1.0000000
      -1.0000000      -1.0000000      -1.0000000      -1.0000000      -1.0000000
      -1.0000000
       0.0000000       96.000000      0.67611039       2.0000000       10918.000
       113.23565       3.6307065      0.30114713      0.48571426     0.063952804
       8.2223015       56.083942       21.092693       538.55096       646.98193
       583.10468
       1.0000000       96.000000      0.67611039      -1.0000000       60.000000
      0.19431271       1.1435623      -1.0000000      -1.0000000      -1.0000000
      -1.0000000      -1.0000000      -1.0000000      -1.0000000      -1.0000000
      -1.0000000
       0.0000000       95.000000      0.70010638       2.0000000       10827.000
       120.20513       4.5726457      0.30500028      0.41176474      0.10286305
      -11.915305       71.121658       68.407967       553.08203       767.19568
       552.62219
       1.0000000       95.000000      0.70010638      -1.0000000       38.000000
     0.081780524      0.38546432      -1.0000000      -1.0000000      -1.0000000
      -1.0000000      -1.0000000      -1.0000000      -1.0000000      -1.0000000
      -1.0000000
       0.0000000       94.000000      0.73263615       2.0000000       10794.000
       113.29538       1.6377968      0.30865580      0.48648649      0.17119731
       13.870771       55.473133       29.671076       515.00745       583.08917
       602.83447
       1.0000000       94.000000      0.73263615      -1.0000000       47.000000
      0.10105172      0.62026920      -1.0000000      -1.0000000      -1.0000000
      -1.0000000      -1.0000000      -1.0000000      -1.0000000      -1.0000000
      -1.0000000
       0.0000000       93.000000      0.75744140       2.0000000       10982.000
       108.04664      0.68145418      0.30604273      0.48648649      0.14152250
       7.1945553       24.821930       12.065926       477.54608       468.83252
       690.75867
       1.0000000       93.000000      0.75744140      -1.0000000       55.000000
      0.29393204       1.2055283      -1.0000000      -1.0000000      -1.0000000
      -1.0000000      -1.0000000      -1.0000000      -1.0000000      -1.0000000
      -1.0000000
       0.0000000       92.000000      0.79106826       2.0000000       10747.000
       104.21304      0.42187500      0.30253544      0.52777779     0.099173568
       2.7133720       23.810110       13.316719       445.88293       405.94681
       724.20410
       1.0000000       92.000000      0.79106826      -1.0000000       40.000000
     0.073501052      0.73240719      -1.0000000      -1.0000000      -1.0000000
      -1.0000000      -1.0000000      -1.0000000      -1.0000000      -1.0000000
      -1.0000000
       0.0000000       91.000000      0.81671000       2.0000000       10735.000
       102.42297       1.6050242      0.30129382      0.48648649     0.072456986
       4.7350283       22.504984       7.0636511       425.97223       378.22623
       656.88519
       1.0000000       91.000000      0.81671000      -1.0000000       41.000000
      0.48027432      0.67222837      -1.0000000      -1.0000000      -1.0000000
      -1.0000000      -1.0000000      -1.0000000      -1.0000000      -1.0000000
      -1.0000000
       0.0000000       90.000000      0.85147089       2.0000000       10645.000
       101.50159       1.5510843      0.30133402      0.48717946     0.081457362
       12.269170       23.799021       8.5076818       415.95642       365.57858
       568.76001
       1.0000000       90.000000      0.85147089      -1.0000000       26.000000
     0.053050785      0.20177471      -1.0000000      -1.0000000      -1.0000000
      -1.0000000      -1.0000000      -1.0000000      -1.0000000      -1.0000000
      -1.0000000
       0.0000000       89.000000      0.88689691       2.0000000       10730.000
       100.99535       1.4595970      0.29800346      0.47368419      0.10247169
       13.970273       24.718489       4.9000783       413.97577       352.71152
       541.31635
       1.0000000       89.000000      0.88689691      -1.0000000       26.000000
     0.011889236      0.13755025      -1.0000000      -1.0000000      -1.0000000
      -1.0000000      -1.0000000      -1.0000000      -1.0000000      -1.0000000
      -1.0000000
       0.0000000       88.000000      0.92300081       2.0000000       9432.0000
       99.503716       1.7250869      0.29466042      0.48648649     0.084533855
       15.003346       32.272953       2.3344910       403.62509       333.11594
       532.87939
       1.0000000       88.000000      0.92300081      -1.0000000       28.000000
      0.11421295      0.50507463      -1.0000000      -1.0000000      -1.0000000
      -1.0000000      -1.0000000      -1.0000000      -1.0000000      -1.0000000
      -1.0000000
       0.0000000       87.000000      0.95053136       2.0000000       9317.0000
       101.87592       2.2309346      0.26809353      0.47368419     0.056514826
      0.58833539       18.745169      -8.3690691       399.11295       342.63785
       535.60321
       1.0000000       87.000000      0.95053136      -1.0000000       14.000000
     0.014940682      0.20708008      -1.0000000      -1.0000000      -1.0000000
      -1.0000000      -1.0000000      -1.0000000      -1.0000000      -1.0000000
      -1.0000000
       0.0000000       86.000000      0.98785281       2.0000000       9143.0000
       98.905716       2.1543410      0.28599551      0.55813950      0.10981006
      -48.855858       35.510818       7.6795325       394.42792       335.78503
       539.08325
       1.0000000       86.000000      0.98785281      -1.0000000       15.000000
     0.049086195      0.36163730      -1.0000000      -1.0000000      -1.0000000
      -1.0000000      -1.0000000      -1.0000000      -1.0000000      -1.0000000
      -1.0000000
       0.0000000       85.000000      0.99729425       2.0000000       9122.0000
       104.75096       1.8909997      0.31433490      0.65217388      0.18598250
      -35.451496       63.775909       3.8896751       394.08304       380.71710
       549.92383
       2.0000000       85.000000      0.99729425      0.74629194       76.000000
       39.622669       3.8959131      0.47692856      0.47058821      0.41621199
       25.494036      -161.44000      -93.878082       51687.555      -118051.70
      -74641.250
       1.0000000       85.000000      0.99729425      -1.0000000       9.0000000
    0.0049269176     0.016516819      -1.0000000      -1.0000000      -1.0000000
      -1.0000000      -1.0000000      -1.0000000      -1.0000000      -1.0000000
      -1.0000000
       0.0000000       84.000000       1.0355104       7.0000000       20742.000
       81.417953       13.335920      0.34549189      0.50000000      0.20946905
      -97.321877       119.49052       90.102280       388.94653       489.42667
       549.04126
       1.0000000       84.000000       1.0355104      -1.0000000       38.000000
     0.020726535      0.31618667      -1.0000000      -1.0000000      -1.0000000
      -1.0000000      -1.0000000      -1.0000000      -1.0000000      -1.0000000
      -1.0000000
       0.0000000       83.000000       1.0744579       8.0000000       21749.000
       92.170685       7.1253104      0.31183699      0.67567563      0.24059059
      -96.041344       47.278919       148.45830       402.52548       343.36285
       546.04651
       1.0000000       83.000000       1.0744579      -1.0000000       23.000000
     0.057011030      0.21032127      -1.0000000      -1.0000000      -1.0000000
      -1.0000000      -1.0000000      -1.0000000      -1.0000000      -1.0000000
      -1.0000000
       0.0000000       82.000000       1.1141505       8.0000000       19947.000
       63.657967       6.2762189      0.40390131      0.58333337      0.29384801
       35.786648       123.04568       257.66321       382.02081       192.86443
       534.62189
       1.0000000       82.000000       1.1141505      -1.0000000       17.000000
     0.019025095      0.20971250      -1.0000000      -1.0000000      -1.0000000
      -1.0000000      -1.0000000      -1.0000000      -1.0000000      -1.0000000
      -1.0000000
       0.0000000       81.000000       1.1546028       8.0000000       19392.000
       61.205223       6.9583650      0.41549370      0.61764705      0.32969993
       40.105190       36.476574       317.17822       390.50311       175.99431
       503.90872
       1.0000000       81.000000       1.1546028      -1.0000000       26.000000
     0.018412590      0.23933867      -1.0000000      -1.0000000      -1.0000000
      -1.0000000      -1.0000000      -1.0000000      -1.0000000      -1.0000000
      -1.0000000
       0.0000000       80.000000       1.2062581       8.0000000       17809.000
       61.150433       9.0197029      0.44699314      0.57575762      0.38933879
       6.0686159      -33.931316       388.99884       415.73599       185.94612
       453.90698
       1.0000000       80.000000       1.2062581      -1.0000000       23.000000
     0.039797859      0.31549637      -1.0000000      -1.0000000      -1.0000000
      -1.0000000      -1.0000000      -1.0000000      -1.0000000      -1.0000000
      -1.0000000
       0.0000000       79.000000       1.2484726       8.0000000       17633.000
       62.050041       10.463770      0.48560041      0.56250006      0.44849458
      -61.819107      -128.20416       460.53717       442.45950       205.31670
       404.71518
       1.0000000       79.000000       1.2484726      -1.0000000       20.000000
     0.079948257      0.36046600      -1.0000000      -1.0000000      -1.0000000
      -1.0000000      -1.0000000      -1.0000000      -1.0000000      -1.0000000
      -1.0000000
       0.0000000       78.000000       1.3023784       7.0000000       15481.000
       65.575317       18.173578      0.50510734      0.58064520      0.51095814
      -157.82240      -331.35559       441.92294       453.73026       293.41360
       376.34476
       1.0000000       78.000000       1.3023784      -1.0000000       26.000000
      0.18311572       1.1291164      -1.0000000      -1.0000000      -1.0000000
      -1.0000000      -1.0000000      -1.0000000      -1.0000000      -1.0000000
      -1.0000000
       0.0000000       77.000000       1.3575766       7.0000000       14191.000
       56.141281       13.426114      0.54505837      0.56666672      0.53730679
      -240.09023      -415.35352       419.46951       392.52826       167.60722
       464.76068
       1.0000000       77.000000       1.3575766      -1.0000000       37.000000
      0.12554527      0.85034798      -1.0000000      -1.0000000      -1.0000000
      -1.0000000      -1.0000000      -1.0000000      -1.0000000      -1.0000000
      -1.0000000
       0.0000000       76.000000       1.4140983       7.0000000       14016.000
       53.092720       10.220499      0.54896748      0.56250006      0.56841898
      -277.59790      -474.14636       303.35950       360.62350       144.36919
       475.77454
       1.0000000       76.000000       1.4140983      -1.0000000       30.000000
      0.12833873      0.94054454      -1.0000000      -1.0000000      -1.0000000
      -1.0000000      -1.0000000      -1.0000000      -1.0000000      -1.0000000
      -1.0000000
       0.0000000       75.000000       1.4719748       6.0000000       12060.000
       52.351772       8.3630867      0.54484147      0.53333330      0.56003696
      -352.92471      -474.40790       229.29408       348.89828       140.71091
       434.95105
       1.0000000       75.000000       1.4719748      -1.0000000       26.000000
     0.041032908      0.38793384      -1.0000000      -1.0000000      -1.0000000
      -1.0000000      -1.0000000      -1.0000000      -1.0000000      -1.0000000
      -1.0000000
       0.0000000       74.000000       1.5312390       6.0000000       11993.000
       50.662682       5.3072786      0.54294008      0.57575762      0.55714494
      -375.50836      -443.17615       193.61061       333.53317       127.00529
       424.08905
       1.0000000       74.000000       1.5312390      -1.0000000       20.000000
      0.58088713      0.49492862      -1.0000000      -1.0000000      -1.0000000
      -1.0000000      -1.0000000      -1.0000000      -1.0000000      -1.0000000
      -1.0000000
       0.0000000       73.000000       1.6042346       7.0000000       12909.000
       49.953213       4.2669196      0.53477108      0.56250006      0.54256588
      -431.50171      -373.87473       181.54854       327.59521       120.98978
       418.37363
       1.0000000       73.000000       1.6042346      -1.0000000       17.000000
     0.053327574      0.31026448      -1.0000000      -1.0000000      -1.0000000
      -1.0000000      -1.0000000      -1.0000000      -1.0000000      -1.0000000
      -1.0000000
       0.0000000       72.000000       1.6666696       6.0000000       10076.000
       49.918159       3.7608333      0.52642298      0.50000000      0.53183997
      -475.84418      -300.73706       175.70848       334.76801       120.64871
       375.36560
       1.0000000       72.000000       1.6666696      -1.0000000       14.000000
     0.023859963      0.23405308      -1.0000000      -1.0000000      -1.0000000
      -1.0000000      -1.0000000      -1.0000000      -1.0000000      -1.0000000
      -1.0000000
       0.0000000       71.000000       1.7435706       5.0000000       7642.0000
       50.360886       5.6269732      0.51043391      0.58823532      0.51997733
      -545.51971      -181.08072       143.58913       356.38425       125.40675
       337.67368
       1.0000000       71.000000       1.7435706      -1.0000000       12.000000
     0.042860504      0.53144250      -1.0000000      -1.0000000      -1.0000000
      -1.0000000      -1.0000000      -1.0000000      -1.0000000      -1.0000000
      -1.0000000
       0.0000000       70.000000       1.8226893       4.0000000       5961.0000
       48.591141       8.0799484      0.52521616      0.54838705      0.51883858
      -584.65063      -49.722496       59.651848       333.69775       117.78339
       366.91101
       1.0000000       70.000000       1.8226893      -1.0000000       27.000000
      0.17572395      0.70950534      -1.0000000      -1.0000000      -1.0000000
      -1.0000000      -1.0000000      -1.0000000      -1.0000000      -1.0000000
      -1.0000000
       0.0000000       69.000000       1.9040896       8.0000000       9444.0000
       47.014816       8.5742302      0.53448540      0.48387092      0.49952051
      -573.06677       34.081749      -64.920784       331.17212       113.73135
       368.17996
       2.0000000       69.000000       1.9040896      0.26016179       64.000000
       4.6137767      0.91930723      0.39009640      0.42424244      0.24972798
       72.941444       215.72842       82.219490       3940.4832       31300.131
       16316.362
       1.0000000       69.000000       1.9040896      -1.0000000       21.000000
       3.7257912      0.98634770      -1.0000000      -1.0000000      -1.0000000
      -1.0000000      -1.0000000      -1.0000000      -1.0000000      -1.0000000
      -1.0000000
       0.0000000       68.000000       2.0020282       8.0000000       8570.0000
       42.513626       8.7909489      0.53208125      0.51428568      0.52690494
      -492.40381       52.223625      -183.91916       334.84576       99.330772
       376.20892
       1.0000000       68.000000       2.0020282      -1.0000000       26.000000
      0.18441554      0.86774982      -1.0000000      -1.0000000      -1.0000000
      -1.0000000      -1.0000000      -1.0000000      -1.0000000      -1.0000000
      -1.0000000
       0.0000000       67.000000       2.1032696       6.0000000       6103.0000
       39.162975       12.201369      0.51822126      0.41666669      0.47540513
      -405.02164       46.229958      -309.86530       350.97375       89.913712
       371.70554
       1.0000000       67.000000       2.1032696      -1.0000000       35.000000
      0.80758065       2.4460301      -1.0000000      -1.0000000      -1.0000000
      -1.0000000      -1.0000000      -1.0000000      -1.0000000      -1.0000000
      -1.0000000
       0.0000000       66.000000       2.2079256       6.0000000       5511.0000
       32.563843       7.6728206      0.49316755      0.46875006      0.55420339
      -175.32152       58.464512      -356.55753       350.98087       75.386261
       355.45700
       1.0000000       66.000000       2.2079256      -1.0000000       41.000000
      0.61005666       1.4399946      -1.0000000      -1.0000000      -1.0000000
      -1.0000000      -1.0000000      -1.0000000      -1.0000000      -1.0000000
      -1.0000000
       0.0000000       65.000000       2.3161108       6.0000000       5227.0000
       24.072866       11.374403      0.55974007      0.73684210      0.69646531
      -245.55779       454.50394      -80.075905       367.96951       91.401619
       339.88495
       2.0000000       65.000000       2.3161108      0.82734931       62.000000
       6.9325261       10.248981      0.53128827      0.65714288      0.58844745
      -422.44196       29.899157       59.067631      -25802.100       6727.1685
      -14121.202
       1.0000000       65.000000       2.3161108      -1.0000000       31.000000
      0.46318751       1.1709857      -1.0000000      -1.0000000      -1.0000000
      -1.0000000      -1.0000000      -1.0000000      -1.0000000      -1.0000000
      -1.0000000
       0.0000000       64.000000       2.4442258       5.0000000       4094.0000
       17.734259       6.3662496      0.53995627      0.80487800      0.68799841
      -257.66141       367.24173       101.41743       350.35019       45.397427
       351.41940
       1.0000000       64.000000       2.4442258      -1.0000000       35.000000
      0.20864398       1.6237759      -1.0000000      -1.0000000      -1.0000000
      -1.0000000      -1.0000000      -1.0000000      -1.0000000      -1.0000000
      -1.0000000
       0.0000000       63.000000       2.5772903       4.0000000       3219.0000
       14.695184       11.510124      0.54045826      0.79545456      0.58206862
      -268.58105       432.70917       246.37889       367.74625       60.154739
       299.67303
       1.0000000       63.000000       2.5772903      -1.0000000       37.000000
      0.79626363       1.6364224      -1.0000000      -1.0000000      -1.0000000
      -1.0000000      -1.0000000      -1.0000000      -1.0000000      -1.0000000
      -1.0000000
       0.0000000       62.000000       2.7331426       5.0000000       3595.0000
       8.3792009       2.9639850      0.54257953      0.79487175      0.71128124
       2.9516225       393.09125       94.895393       223.05902       17.422752
       27.624233
       1.0000000       62.000000       2.7331426      -1.0000000       81.000000
      0.58918421       2.1697608      -1.0000000      -1.0000000      -1.0000000
      -1.0000000      -1.0000000      -1.0000000      -1.0000000      -1.0000000
      -1.0000000
       0.0000000       61.000000       2.8957851       4.0000000       2794.0000
       9.4079237       4.6680717      0.56306279      0.71875000      0.66719621
      -18.257515       405.02658       59.946445       288.70847       31.937332
       319.42319
       1.0000000       61.000000       2.8957851      -1.0000000       1.0000000
     0.016066436      0.10658111      -1.0000000      -1.0000000      -1.0000000
      -1.0000000      -1.0000000      -1.0000000      -1.0000000      -1.0000000
      -1.0000000
       0.0000000       60.000000       3.0081310       4.0000000       2332.0000
       7.4881616       4.4670963      0.44385931      0.70454550      0.48565102
      -4.5187697       301.97888       72.468849       265.31729       33.207993
       344.20804
       1.0000000       60.000000       3.0081310      -1.0000000       11.000000
       1.0495588       1.0964788      -1.0000000      -1.0000000      -1.0000000
      -1.0000000      -1.0000000      -1.0000000      -1.0000000      -1.0000000
      -1.0000000
       0.0000000       59.000000       3.0848227       4.0000000       2277.0000
       6.6986361       4.8968277      0.54743022      0.53333330      0.50808090
       28.168032       279.52838       62.186138       248.37912       27.452654
       321.28662
       1.0000000       59.000000       3.0848227      -1.0000000       26.000000
      0.17123730      0.45099964      -1.0000000      -1.0000000      -1.0000000
      -1.0000000      -1.0000000      -1.0000000      -1.0000000      -1.0000000
      -1.0000000
       0.0000000       58.000000       3.2830331       3.0000000       1641.0000
       4.8110213       5.6726637      0.53701836      0.46666664      0.54262578
       115.26514       183.81235      -109.43961       248.77472       26.819832
       196.98915
       1.0000000       58.000000       3.2830331      -1.0000000       28.000000
      0.23060503      0.82818447      -1.0000000      -1.0000000      -1.0000000
      -1.0000000      -1.0000000      -1.0000000      -1.0000000      -1.0000000
      -1.0000000
       0.0000000       57.000000       3.4908614       15.000000       4011.0000
       2.0118060       8.5204782      0.52495879      0.72916669      0.62658185
       380.70502       272.97278      -285.68973       266.05844       40.030441
       148.78665
       2.0000000       57.000000       3.4908614      0.28628454       57.000000
      0.57594895      0.90194476      -1.0000000      -1.0000000      -1.0000000
      -1.0000000      -1.0000000      -1.0000000      -1.0000000      -1.0000000
      -1.0000000
       1.0000000       57.000000       3.4908614      -1.0000000       33.000000
      0.11641638      0.96502615      -1.0000000      -1.0000000      -1.0000000
      -1.0000000      -1.0000000      -1.0000000      -1.0000000      -1.0000000
      -1.0000000
