       0.0000000       135.00000       0.0000000       25.000000       144542.00
       1.4863365      0.71288317      0.35774484      0.25806451      0.14831100
      -20.757263       17.648865      -5.8126836       62.872540       5.6771493
       19.254873
       0.0000000       134.00000    0.0095216669       25.000000       143842.00
       1.4864761      0.68037891      0.35742030      0.19999999      0.16102329
      -21.706923       16.551037      -5.5400715       62.440594       5.6403999
       20.564541
       0.0000000       133.00000     0.023974428       25.000000       142191.00
       1.4796367      0.69312477      0.35805944      0.22580642      0.15595789
      -22.287222       17.226601      -6.4530106       62.796543       5.6381645
       20.829092
       0.0000000       132.00000     0.033724371       25.000000       141327.00
       1.4818184      0.68172193      0.35978115      0.16666669      0.17342253
      -22.585293       16.465841      -6.8407617       62.625816       5.5957513
       21.227098
       0.0000000       131.00000     0.048523631       24.000000       135140.00
       1.4720908      0.65088123      0.36055934      0.31250006      0.17138827
      -24.018093       16.677404      -7.7133899       63.217545       5.5708385
       21.310862
       0.0000000       130.00000     0.058507323       23.000000       132164.00
       1.4910322      0.66446203      0.35425872      0.31250006      0.17468593
      -25.112776       16.217846      -8.2318411       63.430218       5.7317452
       21.122253
       0.0000000       129.00000     0.073661387       20.000000       122460.00
       1.4790341      0.69087690      0.35440829      0.25806451      0.18342246
      -26.149105       16.323477      -8.6937809       64.618042       5.7085853
       20.631741
       0.0000000       128.00000     0.083884433       21.000000       124804.00
       1.4819776      0.70103967      0.34878525      0.25806451      0.16569458
      -28.091976       16.004044      -9.9350710       64.266251       5.6697102
       20.663774
       0.0000000       127.00000     0.099401802       20.000000       120522.00
       1.4714272      0.60169274      0.34695411      0.31250006      0.16044268
      -27.321949       15.499553      -10.463658       61.121204       5.4151430
       21.352997
       0.0000000       126.00000      0.10986994       20.000000       119853.00
       1.4676343      0.51197672      0.34707531      0.32352942      0.16432221
      -27.554182       16.697611      -8.9084129       59.471275       5.2696533
       21.789009
       0.0000000       125.00000      0.12575933       21.000000       118654.00
       1.4701654      0.46442559      0.34727457      0.19999999      0.16024601
      -28.922729       15.937494      -9.1090164       60.332264       5.3010373
       23.130041
       0.0000000       124.00000      0.14187621       21.000000       117808.00
       1.4610910      0.44140100      0.35179728      0.16666669      0.17711954
      -30.966106       15.999389      -9.1914425       58.407902       5.0923257
       23.099352
       0.0000000       123.00000      0.15274876       22.000000       118259.00
       1.4431403      0.34583452      0.34827250      0.13793099      0.14905597
      -28.725721       15.531449      -10.357439       56.565163       4.8228655
       24.776649
       0.0000000       122.00000      0.16925204       22.000000       117475.00
       1.4545820      0.27155319      0.34364179      0.25000006      0.18147261
      -29.815298       16.916632      -10.637893       56.774204       4.9178429
       23.985880
       0.0000000       121.00000      0.18038526       22.000000       115738.00
       1.4648722      0.24714579      0.35435194      0.10344827      0.17078619
      -30.685898       17.513840      -10.487093       58.458237       4.8724113
       25.559395
       0.0000000       120.00000      0.19728418       23.000000       115314.00
       1.4763958      0.33183905      0.35744849      0.31250006      0.17821996
      -32.980003       16.326906      -10.044178       64.168129       4.9761353
       27.727669
       0.0000000       119.00000      0.21442504       24.000000       114226.00
       1.4375308      0.52276367      0.37048435      0.32352942      0.19265868
      -36.139442       13.175528      -6.1049156       75.334221       5.3698826
       22.051741
       0.0000000       118.00000      0.22598839       24.000000       114062.00
       1.5218298      0.71617806      0.36799404      0.51282048      0.21003498
      -46.584888       11.408438     -0.42942458       87.092278       6.4059639
       17.269989
       1.0000000       118.00000      0.22598839      -1.0000000       1.0000000
     0.012191502      0.12850586      -1.0000000      -1.0000000      -1.0000000
      -1.0000000      -1.0000000      -1.0000000      -1.0000000      -1.0000000
      -1.0000000
       0.0000000       117.00000      0.24354018      -1.0000000       110488.00
       1.3263263      0.96054232      -1.0000000      -1.0000000      -1.0000000
      -1.0000000      -1.0000000      -1.0000000       87.296440       5.0819273
       8.6755066
       0.0000000       116.00000      0.26134327      -1.0000000       107457.00
       1.2685241      0.88469642      -1.0000000      -1.0000000      -1.0000000
      -1.0000000      -1.0000000      -1.0000000       77.018433       4.9407640
       11.073639
       0.0000000       115.00000      0.27335334      -1.0000000       106824.00
       1.3567117       1.0513217      -1.0000000      -1.0000000      -1.0000000
      -1.0000000      -1.0000000      -1.0000000       76.881752       5.9908261
       20.907894
       0.0000000       114.00000      0.29158324      -1.0000000       103103.00
       1.3749890       1.0203315      -1.0000000      -1.0000000      -1.0000000
      -1.0000000      -1.0000000      -1.0000000       78.432190       6.7941322
       37.339367
       0.0000000       113.00000      0.31007412      -1.0000000       103267.00
       1.4125572       1.1421585      -1.0000000      -1.0000000      -1.0000000
      -1.0000000      -1.0000000      -1.0000000       79.011978       7.4795966
       42.930412
       0.0000000       112.00000      0.32882974      -1.0000000       97630.000
       1.3540314       1.2872715      -1.0000000      -1.0000000      -1.0000000
      -1.0000000      -1.0000000      -1.0000000       81.436211       7.0044122
       65.343826
       0.0000000       111.00000      0.34785384      -1.0000000       95516.000
       1.3444865       1.0700946      -1.0000000      -1.0000000      -1.0000000
      -1.0000000      -1.0000000      -1.0000000       81.013115       7.1697183
       70.059608
       0.0000000       110.00000      0.36068764      -1.0000000       95150.000
       1.3792567      0.86703950      -1.0000000      -1.0000000      -1.0000000
      -1.0000000      -1.0000000      -1.0000000       83.095940       7.2951560
       69.898376
       1.0000000       110.00000      0.36068764      -1.0000000       1.0000000
    0.0040620463     0.032931700      -1.0000000      -1.0000000      -1.0000000
      -1.0000000      -1.0000000      -1.0000000      -1.0000000      -1.0000000
      -1.0000000
       0.0000000       109.00000      0.38016787      -1.0000000       92421.000
       1.3261664       1.0523970      -1.0000000      -1.0000000      -1.0000000
      -1.0000000      -1.0000000      -1.0000000       84.506989       6.9113736
       71.477829
       0.0000000       108.00000      0.39992696      -1.0000000       88786.000
       1.3488340       1.1107320      -1.0000000      -1.0000000      -1.0000000
      -1.0000000      -1.0000000      -1.0000000       87.726814       7.4238701
       75.800232
       0.0000000       107.00000      0.41996893      -1.0000000       87813.000
       1.3362031      0.96839744      -1.0000000      -1.0000000      -1.0000000
      -1.0000000      -1.0000000      -1.0000000       90.888718       7.2613893
       74.052094
       0.0000000       106.00000      0.44029784      -1.0000000       84414.000
       1.2990460      0.81372869      -1.0000000      -1.0000000      -1.0000000
      -1.0000000      -1.0000000      -1.0000000       92.101578       7.0269761
       72.511086
       1.0000000       106.00000      0.44029784      -1.0000000       1.0000000
   0.00035457491     0.017873654      -1.0000000      -1.0000000      -1.0000000
      -1.0000000      -1.0000000      -1.0000000      -1.0000000      -1.0000000
      -1.0000000
       0.0000000       105.00000      0.46091780      -1.0000000       82955.000
       1.3388153      0.76500934      -1.0000000      -1.0000000      -1.0000000
      -1.0000000      -1.0000000      -1.0000000       89.714073       7.4426389
       68.684708
       1.0000000       105.00000      0.46091780      -1.0000000       1.0000000
   0.00043212323     0.018678324      -1.0000000      -1.0000000      -1.0000000
      -1.0000000      -1.0000000      -1.0000000      -1.0000000      -1.0000000
      -1.0000000
       0.0000000       104.00000      0.48183295      -1.0000000       81636.000
       1.2894059      0.90617669      -1.0000000      -1.0000000      -1.0000000
      -1.0000000      -1.0000000      -1.0000000       87.719223       6.9507079
       72.799637
       1.0000000       104.00000      0.48183295      -1.0000000       1.0000000
       0.0000000       0.0000000      -1.0000000      -1.0000000      -1.0000000
      -1.0000000      -1.0000000      -1.0000000      -1.0000000      -1.0000000
      -1.0000000
       0.0000000       103.00000      0.50304753      -1.0000000       77022.000
       1.2647048       1.2710856      -1.0000000      -1.0000000      -1.0000000
      -1.0000000      -1.0000000      -1.0000000       84.617416       7.2201376
       58.441666
       1.0000000       103.00000      0.50304753      -1.0000000       1.0000000
    0.0031836876     0.030204615      -1.0000000      -1.0000000      -1.0000000
      -1.0000000      -1.0000000      -1.0000000      -1.0000000      -1.0000000
      -1.0000000
       0.0000000       102.00000      0.52456582      -1.0000000       75451.000
       1.2385628       1.3708272      -1.0000000      -1.0000000      -1.0000000
      -1.0000000      -1.0000000      -1.0000000       83.357048       7.3275390
       62.232067
       1.0000000       102.00000      0.52456582      -1.0000000       1.0000000
   0.00024884660       0.0000000      -1.0000000      -1.0000000      -1.0000000
      -1.0000000      -1.0000000      -1.0000000      -1.0000000      -1.0000000
      -1.0000000
       0.0000000       101.00000      0.54639220      -1.0000000       70210.000
       1.2064414       1.1914675      -1.0000000      -1.0000000      -1.0000000
      -1.0000000      -1.0000000      -1.0000000       83.021500       6.9613686
       64.055321
       1.0000000       101.00000      0.54639220      -1.0000000       1.0000000
   0.00026163220    0.0064720120      -1.0000000      -1.0000000      -1.0000000
      -1.0000000      -1.0000000      -1.0000000      -1.0000000      -1.0000000
      -1.0000000
       0.0000000       100.00000      0.57598084      -1.0000000       64936.000
       1.1811033       1.1177795      -1.0000000      -1.0000000      -1.0000000
      -1.0000000      -1.0000000      -1.0000000       84.502296       6.9506450
       61.828564
       1.0000000       100.00000      0.57598084      -1.0000000       1.0000000
   0.00049049698     0.025262151      -1.0000000      -1.0000000      -1.0000000
      -1.0000000      -1.0000000      -1.0000000      -1.0000000      -1.0000000
      -1.0000000
       0.0000000       99.000000      0.59854329      -1.0000000       58325.000
       1.1721327      0.94022179      -1.0000000      -1.0000000      -1.0000000
      -1.0000000      -1.0000000      -1.0000000       87.700676       6.8699541
       55.702003
       0.0000000       98.000000      0.62142873      -1.0000000       55114.000
       1.1321256      0.94955337      -1.0000000      -1.0000000      -1.0000000
      -1.0000000      -1.0000000      -1.0000000       92.864861       6.7885380
       43.245918
       1.0000000       98.000000      0.62142873      -1.0000000       1.0000000
    0.0078491811     0.082122937      -1.0000000      -1.0000000      -1.0000000
      -1.0000000      -1.0000000      -1.0000000      -1.0000000      -1.0000000
      -1.0000000
       0.0000000       97.000000      0.64464182      -1.0000000       52851.000
       1.1520838       1.1168976      -1.0000000      -1.0000000      -1.0000000
      -1.0000000      -1.0000000      -1.0000000       95.549316       7.4285946
       54.489235
       0.0000000       95.000000      0.70010638      -1.0000000       129742.00
       1.0149412       1.0596781      -1.0000000      -1.0000000      -1.0000000
      -1.0000000      -1.0000000      -1.0000000       92.282280       6.3341990
       26.033279
       0.0000000       94.000000      0.73263615      -1.0000000       49677.000
       1.0135975      0.90028024      -1.0000000      -1.0000000      -1.0000000
      -1.0000000      -1.0000000      -1.0000000       86.934326       6.4483781
       49.716629
       1.0000000       94.000000      0.73263615      -1.0000000       1.0000000
   0.00072535354     0.014552185      -1.0000000      -1.0000000      -1.0000000
      -1.0000000      -1.0000000      -1.0000000      -1.0000000      -1.0000000
      -1.0000000
       0.0000000       93.000000      0.75744140      -1.0000000       49103.000
       1.0009195      0.90549582      -1.0000000      -1.0000000      -1.0000000
      -1.0000000      -1.0000000      -1.0000000       89.058441       6.3701377
       40.721809
       0.0000000       92.000000      0.79106826      -1.0000000       50526.000
      0.99783778      0.85718894      -1.0000000      -1.0000000      -1.0000000
      -1.0000000      -1.0000000      -1.0000000       90.331482       6.6738405
       48.891491
       0.0000000       91.000000      0.81671000      -1.0000000       111606.00
      0.98367459       1.0765399      -1.0000000      -1.0000000      -1.0000000
      -1.0000000      -1.0000000      -1.0000000       90.904602       6.7268267
       55.153496
       1.0000000       91.000000      0.81671000      -1.0000000       1.0000000
   0.00068686932     0.017519962      -1.0000000      -1.0000000      -1.0000000
      -1.0000000      -1.0000000      -1.0000000      -1.0000000      -1.0000000
      -1.0000000
       0.0000000       90.000000      0.85147089      -1.0000000       109760.00
      0.94934458       1.3640969      -1.0000000      -1.0000000      -1.0000000
      -1.0000000      -1.0000000      -1.0000000       91.033287       7.3319926
       60.886116
       0.0000000       89.000000      0.88689691      -1.0000000       107709.00
      0.89769125       1.3098817      -1.0000000      -1.0000000      -1.0000000
      -1.0000000      -1.0000000      -1.0000000       92.885719       6.9085741
       61.346367
       0.0000000       88.000000      0.92300081      -1.0000000       104947.00
      0.88535690       1.4885395      -1.0000000      -1.0000000      -1.0000000
      -1.0000000      -1.0000000      -1.0000000       88.724823       7.9303460
       77.866760
       0.0000000       87.000000      0.95053136      -1.0000000       256155.00
      0.81494242       1.6707829      -1.0000000      -1.0000000      -1.0000000
      -1.0000000      -1.0000000      -1.0000000       88.634773       7.0294542
       90.380455
       0.0000000       86.000000      0.98785281      -1.0000000       271572.00
      0.80508453       1.5767615      -1.0000000      -1.0000000      -1.0000000
      -1.0000000      -1.0000000      -1.0000000       89.072701       7.7810011
       84.056114
       0.0000000       85.000000      0.99729425      -1.0000000       274184.00
      0.77364248       1.3122060      -1.0000000      -1.0000000      -1.0000000
      -1.0000000      -1.0000000      -1.0000000       89.505013       7.0472274
       82.653992
       0.0000000       84.000000       1.0355104      -1.0000000       275381.00
      0.74026084       1.3710235      -1.0000000      -1.0000000      -1.0000000
      -1.0000000      -1.0000000      -1.0000000       87.448395       7.5060253
       83.244720
       0.0000000       83.000000       1.0744579      -1.0000000       270228.00
      0.71604180       1.1007766      -1.0000000      -1.0000000      -1.0000000
      -1.0000000      -1.0000000      -1.0000000       86.196495       6.8126211
       85.360428
       1.0000000       83.000000       1.0744579      -1.0000000       1.0000000
    0.0026186882       0.0000000      -1.0000000      -1.0000000      -1.0000000
      -1.0000000      -1.0000000      -1.0000000      -1.0000000      -1.0000000
      -1.0000000
       0.0000000       82.000000       1.1141505      -1.0000000       316625.00
      0.70016408       1.0818262      -1.0000000      -1.0000000      -1.0000000
      -1.0000000      -1.0000000      -1.0000000       87.158653       7.0383220
       84.144279
       1.0000000       82.000000       1.1141505      -1.0000000       1.0000000
   0.00022604060     0.021248305      -1.0000000      -1.0000000      -1.0000000
      -1.0000000      -1.0000000      -1.0000000      -1.0000000      -1.0000000
      -1.0000000
       0.0000000       81.000000       1.1546028      -1.0000000       311112.00
      0.67622179       1.1540633      -1.0000000      -1.0000000      -1.0000000
      -1.0000000      -1.0000000      -1.0000000       88.239937       6.6945696
       86.373688
       0.0000000       80.000000       1.2062581      -1.0000000       300929.00
      0.63520157       1.3075941      -1.0000000      -1.0000000      -1.0000000
      -1.0000000      -1.0000000      -1.0000000       87.380112       7.3619580
       92.068573
       1.0000000       80.000000       1.2062581      -1.0000000       1.0000000
   0.00028721776       0.0000000      -1.0000000      -1.0000000      -1.0000000
      -1.0000000      -1.0000000      -1.0000000      -1.0000000      -1.0000000
      -1.0000000
       0.0000000       79.000000       1.2484726      -1.0000000       293934.00
      0.63251537       1.3050317      -1.0000000      -1.0000000      -1.0000000
      -1.0000000      -1.0000000      -1.0000000       88.644241       6.9702988
       95.528687
       0.0000000       78.000000       1.3023784      -1.0000000       284697.00
      0.56969833       1.1627586      -1.0000000      -1.0000000      -1.0000000
      -1.0000000      -1.0000000      -1.0000000       92.308899       6.8409863
       96.535446
       1.0000000       78.000000       1.3023784      -1.0000000       2.0000000
    0.0011562650       0.0000000      -1.0000000      -1.0000000      -1.0000000
      -1.0000000      -1.0000000      -1.0000000      -1.0000000      -1.0000000
      -1.0000000
       0.0000000       77.000000       1.3575766      -1.0000000       277117.00
      0.56798720       1.2252985      -1.0000000      -1.0000000      -1.0000000
      -1.0000000      -1.0000000      -1.0000000       95.568840       6.6895003
       91.751518
       1.0000000       77.000000       1.3575766      -1.0000000       3.0000000
    0.0042837814     0.047472969      -1.0000000      -1.0000000      -1.0000000
      -1.0000000      -1.0000000      -1.0000000      -1.0000000      -1.0000000
      -1.0000000
       0.0000000       76.000000       1.4140983      -1.0000000       267088.00
      0.49885854       1.5226970      -1.0000000      -1.0000000      -1.0000000
      -1.0000000      -1.0000000      -1.0000000       100.97234       6.6797462
       82.026558
       1.0000000       76.000000       1.4140983      -1.0000000       3.0000000
     0.014102942      0.13666100      -1.0000000      -1.0000000      -1.0000000
      -1.0000000      -1.0000000      -1.0000000      -1.0000000      -1.0000000
      -1.0000000
       0.0000000       75.000000       1.4719748      -1.0000000       259097.00
      0.45840082       2.0622323      -1.0000000      -1.0000000      -1.0000000
      -1.0000000      -1.0000000      -1.0000000       109.02041       9.0995302
       75.285339
       1.0000000       75.000000       1.4719748      -1.0000000       2.0000000
   0.00090436393     0.035272690      -1.0000000      -1.0000000      -1.0000000
      -1.0000000      -1.0000000      -1.0000000      -1.0000000      -1.0000000
      -1.0000000
       0.0000000       74.000000       1.5312390      -1.0000000       252645.00
      0.29890501       1.5358559      -1.0000000      -1.0000000      -1.0000000
      -1.0000000      -1.0000000      -1.0000000       102.27100       5.9177876
       88.252022
       1.0000000       74.000000       1.5312390      -1.0000000       3.0000000
     0.053329333     0.058642952      -1.0000000      -1.0000000      -1.0000000
      -1.0000000      -1.0000000      -1.0000000      -1.0000000      -1.0000000
      -1.0000000
       0.0000000       73.000000       1.6042346      -1.0000000       244758.00
      0.24035417      0.79235291      -1.0000000      -1.0000000      -1.0000000
      -1.0000000      -1.0000000      -1.0000000       91.768051       4.3566632
       101.14724
       1.0000000       73.000000       1.6042346      -1.0000000       1.0000000
    0.0083474265     0.045320369      -1.0000000      -1.0000000      -1.0000000
      -1.0000000      -1.0000000      -1.0000000      -1.0000000      -1.0000000
      -1.0000000
       0.0000000       72.000000       1.6666696      -1.0000000       238823.00
      0.21361977      0.81082600      -1.0000000      -1.0000000      -1.0000000
      -1.0000000      -1.0000000      -1.0000000       93.847160       3.7628140
       91.978401
       0.0000000       71.000000       1.7435706      -1.0000000       230105.00
      0.22442929       1.2015319      -1.0000000      -1.0000000      -1.0000000
      -1.0000000      -1.0000000      -1.0000000       104.00484       5.5709124
       77.642471
       2.0000000       71.000000       1.7435706      0.58337402       70.000000
      0.13092622       2.8618648      -1.0000000      -1.0000000      -1.0000000
      -1.0000000      -1.0000000      -1.0000000      -1.0000000      -1.0000000
      -1.0000000
       0.0000000       70.000000       1.8226893      -1.0000000       223315.00
      0.10112929      0.25850642      -1.0000000      -1.0000000      -1.0000000
      -1.0000000      -1.0000000      -1.0000000       53.826900      0.92791915
       12.997694
       1.0000000       70.000000       1.8226893      -1.0000000       1.0000000
    0.0012464778    0.0027913863      -1.0000000      -1.0000000      -1.0000000
      -1.0000000      -1.0000000      -1.0000000      -1.0000000      -1.0000000
      -1.0000000
       0.0000000       69.000000       1.9040896      -1.0000000       219081.00
      0.13271067      0.66146076      -1.0000000      -1.0000000      -1.0000000
      -1.0000000      -1.0000000      -1.0000000       81.449226       2.9650652
       95.319069
       0.0000000       68.000000       2.0020282      -1.0000000       208035.00
      0.10650782      0.57919312      -1.0000000      -1.0000000      -1.0000000
      -1.0000000      -1.0000000      -1.0000000       76.136444       2.9430025
       91.434120
       0.0000000       67.000000       2.1032696      -1.0000000       220170.00
      0.10568669      0.40800235      -1.0000000      -1.0000000      -1.0000000
      -1.0000000      -1.0000000      -1.0000000       77.600876       2.9331911
       79.740891
       1.0000000       67.000000       2.1032696      -1.0000000       1.0000000
    0.0020162838     0.081220105      -1.0000000      -1.0000000      -1.0000000
      -1.0000000      -1.0000000      -1.0000000      -1.0000000      -1.0000000
      -1.0000000
       0.0000000       66.000000       2.2079256      -1.0000000       248039.00
     0.086751372      0.47284901      -1.0000000      -1.0000000      -1.0000000
      -1.0000000      -1.0000000      -1.0000000       85.007774       2.2075067
       66.373726
       0.0000000       65.000000       2.3161108      -1.0000000       241482.00
     0.068140402      0.79786581      -1.0000000      -1.0000000      -1.0000000
      -1.0000000      -1.0000000      -1.0000000       84.835556       3.7970893
       60.467522
       1.0000000       65.000000       2.3161108      -1.0000000       1.0000000
   0.00027767484       0.0000000      -1.0000000      -1.0000000      -1.0000000
      -1.0000000      -1.0000000      -1.0000000      -1.0000000      -1.0000000
      -1.0000000
       0.0000000       64.000000       2.4442258      -1.0000000       230077.00
     0.042590216      0.35066089      -1.0000000      -1.0000000      -1.0000000
      -1.0000000      -1.0000000      -1.0000000       76.528664       1.8532176
       71.945801
       1.0000000       64.000000       2.4442258      -1.0000000       2.0000000
    0.0068172812      0.11952820      -1.0000000      -1.0000000      -1.0000000
      -1.0000000      -1.0000000      -1.0000000      -1.0000000      -1.0000000
      -1.0000000
       0.0000000       63.000000       2.5772903      -1.0000000       221612.00
     0.033756156      0.22434629      -1.0000000      -1.0000000      -1.0000000
      -1.0000000      -1.0000000      -1.0000000       63.024471       1.2621418
       80.146492
       0.0000000       62.000000       2.7331426      -1.0000000       222371.00
     0.028970020      0.21053942      -1.0000000      -1.0000000      -1.0000000
      -1.0000000      -1.0000000      -1.0000000       59.854763       1.2773676
       66.682106
       0.0000000       61.000000       2.8957851      -1.0000000       205607.00
     0.025865963      0.24520515      -1.0000000      -1.0000000      -1.0000000
      -1.0000000      -1.0000000      -1.0000000       63.431026       1.2212510
       57.226803
       0.0000000       60.000000       3.0081310      -1.0000000       197063.00
     0.021200156      0.21336332      -1.0000000      -1.0000000      -1.0000000
      -1.0000000      -1.0000000      -1.0000000       66.785355       1.1615713
       50.634872
       0.0000000       59.000000       3.0848227      -1.0000000       238080.00
     0.019426506      0.16895945      -1.0000000      -1.0000000      -1.0000000
      -1.0000000      -1.0000000      -1.0000000       66.067116      0.89557183
       50.933941
       1.0000000       59.000000       3.0848227      -1.0000000       1.0000000
       0.0000000       0.0000000      -1.0000000      -1.0000000      -1.0000000
      -1.0000000      -1.0000000      -1.0000000      -1.0000000      -1.0000000
      -1.0000000
       0.0000000       58.000000       3.2830331      -1.0000000       219747.00
     0.011663528      0.18915835      -1.0000000      -1.0000000      -1.0000000
      -1.0000000      -1.0000000      -1.0000000       55.443924      0.93043053
       68.958015
       1.0000000       58.000000       3.2830331      -1.0000000       2.0000000
    0.0022267126     0.060022019      -1.0000000      -1.0000000      -1.0000000
      -1.0000000      -1.0000000      -1.0000000      -1.0000000      -1.0000000
      -1.0000000
       0.0000000       57.000000       3.4908614      -1.0000000       203485.00
     0.010597571     0.092213444      -1.0000000      -1.0000000      -1.0000000
      -1.0000000      -1.0000000      -1.0000000       51.655933      0.54433382
       65.459389
       1.0000000       57.000000       3.4908614      -1.0000000       2.0000000
       0.0000000       0.0000000      -1.0000000      -1.0000000      -1.0000000
      -1.0000000      -1.0000000      -1.0000000      -1.0000000      -1.0000000
      -1.0000000
