       0.0000000       135.00000       0.0000000       662.00000       367509.00
       2.2424405      0.12193525      0.33420235      0.32258064      0.20919544
       2.3961790       45.413403      -13.101036       90.871719       12.291643
       63.489555
       0.0000000       134.00000    0.0095216669       658.00000       364717.00
       2.2334795      0.10900819      0.33741161      0.29032254      0.21136037
       3.6355655       46.743500      -13.613069       90.570610       12.183331
       66.668129
       0.0000000       133.00000     0.023974428       651.00000       360370.00
       2.2349710     0.076768331      0.34257910      0.39393944      0.20208138
       7.1765766       46.735027      -16.616987       90.675552       12.163853
       65.712677
       0.0000000       132.00000     0.033724371       637.00000       357852.00
       2.2087743     0.051520575      0.34516695      0.37500006      0.22563127
       11.104236       48.057789      -18.531750       91.024200       12.053539
       65.035690
       0.0000000       131.00000     0.048523631       633.00000       353059.00
       2.2742255     0.018739764      0.35895652      0.34375006      0.22352363
       20.022652       50.856190      -21.097784       92.490738       12.783251
       65.597908
       0.0000000       130.00000     0.058507323       619.00000       349265.00
       2.2774456     0.020524090      0.35954952      0.33333337      0.24129014
       24.873640       52.644070      -22.252438       94.730743       12.334207
       63.991730
       0.0000000       129.00000     0.073661387       618.00000       346432.00
       2.2602146       1.4602751      0.35920390      0.36363643      0.23947784
       24.963470       55.296715      -22.430109       95.280724       13.733545
       63.997936
       0.0000000       128.00000     0.083884433       612.00000       343840.00
       2.2574005       1.5096983      0.35278443      0.34375006      0.23007001
       20.610540       55.532238      -22.653587       88.847015       13.887239
       174.81073
       0.0000000       127.00000     0.099401802       606.00000       340551.00
       2.2597966       1.6660167      0.34020171      0.39393944      0.22382495
       16.445656       50.989674      -21.577356       89.562080       14.049048
       171.41150
       1.0000000       127.00000     0.099401802      -1.0000000       1.0000000
       0.0000000       0.0000000      -1.0000000      -1.0000000      -1.0000000
      -1.0000000      -1.0000000      -1.0000000      -1.0000000      -1.0000000
      -1.0000000
       0.0000000       126.00000      0.10986994       613.00000       339202.00
       2.2254038       1.6678104      0.33440128      0.39393944      0.20027329
       14.359361       49.040142      -18.548462       98.376907       14.059015
       65.526306
       0.0000000       125.00000      0.12575933       597.00000       334857.00
       2.2302077       1.5928595      0.32880563      0.42857140      0.19194816
       12.758926       43.506207      -18.316183       99.782715       14.030168
       68.624214
       0.0000000       124.00000      0.14187621       603.00000       331913.00
       2.1936162       1.6348236      0.32995585      0.45714289      0.19324827
       11.107260       41.945168      -14.492346       100.72017       14.046764
       68.660583
       0.0000000       123.00000      0.15274876       638.00000       333987.00
       2.1939404       1.5028533      0.31965408      0.41176474      0.17283411
       8.5263510       39.818710      -9.9484205       100.23690       14.328438
       73.930420
       0.0000000       122.00000      0.16925204       628.00000       329627.00
       2.1598070       1.4871149      0.31471261      0.41176474      0.17662227
       5.5202222       36.081127      -6.5162902       101.09204       13.991687
       72.076820
       0.0000000       121.00000      0.18038526       622.00000       325665.00
       2.1911471       1.4524856      0.31621546      0.41176474      0.17139393
       4.6032286       37.833633      -6.1143537       100.74306       14.319029
       74.605766
       0.0000000       120.00000      0.19728418       608.00000       320932.00
       2.1673081       1.4059484      0.31883192      0.47222227      0.19160709
       3.1165605       37.343975      -13.555672       100.47880       13.944848
       71.341499
       0.0000000       119.00000      0.21442504       593.00000       316357.00
       2.1321151       1.3961707      0.32620892      0.44117647      0.19918083
       2.6585572       43.203991      -23.773394       100.42957       14.036385
       73.288933
       1.0000000       119.00000      0.21442504      -1.0000000       1.0000000
       0.0000000       0.0000000      -1.0000000      -1.0000000      -1.0000000
      -1.0000000      -1.0000000      -1.0000000      -1.0000000      -1.0000000
      -1.0000000
       0.0000000       118.00000      0.22598839       586.00000       313466.00
       2.1283245       1.2973516      0.31938988      0.48571426      0.18048723
      0.87901962       40.214672      -22.723946       100.97964       13.930013
       72.858932
       0.0000000       117.00000      0.24354018       583.00000       308623.00
       2.1515076       1.2530520      0.30905706      0.45714289      0.18326128
      -1.5797945       41.595181      -20.885162       101.43753       14.567093
       69.605492
       1.0000000       117.00000      0.24354018      -1.0000000       1.0000000
      0.17226161      0.21710221      -1.0000000      -1.0000000      -1.0000000
      -1.0000000      -1.0000000      -1.0000000      -1.0000000      -1.0000000
      -1.0000000
       0.0000000       116.00000      0.26134327       583.00000       305249.00
       2.1490512       1.3044394      0.30368951      0.44444448      0.18076393
      -6.2556844       41.045940      -14.596891       98.262459       14.631665
       169.51245
       1.0000000       116.00000      0.26134327      -1.0000000       1.0000000
   0.00032501246    0.0075950078      -1.0000000      -1.0000000      -1.0000000
      -1.0000000      -1.0000000      -1.0000000      -1.0000000      -1.0000000
      -1.0000000
       0.0000000       115.00000      0.27335334       573.00000       301685.00
       2.2212927       1.2108023      0.31483516      0.50000000      0.19721483
      -18.834982       38.323570      -3.1066248       98.586433       14.723605
       156.51859
       0.0000000       114.00000      0.29158324       566.00000       297329.00
       2.1175709       1.0577755      0.31916159      0.39393944      0.18431671
      -27.664608       32.158627       4.8392301       99.375824       14.268883
       145.13889
       0.0000000       113.00000      0.31007412       557.00000       292784.00
       2.0988739      0.81071371      0.32232183      0.61363637      0.15000841
      -22.245802       24.850039       8.3869905       104.47849       14.237917
       72.843674
       0.0000000       112.00000      0.32882974       568.00000       288560.00
       2.1274426      0.90810210      0.32673740      0.47222227      0.14575373
      -5.4988899       29.245968       2.0196726       108.50809       13.696871
       71.262489
       1.0000000       112.00000      0.32882974      -1.0000000       1.0000000
   0.00029447224    0.0053042225      -1.0000000      -1.0000000      -1.0000000
      -1.0000000      -1.0000000      -1.0000000      -1.0000000      -1.0000000
      -1.0000000
       0.0000000       111.00000      0.34785384       589.00000       288323.00
       2.0328774       2.0867214      0.32570744      0.55263156      0.17023024
      -13.813665       29.528664      0.89591032       108.93098       14.574216
       66.717911
       0.0000000       110.00000      0.36068764       580.00000       285300.00
       2.0764167       2.1753964      0.32491985      0.48571426      0.14733513
      -20.181160       30.400932      -2.3747969       109.39041       15.424071
       60.329758
       0.0000000       109.00000      0.38016787       581.00000       281683.00
       1.9984931       1.8905996      0.31149521      0.57499999      0.17051345
      -16.303638       46.677570      -3.0022490       110.25018       14.220151
       58.069973
       1.0000000       109.00000      0.38016787      -1.0000000       1.0000000
    0.0011378615     0.027093979      -1.0000000      -1.0000000      -1.0000000
      -1.0000000      -1.0000000      -1.0000000      -1.0000000      -1.0000000
      -1.0000000
       0.0000000       108.00000      0.39992696       579.00000       279360.00
       2.1051919       2.1096723      0.28835198      0.56097555      0.23390436
      -38.109577       25.330105       12.912478       108.61267       16.158358
       55.687222
       1.0000000       108.00000      0.39992696      -1.0000000       1.0000000
    0.0011378615     0.027093979      -1.0000000      -1.0000000      -1.0000000
      -1.0000000      -1.0000000      -1.0000000      -1.0000000      -1.0000000
      -1.0000000
       0.0000000       107.00000      0.41996893       573.00000       274669.00
       1.8875452       2.0258007      0.28604615      0.56097555      0.20821235
      -41.708847       3.5529816       22.827364       104.14550       14.291600
       58.866009
       1.0000000       107.00000      0.41996893      -1.0000000       1.0000000
       0.0000000       0.0000000      -1.0000000      -1.0000000      -1.0000000
      -1.0000000      -1.0000000      -1.0000000      -1.0000000      -1.0000000
      -1.0000000
       0.0000000       106.00000      0.44029784       563.00000       270879.00
       1.8901240       1.9635739      0.25579059      0.60000002      0.16903372
      -29.836792       8.4026423       28.993286       102.01453       14.792974
       62.953651
       1.0000000       106.00000      0.44029784      -1.0000000       1.0000000
       0.0000000       0.0000000      -1.0000000      -1.0000000      -1.0000000
      -1.0000000      -1.0000000      -1.0000000      -1.0000000      -1.0000000
      -1.0000000
       0.0000000       105.00000      0.46091780       574.00000       267803.00
       1.8044811       1.9752136      0.30813387      0.71428573      0.22761835
      -46.102978       35.685429       13.631561       102.93027       14.452671
       61.504745
       1.0000000       105.00000      0.46091780      -1.0000000       3.0000000
   0.00074839615     0.046124533      -1.0000000      -1.0000000      -1.0000000
      -1.0000000      -1.0000000      -1.0000000      -1.0000000      -1.0000000
      -1.0000000
       0.0000000       104.00000      0.48183295       571.00000       263491.00
       1.8823967       2.3858008      0.26745290      0.69767439      0.17542373
      -51.542671       39.636780       17.720621       104.42998       18.026659
       57.683651
       1.0000000       104.00000      0.48183295      -1.0000000       1.0000000
   0.00037419808     0.023062266      -1.0000000      -1.0000000      -1.0000000
      -1.0000000      -1.0000000      -1.0000000      -1.0000000      -1.0000000
      -1.0000000
       0.0000000       103.00000      0.50304753       574.00000       259015.00
       1.7710170       2.5742764      0.28650942      0.75000000      0.22203636
      -65.062317       80.331314       50.673828       110.34946       18.077374
       90.899544
       2.0000000       103.00000      0.50304753      0.71934420       95.000000
      0.60971552      0.45742750      -1.0000000      -1.0000000      -1.0000000
      -1.0000000      -1.0000000      -1.0000000      -1.0000000      -1.0000000
      -1.0000000
       1.0000000       103.00000      0.50304753      -1.0000000       2.0000000
    0.0023953449     0.037295695      -1.0000000      -1.0000000      -1.0000000
      -1.0000000      -1.0000000      -1.0000000      -1.0000000      -1.0000000
      -1.0000000
       0.0000000       102.00000      0.52456582      -1.0000000       255821.00
       1.3873457       2.9303384      -1.0000000      -1.0000000      -1.0000000
      -1.0000000      -1.0000000      -1.0000000       106.40415       20.171103
       97.517273
       1.0000000       102.00000      0.52456582      -1.0000000       2.0000000
       0.0000000       0.0000000      -1.0000000      -1.0000000      -1.0000000
      -1.0000000      -1.0000000      -1.0000000      -1.0000000      -1.0000000
      -1.0000000
       0.0000000       101.00000      0.54639220      -1.0000000       252885.00
       1.1785103       2.8226216      -1.0000000      -1.0000000      -1.0000000
      -1.0000000      -1.0000000      -1.0000000       108.87633       16.689987
       94.717026
       1.0000000       101.00000      0.54639220      -1.0000000       1.0000000
    0.0010503440     0.011500296      -1.0000000      -1.0000000      -1.0000000
      -1.0000000      -1.0000000      -1.0000000      -1.0000000      -1.0000000
      -1.0000000
       0.0000000       100.00000      0.57598084      -1.0000000       250710.00
       1.1322521       3.2587528      -1.0000000      -1.0000000      -1.0000000
      -1.0000000      -1.0000000      -1.0000000       117.33910       18.822155
       89.113396
       1.0000000       100.00000      0.57598084      -1.0000000       1.0000000
     0.010720302     0.084697634      -1.0000000      -1.0000000      -1.0000000
      -1.0000000      -1.0000000      -1.0000000      -1.0000000      -1.0000000
      -1.0000000
       0.0000000       99.000000      0.59854329      -1.0000000       243739.00
       1.2790991       3.0387769      -1.0000000      -1.0000000      -1.0000000
      -1.0000000      -1.0000000      -1.0000000       124.63512       19.677162
       87.281372
       1.0000000       99.000000      0.59854329      -1.0000000       2.0000000
    0.0043246653     0.063465424      -1.0000000      -1.0000000      -1.0000000
      -1.0000000      -1.0000000      -1.0000000      -1.0000000      -1.0000000
      -1.0000000
       0.0000000       98.000000      0.62142873      -1.0000000       241713.00
       1.0466076       4.0038657      -1.0000000      -1.0000000      -1.0000000
      -1.0000000      -1.0000000      -1.0000000       122.38394       19.285852
       87.743721
       1.0000000       98.000000      0.62142873      -1.0000000       1.0000000
   0.00024136135    0.0048812013      -1.0000000      -1.0000000      -1.0000000
      -1.0000000      -1.0000000      -1.0000000      -1.0000000      -1.0000000
      -1.0000000
       0.0000000       97.000000      0.64464182      -1.0000000       238073.00
       1.0668573       3.9295354      -1.0000000      -1.0000000      -1.0000000
      -1.0000000      -1.0000000      -1.0000000       116.42443       21.634781
       92.231987
       1.0000000       97.000000      0.64464182      -1.0000000       1.0000000
       0.0000000       0.0000000      -1.0000000      -1.0000000      -1.0000000
      -1.0000000      -1.0000000      -1.0000000      -1.0000000      -1.0000000
      -1.0000000
       0.0000000       96.000000      0.67611039      -1.0000000       236576.00
      0.88995951       2.3100595      -1.0000000      -1.0000000      -1.0000000
      -1.0000000      -1.0000000      -1.0000000       104.76405       13.751032
       103.04144
       1.0000000       96.000000      0.67611039      -1.0000000       3.0000000
    0.0026276552     0.067875518      -1.0000000      -1.0000000      -1.0000000
      -1.0000000      -1.0000000      -1.0000000      -1.0000000      -1.0000000
      -1.0000000
       0.0000000       95.000000      0.70010638      -1.0000000       297965.00
      0.84759915       2.8479016      -1.0000000      -1.0000000      -1.0000000
      -1.0000000      -1.0000000      -1.0000000       101.46870       16.168547
       120.24915
       1.0000000       95.000000      0.70010638      -1.0000000       1.0000000
       0.0000000       0.0000000      -1.0000000      -1.0000000      -1.0000000
      -1.0000000      -1.0000000      -1.0000000      -1.0000000      -1.0000000
      -1.0000000
       0.0000000       94.000000      0.73263615      -1.0000000       293748.00
      0.87928373       4.3375959      -1.0000000      -1.0000000      -1.0000000
      -1.0000000      -1.0000000      -1.0000000       98.347115       23.733463
       112.36600
       2.0000000       94.000000      0.73263615      0.57205677       90.000000
      0.23315845      0.31416559      -1.0000000      -1.0000000      -1.0000000
      -1.0000000      -1.0000000      -1.0000000      -1.0000000      -1.0000000
      -1.0000000
       2.0000000       94.000000      0.73263615      0.96360421       61.000000
   0.00027837610    0.0068672285      -1.0000000      -1.0000000      -1.0000000
      -1.0000000      -1.0000000      -1.0000000      -1.0000000      -1.0000000
      -1.0000000
       0.0000000       93.000000      0.75744140      -1.0000000       288324.00
      0.76493984       4.3005471      -1.0000000      -1.0000000      -1.0000000
      -1.0000000      -1.0000000      -1.0000000       97.560516       20.064293
       115.92877
       0.0000000       92.000000      0.79106826      -1.0000000       282727.00
      0.70603478       4.4935012      -1.0000000      -1.0000000      -1.0000000
      -1.0000000      -1.0000000      -1.0000000       92.711578       19.268318
       130.48828
       1.0000000       92.000000      0.79106826      -1.0000000       2.0000000
    0.0016876061     0.074314661      -1.0000000      -1.0000000      -1.0000000
      -1.0000000      -1.0000000      -1.0000000      -1.0000000      -1.0000000
      -1.0000000
       0.0000000       91.000000      0.81671000      -1.0000000       279173.00
      0.49726385       3.5336130      -1.0000000      -1.0000000      -1.0000000
      -1.0000000      -1.0000000      -1.0000000       88.146469       13.938967
       147.98410
       0.0000000       90.000000      0.85147089      -1.0000000       274460.00
      0.42438003       2.6609006      -1.0000000      -1.0000000      -1.0000000
      -1.0000000      -1.0000000      -1.0000000       85.434525       10.870303
       142.13072
       1.0000000       90.000000      0.85147089      -1.0000000       1.0000000
       0.0000000       0.0000000      -1.0000000      -1.0000000      -1.0000000
      -1.0000000      -1.0000000      -1.0000000      -1.0000000      -1.0000000
      -1.0000000
       0.0000000       89.000000      0.88689691      -1.0000000       267973.00
      0.40757924       2.4995050      -1.0000000      -1.0000000      -1.0000000
      -1.0000000      -1.0000000      -1.0000000       85.182121       11.193126
       145.71953
       1.0000000       89.000000      0.88689691      -1.0000000       1.0000000
   0.00051100843       0.0000000      -1.0000000      -1.0000000      -1.0000000
      -1.0000000      -1.0000000      -1.0000000      -1.0000000      -1.0000000
      -1.0000000
       0.0000000       88.000000      0.92300081      -1.0000000       265757.00
      0.39414981       2.1210182      -1.0000000      -1.0000000      -1.0000000
      -1.0000000      -1.0000000      -1.0000000       86.559845       10.263240
       148.79466
       1.0000000       88.000000      0.92300081      -1.0000000       2.0000000
    0.0076194088     0.079400002      -1.0000000      -1.0000000      -1.0000000
      -1.0000000      -1.0000000      -1.0000000      -1.0000000      -1.0000000
      -1.0000000
       0.0000000       87.000000      0.95053136      -1.0000000       264831.00
      0.37076759       2.0987353      -1.0000000      -1.0000000      -1.0000000
      -1.0000000      -1.0000000      -1.0000000       89.419418       8.9600182
       147.74852
       1.0000000       87.000000      0.95053136      -1.0000000       1.0000000
   0.00032906770     0.017251657      -1.0000000      -1.0000000      -1.0000000
      -1.0000000      -1.0000000      -1.0000000      -1.0000000      -1.0000000
      -1.0000000
       0.0000000       86.000000      0.98785281      -1.0000000       258266.00
      0.36153883       2.6202624      -1.0000000      -1.0000000      -1.0000000
      -1.0000000      -1.0000000      -1.0000000       92.384514       11.570332
       138.93559
       1.0000000       86.000000      0.98785281      -1.0000000       1.0000000
   0.00023971856       0.0000000      -1.0000000      -1.0000000      -1.0000000
      -1.0000000      -1.0000000      -1.0000000      -1.0000000      -1.0000000
      -1.0000000
       0.0000000       85.000000      0.99729425      -1.0000000       280434.00
      0.34769988       2.5514817      -1.0000000      -1.0000000      -1.0000000
      -1.0000000      -1.0000000      -1.0000000       93.975601       11.616098
       137.45110
       1.0000000       85.000000      0.99729425      -1.0000000       2.0000000
   0.00084158487       0.0000000      -1.0000000      -1.0000000      -1.0000000
      -1.0000000      -1.0000000      -1.0000000      -1.0000000      -1.0000000
      -1.0000000
       0.0000000       84.000000       1.0355104      -1.0000000       274336.00
      0.30457276       1.7179726      -1.0000000      -1.0000000      -1.0000000
      -1.0000000      -1.0000000      -1.0000000       98.083763       8.8105402
       128.53781
       1.0000000       84.000000       1.0355104      -1.0000000       3.0000000
    0.0044593159     0.073860675      -1.0000000      -1.0000000      -1.0000000
      -1.0000000      -1.0000000      -1.0000000      -1.0000000      -1.0000000
      -1.0000000
       0.0000000       83.000000       1.0744579      -1.0000000       269730.00
      0.30837750       2.2997382      -1.0000000      -1.0000000      -1.0000000
      -1.0000000      -1.0000000      -1.0000000       105.71259       11.861748
       123.94947
       0.0000000       82.000000       1.1141505      -1.0000000       264654.00
      0.28745148       2.7681928      -1.0000000      -1.0000000      -1.0000000
      -1.0000000      -1.0000000      -1.0000000       112.27483       13.415902
       113.93609
       1.0000000       82.000000       1.1141505      -1.0000000       3.0000000
    0.0081639807     0.081783770      -1.0000000      -1.0000000      -1.0000000
      -1.0000000      -1.0000000      -1.0000000      -1.0000000      -1.0000000
      -1.0000000
       0.0000000       81.000000       1.1546028      -1.0000000       237881.00
      0.22401191       2.9830499      -1.0000000      -1.0000000      -1.0000000
      -1.0000000      -1.0000000      -1.0000000       113.40353       13.500309
       106.41280
       2.0000000       81.000000       1.1546028      0.39320251       74.000000
     0.012399170      0.18225540      -1.0000000      -1.0000000      -1.0000000
      -1.0000000      -1.0000000      -1.0000000      -1.0000000      -1.0000000
      -1.0000000
       0.0000000       80.000000       1.2062581      -1.0000000       233355.00
      0.16691224       1.5786774      -1.0000000      -1.0000000      -1.0000000
      -1.0000000      -1.0000000      -1.0000000       80.350624       7.5446987
       79.566086
       1.0000000       80.000000       1.2062581      -1.0000000       3.0000000
     0.012782516     0.092026709      -1.0000000      -1.0000000      -1.0000000
      -1.0000000      -1.0000000      -1.0000000      -1.0000000      -1.0000000
      -1.0000000
       0.0000000       79.000000       1.2484726      -1.0000000       251582.00
      0.13836114       1.7133005      -1.0000000      -1.0000000      -1.0000000
      -1.0000000      -1.0000000      -1.0000000       82.639977       6.9706373
       72.320938
       1.0000000       79.000000       1.2484726      -1.0000000       1.0000000
    0.0014329085     0.045267176      -1.0000000      -1.0000000      -1.0000000
      -1.0000000      -1.0000000      -1.0000000      -1.0000000      -1.0000000
      -1.0000000
       0.0000000       78.000000       1.3023784      -1.0000000       248375.00
      0.11467329       1.9326191      -1.0000000      -1.0000000      -1.0000000
      -1.0000000      -1.0000000      -1.0000000       85.647804       7.7549648
       68.599709
       0.0000000       77.000000       1.3575766      -1.0000000       240125.00
     0.091829635       1.5894772      -1.0000000      -1.0000000      -1.0000000
      -1.0000000      -1.0000000      -1.0000000       88.483612       7.1798038
       64.544395
       0.0000000       76.000000       1.4140983      -1.0000000       203836.00
     0.062147398       1.3540847      -1.0000000      -1.0000000      -1.0000000
      -1.0000000      -1.0000000      -1.0000000       85.210114       5.2705641
       60.358173
       1.0000000       76.000000       1.4140983      -1.0000000       1.0000000
       0.0000000       0.0000000      -1.0000000      -1.0000000      -1.0000000
      -1.0000000      -1.0000000      -1.0000000      -1.0000000      -1.0000000
      -1.0000000
       0.0000000       75.000000       1.4719748      -1.0000000       195468.00
     0.048427161      0.92279464      -1.0000000      -1.0000000      -1.0000000
      -1.0000000      -1.0000000      -1.0000000       70.599106       4.2149367
       80.938141
       0.0000000       74.000000       1.5312390      -1.0000000       297559.00
     0.041558553      0.80166823      -1.0000000      -1.0000000      -1.0000000
      -1.0000000      -1.0000000      -1.0000000       56.480854       3.6009533
       64.158958
       2.0000000       74.000000       1.5312390       2.8413785       68.000000
    0.0045334301     0.075868107      -1.0000000      -1.0000000      -1.0000000
      -1.0000000      -1.0000000      -1.0000000      -1.0000000      -1.0000000
      -1.0000000
       0.0000000       73.000000       1.6042346      -1.0000000       291505.00
     0.031533800      0.65973371      -1.0000000      -1.0000000      -1.0000000
      -1.0000000      -1.0000000      -1.0000000       55.987499       2.9617534
       59.301029
       0.0000000       72.000000       1.6666696      -1.0000000       329082.00
     0.026488658      0.71489733      -1.0000000      -1.0000000      -1.0000000
      -1.0000000      -1.0000000      -1.0000000       57.250187       3.2035115
       57.566509
       1.0000000       72.000000       1.6666696      -1.0000000       1.0000000
       0.0000000       0.0000000      -1.0000000      -1.0000000      -1.0000000
      -1.0000000      -1.0000000      -1.0000000      -1.0000000      -1.0000000
      -1.0000000
       0.0000000       71.000000       1.7435706      -1.0000000       372609.00
     0.022463489      0.81346107      -1.0000000      -1.0000000      -1.0000000
      -1.0000000      -1.0000000      -1.0000000       60.170425       3.6443794
       53.664268
       0.0000000       70.000000       1.8226893      -1.0000000       366086.00
     0.019561658       1.0704467      -1.0000000      -1.0000000      -1.0000000
      -1.0000000      -1.0000000      -1.0000000       62.490238       5.1372323
       53.239361
       1.0000000       70.000000       1.8226893      -1.0000000       1.0000000
       0.0000000       0.0000000      -1.0000000      -1.0000000      -1.0000000
      -1.0000000      -1.0000000      -1.0000000      -1.0000000      -1.0000000
      -1.0000000
       0.0000000       69.000000       1.9040896      -1.0000000       358778.00
     0.011525966      0.72826225      -1.0000000      -1.0000000      -1.0000000
      -1.0000000      -1.0000000      -1.0000000       63.099941       3.3513484
       56.577709
       1.0000000       69.000000       1.9040896      -1.0000000       2.0000000
       0.0000000       0.0000000      -1.0000000      -1.0000000      -1.0000000
      -1.0000000      -1.0000000      -1.0000000      -1.0000000      -1.0000000
      -1.0000000
       0.0000000       68.000000       2.0020282      -1.0000000       349009.00
    0.0058612879      0.73607260      -1.0000000      -1.0000000      -1.0000000
      -1.0000000      -1.0000000      -1.0000000       59.226700       3.2846041
       61.230888
       2.0000000       68.000000       2.0020282      0.36540377       57.000000
   0.00020309926     0.010148879      -1.0000000      -1.0000000      -1.0000000
      -1.0000000      -1.0000000      -1.0000000      -1.0000000      -1.0000000
      -1.0000000
       1.0000000       68.000000       2.0020282      -1.0000000       3.0000000
    0.0034288034     0.041527201      -1.0000000      -1.0000000      -1.0000000
      -1.0000000      -1.0000000      -1.0000000      -1.0000000      -1.0000000
      -1.0000000
       0.0000000       67.000000       2.1032696      -1.0000000       339863.00
    0.0015955038     0.025062483      -1.0000000      -1.0000000      -1.0000000
      -1.0000000      -1.0000000      -1.0000000       29.704762      0.19324674
       15.035963
       2.0000000       67.000000       2.1032696      0.49137497       66.000000
   0.00071055861     0.059419584      -1.0000000      -1.0000000      -1.0000000
      -1.0000000      -1.0000000      -1.0000000      -1.0000000      -1.0000000
      -1.0000000
       1.0000000       67.000000       2.1032696      -1.0000000       2.0000000
       0.0000000       0.0000000      -1.0000000      -1.0000000      -1.0000000
      -1.0000000      -1.0000000      -1.0000000      -1.0000000      -1.0000000
      -1.0000000
       0.0000000       66.000000       2.2079256      -1.0000000       334827.00
    0.0018539663     0.053305320      -1.0000000      -1.0000000      -1.0000000
      -1.0000000      -1.0000000      -1.0000000       29.859089      0.29314321
       15.742336
       0.0000000       65.000000       2.3161108      -1.0000000       327643.00
    0.0014460619     0.049928866      -1.0000000      -1.0000000      -1.0000000
      -1.0000000      -1.0000000      -1.0000000       30.284409      0.26055029
       15.242181
       0.0000000       64.000000       2.4442258      -1.0000000       322849.00
    0.0016133012     0.061671592      -1.0000000      -1.0000000      -1.0000000
      -1.0000000      -1.0000000      -1.0000000       35.824909      0.31254172
       56.832508
       0.0000000       63.000000       2.5772903      -1.0000000       435354.00
    0.0014137800     0.044409640      -1.0000000      -1.0000000      -1.0000000
      -1.0000000      -1.0000000      -1.0000000       31.142834      0.30009046
       42.380684
       0.0000000       62.000000       2.7331426      -1.0000000       431162.00
   0.00015773825   0.00092688645      -1.0000000      -1.0000000      -1.0000000
      -1.0000000      -1.0000000      -1.0000000       10.467516    0.0092261797
       3.7742968
       2.0000000       62.000000       2.7331426       2.5103314       61.000000
   0.00072521088     0.070407473      -1.0000000      -1.0000000      -1.0000000
      -1.0000000      -1.0000000      -1.0000000      -1.0000000      -1.0000000
      -1.0000000
       0.0000000       61.000000       2.8957851      -1.0000000       563040.00
   0.00028889050   0.00018575175      -1.0000000      -1.0000000      -1.0000000
      -1.0000000      -1.0000000      -1.0000000       12.319584     0.014878932
       5.7930102
       0.0000000       59.000000       3.0848227      -1.0000000       552500.00
    0.0013776224     0.032532640      -1.0000000      -1.0000000      -1.0000000
      -1.0000000      -1.0000000      -1.0000000       34.727398      0.22429742
       26.955050
       1.0000000       59.000000       3.0848227      -1.0000000       1.0000000
       0.0000000       0.0000000      -1.0000000      -1.0000000      -1.0000000
      -1.0000000      -1.0000000      -1.0000000      -1.0000000      -1.0000000
      -1.0000000
       0.0000000       58.000000       3.2830331      -1.0000000       559187.00
   0.00055582146     0.018338948      -1.0000000      -1.0000000      -1.0000000
      -1.0000000      -1.0000000      -1.0000000       22.900270      0.10344169
       8.1593113
       1.0000000       58.000000       3.2830331      -1.0000000       1.0000000
       0.0000000       0.0000000      -1.0000000      -1.0000000      -1.0000000
      -1.0000000      -1.0000000      -1.0000000      -1.0000000      -1.0000000
      -1.0000000
       0.0000000       57.000000       3.4908614      -1.0000000       557299.00
   0.00028973675    0.0074692494      -1.0000000      -1.0000000      -1.0000000
      -1.0000000      -1.0000000      -1.0000000       22.791658     0.064749874
       13.037208
