       0.0000000       135.00000       0.0000000       96.000000       236687.00
       10.818198      0.36204165      0.34475541      0.42424244      0.25459301
      -85.039917       47.601059       47.987953       146.63795       27.158188
       15.987490
       0.0000000       134.00000    0.0095216669       95.000000       234400.00
       12.266712       1.0531336      0.34632069      0.47058821      0.27855802
      -109.56019       55.220119       65.961861       149.42244       34.808769
       21.688648
       0.0000000       133.00000     0.023974428       95.000000       231619.00
       13.304398       1.2264391      0.34120852      0.40625006      0.25938410
      -116.05826       50.376907       78.418350       152.45789       40.840988
       27.292301
       0.0000000       132.00000     0.033724371       94.000000       230054.00
       13.428347       1.3143498      0.34029609      0.36666667      0.22121920
      -114.84873       41.870384       85.855400       153.26257       42.125065
       29.198666
       0.0000000       131.00000     0.048523631       97.000000       227442.00
       13.212506       1.1308101      0.33727810      0.42424244      0.21634862
      -104.05829       47.295876       97.602844       150.69511       40.475117
       28.535198
       0.0000000       130.00000     0.058507323       96.000000       225150.00
       13.119369       1.0722566      0.36502033      0.51428568      0.27791402
      -114.11164       52.093204       116.66982       148.84969       40.121525
       28.161043
       0.0000000       129.00000     0.073661387       99.000000       223427.00
       12.398533       1.0392796      0.36131254      0.69565219      0.32706693
      -121.92638       69.199631       125.86741       148.81313       36.963062
       25.037319
       2.0000000       129.00000     0.073661387      0.25959769       118.00000
       3.7001388      0.74118012      0.53310722      0.48275858      0.59726012
      -109.26138       166.21606       37.142582       91.693451       14684.753
       24738.852
       0.0000000       128.00000     0.083884433       99.000000       223689.00
       11.337312      0.78826153      0.37572211      0.45454544      0.26877871
      -34.380810       49.455372       118.97993       137.59515       33.895023
       27.090837
       0.0000000       127.00000     0.099401802       99.000000       220534.00
       10.100427      0.74574506      0.39432040      0.27586204      0.25760734
      -26.775463       85.677155       97.934464       149.21091       27.778000
       18.842464
       0.0000000       126.00000      0.10986994       102.00000       220977.00
       6.0408597      0.45141196      0.39703220      0.42424244      0.21222253
      -15.259374       54.499249       26.855375       136.83067       11.852975
       8.6919565
       0.0000000       125.00000      0.12575933       104.00000       218863.00
       10.630046      0.55287111      0.39827290      0.33333325      0.22841527
      -40.407822       125.37017       41.907436       144.66965       32.959793
       25.283632
       0.0000000       124.00000      0.14187621       104.00000       215526.00
       14.683214       1.1575063      0.38711905      0.55882359      0.34490511
      -97.457817       188.85435       66.939835       198.21004       61.514690
       39.141949
       0.0000000       123.00000      0.15274876       105.00000       214523.00
       15.152809       1.3153981      0.39567453      0.48387092      0.33081877
      -129.26018       151.30003       29.741226       186.90678       69.890617
       51.778423
       0.0000000       122.00000      0.16925204       106.00000       212206.00
       15.120861      0.89308679      0.40738425      0.56250006      0.36777997
      -170.79294       135.69006       40.131741       165.80168       64.500320
       74.498077
       0.0000000       121.00000      0.18038526       107.00000       209230.00
       14.659315      0.78539544      0.40319690      0.72340429      0.23020072
      -158.29730       132.47150       97.973717       163.70276       55.995426
       80.138847
       0.0000000       120.00000      0.19728418       110.00000       207141.00
       13.295689      0.35439461      0.44028080      0.53125000      0.34515318
      -159.85696       119.23506       79.762680       157.09753       62.747139
       86.462982
       2.0000000       120.00000      0.19728418      0.44392872       110.00000
       5.2721658       4.0022712      0.37021634      0.41935480      0.20407331
      -30.699232      -8.7414684       3.5458493      -823.98999      -45.768082
       14138.493
       1.0000000       120.00000      0.19728418      -1.0000000       2.0000000
    0.0015244159     0.015140715      -1.0000000      -1.0000000      -1.0000000
      -1.0000000      -1.0000000      -1.0000000      -1.0000000      -1.0000000
      -1.0000000
       0.0000000       119.00000      0.21442504       107.00000       202170.00
       14.673562      0.24380881      0.44865373      0.44827580      0.31115988
      -178.27480       120.17355       109.34910       162.16289       81.567886
       111.10450
       1.0000000       119.00000      0.21442504      -1.0000000       2.0000000
    0.0099026165      0.14484831      -1.0000000      -1.0000000      -1.0000000
      -1.0000000      -1.0000000      -1.0000000      -1.0000000      -1.0000000
      -1.0000000
       0.0000000       118.00000      0.22598839       107.00000       201303.00
       14.253358      0.13793083      0.45425004      0.54545456      0.40231398
      -200.06400       134.93802       135.89890       174.54776       67.027061
       257.84067
       1.0000000       118.00000      0.22598839      -1.0000000       1.0000000
   0.00030738796       0.0000000      -1.0000000      -1.0000000      -1.0000000
      -1.0000000      -1.0000000      -1.0000000      -1.0000000      -1.0000000
      -1.0000000
       0.0000000       117.00000      0.24354018       108.00000       198885.00
       13.709303      0.64444327      0.46895048      0.53333330      0.45045215
      -169.82578       97.146652       203.45668       173.56853       63.346092
       242.69989
       1.0000000       117.00000      0.24354018      -1.0000000       1.0000000
       0.0000000       0.0000000      -1.0000000      -1.0000000      -1.0000000
      -1.0000000      -1.0000000      -1.0000000      -1.0000000      -1.0000000
      -1.0000000
       0.0000000       116.00000      0.26134327       108.00000       195298.00
       12.245462      0.44297165      0.46108052      0.51612902      0.42599186
      -142.58167       72.807426       194.45699       175.01326       50.596691
       222.23982
       1.0000000       116.00000      0.26134327      -1.0000000       2.0000000
       0.0000000       0.0000000      -1.0000000      -1.0000000      -1.0000000
      -1.0000000      -1.0000000      -1.0000000      -1.0000000      -1.0000000
      -1.0000000
       0.0000000       115.00000      0.27335334       108.00000       194379.00
       12.218971      0.49887449      0.46591654      0.53333330      0.43567783
      -140.21342       69.698669       201.38722       178.33760       51.081776
       212.13216
       1.0000000       115.00000      0.27335334      -1.0000000       1.0000000
    0.0011238371    0.0041924883      -1.0000000      -1.0000000      -1.0000000
      -1.0000000      -1.0000000      -1.0000000      -1.0000000      -1.0000000
      -1.0000000
       0.0000000       114.00000      0.29158324       106.00000       188042.00
       12.200707      0.64320362      0.45834485      0.54838705      0.46545723
      -120.22075       63.095509       209.34013       187.04474       58.166721
       198.62782
       1.0000000       114.00000      0.29158324      -1.0000000       3.0000000
    0.0042750093     0.068748153      -1.0000000      -1.0000000      -1.0000000
      -1.0000000      -1.0000000      -1.0000000      -1.0000000      -1.0000000
      -1.0000000
       0.0000000       113.00000      0.31007412       108.00000       185848.00
       13.140214      0.74587315      0.46307689      0.53333330      0.46895704
      -147.81038       43.633202       252.18356       204.18045       71.774719
       136.12326
       1.0000000       113.00000      0.31007412      -1.0000000       3.0000000
     0.016059278     0.061489036      -1.0000000      -1.0000000      -1.0000000
      -1.0000000      -1.0000000      -1.0000000      -1.0000000      -1.0000000
      -1.0000000
       0.0000000       112.00000      0.32882974       116.00000       182721.00
       13.068817       1.1947795      0.45445195      0.63888896      0.49371815
      -199.02327       56.671211       253.68617       210.54813       62.119141
       130.25233
       0.0000000       111.00000      0.34785384       116.00000       180473.00
       12.125183      0.92782104      0.47030622      0.60000002      0.51570302
      -143.87737      -20.185932       298.25571       178.34425       46.567944
       150.14340
       1.0000000       111.00000      0.34785384      -1.0000000       3.0000000
    0.0075061601      0.11956811      -1.0000000      -1.0000000      -1.0000000
      -1.0000000      -1.0000000      -1.0000000      -1.0000000      -1.0000000
      -1.0000000
       0.0000000       110.00000      0.36068764       114.00000       178135.00
       11.876154      0.91876870      0.47148818      0.61290324      0.49954289
      -135.54193      -27.483868       286.90579       162.41722       43.374516
       164.54543
       1.0000000       110.00000      0.36068764      -1.0000000       1.0000000
   0.00033741971     0.019327946      -1.0000000      -1.0000000      -1.0000000
      -1.0000000      -1.0000000      -1.0000000      -1.0000000      -1.0000000
      -1.0000000
       0.0000000       109.00000      0.38016787       116.00000       176285.00
       11.810453      0.90777653      0.47230780      0.58064520      0.50820667
      -121.52392      -40.101196       278.06488       155.23390       41.931274
       161.95312
       0.0000000       108.00000      0.39992696       121.00000       175562.00
       11.821098      0.89399719      0.47687721      0.56666672      0.48324355
      -113.22089      -57.659275       294.07373       153.81519       42.180153
       189.86711
       1.0000000       108.00000      0.39992696      -1.0000000       1.0000000
   0.00040832607     0.039141282      -1.0000000      -1.0000000      -1.0000000
      -1.0000000      -1.0000000      -1.0000000      -1.0000000      -1.0000000
      -1.0000000
       0.0000000       107.00000      0.41996893       273.00000       224034.00
       11.911750      0.96664190      0.47138172      0.56666672      0.49398714
      -89.487465      -64.726143       297.47818       153.53737       43.529957
       200.03700
       1.0000000       107.00000      0.41996893      -1.0000000       1.0000000
       0.0000000       0.0000000      -1.0000000      -1.0000000      -1.0000000
      -1.0000000      -1.0000000      -1.0000000      -1.0000000      -1.0000000
      -1.0000000
       0.0000000       106.00000      0.44029784       116.00000       168624.00
       11.898637       3.1948025      0.47395569      0.65625000      0.52346575
      -78.875664      -66.076721       320.86575       154.09195       44.180504
       201.97069
       1.0000000       106.00000      0.44029784      -1.0000000       1.0000000
     0.015000825     0.070426822      -1.0000000      -1.0000000      -1.0000000
      -1.0000000      -1.0000000      -1.0000000      -1.0000000      -1.0000000
      -1.0000000
       0.0000000       105.00000      0.46091780       265.00000       215798.00
       11.784105       3.1444101      0.46852016      0.59375006      0.50375611
      -62.473576      -60.424656       308.25851       154.81039       44.071602
       196.43854
       0.0000000       104.00000      0.48183295       265.00000       212321.00
       11.779104       3.0853379      0.46418062      0.62500000      0.50899237
      -56.376919      -54.884323       314.67242       155.36577       44.714985
       195.78886
       1.0000000       104.00000      0.48183295      -1.0000000       3.0000000
     0.015774375      0.10479285      -1.0000000      -1.0000000      -1.0000000
      -1.0000000      -1.0000000      -1.0000000      -1.0000000      -1.0000000
      -1.0000000
       0.0000000       103.00000      0.50304753       277.00000       210914.00
       11.697846       3.4056053      0.46020389      0.58064520      0.45700297
      -42.929310      -27.082064       308.67355       155.65111       44.968628
       197.62561
       0.0000000       102.00000      0.52456582       278.00000       208869.00
       11.576236       3.6963127      0.45832232      0.56666672      0.48147866
      -69.978142      -14.454534       308.70755       154.63290       44.831093
       197.61148
       1.0000000       102.00000      0.52456582      -1.0000000       2.0000000
    0.0079992502     0.075558959      -1.0000000      -1.0000000      -1.0000000
      -1.0000000      -1.0000000      -1.0000000      -1.0000000      -1.0000000
      -1.0000000
       0.0000000       101.00000      0.54639220       285.00000       207153.00
       11.576937       3.7998590      0.45361978      0.60000002      0.49662432
      -93.945198      -11.296876       291.83926       154.21205       45.045906
       188.89175
       1.0000000       101.00000      0.54639220      -1.0000000       2.0000000
    0.0019199210       0.0000000      -1.0000000      -1.0000000      -1.0000000
      -1.0000000      -1.0000000      -1.0000000      -1.0000000      -1.0000000
      -1.0000000
       0.0000000       100.00000      0.57598084       299.00000       205305.00
       11.382531       3.7130408      0.44866911      0.60000002      0.46508425
      -101.52821      -42.615841       273.61798       154.03923       44.745560
       180.74261
       0.0000000       99.000000      0.59854329       301.00000       200678.00
       11.391681       3.5868630      0.44465244      0.63636363      0.47151628
      -103.29728      -57.903553       264.98611       154.71164       45.576443
       172.15787
       1.0000000       99.000000      0.59854329      -1.0000000       1.0000000
      0.12193346      0.11135018      -1.0000000      -1.0000000      -1.0000000
      -1.0000000      -1.0000000      -1.0000000      -1.0000000      -1.0000000
      -1.0000000
       0.0000000       98.000000      0.62142873       305.00000       197925.00
       11.262972       3.6368933      0.44524834      0.55172414      0.43271771
      -100.52745      -72.676216       263.65887       155.64648       44.604511
       164.26219
       1.0000000       98.000000      0.62142873      -1.0000000       1.0000000
   0.00073006394     0.019312702      -1.0000000      -1.0000000      -1.0000000
      -1.0000000      -1.0000000      -1.0000000      -1.0000000      -1.0000000
      -1.0000000
       0.0000000       97.000000      0.64464182       304.00000       196008.00
       11.088531       3.3306832      0.44018731      0.53333330      0.41691837
      -82.721169      -82.972977       252.58856       156.07906       44.291996
       157.76445
       1.0000000       97.000000      0.64464182      -1.0000000       1.0000000
    0.0013211668       0.0000000      -1.0000000      -1.0000000      -1.0000000
      -1.0000000      -1.0000000      -1.0000000      -1.0000000      -1.0000000
      -1.0000000
       0.0000000       96.000000      0.67611039       383.00000       206479.00
       11.196523       3.0943718      0.44144922      0.53333330      0.40640748
      -53.250027      -80.896973       258.67853       157.09644       44.246101
       155.24135
       0.0000000       95.000000      0.70010638       380.00000       202569.00
       11.080622       2.5517473      0.43869922      0.55172414      0.43034592
      -38.451385      -64.603668       257.85431       158.56699       44.763508
       153.05817
       1.0000000       95.000000      0.70010638      -1.0000000       1.0000000
       0.0000000       0.0000000      -1.0000000      -1.0000000      -1.0000000
      -1.0000000      -1.0000000      -1.0000000      -1.0000000      -1.0000000
      -1.0000000
       0.0000000       94.000000      0.73263615       364.00000       194774.00
       11.528988       2.8900034      0.43631434      0.66666663      0.43437538
      -42.433689      -56.851776       274.26801       158.61009       46.786739
       153.18980
       1.0000000       94.000000      0.73263615      -1.0000000       3.0000000
     0.017968347      0.10627603      -1.0000000      -1.0000000      -1.0000000
      -1.0000000      -1.0000000      -1.0000000      -1.0000000      -1.0000000
      -1.0000000
       0.0000000       93.000000      0.75744140       349.00000       187673.00
       10.828054       5.6186056      0.43551606      0.62162161      0.45008102
      -58.443153      -55.873497       268.45480       160.29807       44.877567
       152.71843
       1.0000000       93.000000      0.75744140      -1.0000000       7.0000000
     0.091565091      0.78167236      -1.0000000      -1.0000000      -1.0000000
      -1.0000000      -1.0000000      -1.0000000      -1.0000000      -1.0000000
      -1.0000000
       0.0000000       92.000000      0.79106826       365.00000       185850.00
       10.740098       5.3541603      0.43917242      0.54545456      0.39531693
      -50.643101      -60.481853       271.38068       160.63306       44.468517
       149.14896
       1.0000000       92.000000      0.79106826      -1.0000000       7.0000000
     0.066558501      0.52051701      -1.0000000      -1.0000000      -1.0000000
      -1.0000000      -1.0000000      -1.0000000      -1.0000000      -1.0000000
      -1.0000000
       0.0000000       91.000000      0.81671000       382.00000       185233.00
       10.419640       5.2066488      0.43576750      0.58823532      0.40844736
      -60.081558      -59.912888       260.36835       162.21625       44.981644
       147.78571
       1.0000000       91.000000      0.81671000      -1.0000000       3.0000000
     0.014055407      0.13001013      -1.0000000      -1.0000000      -1.0000000
      -1.0000000      -1.0000000      -1.0000000      -1.0000000      -1.0000000
      -1.0000000
       0.0000000       90.000000      0.85147089       380.00000       180281.00
       9.9889860       5.2477608      0.41979238      0.46428573      0.34171286
      -57.124699      -86.844597       209.95224       162.87563       43.227779
       147.74934
       1.0000000       90.000000      0.85147089      -1.0000000       5.0000000
      0.13827336       1.1143554      -1.0000000      -1.0000000      -1.0000000
      -1.0000000      -1.0000000      -1.0000000      -1.0000000      -1.0000000
      -1.0000000
       0.0000000       89.000000      0.88689691       394.00000       179629.00
       9.7888632       4.9922295      0.41439563      0.46428573      0.34405479
      -26.823526      -85.805580       209.06677       161.10313       41.941422
       144.74727
       1.0000000       89.000000      0.88689691      -1.0000000       6.0000000
     0.041045575      0.36451465      -1.0000000      -1.0000000      -1.0000000
      -1.0000000      -1.0000000      -1.0000000      -1.0000000      -1.0000000
      -1.0000000
       0.0000000       88.000000      0.92300081       401.00000       175772.00
       9.3747406       4.6835909      0.41255420      0.41379309      0.32138637
      -19.512201      -83.354973       193.79134       158.42183       39.443516
       151.22707
       1.0000000       88.000000      0.92300081      -1.0000000       5.0000000
     0.033905308      0.34850112      -1.0000000      -1.0000000      -1.0000000
      -1.0000000      -1.0000000      -1.0000000      -1.0000000      -1.0000000
      -1.0000000
       0.0000000       87.000000      0.95053136       387.00000       170574.00
       9.1716452       3.7211907      0.40782690      0.46666664      0.33963397
      -13.956884      -80.374901       190.19231       157.85104       37.504353
       158.83766
       1.0000000       87.000000      0.95053136      -1.0000000       9.0000000
      0.15224163       1.1007672      -1.0000000      -1.0000000      -1.0000000
      -1.0000000      -1.0000000      -1.0000000      -1.0000000      -1.0000000
      -1.0000000
       0.0000000       86.000000      0.98785281       377.00000       164798.00
       9.0463324       3.8149660      0.40066782      0.46875006      0.34034815
      -5.0205874      -83.740463       187.75809       156.99808       36.252495
       167.20633
       1.0000000       86.000000      0.98785281      -1.0000000       4.0000000
     0.035378405      0.33596985      -1.0000000      -1.0000000      -1.0000000
      -1.0000000      -1.0000000      -1.0000000      -1.0000000      -1.0000000
      -1.0000000
       0.0000000       85.000000      0.99729425       371.00000       162730.00
       8.9497461       3.5727201      0.39088708      0.50000000      0.32491097
      0.53734815      -81.420036       181.14018       156.53723       35.613617
       170.75179
       1.0000000       85.000000      0.99729425      -1.0000000       1.0000000
    0.0063292095       0.0000000      -1.0000000      -1.0000000      -1.0000000
      -1.0000000      -1.0000000      -1.0000000      -1.0000000      -1.0000000
      -1.0000000
       0.0000000       84.000000       1.0355104       369.00000       157682.00
       8.7322397       3.5157831      0.38442239      0.46666664      0.29958650
       14.121401      -59.333138       166.17035       155.30624       34.431374
       181.35548
       2.0000000       84.000000       1.0355104      0.70460933       78.000000
      0.32695776      0.72402000      -1.0000000      -1.0000000      -1.0000000
      -1.0000000      -1.0000000      -1.0000000      -1.0000000      -1.0000000
      -1.0000000
       1.0000000       84.000000       1.0355104      -1.0000000       6.0000000
     0.030959013      0.52120987      -1.0000000      -1.0000000      -1.0000000
      -1.0000000      -1.0000000      -1.0000000      -1.0000000      -1.0000000
      -1.0000000
       0.0000000       83.000000       1.0744579       357.00000       151273.00
       8.6676617       3.7496130      0.36014399      0.44827580      0.26404417
      -3.1784201      -49.715759       150.00574       158.30937       33.866219
       181.44092
       1.0000000       83.000000       1.0744579      -1.0000000       4.0000000
     0.010419034      0.24231660      -1.0000000      -1.0000000      -1.0000000
      -1.0000000      -1.0000000      -1.0000000      -1.0000000      -1.0000000
      -1.0000000
       0.0000000       82.000000       1.1141505       328.00000       141028.00
       8.4873228       2.8080676      0.34750912      0.45161289      0.24139065
      -1.5737538      -49.047066       135.99298       162.34859       32.399475
       178.93042
       1.0000000       82.000000       1.1141505      -1.0000000       6.0000000
     0.016702539      0.31649533      -1.0000000      -1.0000000      -1.0000000
      -1.0000000      -1.0000000      -1.0000000      -1.0000000      -1.0000000
      -1.0000000
       0.0000000       81.000000       1.1546028       310.00000       134366.00
       8.5676384       3.4265196      0.32344702      0.42424244      0.23114209
      -10.789011      -22.801805       109.19952       167.64859       32.787003
       171.00064
       1.0000000       81.000000       1.1546028      -1.0000000       3.0000000
    0.0081824692      0.26643388      -1.0000000      -1.0000000      -1.0000000
      -1.0000000      -1.0000000      -1.0000000      -1.0000000      -1.0000000
      -1.0000000
       0.0000000       80.000000       1.2062581       324.00000       130607.00
       8.6647940       3.3664706      0.31107920      0.48484850      0.17718169
      -39.033451      -35.766891       76.045357       178.37352       35.251869
       147.08788
       1.0000000       80.000000       1.2062581      -1.0000000       6.0000000
     0.084937387      0.41572380      -1.0000000      -1.0000000      -1.0000000
      -1.0000000      -1.0000000      -1.0000000      -1.0000000      -1.0000000
      -1.0000000
       0.0000000       79.000000       1.2484726       336.00000       129750.00
       7.8785915       8.7649565      0.35218054      0.80000001      0.36122781
       101.47362      -147.77974       221.11441       194.22821       65.578964
       124.34617
       1.0000000       79.000000       1.2484726      -1.0000000       3.0000000
      0.81438097      0.85339721      -1.0000000      -1.0000000      -1.0000000
      -1.0000000      -1.0000000      -1.0000000      -1.0000000      -1.0000000
      -1.0000000
       0.0000000       78.000000       1.3023784      -1.0000000       123561.00
      0.46402702      0.18072531      -1.0000000      -1.0000000      -1.0000000
      -1.0000000      -1.0000000      -1.0000000       71.839523      0.78799671
       4.6697102
       2.0000000       78.000000       1.3023784      0.38162085       75.000000
       1.3346186      0.85241205      -1.0000000      -1.0000000      -1.0000000
      -1.0000000      -1.0000000      -1.0000000      -1.0000000      -1.0000000
      -1.0000000
       1.0000000       78.000000       1.3023784      -1.0000000       11.000000
       1.0124632       2.5209364      -1.0000000      -1.0000000      -1.0000000
      -1.0000000      -1.0000000      -1.0000000      -1.0000000      -1.0000000
      -1.0000000
       0.0000000       76.000000       1.4140983       449.00000       129945.00
       3.6260016       2.5100069      0.54802054      0.63157892      0.64747691
       338.71823      -150.99062       132.26213       148.40363       17.222530
       169.65805
       0.0000000       75.000000       1.4719748       442.00000       123968.00
       3.4972370       2.3234363      0.55778068      0.56250006      0.66275191
       361.11447      -106.48009       149.40504       145.91817       15.403476
       180.90091
       1.0000000       75.000000       1.4719748      -1.0000000       8.0000000
     0.035223184      0.38410576      -1.0000000      -1.0000000      -1.0000000
      -1.0000000      -1.0000000      -1.0000000      -1.0000000      -1.0000000
      -1.0000000
       0.0000000       74.000000       1.5312390       428.00000       118723.00
       3.2808135       3.1398802      0.56310982      0.62500000      0.68658102
       398.12506      -110.01260       79.130951       154.27225       15.752869
       167.12578
       1.0000000       74.000000       1.5312390      -1.0000000       4.0000000
     0.024906633      0.24007216      -1.0000000      -1.0000000      -1.0000000
      -1.0000000      -1.0000000      -1.0000000      -1.0000000      -1.0000000
      -1.0000000
       0.0000000       73.000000       1.6042346       431.00000       113302.00
       2.9626439       3.1842422      0.54394317      0.60000002      0.63645053
       424.57431      -120.48382      -14.856909       165.68387       15.942882
       140.68593
       1.0000000       73.000000       1.6042346      -1.0000000       5.0000000
     0.016389996     0.077031856      -1.0000000      -1.0000000      -1.0000000
      -1.0000000      -1.0000000      -1.0000000      -1.0000000      -1.0000000
      -1.0000000
       0.0000000       72.000000       1.6666696       429.00000       108102.00
       2.6145287       3.9188135      0.52415967      0.66666669      0.69714475
       408.75702      -37.360783      -62.938160       165.54454       15.846318
       141.43279
       1.0000000       72.000000       1.6666696      -1.0000000       4.0000000
    0.0063804135     0.066785362      -1.0000000      -1.0000000      -1.0000000
      -1.0000000      -1.0000000      -1.0000000      -1.0000000      -1.0000000
      -1.0000000
       0.0000000       71.000000       1.7435706       415.00000       100570.00
       2.3288696       2.3243277      0.52927285      0.58064520      0.60879397
       335.90030       72.605980      -118.53885       141.26141       13.086747
       167.81635
       1.0000000       71.000000       1.7435706      -1.0000000       4.0000000
    0.0034465880     0.086285971      -1.0000000      -1.0000000      -1.0000000
      -1.0000000      -1.0000000      -1.0000000      -1.0000000      -1.0000000
      -1.0000000
       0.0000000       70.000000       1.8226893       414.00000       95248.000
       2.2100325       2.3050399      0.50850743      0.67567563      0.64878756
       310.78271       86.817467      -130.55168       137.84471       12.308556
       179.16039
       1.0000000       70.000000       1.8226893      -1.0000000       4.0000000
    0.0018310781     0.040487520      -1.0000000      -1.0000000      -1.0000000
      -1.0000000      -1.0000000      -1.0000000      -1.0000000      -1.0000000
      -1.0000000
       0.0000000       69.000000       1.9040896       393.00000       89089.000
       2.0304041       2.1924098      0.53063208      0.59375006      0.61181813
       335.39493       115.41415      -43.577286       136.08498       11.498369
       158.55107
       1.0000000       69.000000       1.9040896      -1.0000000       5.0000000
     0.026648071      0.10112673      -1.0000000      -1.0000000      -1.0000000
      -1.0000000      -1.0000000      -1.0000000      -1.0000000      -1.0000000
      -1.0000000
       0.0000000       68.000000       2.0020282       616.00000       101029.00
       1.7843757       2.0963051      0.51872289      0.60606062      0.59858119
       300.26096       62.521790      -91.411888       131.94478       10.485338
       147.41446
       1.0000000       68.000000       2.0020282      -1.0000000       5.0000000
     0.027261296      0.31837520      -1.0000000      -1.0000000      -1.0000000
      -1.0000000      -1.0000000      -1.0000000      -1.0000000      -1.0000000
      -1.0000000
       0.0000000       67.000000       2.1032696       555.00000       90090.000
       1.6128827       1.7836177      0.49999174      0.57575762      0.57362026
       274.29935       111.28002      -34.459774       131.01515       10.316132
       143.48174
       1.0000000       67.000000       2.1032696      -1.0000000       4.0000000
    0.0080078081      0.14725466      -1.0000000      -1.0000000      -1.0000000
      -1.0000000      -1.0000000      -1.0000000      -1.0000000      -1.0000000
      -1.0000000
       0.0000000       66.000000       2.2079256       540.00000       82909.000
       1.3759410       2.1430316      0.51780450      0.61764705      0.64327407
       261.90762       51.223976      -194.78690       130.86739       8.7354965
       139.48813
       1.0000000       66.000000       2.2079256      -1.0000000       2.0000000
    0.0018060154     0.034815527      -1.0000000      -1.0000000      -1.0000000
      -1.0000000      -1.0000000      -1.0000000      -1.0000000      -1.0000000
      -1.0000000
       0.0000000       65.000000       2.3161108      -1.0000000       98974.000
       1.2539095       1.7277396      -1.0000000      -1.0000000      -1.0000000
      -1.0000000      -1.0000000      -1.0000000       131.48230       8.3413210
       140.52977
       0.0000000       64.000000       2.4442258      -1.0000000       90095.000
       1.1749433       2.0937698      -1.0000000      -1.0000000      -1.0000000
      -1.0000000      -1.0000000      -1.0000000       134.83269       10.213927
       130.11633
       1.0000000       64.000000       2.4442258      -1.0000000       1.0000000
       0.0000000       0.0000000      -1.0000000      -1.0000000      -1.0000000
      -1.0000000      -1.0000000      -1.0000000      -1.0000000      -1.0000000
      -1.0000000
       0.0000000       63.000000       2.5772903      -1.0000000       87293.000
      0.92833447       2.3438828      -1.0000000      -1.0000000      -1.0000000
      -1.0000000      -1.0000000      -1.0000000       142.03328       9.7495518
       111.21739
       1.0000000       63.000000       2.5772903      -1.0000000       1.0000000
     0.022388119      0.16371363      -1.0000000      -1.0000000      -1.0000000
      -1.0000000      -1.0000000      -1.0000000      -1.0000000      -1.0000000
      -1.0000000
       0.0000000       62.000000       2.7331426      -1.0000000       82893.000
      0.68696487       2.2210090      -1.0000000      -1.0000000      -1.0000000
      -1.0000000      -1.0000000      -1.0000000       131.34769       8.6575184
       100.96240
       1.0000000       62.000000       2.7331426      -1.0000000       2.0000000
    0.0064264230     0.053757250      -1.0000000      -1.0000000      -1.0000000
      -1.0000000      -1.0000000      -1.0000000      -1.0000000      -1.0000000
      -1.0000000
       0.0000000       61.000000       2.8957851      -1.0000000       76681.000
      0.53703219       1.1560580      -1.0000000      -1.0000000      -1.0000000
      -1.0000000      -1.0000000      -1.0000000       111.24203       5.8988333
       117.65854
       1.0000000       61.000000       2.8957851      -1.0000000       4.0000000
     0.016226208      0.22929941      -1.0000000      -1.0000000      -1.0000000
      -1.0000000      -1.0000000      -1.0000000      -1.0000000      -1.0000000
      -1.0000000
       0.0000000       60.000000       3.0081310      -1.0000000       74365.000
      0.49562573      0.96812165      -1.0000000      -1.0000000      -1.0000000
      -1.0000000      -1.0000000      -1.0000000       105.46242       5.1621704
       121.98557
       0.0000000       59.000000       3.0848227      -1.0000000       70745.000
      0.47900599       1.0272288      -1.0000000      -1.0000000      -1.0000000
      -1.0000000      -1.0000000      -1.0000000       104.07442       5.1019421
       117.01109
       1.0000000       59.000000       3.0848227      -1.0000000       1.0000000
       0.0000000       0.0000000      -1.0000000      -1.0000000      -1.0000000
      -1.0000000      -1.0000000      -1.0000000      -1.0000000      -1.0000000
      -1.0000000
       0.0000000       58.000000       3.2830331      -1.0000000       70486.000
      0.41668743       1.0223801      -1.0000000      -1.0000000      -1.0000000
      -1.0000000      -1.0000000      -1.0000000       111.19119       4.8218141
       101.92417
       1.0000000       58.000000       3.2830331      -1.0000000       1.0000000
       0.0000000       0.0000000      -1.0000000      -1.0000000      -1.0000000
      -1.0000000      -1.0000000      -1.0000000      -1.0000000      -1.0000000
      -1.0000000
       0.0000000       57.000000       3.4908614      -1.0000000       70440.000
      0.33364779      0.74854928      -1.0000000      -1.0000000      -1.0000000
      -1.0000000      -1.0000000      -1.0000000       115.54912       3.6519790
       93.374687
       1.0000000       57.000000       3.4908614      -1.0000000       2.0000000
    0.0046101180    0.0085527748      -1.0000000      -1.0000000      -1.0000000
      -1.0000000      -1.0000000      -1.0000000      -1.0000000      -1.0000000
      -1.0000000
