       0.0000000       135.00000       0.0000000       1260.0000       410332.00
       2.9757490      0.99398577      0.40388510      0.28125006      0.21472262
      -17.601664       10.206841      -34.062359       106.49648       11.916717
       104.05608
       0.0000000       134.00000    0.0095216669      -1.0000000       405793.00
       2.9226749      0.84313083      -1.0000000      -1.0000000      -1.0000000
      -1.0000000      -1.0000000      -1.0000000       106.70531       11.498590
       103.83517
       0.0000000       132.00000     0.033724371       1304.0000       405885.00
       2.8938773      0.83299369      0.40512830      0.22580642      0.20501648
      -16.626074       7.4704375      -34.311035       107.02042       11.406417
       102.91301
       0.0000000       131.00000     0.048523631       1314.0000       402235.00
       2.8677621      0.72541648      0.40171397      0.25806451      0.21714507
      -16.202312       6.2251854      -34.530338       106.84821       11.183788
       103.84069
       0.0000000       130.00000     0.058507323       1329.0000       400257.00
       2.8420162      0.76340377      0.40324616      0.22580642      0.20136760
      -16.721258       4.9052520      -34.876965       107.19582       11.055739
       103.57599
       0.0000000       129.00000     0.073661387       1347.0000       398354.00
       2.8348773      0.80086529      0.39956382      0.25806451      0.19232632
      -18.430143       3.0107968      -34.120445       107.51534       10.943257
       103.10571
       1.0000000       129.00000     0.073661387      -1.0000000       1.0000000
       0.0000000       0.0000000      -1.0000000      -1.0000000      -1.0000000
      -1.0000000      -1.0000000      -1.0000000      -1.0000000      -1.0000000
      -1.0000000
       0.0000000       128.00000     0.083884433       1343.0000       395711.00
       2.8079474      0.64608061      0.40319785      0.19999999      0.17752188
      -19.868322       1.7645168      -32.327183       107.59921       10.866754
       103.73451
       0.0000000       127.00000     0.099401802       1337.0000       393116.00
       2.7866585      0.74738246      0.40668979      0.22580642      0.18449572
      -22.460260       1.6518394      -31.667685       108.44241       10.858454
       105.11382
       0.0000000       126.00000      0.10986994       1350.0000       391804.00
       2.7798259      0.88078189      0.40502423      0.16666669      0.18194386
      -24.439091       2.4915664      -29.916948       108.46262       10.920508
       105.51933
       1.0000000       126.00000      0.10986994      -1.0000000       1.0000000
   0.00063052872       0.0000000      -1.0000000      -1.0000000      -1.0000000
      -1.0000000      -1.0000000      -1.0000000      -1.0000000      -1.0000000
      -1.0000000
       0.0000000       125.00000      0.12575933       1377.0000       390807.00
       2.7372186      0.92002189      0.39849904      0.16666669      0.18491237
      -26.051222       6.5561695      -26.728958       108.63701       10.788747
       106.22215
       0.0000000       124.00000      0.14187621       1397.0000       388386.00
       2.6880920      0.67336601      0.40458816      0.10344827      0.18311769
      -25.954201       10.338087      -23.626343       107.61736       10.193592
       107.70491
       1.0000000       124.00000      0.14187621      -1.0000000       1.0000000
    0.0043734214     0.082187794      -1.0000000      -1.0000000      -1.0000000
      -1.0000000      -1.0000000      -1.0000000      -1.0000000      -1.0000000
      -1.0000000
       0.0000000       123.00000      0.15274876       1406.0000       387028.00
       2.6659226      0.66402161      0.39859948      0.19354838      0.17072891
      -24.737926       12.879421      -23.737724       107.40044       10.103198
       108.07115
       0.0000000       122.00000      0.16925204       1396.0000       383564.00
       2.6720893      0.66822135      0.39989939      0.19354838      0.17130820
      -24.200617       15.012646      -23.750221       107.67348       10.153628
       109.81413
       0.0000000       121.00000      0.18038526       1399.0000       380641.00
       2.6566710      0.88479209      0.39941111      0.13333338      0.17489566
      -23.514822       16.310320      -23.444695       107.93887       10.422410
       110.95882
       0.0000000       120.00000      0.19728418       1407.0000       377823.00
       2.6144168      0.85978848      0.39724150      0.13333338      0.17914459
      -23.770176       17.913525      -20.380568       107.81584       10.210462
       112.70561
       0.0000000       119.00000      0.21442504       1398.0000       374496.00
       2.5704618      0.74202609      0.39758950      0.19354838      0.16319208
      -23.121992       20.868286      -17.600060       106.73419       9.8551798
       114.19915
       0.0000000       118.00000      0.22598839       1394.0000       372261.00
       2.5576665      0.67107886      0.39783236      0.13333338      0.16428991
      -23.180244       22.931908      -15.080586       106.61892       9.5415716
       114.75738
       1.0000000       118.00000      0.22598839      -1.0000000       1.0000000
       0.0000000       0.0000000      -1.0000000      -1.0000000      -1.0000000
      -1.0000000      -1.0000000      -1.0000000      -1.0000000      -1.0000000
      -1.0000000
       0.0000000       117.00000      0.24354018       1392.0000       367661.00
       2.5724576      0.66188169      0.40071601      0.10344827      0.14665771
      -22.433044       25.098261      -12.256555       107.10476       9.7594509
       115.89011
       1.0000000       117.00000      0.24354018      -1.0000000       1.0000000
       0.0000000       0.0000000      -1.0000000      -1.0000000      -1.0000000
      -1.0000000      -1.0000000      -1.0000000      -1.0000000      -1.0000000
      -1.0000000
       0.0000000       116.00000      0.26134327       1402.0000       364920.00
       2.5409272      0.80663776      0.40151635      0.17241371      0.15925613
      -19.107674       28.610237      -10.880750       107.68649       9.7618008
       116.82986
       0.0000000       115.00000      0.27335334       1386.0000       361490.00
       2.4908586       1.0101640      0.39799282      0.22580642      0.15674660
      -14.503703       29.653601      -13.789484       108.12514       9.7480040
       117.08148
       1.0000000       115.00000      0.27335334      -1.0000000       1.0000000
       0.0000000       0.0000000      -1.0000000      -1.0000000      -1.0000000
      -1.0000000      -1.0000000      -1.0000000      -1.0000000      -1.0000000
      -1.0000000
       0.0000000       114.00000      0.29158324       1405.0000       358835.00
       2.5116541      0.85330975      0.40135223      0.21875006      0.17381337
      -9.9122915       33.120911      -15.525677       108.64774       9.7057867
       117.23244
       0.0000000       113.00000      0.31007412       1411.0000       355999.00
       2.4226346      0.77095360      0.39462155      0.19999999      0.18202622
      -5.8762164       28.878283      -17.772226       107.87199       9.3038788
       117.24676
       1.0000000       113.00000      0.31007412      -1.0000000       2.0000000
     0.062179409     0.082508199      -1.0000000      -1.0000000      -1.0000000
      -1.0000000      -1.0000000      -1.0000000      -1.0000000      -1.0000000
      -1.0000000
       0.0000000       112.00000      0.32882974       1420.0000       351531.00
       2.3840950      0.67666751      0.38976774      0.13793099      0.16613108
      -3.5700183       26.639332      -17.708708       108.69350       9.0538607
       116.61735
       0.0000000       111.00000      0.34785384       1420.0000       348781.00
       2.3442597      0.71281922      0.38452950      0.13793099      0.14969367
     -0.94924915       26.381693      -12.313250       110.90514       8.8903542
       113.97993
       0.0000000       110.00000      0.36068764       1409.0000       346365.00
       2.3465884      0.64680117      0.39035395     0.071428597      0.14387476
       3.9592490       25.320196      -8.0674496       112.69306       9.1084633
       116.27941
       0.0000000       109.00000      0.38016787       1418.0000       343152.00
       2.3875811       1.0691166      0.38422149      0.23529416      0.15084404
       14.224204       24.507847      -6.4372196       115.12293       10.209303
       119.13451
       1.0000000       109.00000      0.38016787      -1.0000000       1.0000000
     0.019175038     0.051886450      -1.0000000      -1.0000000      -1.0000000
      -1.0000000      -1.0000000      -1.0000000      -1.0000000      -1.0000000
      -1.0000000
       0.0000000       108.00000      0.39992696       1399.0000       340036.00
       2.2442741      0.73359078      0.37996915      0.19354838      0.15000772
       18.494949       15.325485      -1.6390976       108.96582       8.5272589
       126.35184
       0.0000000       107.00000      0.41996893       1408.0000       336414.00
       2.1911542      0.76541579      0.38036439      0.16666669      0.13883938
       23.500809       8.2291842      0.87758189       107.32690       8.3011074
       132.90472
       0.0000000       106.00000      0.44029784       1396.0000       333143.00
       2.1736674      0.59931028      0.37533823      0.16129035      0.13423221
       24.860651       3.5349867       3.1165497       106.78602       8.1901388
       135.38351
       1.0000000       106.00000      0.44029784      -1.0000000       1.0000000
    0.0021523575     0.053092092      -1.0000000      -1.0000000      -1.0000000
      -1.0000000      -1.0000000      -1.0000000      -1.0000000      -1.0000000
      -1.0000000
       0.0000000       105.00000      0.46091780       1408.0000       329580.00
       2.1527362      0.59259683      0.37949300      0.10000008      0.14231795
       25.552708      -3.8742418       6.4881191       107.26524       8.1292543
       136.20059
       0.0000000       104.00000      0.48183295       1395.0000       324946.00
       2.1378593      0.58295882      0.38086709      0.12903231      0.13688414
       25.845583      -8.1890392       8.4214954       107.46532       7.9694476
       138.06070
       0.0000000       103.00000      0.50304753       1406.0000       320918.00
       2.1341636      0.62121713      0.39210039      0.12903231      0.16025293
       26.908829      -16.316248       9.5151958       108.29411       8.0115004
       138.09814
       0.0000000       102.00000      0.52456582       1405.0000       317838.00
       2.1030426      0.54596621      0.39422601      0.13793099      0.12645629
       25.055416      -21.456663       6.3779078       108.37211       7.7440996
       138.89305
       0.0000000       101.00000      0.54639220       1409.0000       314537.00
       2.0862789      0.45238906      0.40274590      0.24242431      0.17171855
       24.415331      -29.003820       2.9083447       108.68121       7.5491142
       139.88341
       0.0000000       100.00000      0.57598084       1411.0000       310579.00
       2.0689983      0.50835478      0.39968562      0.19354838      0.16290814
       21.405472      -31.884193      -3.2008638       109.54399       7.6152472
       141.60036
       0.0000000       99.000000      0.59854329       1401.0000       305396.00
       2.0680683      0.50027913      0.40171978      0.13333338      0.15682408
       20.355030      -31.242891      -9.0865240       110.28479       7.7001147
       141.92946
       0.0000000       98.000000      0.62142873       1422.0000       302891.00
       2.0215116      0.54492462      0.40259957      0.13793099      0.16969065
       18.294336      -29.469868      -14.192137       111.18727       7.4952207
       140.10826
       1.0000000       98.000000      0.62142873      -1.0000000       1.0000000
       0.0000000       0.0000000      -1.0000000      -1.0000000      -1.0000000
      -1.0000000      -1.0000000      -1.0000000      -1.0000000      -1.0000000
      -1.0000000
       0.0000000       97.000000      0.64464182       1424.0000       300384.00
       2.0242255      0.57113397      0.38754669      0.19354838      0.13698396
       16.699680      -23.507221      -19.889528       111.82876       7.8002796
       138.96188
       1.0000000       97.000000      0.64464182      -1.0000000       1.0000000
   0.00030663307    0.0081623169      -1.0000000      -1.0000000      -1.0000000
      -1.0000000      -1.0000000      -1.0000000      -1.0000000      -1.0000000
      -1.0000000
       0.0000000       96.000000      0.67611039       1438.0000       297579.00
       2.0004528      0.53102916      0.37437740      0.13793099      0.12883873
       14.044244      -18.134546      -18.688049       113.21880       7.7945499
       135.38446
       0.0000000       95.000000      0.70010638       1430.0000       293652.00
       1.9860518      0.53821510      0.37626708      0.13793099      0.15974829
       11.018053      -15.769693      -20.557346       115.40020       7.7553234
       136.07106
       0.0000000       94.000000      0.73263615       1472.0000       291848.00
       1.9577569      0.63744795      0.36325613      0.17241371      0.13250519
       10.615193      -9.8680716      -17.117926       118.40444       8.0522346
       129.42580
       1.0000000       94.000000      0.73263615      -1.0000000       1.0000000
   0.00033815348       0.0000000      -1.0000000      -1.0000000      -1.0000000
      -1.0000000      -1.0000000      -1.0000000      -1.0000000      -1.0000000
      -1.0000000
       0.0000000       93.000000      0.75744140       1493.0000       288470.00
       1.9505575      0.68016273      0.36219427      0.22580642      0.17920780
       6.7337298      -8.1943741      -16.399025       120.43296       8.3532133
       126.37371
       1.0000000       93.000000      0.75744140      -1.0000000       1.0000000
       0.0000000       0.0000000      -1.0000000      -1.0000000      -1.0000000
      -1.0000000      -1.0000000      -1.0000000      -1.0000000      -1.0000000
      -1.0000000
       0.0000000       92.000000      0.79106826       1516.0000       283861.00
       1.8668334      0.59382463      0.35378459      0.12500012      0.14446868
      -1.5348063      -3.4114859      -13.522219       115.44030       7.8085785
       140.63799
       0.0000000       91.000000      0.81671000       1505.0000       280079.00
       1.9228957      0.87263721      0.36541736      0.15151519      0.12147444
      -1.6011702      -6.8263068      -12.674668       116.04829       8.9143581
       151.06004
       1.0000000       91.000000      0.81671000      -1.0000000       1.0000000
      0.28562853      0.10114108      -1.0000000      -1.0000000      -1.0000000
      -1.0000000      -1.0000000      -1.0000000      -1.0000000      -1.0000000
      -1.0000000
       0.0000000       90.000000      0.85147089       1506.0000       275496.00
       1.7740552      0.46559203      0.37271374      0.13793099      0.13505125
       1.3998621      -5.7799635      -11.917822       108.40726       6.7380047
       156.15794
       0.0000000       89.000000      0.88689691       1520.0000       272197.00
       1.7372830      0.59436017      0.37674636      0.13333338      0.11827403
       6.3868861      -7.0221753      -10.534487       107.36073       6.4748526
       157.30515
       0.0000000       88.000000      0.92300081       1518.0000       267017.00
       1.7218770      0.51903743      0.36812499      0.17241371      0.12678133
       13.728354      -9.6577120      -10.120231       107.93752       6.3051887
       155.67758
       1.0000000       88.000000      0.92300081      -1.0000000       2.0000000
   0.00067936216     0.020187067      -1.0000000      -1.0000000      -1.0000000
      -1.0000000      -1.0000000      -1.0000000      -1.0000000      -1.0000000
      -1.0000000
       0.0000000       87.000000      0.95053136       1516.0000       263346.00
       1.7150906      0.37109780      0.37379274      0.25000006      0.14737600
       18.828302      -8.6912413      -10.884480       109.61672       6.2130480
       151.98686
       0.0000000       86.000000      0.98785281       1510.0000       258040.00
       1.7150440      0.44202191      0.37102750      0.16666669      0.14978446
       23.162327      -6.5418906      -12.472878       113.53720       6.1968293
       141.23749
       1.0000000       86.000000      0.98785281      -1.0000000       1.0000000
       0.0000000       0.0000000      -1.0000000      -1.0000000      -1.0000000
      -1.0000000      -1.0000000      -1.0000000      -1.0000000      -1.0000000
      -1.0000000
       0.0000000       85.000000      0.99729425       1518.0000       257074.00
       1.7107142      0.48824623      0.37147915      0.17241371      0.17439620
       23.516104      -6.5831304      -11.559566       114.77656       6.2518497
       138.93323
       0.0000000       84.000000       1.0355104       1762.0000       263267.00
       1.6932657      0.48604646      0.36910257      0.13793099      0.16456825
       28.880589      -8.6269999      -9.1471729       119.79475       6.1644850
       128.03667
       1.0000000       84.000000       1.0355104      -1.0000000       1.0000000
       0.0000000       0.0000000      -1.0000000      -1.0000000      -1.0000000
      -1.0000000      -1.0000000      -1.0000000      -1.0000000      -1.0000000
      -1.0000000
       0.0000000       83.000000       1.0744579       1742.0000       256608.00
       1.7042352      0.38096985      0.38809949      0.19999999      0.20970897
       32.306129      -13.001967      -4.9399834       126.14298       6.3615036
       118.75001
       1.0000000       83.000000       1.0744579      -1.0000000       2.0000000
   0.00095963210     0.014412409      -1.0000000      -1.0000000      -1.0000000
      -1.0000000      -1.0000000      -1.0000000      -1.0000000      -1.0000000
      -1.0000000
       0.0000000       82.000000       1.1141505       1647.0000       246786.00
       1.7282757      0.20917574      0.38207832      0.15384609      0.26251620
       33.576481      -21.097406      -3.6301565       131.81096       6.6119671
       109.81525
       1.0000000       82.000000       1.1141505      -1.0000000       2.0000000
    0.0078682375      0.10513797      -1.0000000      -1.0000000      -1.0000000
      -1.0000000      -1.0000000      -1.0000000      -1.0000000      -1.0000000
      -1.0000000
       0.0000000       81.000000       1.1546028       1490.0000       235031.00
       1.7162534      0.22027133      0.38013873      0.36666667      0.19805267
       29.873787      -22.583767      -2.9984851       124.06232       6.0273538
       126.16131
       1.0000000       81.000000       1.1546028      -1.0000000       1.0000000
   0.00066399470       0.0000000      -1.0000000      -1.0000000      -1.0000000
      -1.0000000      -1.0000000      -1.0000000      -1.0000000      -1.0000000
      -1.0000000
       0.0000000       80.000000       1.2062581       1473.0000       226221.00
       1.6578549      0.74822277      0.36598447      0.30000001      0.17380615
       20.375614      -24.426357      -9.1556444       116.38771       6.2080812
       139.53255
       1.0000000       80.000000       1.2062581      -1.0000000       3.0000000
     0.027645609      0.12723224      -1.0000000      -1.0000000      -1.0000000
      -1.0000000      -1.0000000      -1.0000000      -1.0000000      -1.0000000
      -1.0000000
       0.0000000       79.000000       1.2484726       1516.0000       223764.00
       1.6389953      0.87909967      0.35553959      0.31034482      0.16371158
       14.446123      -19.399052      -6.3928962       116.26279       6.4433260
       136.15924
       1.0000000       79.000000       1.2484726      -1.0000000       2.0000000
     0.010733861     0.039450951      -1.0000000      -1.0000000      -1.0000000
      -1.0000000      -1.0000000      -1.0000000      -1.0000000      -1.0000000
      -1.0000000
       0.0000000       78.000000       1.3023784       1484.0000       215923.00
       1.5520467      0.83861959      0.35318798      0.26666665      0.17433430
       9.1341209      -12.543500      -7.7089658       117.02161       6.2274318
       132.43050
       1.0000000       78.000000       1.3023784      -1.0000000       1.0000000
       0.0000000       0.0000000      -1.0000000      -1.0000000      -1.0000000
      -1.0000000      -1.0000000      -1.0000000      -1.0000000      -1.0000000
      -1.0000000
       0.0000000       77.000000       1.3575766       1541.0000       211899.00
       1.5000572      0.69473344      0.32672304      0.14814812      0.13677941
       8.4483643      -4.4508595      -7.1002593       117.74025       5.7089090
       127.61517
       1.0000000       77.000000       1.3575766      -1.0000000       1.0000000
   0.00029319097     0.021008987      -1.0000000      -1.0000000      -1.0000000
      -1.0000000      -1.0000000      -1.0000000      -1.0000000      -1.0000000
      -1.0000000
       0.0000000       76.000000       1.4140983       1536.0000       205491.00
       1.4370011      0.87940878      0.34192982      0.29032254      0.14318821
       14.742336       24.722576      -3.3334525       120.66393       5.7420692
       120.00349
       0.0000000       75.000000       1.4719748      -1.0000000       199574.00
       1.3186923       1.1272128      -1.0000000      -1.0000000      -1.0000000
      -1.0000000      -1.0000000      -1.0000000       126.04721       5.6670656
       105.58517
       1.0000000       75.000000       1.4719748      -1.0000000       1.0000000
       0.0000000       0.0000000      -1.0000000      -1.0000000      -1.0000000
      -1.0000000      -1.0000000      -1.0000000      -1.0000000      -1.0000000
      -1.0000000
       0.0000000       74.000000       1.5312390      -1.0000000       195319.00
       1.2580593      0.64596176      -1.0000000      -1.0000000      -1.0000000
      -1.0000000      -1.0000000      -1.0000000       125.51080       5.1618981
       100.08537
       1.0000000       74.000000       1.5312390      -1.0000000       2.0000000
       0.0000000       0.0000000      -1.0000000      -1.0000000      -1.0000000
      -1.0000000      -1.0000000      -1.0000000      -1.0000000      -1.0000000
      -1.0000000
       0.0000000       73.000000       1.6042346      -1.0000000       191734.00
       1.1710109      0.55177385      -1.0000000      -1.0000000      -1.0000000
      -1.0000000      -1.0000000      -1.0000000       122.49808       4.7212644
       97.416687
       0.0000000       72.000000       1.6666696      -1.0000000       178190.00
       1.1146228      0.70387232      -1.0000000      -1.0000000      -1.0000000
      -1.0000000      -1.0000000      -1.0000000       114.53998       4.6139770
       105.58195
       0.0000000       71.000000       1.7435706      -1.0000000       192046.00
       1.0605249      0.65159220      -1.0000000      -1.0000000      -1.0000000
      -1.0000000      -1.0000000      -1.0000000       107.57291       4.3176947
       107.03687
       1.0000000       71.000000       1.7435706      -1.0000000       3.0000000
   0.00023508865    0.0065401006      -1.0000000      -1.0000000      -1.0000000
      -1.0000000      -1.0000000      -1.0000000      -1.0000000      -1.0000000
      -1.0000000
       0.0000000       70.000000       1.8226893      -1.0000000       185258.00
       1.0000907      0.71961278      -1.0000000      -1.0000000      -1.0000000
      -1.0000000      -1.0000000      -1.0000000       104.16341       4.1972747
       101.37486
       0.0000000       69.000000       1.9040896      -1.0000000       182038.00
      0.92993915      0.72354096      -1.0000000      -1.0000000      -1.0000000
      -1.0000000      -1.0000000      -1.0000000       104.03072       4.1710129
       94.987793
       0.0000000       68.000000       2.0020282      -1.0000000       180813.00
      0.85866952      0.69011474      -1.0000000      -1.0000000      -1.0000000
      -1.0000000      -1.0000000      -1.0000000       103.01800       3.8375685
       91.007774
       0.0000000       67.000000       2.1032696      -1.0000000       189413.00
      0.80730116      0.52161419      -1.0000000      -1.0000000      -1.0000000
      -1.0000000      -1.0000000      -1.0000000       102.40388       3.4253058
       85.532295
       1.0000000       67.000000       2.1032696      -1.0000000       1.0000000
       0.0000000       0.0000000      -1.0000000      -1.0000000      -1.0000000
      -1.0000000      -1.0000000      -1.0000000      -1.0000000      -1.0000000
      -1.0000000
       0.0000000       66.000000       2.2079256      -1.0000000       176804.00
      0.77434725      0.44185576      -1.0000000      -1.0000000      -1.0000000
      -1.0000000      -1.0000000      -1.0000000       106.37177       3.3211868
       82.421082
       0.0000000       65.000000       2.3161108      -1.0000000       162068.00
      0.72985709      0.47768685      -1.0000000      -1.0000000      -1.0000000
      -1.0000000      -1.0000000      -1.0000000       106.94702       3.1763971
       80.720230
       1.0000000       65.000000       2.3161108      -1.0000000       1.0000000
       0.0000000       0.0000000      -1.0000000      -1.0000000      -1.0000000
      -1.0000000      -1.0000000      -1.0000000      -1.0000000      -1.0000000
      -1.0000000
       0.0000000       64.000000       2.4442258      -1.0000000       147847.00
      0.64252228      0.79792428      -1.0000000      -1.0000000      -1.0000000
      -1.0000000      -1.0000000      -1.0000000       106.44446       3.4420469
       81.589485
       1.0000000       64.000000       2.4442258      -1.0000000       1.0000000
   0.00022881963       0.0000000      -1.0000000      -1.0000000      -1.0000000
      -1.0000000      -1.0000000      -1.0000000      -1.0000000      -1.0000000
      -1.0000000
       0.0000000       63.000000       2.5772903      -1.0000000       134638.00
      0.53622764      0.54261607      -1.0000000      -1.0000000      -1.0000000
      -1.0000000      -1.0000000      -1.0000000       102.56274       2.8531253
       91.699875
       1.0000000       63.000000       2.5772903      -1.0000000       3.0000000
       0.0000000       0.0000000      -1.0000000      -1.0000000      -1.0000000
      -1.0000000      -1.0000000      -1.0000000      -1.0000000      -1.0000000
      -1.0000000
       0.0000000       62.000000       2.7331426      -1.0000000       123200.00
      0.48653680      0.44122592      -1.0000000      -1.0000000      -1.0000000
      -1.0000000      -1.0000000      -1.0000000       100.39619       3.0558102
       97.990288
       1.0000000       62.000000       2.7331426      -1.0000000       1.0000000
       0.0000000       0.0000000      -1.0000000      -1.0000000      -1.0000000
      -1.0000000      -1.0000000      -1.0000000      -1.0000000      -1.0000000
      -1.0000000
       0.0000000       61.000000       2.8957851      -1.0000000       111942.00
      0.43645644      0.71953392      -1.0000000      -1.0000000      -1.0000000
      -1.0000000      -1.0000000      -1.0000000       107.39917       3.5684116
       90.244583
       1.0000000       61.000000       2.8957851      -1.0000000       4.0000000
   0.00060925860       0.0000000      -1.0000000      -1.0000000      -1.0000000
      -1.0000000      -1.0000000      -1.0000000      -1.0000000      -1.0000000
      -1.0000000
