       0.0000000       135.00000       0.0000000       63.000000       207913.00
       2.5729196      0.59906656      0.48715088      0.40625006      0.45753261
      -52.630386      -31.894554      -60.345924       93.420967       8.7590094
       63.972668
       0.0000000       134.00000    0.0095216669       63.000000       206776.00
       2.5698991      0.61184675      0.49097311      0.40625006      0.45336220
      -56.013374      -32.145844      -57.033249       94.986351       8.7806606
       60.235226
       0.0000000       133.00000     0.023974428       63.000000       204486.00
       2.5776727      0.61090565      0.48873246      0.42424244      0.47011521
      -58.592842      -28.015886      -58.093002       95.870369       8.9002075
       60.009853
       0.0000000       132.00000     0.033724371       64.000000       204250.00
       2.5418153      0.59037691      0.48390132      0.37500006      0.43776873
      -58.983803      -30.595146      -56.026169       95.754333       8.7517529
       62.066879
       0.0000000       131.00000     0.048523631       63.000000       198825.00
       2.5646048      0.65039921      0.48900700      0.45454544      0.45696253
      -65.613724      -32.959633      -46.782806       97.332466       9.1157522
       60.580261
       0.0000000       130.00000     0.058507323       61.000000       195871.00
       2.5269499      0.72697771      0.48210523      0.43333334      0.46022168
      -72.632240      -28.268143      -42.566677       97.169662       8.9166870
       61.216278
       0.0000000       129.00000     0.073661387       61.000000       191396.00
       2.5159602      0.52580452      0.47794950      0.42424244      0.45912331
      -71.755981      -20.240618      -45.455772       97.362816       8.7045107
       59.332283
       0.0000000       128.00000     0.083884433       61.000000       192492.00
       2.5045495      0.58708918      0.48109102      0.39393944      0.44654545
      -72.309685      -20.145531      -46.036423       98.464134       8.8558388
       56.015675
       0.0000000       127.00000     0.099401802       60.000000       188096.00
       2.4720669      0.69738585      0.47675118      0.37500006      0.42929673
      -73.916069      -13.555604      -44.824677       97.754173       8.7131948
       59.623074
       0.0000000       126.00000      0.10986994       60.000000       186934.00
       2.4648757      0.54084152      0.47670388      0.30000001      0.41108134
      -73.084892      -12.884251      -48.097855       98.393669       8.6909838
       57.447487
       0.0000000       125.00000      0.12575933       68.000000       191358.00
       2.4448609      0.66737086      0.47524968      0.37500006      0.43743882
      -75.188782      -13.972775      -46.777679       98.021828       8.7267189
       61.203495
       1.0000000       125.00000      0.12575933      -1.0000000       1.0000000
       0.0000000       0.0000000      -1.0000000      -1.0000000      -1.0000000
      -1.0000000      -1.0000000      -1.0000000      -1.0000000      -1.0000000
      -1.0000000
       0.0000000       124.00000      0.14187621       69.000000       188920.00
       2.4237866      0.64251959      0.47671241      0.35483867      0.42843169
      -76.846542      -8.6338568      -45.291264       98.136360       8.6807785
       60.804886
       0.0000000       123.00000      0.15274876       69.000000       187646.00
       2.4134417      0.63430518      0.47524557      0.37500006      0.43251306
      -74.450409      -6.8278985      -50.016113       98.420723       8.5419693
       61.402466
       0.0000000       122.00000      0.16925204       70.000000       185983.00
       2.3792014      0.68240619      0.46623504      0.39393944      0.41425082
      -70.528969      -8.4457760      -50.961060       96.255249       8.5526657
       68.515266
       0.0000000       121.00000      0.18038526       68.000000       181030.00
       2.3790197      0.62803513      0.46793127      0.37500006      0.40069792
      -65.902611      -11.039790      -55.230473       96.853294       8.5769892
       66.780266
       0.0000000       120.00000      0.19728418       66.000000       175851.00
       2.3708971      0.68933487      0.46236590      0.41666669      0.39348885
      -61.841003      -19.559423      -58.079006       97.136353       8.6094275
       67.655983
       0.0000000       119.00000      0.21442504       65.000000       172559.00
       2.3352466      0.74303800      0.45739236      0.35483867      0.38332552
      -61.580410      -27.646675      -54.147564       98.571480       8.8027525
       66.546173
       0.0000000       118.00000      0.22598839       65.000000       172445.00
       2.3301890      0.82789034      0.45745128      0.27586204      0.37839493
      -64.683754      -31.175665      -49.876087       99.099152       8.8211212
       66.053551
       0.0000000       117.00000      0.24354018       61.000000       165261.00
       2.3128445      0.74859685      0.45377243      0.35483867      0.38259435
      -67.354637      -32.477032      -42.140125       99.020424       8.8315353
       68.299065
       1.0000000       117.00000      0.24354018      -1.0000000       1.0000000
       0.0000000       0.0000000      -1.0000000      -1.0000000      -1.0000000
      -1.0000000      -1.0000000      -1.0000000      -1.0000000      -1.0000000
      -1.0000000
       0.0000000       116.00000      0.26134327       56.000000       156403.00
       2.2699208      0.83681375      0.45461652      0.35483867      0.41287830
      -73.190063      -27.911028      -33.533783       98.751953       8.7026606
       69.915298
       1.0000000       116.00000      0.26134327      -1.0000000       1.0000000
   0.00093547796     0.025094984      -1.0000000      -1.0000000      -1.0000000
      -1.0000000      -1.0000000      -1.0000000      -1.0000000      -1.0000000
      -1.0000000
       0.0000000       115.00000      0.27335334       56.000000       155667.00
       2.2854884      0.86481249      0.44586089      0.38709676      0.40303740
      -74.613663      -19.560907      -31.013607       98.513466       8.9071398
       71.136948
       0.0000000       114.00000      0.29158324       54.000000       150166.00
       2.2607310      0.78277773      0.43869397      0.30000001      0.36291635
      -72.142059      -11.623806      -35.637665       98.028412       9.0176077
       72.844810
       0.0000000       113.00000      0.31007412       53.000000       145498.00
       2.2272210      0.92525136      0.43414596      0.30000001      0.35393009
      -67.406639      -7.8507919      -44.093609       97.519363       9.0326214
       76.856308
       0.0000000       112.00000      0.32882974       2465.0000       389675.00
       2.2294474      0.97776854      0.43795082      0.42424244      0.37659112
      -62.943741      -11.890510      -48.464088       97.117798       9.1487350
       80.352264
       0.0000000       111.00000      0.34785384       2478.0000       387066.00
       2.1853151       1.0481621      0.42408216      0.32258064      0.33503976
      -61.379101      -14.173245      -45.222305       96.974503       9.1543255
       81.646393
       0.0000000       110.00000      0.36068764       2506.0000       386083.00
       2.1571202      0.97024441      0.42816806      0.30000001      0.32664913
      -59.070698      -10.567187      -45.959488       96.907127       8.9379873
       81.720268
       0.0000000       109.00000      0.38016787       2520.0000       383270.00
       2.1334236      0.83007830      0.42383862      0.37500006      0.34988335
      -55.889347      -10.008367      -47.836620       96.872330       8.6870708
       81.983200
       0.0000000       108.00000      0.39992696       2541.0000       381611.00
       2.0902679      0.86557096      0.42004654      0.20689654      0.32327205
      -50.520664      -14.420264      -51.920326       98.192528       8.5879641
       80.867622
       0.0000000       107.00000      0.41996893       2572.0000       378545.00
       2.0889227       1.0591469      0.41899753      0.30000001      0.31649184
      -46.952106      -22.647139      -50.341331       99.636436       8.8853922
       79.933830
       0.0000000       106.00000      0.44029784       2582.0000       376163.00
       2.0421965       1.0054350      0.41956812      0.24137926      0.28077888
      -46.824642      -32.301281      -42.051094       99.443741       8.6590586
       79.366402
       0.0000000       105.00000      0.46091780       2601.0000       372649.00
       2.0017505      0.66645104      0.42027581      0.29032254      0.31303316
      -49.891315      -37.044338      -32.457848       99.461273       8.1925621
       78.652206
       0.0000000       104.00000      0.48183295       2597.0000       368528.00
       1.9966214      0.86749047      0.42192769      0.34375006      0.28720364
      -57.764908      -36.551109      -24.205662       100.43914       8.3546524
       79.986267
       0.0000000       103.00000      0.50304753       2616.0000       364827.00
       1.9748371       1.1086569      0.42606303      0.32258064      0.30929339
      -67.234421      -24.789234      -14.789132       101.15955       8.7362280
       80.375366
       0.0000000       102.00000      0.52456582       2638.0000       362786.00
       1.9165848      0.95553088      0.42772380      0.31034482      0.32140267
      -72.710335      -10.108821      -13.544806       100.72775       8.2843542
       80.333290
       0.0000000       101.00000      0.54639220       2662.0000       360170.00
       1.8870698      0.70248699      0.43959311      0.27586204      0.30311212
      -73.703087       1.6955088      -14.815913       100.25237       7.8483510
       80.857941
       0.0000000       100.00000      0.57598084       2675.0000       356218.00
       1.8542529      0.72426128      0.43830290      0.30000001      0.29797813
      -70.257866       12.255134      -23.031630       100.73740       7.7220612
       82.235954
       1.0000000       100.00000      0.57598084      -1.0000000       1.0000000
    0.0097403778     0.053290877      -1.0000000      -1.0000000      -1.0000000
      -1.0000000      -1.0000000      -1.0000000      -1.0000000      -1.0000000
      -1.0000000
       0.0000000       99.000000      0.59854329       2711.0000       352693.00
       1.8123639      0.82483727      0.42829940      0.32258064      0.29198024
      -65.469498       20.038174      -28.654423       101.14735       7.6667666
       82.532539
       0.0000000       98.000000      0.62142873       2718.0000       349647.00
       1.7775042      0.97993380      0.42041150      0.26666665      0.28617877
      -59.476177       16.311077      -33.351360       101.51536       7.8014073
       84.432350
       0.0000000       97.000000      0.64464182       2705.0000       346382.00
       1.7648981      0.88235116      0.42161712      0.27586204      0.29490212
      -58.781570       16.004881      -37.437702       101.83248       7.6686730
       85.209061
       1.0000000       97.000000      0.64464182      -1.0000000       1.0000000
   0.00051393546       0.0000000      -1.0000000      -1.0000000      -1.0000000
      -1.0000000      -1.0000000      -1.0000000      -1.0000000      -1.0000000
      -1.0000000
       0.0000000       96.000000      0.67611039       2671.0000       342192.00
       1.7251469      0.53369576      0.42481810      0.29032254      0.30400929
      -51.657333       26.638582      -42.242428       99.804916       7.2232752
       90.368111
       0.0000000       95.000000      0.70010638       2688.0000       339166.00
       1.7144910      0.68517154      0.42496890      0.21428567      0.24756737
      -46.476570       29.493652      -46.773621       98.778275       7.2551236
       92.960945
       1.0000000       95.000000      0.70010638      -1.0000000       1.0000000
     0.027899774     0.066183098      -1.0000000      -1.0000000      -1.0000000
      -1.0000000      -1.0000000      -1.0000000      -1.0000000      -1.0000000
      -1.0000000
       0.0000000       94.000000      0.73263615       2723.0000       336686.00
       1.6901033      0.74747169      0.42509350      0.29032254      0.31140941
      -39.617962       33.884350      -52.050793       99.267036       7.1721654
       93.989174
       0.0000000       93.000000      0.75744140       2701.0000       331739.00
       1.6665434      0.68647861      0.41908130      0.17857140      0.27247518
      -34.442123       34.567604      -52.817738       98.992775       7.0788450
       97.147522
       0.0000000       92.000000      0.79106826       2704.0000       326196.00
       1.6516557      0.61982924      0.41648665      0.17241371      0.24669988
      -27.117489       32.335972      -56.739273       99.849121       7.0461569
       97.207794
       0.0000000       91.000000      0.81671000       2685.0000       322464.00
       1.6387820      0.76990652      0.41896796      0.23333335      0.29907525
      -23.292379       31.869459      -60.359612       101.25576       7.1313796
       99.006058
       0.0000000       90.000000      0.85147089       2678.0000       317922.00
       1.6021274      0.54626143      0.41446608      0.17857140      0.26064011
      -21.257484       33.134510      -56.980984       101.12830       6.6744304
       99.730560
       1.0000000       90.000000      0.85147089      -1.0000000       1.0000000
   0.00038882066     0.025558881      -1.0000000      -1.0000000      -1.0000000
      -1.0000000      -1.0000000      -1.0000000      -1.0000000      -1.0000000
      -1.0000000
       0.0000000       89.000000      0.88689691       2759.0000       316309.00
       1.6000533      0.44446519      0.42085239      0.23333335      0.27781782
      -23.403494       38.363487      -56.414310       101.86641       6.6851683
       100.58782
       0.0000000       88.000000      0.92300081       2742.0000       310657.00
       1.6109473      0.40538737      0.42171842      0.29032254      0.27510306
      -21.320587       47.384285      -49.384487       103.52899       6.5555277
       99.949287
       0.0000000       87.000000      0.95053136       2686.0000       305265.00
       1.5743333      0.37765369      0.43044898      0.17857140      0.24210903
      -18.888107       53.242218      -46.113758       105.44200       6.3615413
       98.462128
       1.0000000       87.000000      0.95053136      -1.0000000       1.0000000
       0.0000000       0.0000000      -1.0000000      -1.0000000      -1.0000000
      -1.0000000      -1.0000000      -1.0000000      -1.0000000      -1.0000000
      -1.0000000
       0.0000000       86.000000      0.98785281       2617.0000       298415.00
       1.5890023      0.50023288      0.43333352      0.29032254      0.28204644
      -14.867240       60.454723      -42.968887       106.46150       6.5219617
       98.608269
       1.0000000       86.000000      0.98785281      -1.0000000       2.0000000
   0.00035955344       0.0000000      -1.0000000      -1.0000000      -1.0000000
      -1.0000000      -1.0000000      -1.0000000      -1.0000000      -1.0000000
      -1.0000000
       0.0000000       85.000000      0.99729425       2634.0000       297678.00
       1.5728317      0.63172621      0.43133038      0.28125006      0.27021310
      -11.338224       62.890236      -39.924873       106.84787       6.5737901
       97.662453
       1.0000000       85.000000      0.99729425      -1.0000000       1.0000000
    0.0041716578     0.092052482      -1.0000000      -1.0000000      -1.0000000
      -1.0000000      -1.0000000      -1.0000000      -1.0000000      -1.0000000
      -1.0000000
       0.0000000       84.000000       1.0355104       2645.0000       293449.00
       1.5404694      0.70332944      0.43965781      0.21428567      0.24271575
       1.0486743       71.818130      -30.323341       108.54736       6.4238701
       94.280701
       1.0000000       84.000000       1.0355104      -1.0000000       1.0000000
    0.0010400374     0.010702148      -1.0000000      -1.0000000      -1.0000000
      -1.0000000      -1.0000000      -1.0000000      -1.0000000      -1.0000000
      -1.0000000
       0.0000000       83.000000       1.0744579       2644.0000       287814.00
       1.5192736      0.55996716      0.44248864      0.32258064      0.27314723
       19.849344       75.821228      -20.917240       111.87434       6.3626308
       88.794823
       0.0000000       82.000000       1.1141505       2610.0000       281166.00
       1.4968241      0.86145604      0.43491355      0.37500006      0.29695201
       43.237007       74.322472      -13.925838       115.89298       6.7098975
       82.460014
       1.0000000       82.000000       1.1141505      -1.0000000       1.0000000
   0.00019324607       0.0000000      -1.0000000      -1.0000000      -1.0000000
      -1.0000000      -1.0000000      -1.0000000      -1.0000000      -1.0000000
      -1.0000000
       0.0000000       81.000000       1.1546028       2558.0000       274794.00
       1.4518011      0.86742115      0.45166349      0.35483867      0.32340190
       66.684731       63.733475      0.12154977       113.64175       6.3094382
       86.393333
       0.0000000       80.000000       1.2062581      -1.0000000       268364.00
       1.4115258      0.44182387      -1.0000000      -1.0000000      -1.0000000
      -1.0000000      -1.0000000      -1.0000000       105.55788       5.7226391
       95.729408
       1.0000000       80.000000       1.2062581      -1.0000000       1.0000000
   0.00020386754       0.0000000      -1.0000000      -1.0000000      -1.0000000
      -1.0000000      -1.0000000      -1.0000000      -1.0000000      -1.0000000
      -1.0000000
       0.0000000       79.000000       1.2484726      -1.0000000       263511.00
       1.3824764      0.53362501      -1.0000000      -1.0000000      -1.0000000
      -1.0000000      -1.0000000      -1.0000000       103.80209       5.5016675
       97.080040
       1.0000000       79.000000       1.2484726      -1.0000000       2.0000000
    0.0010554581     0.063446783      -1.0000000      -1.0000000      -1.0000000
      -1.0000000      -1.0000000      -1.0000000      -1.0000000      -1.0000000
      -1.0000000
       0.0000000       78.000000       1.3023784      -1.0000000       257682.00
       1.3827841      0.52139771      -1.0000000      -1.0000000      -1.0000000
      -1.0000000      -1.0000000      -1.0000000       102.86781       5.5974064
       92.137337
       0.0000000       77.000000       1.3575766      -1.0000000       250334.00
       1.3555036      0.52554530      -1.0000000      -1.0000000      -1.0000000
      -1.0000000      -1.0000000      -1.0000000       101.71048       5.4658976
       94.586296
       0.0000000       76.000000       1.4140983      -1.0000000       245790.00
       1.3272806      0.64333230      -1.0000000      -1.0000000      -1.0000000
      -1.0000000      -1.0000000      -1.0000000       102.08587       5.4789972
       90.998795
       1.0000000       76.000000       1.4140983      -1.0000000       1.0000000
   0.00050693005       0.0000000      -1.0000000      -1.0000000      -1.0000000
      -1.0000000      -1.0000000      -1.0000000      -1.0000000      -1.0000000
      -1.0000000
       0.0000000       75.000000       1.4719748      -1.0000000       242819.00
       1.3113232      0.53635955      -1.0000000      -1.0000000      -1.0000000
      -1.0000000      -1.0000000      -1.0000000       103.21497       5.4117212
       87.447037
       0.0000000       74.000000       1.5312390      -1.0000000       236243.00
       1.2899159      0.51516044      -1.0000000      -1.0000000      -1.0000000
      -1.0000000      -1.0000000      -1.0000000       104.65170       5.3008080
       86.714249
       1.0000000       74.000000       1.5312390      -1.0000000       1.0000000
       0.0000000       0.0000000      -1.0000000      -1.0000000      -1.0000000
      -1.0000000      -1.0000000      -1.0000000      -1.0000000      -1.0000000
      -1.0000000
       0.0000000       73.000000       1.6042346      -1.0000000       224540.00
       1.2828063      0.62914884      -1.0000000      -1.0000000      -1.0000000
      -1.0000000      -1.0000000      -1.0000000       106.39864       5.3337474
       86.747887
       0.0000000       72.000000       1.6666696      -1.0000000       226016.00
       1.2540922      0.77925366      -1.0000000      -1.0000000      -1.0000000
      -1.0000000      -1.0000000      -1.0000000       107.65772       5.4876461
       83.412796
       0.0000000       71.000000       1.7435706      -1.0000000       212760.00
       1.1960083      0.87725472      -1.0000000      -1.0000000      -1.0000000
      -1.0000000      -1.0000000      -1.0000000       106.21293       5.4265823
       84.760696
       0.0000000       70.000000       1.8226893      -1.0000000       200326.00
       1.1178980       1.0833684      -1.0000000      -1.0000000      -1.0000000
      -1.0000000      -1.0000000      -1.0000000       105.08468       5.4811745
       89.288818
       1.0000000       70.000000       1.8226893      -1.0000000       1.0000000
    0.0011167229     0.012548562      -1.0000000      -1.0000000      -1.0000000
      -1.0000000      -1.0000000      -1.0000000      -1.0000000      -1.0000000
      -1.0000000
       0.0000000       69.000000       1.9040896      -1.0000000       192007.00
       1.0364071       1.0118892      -1.0000000      -1.0000000      -1.0000000
      -1.0000000      -1.0000000      -1.0000000       103.74426       5.2398281
       93.469238
       1.0000000       69.000000       1.9040896      -1.0000000       1.0000000
       0.0000000       0.0000000      -1.0000000      -1.0000000      -1.0000000
      -1.0000000      -1.0000000      -1.0000000      -1.0000000      -1.0000000
      -1.0000000
       0.0000000       68.000000       2.0020282      -1.0000000       183294.00
      0.95552993      0.93102318      -1.0000000      -1.0000000      -1.0000000
      -1.0000000      -1.0000000      -1.0000000       103.71938       4.8807359
       98.152000
       1.0000000       68.000000       2.0020282      -1.0000000       1.0000000
   0.00052949338     0.012509663      -1.0000000      -1.0000000      -1.0000000
      -1.0000000      -1.0000000      -1.0000000      -1.0000000      -1.0000000
      -1.0000000
       0.0000000       67.000000       2.1032696      -1.0000000       170945.00
      0.90250534      0.92552876      -1.0000000      -1.0000000      -1.0000000
      -1.0000000      -1.0000000      -1.0000000       107.25226       4.7464008
       98.625778
       0.0000000       66.000000       2.2079256      -1.0000000       158961.00
      0.82348382      0.58429563      -1.0000000      -1.0000000      -1.0000000
      -1.0000000      -1.0000000      -1.0000000       110.32719       4.2315273
       97.446487
       0.0000000       65.000000       2.3161108      -1.0000000       148774.00
      0.76803023      0.63811982      -1.0000000      -1.0000000      -1.0000000
      -1.0000000      -1.0000000      -1.0000000       114.58964       3.9048016
       96.576591
       0.0000000       64.000000       2.4442258      -1.0000000       135660.00
      0.69587171      0.63978350      -1.0000000      -1.0000000      -1.0000000
      -1.0000000      -1.0000000      -1.0000000       113.38673       3.6137786
       100.11230
       1.0000000       64.000000       2.4442258      -1.0000000       1.0000000
   0.00025109132     0.024290325      -1.0000000      -1.0000000      -1.0000000
      -1.0000000      -1.0000000      -1.0000000      -1.0000000      -1.0000000
      -1.0000000
       0.0000000       63.000000       2.5772903      -1.0000000       119211.00
      0.68750548      0.20667312      -1.0000000      -1.0000000      -1.0000000
      -1.0000000      -1.0000000      -1.0000000       110.95857       3.2949984
       106.89905
       1.0000000       63.000000       2.5772903      -1.0000000       3.0000000
   8.0823054e-05     0.030354666      -1.0000000      -1.0000000      -1.0000000
      -1.0000000      -1.0000000      -1.0000000      -1.0000000      -1.0000000
      -1.0000000
       0.0000000       62.000000       2.7331426      -1.0000000       110166.00
      0.62015587      0.62686211      -1.0000000      -1.0000000      -1.0000000
      -1.0000000      -1.0000000      -1.0000000       113.02743       3.1421654
       101.60549
       1.0000000       62.000000       2.7331426      -1.0000000       4.0000000
    0.0022537488     0.027908904      -1.0000000      -1.0000000      -1.0000000
      -1.0000000      -1.0000000      -1.0000000      -1.0000000      -1.0000000
      -1.0000000
       0.0000000       61.000000       2.8957851      -1.0000000       102286.00
      0.52414030      0.75748843      -1.0000000      -1.0000000      -1.0000000
      -1.0000000      -1.0000000      -1.0000000       119.52377       3.2284548
       86.541199
       1.0000000       61.000000       2.8957851      -1.0000000       2.0000000
   0.00026569812     0.016979894      -1.0000000      -1.0000000      -1.0000000
      -1.0000000      -1.0000000      -1.0000000      -1.0000000      -1.0000000
      -1.0000000
       0.0000000       60.000000       3.0081310      -1.0000000       96197.000
      0.43813822      0.86105633      -1.0000000      -1.0000000      -1.0000000
      -1.0000000      -1.0000000      -1.0000000       122.46617       2.9546502
       81.274414
       1.0000000       60.000000       3.0081310      -1.0000000       2.0000000
   0.00063991942     0.034420308      -1.0000000      -1.0000000      -1.0000000
      -1.0000000      -1.0000000      -1.0000000      -1.0000000      -1.0000000
      -1.0000000
       0.0000000       59.000000       3.0848227      -1.0000000       94187.000
      0.38205779      0.77544153      -1.0000000      -1.0000000      -1.0000000
      -1.0000000      -1.0000000      -1.0000000       119.40208       2.9524336
       81.048019
       1.0000000       59.000000       3.0848227      -1.0000000       4.0000000
   0.00023200619    0.0073638419      -1.0000000      -1.0000000      -1.0000000
      -1.0000000      -1.0000000      -1.0000000      -1.0000000      -1.0000000
      -1.0000000
       0.0000000       58.000000       3.2830331      -1.0000000       86054.000
      0.29879379      0.63029552      -1.0000000      -1.0000000      -1.0000000
      -1.0000000      -1.0000000      -1.0000000       101.88367       2.5603743
       97.226990
       1.0000000       58.000000       3.2830331      -1.0000000       7.0000000
    0.0073259757      0.19024151      -1.0000000      -1.0000000      -1.0000000
      -1.0000000      -1.0000000      -1.0000000      -1.0000000      -1.0000000
      -1.0000000
       0.0000000       57.000000       3.4908614      -1.0000000       80488.000
      0.23215306      0.45518413      -1.0000000      -1.0000000      -1.0000000
      -1.0000000      -1.0000000      -1.0000000       101.80833       2.2739446
       84.562210
