       0.0000000       135.00000       0.0000000       3318.0000       473449.00
       2.0000412       2.1791766      0.51632798      0.71428573      0.67460793
      -35.907318      -242.94463      -5.2696567       82.986023       14.386368
       46.943176
       0.0000000       134.00000    0.0095216669       3338.0000       471838.00
       1.9865478       2.0566258      0.52804041      0.70588237      0.65478653
      -39.331337      -246.18631      -16.579512       83.374969       14.269738
       47.150768
       1.0000000       134.00000    0.0095216669      -1.0000000       1.0000000
       0.0000000       0.0000000      -1.0000000      -1.0000000      -1.0000000
      -1.0000000      -1.0000000      -1.0000000      -1.0000000      -1.0000000
      -1.0000000
       0.0000000       133.00000     0.023974428       3365.0000       468723.00
       1.9502892       2.1642296      0.50912678      0.75000000      0.64968580
      -24.833408      -247.65079      -22.219278       85.081429       13.962188
       46.984127
       1.0000000       133.00000     0.023974428      -1.0000000       1.0000000
   0.00011630047   0.00077730569      -1.0000000      -1.0000000      -1.0000000
      -1.0000000      -1.0000000      -1.0000000      -1.0000000      -1.0000000
      -1.0000000
       0.0000000       132.00000     0.033724371      -1.0000000       467732.00
     0.037851099     0.015864430      -1.0000000      -1.0000000      -1.0000000
      -1.0000000      -1.0000000      -1.0000000       28.024757      0.14467046
       2.2809725
       1.0000000       132.00000     0.033724371      -1.0000000       2.0000000
   0.00023260094    0.0015546114      -1.0000000      -1.0000000      -1.0000000
      -1.0000000      -1.0000000      -1.0000000      -1.0000000      -1.0000000
      -1.0000000
       0.0000000       131.00000     0.048523631       3392.0000       464617.00
       1.8959955       2.5379281      0.50108737      0.75000000      0.68661183
      -34.858021      -239.67889      -11.628602       84.291046       14.760691
       48.259140
       0.0000000       130.00000     0.058507323       3421.0000       462522.00
       1.8957824       2.2957540      0.50406700      0.74358976      0.67137843
      -48.433331      -238.67224      -11.534136       84.160515       14.476344
       48.893993
       0.0000000       129.00000     0.073661387       3438.0000       460162.00
       1.8676527       2.3673012      0.48681748      0.72222221      0.62774515
      -31.903313      -232.29466      -27.616505       84.279137       14.648775
       49.719910
       0.0000000       128.00000     0.083884433       3452.0000       457897.00
       1.8361570       1.9663975      0.48593563      0.76190472      0.62462527
      -11.756929      -233.62131      -31.819157       83.969254       14.106151
       49.770157
       1.0000000       128.00000     0.083884433      -1.0000000       1.0000000
    0.0055906558     0.065521128      -1.0000000      -1.0000000      -1.0000000
      -1.0000000      -1.0000000      -1.0000000      -1.0000000      -1.0000000
      -1.0000000
       0.0000000       127.00000     0.099401802       3461.0000       456156.00
       1.8296396       1.9362997      0.49974391      0.67741930      0.59003764
      -13.069261      -238.93585      -20.152023       84.045746       14.108364
       50.211620
       1.0000000       127.00000     0.099401802      -1.0000000       2.0000000
    0.0020758074      0.17404331      -1.0000000      -1.0000000      -1.0000000
      -1.0000000      -1.0000000      -1.0000000      -1.0000000      -1.0000000
      -1.0000000
       0.0000000       126.00000      0.10986994       3479.0000       454306.00
       1.8150496       2.0081346      0.49330235      0.69696975      0.60989338
      -20.359831      -240.36496      -7.8842716       84.416916       13.832433
       50.413166
       0.0000000       125.00000      0.12575933       3488.0000       452012.00
       1.7693793       2.1541085      0.49620053      0.68750000      0.63332838
      -39.112896      -240.06274       2.3694065       83.605316       13.760511
       50.981613
       1.0000000       125.00000      0.12575933      -1.0000000       1.0000000
    0.0063209147     0.055535745      -1.0000000      -1.0000000      -1.0000000
      -1.0000000      -1.0000000      -1.0000000      -1.0000000      -1.0000000
      -1.0000000
       0.0000000       124.00000      0.14187621       3521.0000       449689.00
       1.7546471       2.0141129      0.49975580      0.72222221      0.65608817
      -44.700726      -236.94020      -10.895214       83.470947       13.821848
       50.702740
       0.0000000       123.00000      0.15274876       3543.0000       448249.00
       1.7211442       2.0432518      0.49507394      0.72222221      0.63421941
      -38.150192      -237.44807      -20.588238       83.838890       13.680955
       50.614109
       0.0000000       122.00000      0.16925204       3568.0000       445873.00
       1.7328870       2.1686203      0.49710461      0.67741930      0.60863090
      -15.310225      -241.63736      -26.709326       84.269653       14.233286
       50.355507
       1.0000000       122.00000      0.16925204      -1.0000000       1.0000000
    0.0063209147     0.055535745      -1.0000000      -1.0000000      -1.0000000
      -1.0000000      -1.0000000      -1.0000000      -1.0000000      -1.0000000
      -1.0000000
       0.0000000       121.00000      0.18038526       3577.0000       443277.00
       1.7063538       2.1562598      0.49437985      0.66666669      0.59526658
      -1.9576836      -244.59706      -17.566587       85.395981       13.667069
       50.373493
       0.0000000       120.00000      0.19728418       3586.0000       440216.00
       1.6423540       2.3952632      0.49127108      0.71428573      0.57150972
      -27.051693      -235.15608       1.9838011       84.727585       13.501381
       51.268013
       1.0000000       120.00000      0.19728418      -1.0000000       1.0000000
       0.0000000       0.0000000      -1.0000000      -1.0000000      -1.0000000
      -1.0000000      -1.0000000      -1.0000000      -1.0000000      -1.0000000
      -1.0000000
       0.0000000       119.00000      0.21442504      -1.0000000       438092.00
       1.6313747       1.9716886      -1.0000000      -1.0000000      -1.0000000
      -1.0000000      -1.0000000      -1.0000000       83.668686       13.369942
       51.362373
       0.0000000       118.00000      0.22598839      -1.0000000       436666.00
       1.6411732       1.9014562      -1.0000000      -1.0000000      -1.0000000
      -1.0000000      -1.0000000      -1.0000000       84.369698       13.418480
       51.305981
       0.0000000       117.00000      0.24354018      -1.0000000       433563.00
       1.5965101       2.0716953      -1.0000000      -1.0000000      -1.0000000
      -1.0000000      -1.0000000      -1.0000000       85.990959       13.017361
       51.301739
       1.0000000       117.00000      0.24354018      -1.0000000       1.0000000
    0.0029970682     0.027185814      -1.0000000      -1.0000000      -1.0000000
      -1.0000000      -1.0000000      -1.0000000      -1.0000000      -1.0000000
      -1.0000000
       0.0000000       116.00000      0.26134327      -1.0000000       431253.00
       1.5852064       2.4304054      -1.0000000      -1.0000000      -1.0000000
      -1.0000000      -1.0000000      -1.0000000       86.176758       14.135710
       50.909328
       1.0000000       116.00000      0.26134327      -1.0000000       1.0000000
    0.0029970682     0.027185814      -1.0000000      -1.0000000      -1.0000000
      -1.0000000      -1.0000000      -1.0000000      -1.0000000      -1.0000000
      -1.0000000
       0.0000000       115.00000      0.27335334      -1.0000000       429000.00
       1.5353086       2.3294451      -1.0000000      -1.0000000      -1.0000000
      -1.0000000      -1.0000000      -1.0000000       86.252472       13.109947
       50.739483
       0.0000000       114.00000      0.29158324      -1.0000000       426050.00
       1.5083680       2.5180070      -1.0000000      -1.0000000      -1.0000000
      -1.0000000      -1.0000000      -1.0000000       85.861313       13.812668
       51.767544
       1.0000000       114.00000      0.29158324      -1.0000000       2.0000000
    0.0032475881     0.055564158      -1.0000000      -1.0000000      -1.0000000
      -1.0000000      -1.0000000      -1.0000000      -1.0000000      -1.0000000
      -1.0000000
       0.0000000       113.00000      0.31007412      -1.0000000       423208.00
       1.4933808       2.3582475      -1.0000000      -1.0000000      -1.0000000
      -1.0000000      -1.0000000      -1.0000000       85.843102       13.371756
       52.494045
       0.0000000       112.00000      0.32882974      -1.0000000       419902.00
       1.4323086       2.3852801      -1.0000000      -1.0000000      -1.0000000
      -1.0000000      -1.0000000      -1.0000000       85.547630       13.060276
       53.761898
       0.0000000       111.00000      0.34785384      -1.0000000       417690.00
       1.4049646       2.2035787      -1.0000000      -1.0000000      -1.0000000
      -1.0000000      -1.0000000      -1.0000000       84.666496       12.948304
       54.445881
       1.0000000       111.00000      0.34785384      -1.0000000       1.0000000
       0.0000000       0.0000000      -1.0000000      -1.0000000      -1.0000000
      -1.0000000      -1.0000000      -1.0000000      -1.0000000      -1.0000000
      -1.0000000
       0.0000000       110.00000      0.36068764      -1.0000000       416583.00
       1.4141648       2.0694959      -1.0000000      -1.0000000      -1.0000000
      -1.0000000      -1.0000000      -1.0000000       85.130157       12.913605
       54.813885
       0.0000000       109.00000      0.38016787      -1.0000000       412744.00
       1.3793492       2.4203668      -1.0000000      -1.0000000      -1.0000000
      -1.0000000      -1.0000000      -1.0000000       85.718071       13.473905
       54.886040
       1.0000000       109.00000      0.38016787      -1.0000000       1.0000000
       0.0000000       0.0000000      -1.0000000      -1.0000000      -1.0000000
      -1.0000000      -1.0000000      -1.0000000      -1.0000000      -1.0000000
      -1.0000000
       0.0000000       108.00000      0.39992696      -1.0000000       411561.00
       1.3645011       2.3073411      -1.0000000      -1.0000000      -1.0000000
      -1.0000000      -1.0000000      -1.0000000       86.284149       13.716160
       53.671864
       0.0000000       107.00000      0.41996893      -1.0000000       407542.00
       1.3255370       2.2558181      -1.0000000      -1.0000000      -1.0000000
      -1.0000000      -1.0000000      -1.0000000       87.035362       13.072673
       54.791859
       0.0000000       106.00000      0.44029784      -1.0000000       405307.00
       1.2998121       2.3794370      -1.0000000      -1.0000000      -1.0000000
      -1.0000000      -1.0000000      -1.0000000       85.134010       13.398530
       56.618340
       1.0000000       106.00000      0.44029784      -1.0000000       1.0000000
       0.0000000       0.0000000      -1.0000000      -1.0000000      -1.0000000
      -1.0000000      -1.0000000      -1.0000000      -1.0000000      -1.0000000
      -1.0000000
       0.0000000       105.00000      0.46091780      -1.0000000       401985.00
       1.2903686       2.2466745      -1.0000000      -1.0000000      -1.0000000
      -1.0000000      -1.0000000      -1.0000000       84.479393       13.441075
       57.750473
       0.0000000       104.00000      0.48183295      -1.0000000       398583.00
       1.2456199       2.0113375      -1.0000000      -1.0000000      -1.0000000
      -1.0000000      -1.0000000      -1.0000000       85.580147       12.307379
       58.715061
       0.0000000       103.00000      0.50304753      -1.0000000       395353.00
       1.2340990       2.0962074      -1.0000000      -1.0000000      -1.0000000
      -1.0000000      -1.0000000      -1.0000000       85.241669       12.884253
       59.050484
       0.0000000       102.00000      0.52456582      -1.0000000       393487.00
       1.2112261       1.9178369      -1.0000000      -1.0000000      -1.0000000
      -1.0000000      -1.0000000      -1.0000000       85.146645       12.223324
       59.509079
       0.0000000       101.00000      0.54639220      -1.0000000       391522.00
       1.1897147       1.9200045      -1.0000000      -1.0000000      -1.0000000
      -1.0000000      -1.0000000      -1.0000000       85.801041       12.339255
       59.204891
       1.0000000       101.00000      0.54639220      -1.0000000       2.0000000
    0.0071185911     0.049111776      -1.0000000      -1.0000000      -1.0000000
      -1.0000000      -1.0000000      -1.0000000      -1.0000000      -1.0000000
      -1.0000000
       0.0000000       100.00000      0.57598084      -1.0000000       387136.00
       1.1448102       2.0476465      -1.0000000      -1.0000000      -1.0000000
      -1.0000000      -1.0000000      -1.0000000       86.775764       12.294860
       57.734837
       1.0000000       100.00000      0.57598084      -1.0000000       1.0000000
    0.0035592956     0.024555888      -1.0000000      -1.0000000      -1.0000000
      -1.0000000      -1.0000000      -1.0000000      -1.0000000      -1.0000000
      -1.0000000
       0.0000000       99.000000      0.59854329      -1.0000000       383517.00
       1.1175741       2.0763011      -1.0000000      -1.0000000      -1.0000000
      -1.0000000      -1.0000000      -1.0000000       87.581436       12.198578
       57.264355
       0.0000000       98.000000      0.62142873      -1.0000000       380590.00
       1.0891914       2.3403378      -1.0000000      -1.0000000      -1.0000000
      -1.0000000      -1.0000000      -1.0000000       88.259354       12.216290
       57.016850
       1.0000000       98.000000      0.62142873      -1.0000000       1.0000000
       0.0000000       0.0000000      -1.0000000      -1.0000000      -1.0000000
      -1.0000000      -1.0000000      -1.0000000      -1.0000000      -1.0000000
      -1.0000000
       0.0000000       97.000000      0.64464182      -1.0000000       378282.00
       1.0319614       2.2448130      -1.0000000      -1.0000000      -1.0000000
      -1.0000000      -1.0000000      -1.0000000       86.932945       11.886299
       58.665958
       0.0000000       96.000000      0.67611039      -1.0000000       375664.00
       1.0172403       1.7664174      -1.0000000      -1.0000000      -1.0000000
      -1.0000000      -1.0000000      -1.0000000       86.772179       11.299241
       59.587982
       0.0000000       95.000000      0.70010638      -1.0000000       372676.00
      0.96459746       1.8092396      -1.0000000      -1.0000000      -1.0000000
      -1.0000000      -1.0000000      -1.0000000       87.759453       10.688824
       60.797630
       0.0000000       94.000000      0.73263615      -1.0000000       369744.00
      0.94726837       1.9104960      -1.0000000      -1.0000000      -1.0000000
      -1.0000000      -1.0000000      -1.0000000       86.317268       10.950613
       61.600067
       0.0000000       93.000000      0.75744140      -1.0000000       366686.00
      0.91065407       1.8736020      -1.0000000      -1.0000000      -1.0000000
      -1.0000000      -1.0000000      -1.0000000       86.539345       10.422430
       62.750259
       0.0000000       92.000000      0.79106826      -1.0000000       362461.00
      0.89158505       2.1504784      -1.0000000      -1.0000000      -1.0000000
      -1.0000000      -1.0000000      -1.0000000       87.226219       10.946404
       62.587559
       0.0000000       91.000000      0.81671000      -1.0000000       358797.00
      0.85342366       1.9231000      -1.0000000      -1.0000000      -1.0000000
      -1.0000000      -1.0000000      -1.0000000       87.419594       10.462295
       63.332748
       0.0000000       90.000000      0.85147089      -1.0000000       355456.00
      0.83151674       1.7533419      -1.0000000      -1.0000000      -1.0000000
      -1.0000000      -1.0000000      -1.0000000       87.615311       10.325115
       63.123936
       0.0000000       89.000000      0.88689691      -1.0000000       352143.00
      0.79964465       1.8631897      -1.0000000      -1.0000000      -1.0000000
      -1.0000000      -1.0000000      -1.0000000       88.875305       10.405595
       63.784031
       0.0000000       88.000000      0.92300081      -1.0000000       347249.00
      0.77525568       1.9172478      -1.0000000      -1.0000000      -1.0000000
      -1.0000000      -1.0000000      -1.0000000       87.720795       10.456557
       65.761398
       0.0000000       87.000000      0.95053136      -1.0000000       344470.00
      0.75264007       1.7997977      -1.0000000      -1.0000000      -1.0000000
      -1.0000000      -1.0000000      -1.0000000       87.895569       10.236328
       65.784531
       0.0000000       86.000000      0.98785281      -1.0000000       340153.00
      0.71646154       1.8700954      -1.0000000      -1.0000000      -1.0000000
      -1.0000000      -1.0000000      -1.0000000       88.238014       9.6898909
       66.781395
       0.0000000       85.000000      0.99729425      -1.0000000       339457.00
      0.70194882       1.8922372      -1.0000000      -1.0000000      -1.0000000
      -1.0000000      -1.0000000      -1.0000000       87.949875       9.6161051
       66.998726
       0.0000000       84.000000       1.0355104      -1.0000000       336667.00
      0.67169982       1.4852768      -1.0000000      -1.0000000      -1.0000000
      -1.0000000      -1.0000000      -1.0000000       87.326355       9.2314987
       66.886215
       0.0000000       83.000000       1.0744579      -1.0000000       331231.00
      0.65586257       1.5453117      -1.0000000      -1.0000000      -1.0000000
      -1.0000000      -1.0000000      -1.0000000       88.792496       9.2781944
       67.175354
       0.0000000       82.000000       1.1141505      -1.0000000       325962.00
      0.64068669       1.8167956      -1.0000000      -1.0000000      -1.0000000
      -1.0000000      -1.0000000      -1.0000000       88.851868       9.4894037
       67.977455
       1.0000000       82.000000       1.1141505      -1.0000000       2.0000000
       0.0000000       0.0000000      -1.0000000      -1.0000000      -1.0000000
      -1.0000000      -1.0000000      -1.0000000      -1.0000000      -1.0000000
      -1.0000000
       0.0000000       81.000000       1.1546028      -1.0000000       320943.00
      0.59576136       1.4050711      -1.0000000      -1.0000000      -1.0000000
      -1.0000000      -1.0000000      -1.0000000       88.161621       8.3300743
       69.492538
       1.0000000       81.000000       1.1546028      -1.0000000       1.0000000
       0.0000000       0.0000000      -1.0000000      -1.0000000      -1.0000000
      -1.0000000      -1.0000000      -1.0000000      -1.0000000      -1.0000000
      -1.0000000
       0.0000000       80.000000       1.2062581      -1.0000000       313318.00
      0.56582439       1.5054538      -1.0000000      -1.0000000      -1.0000000
      -1.0000000      -1.0000000      -1.0000000       87.963387       8.4174261
       72.315544
       0.0000000       79.000000       1.2484726      -1.0000000       307696.00
      0.53321975       1.2677997      -1.0000000      -1.0000000      -1.0000000
      -1.0000000      -1.0000000      -1.0000000       87.810181       7.7219205
       75.110985
       0.0000000       78.000000       1.3023784      -1.0000000       299896.00
      0.50421041       1.1147932      -1.0000000      -1.0000000      -1.0000000
      -1.0000000      -1.0000000      -1.0000000       88.184753       7.2092290
       80.598801
       0.0000000       77.000000       1.3575766      -1.0000000       292357.00
      0.45290899       1.2845651      -1.0000000      -1.0000000      -1.0000000
      -1.0000000      -1.0000000      -1.0000000       87.364555       6.8830361
       86.579124
       0.0000000       76.000000       1.4140983      -1.0000000       285004.00
      0.41271767      0.75795233      -1.0000000      -1.0000000      -1.0000000
      -1.0000000      -1.0000000      -1.0000000       88.400833       5.3836970
       89.267769
       0.0000000       75.000000       1.4719748      -1.0000000       278925.00
      0.41937947       1.0586610      -1.0000000      -1.0000000      -1.0000000
      -1.0000000      -1.0000000      -1.0000000       89.006882       7.0325060
       89.257248
       1.0000000       75.000000       1.4719748      -1.0000000       2.0000000
    0.0010337250     0.021569867      -1.0000000      -1.0000000      -1.0000000
      -1.0000000      -1.0000000      -1.0000000      -1.0000000      -1.0000000
      -1.0000000
       0.0000000       74.000000       1.5312390      -1.0000000       272194.00
      0.38514948      0.75290310      -1.0000000      -1.0000000      -1.0000000
      -1.0000000      -1.0000000      -1.0000000       92.892769       5.4493575
       84.760567
       1.0000000       74.000000       1.5312390      -1.0000000       1.0000000
   0.00039571937       0.0000000      -1.0000000      -1.0000000      -1.0000000
      -1.0000000      -1.0000000      -1.0000000      -1.0000000      -1.0000000
      -1.0000000
       0.0000000       73.000000       1.6042346      -1.0000000       264525.00
      0.32884800       1.0856897      -1.0000000      -1.0000000      -1.0000000
      -1.0000000      -1.0000000      -1.0000000       99.570641       6.0740504
       75.667839
       1.0000000       73.000000       1.6042346      -1.0000000       1.0000000
     0.022491127      0.73789686      -1.0000000      -1.0000000      -1.0000000
      -1.0000000      -1.0000000      -1.0000000      -1.0000000      -1.0000000
      -1.0000000
       0.0000000       72.000000       1.6666696      -1.0000000       255588.00
      0.31870702       1.0533824      -1.0000000      -1.0000000      -1.0000000
      -1.0000000      -1.0000000      -1.0000000       106.07161       6.2531204
       67.948151
       1.0000000       72.000000       1.6666696      -1.0000000       1.0000000
   7.5181051e-05       0.0000000      -1.0000000      -1.0000000      -1.0000000
      -1.0000000      -1.0000000      -1.0000000      -1.0000000      -1.0000000
      -1.0000000
       0.0000000       71.000000       1.7435706      -1.0000000       244833.00
      0.26513371      0.55827403      -1.0000000      -1.0000000      -1.0000000
      -1.0000000      -1.0000000      -1.0000000       91.656502       3.7930176
       89.186249
       1.0000000       71.000000       1.7435706      -1.0000000       2.0000000
     0.024337202      0.31609136      -1.0000000      -1.0000000      -1.0000000
      -1.0000000      -1.0000000      -1.0000000      -1.0000000      -1.0000000
      -1.0000000
       0.0000000       70.000000       1.8226893      -1.0000000       232853.00
      0.24088693      0.62941796      -1.0000000      -1.0000000      -1.0000000
      -1.0000000      -1.0000000      -1.0000000       80.011101       3.4948225
       99.160995
       1.0000000       70.000000       1.8226893      -1.0000000       2.0000000
    0.0028130844     0.077583864      -1.0000000      -1.0000000      -1.0000000
      -1.0000000      -1.0000000      -1.0000000      -1.0000000      -1.0000000
      -1.0000000
       0.0000000       69.000000       1.9040896      -1.0000000       224699.00
      0.22606139      0.49661252      -1.0000000      -1.0000000      -1.0000000
      -1.0000000      -1.0000000      -1.0000000       74.226898       3.2187858
       83.479485
       1.0000000       69.000000       1.9040896      -1.0000000       2.0000000
   0.00029265904   0.00088670076      -1.0000000      -1.0000000      -1.0000000
      -1.0000000      -1.0000000      -1.0000000      -1.0000000      -1.0000000
      -1.0000000
       0.0000000       68.000000       2.0020282      -1.0000000       212407.00
      0.20096746      0.52981597      -1.0000000      -1.0000000      -1.0000000
      -1.0000000      -1.0000000      -1.0000000       73.995155       2.9744859
       79.235832
       1.0000000       68.000000       2.0020282      -1.0000000       2.0000000
   0.00028327250    0.0099496068      -1.0000000      -1.0000000      -1.0000000
      -1.0000000      -1.0000000      -1.0000000      -1.0000000      -1.0000000
      -1.0000000
       0.0000000       67.000000       2.1032696      -1.0000000       201269.00
      0.19448461      0.40410793      -1.0000000      -1.0000000      -1.0000000
      -1.0000000      -1.0000000      -1.0000000       71.833527       3.0270245
       81.503654
       0.0000000       66.000000       2.2079256      -1.0000000       188559.00
      0.18286026      0.42991951      -1.0000000      -1.0000000      -1.0000000
      -1.0000000      -1.0000000      -1.0000000       72.728592       3.2948284
       99.341492
       0.0000000       65.000000       2.3161108      -1.0000000       178005.00
      0.18427847      0.48813012      -1.0000000      -1.0000000      -1.0000000
      -1.0000000      -1.0000000      -1.0000000       74.546059       3.5041065
       87.332687
       1.0000000       65.000000       2.3161108      -1.0000000       1.0000000
       0.0000000       0.0000000      -1.0000000      -1.0000000      -1.0000000
      -1.0000000      -1.0000000      -1.0000000      -1.0000000      -1.0000000
      -1.0000000
       0.0000000       64.000000       2.4442258      -1.0000000       164008.00
      0.16502073      0.62756169      -1.0000000      -1.0000000      -1.0000000
      -1.0000000      -1.0000000      -1.0000000       77.728325       3.1796150
       72.075890
       0.0000000       63.000000       2.5772903      -1.0000000       153001.00
      0.14369169      0.60183418      -1.0000000      -1.0000000      -1.0000000
      -1.0000000      -1.0000000      -1.0000000       72.656464       2.8400559
       84.427002
       0.0000000       62.000000       2.7331426      -1.0000000       180778.00
      0.12405445      0.37806392      -1.0000000      -1.0000000      -1.0000000
      -1.0000000      -1.0000000      -1.0000000       73.912048       2.4006147
       73.421211
       1.0000000       62.000000       2.7331426      -1.0000000       1.0000000
       0.0000000       0.0000000      -1.0000000      -1.0000000      -1.0000000
      -1.0000000      -1.0000000      -1.0000000      -1.0000000      -1.0000000
      -1.0000000
       0.0000000       61.000000       2.8957851      -1.0000000       163879.00
      0.11133150      0.48456278      -1.0000000      -1.0000000      -1.0000000
      -1.0000000      -1.0000000      -1.0000000       76.683105       2.5500951
       76.523727
