       0.0000000       135.00000       0.0000000       1144.0000       404459.00
       6.3168921      0.65509415      0.56785983      0.63636363      0.62726688
      -142.74368       210.69359       33.175217       115.67364       20.820440
       89.456200
       0.0000000       134.00000    0.0095216669       1149.0000       402258.00
       6.3318243      0.70005339      0.56836694      0.64705884      0.63271916
      -148.67429       207.66792       33.891026       115.48252       20.717495
       89.581459
       0.0000000       133.00000     0.023974428       1142.0000       398265.00
       6.3490882      0.68623698      0.55836862      0.63636363      0.64052516
      -157.61504       205.23482       33.798862       114.75867       21.086039
       91.417702
       0.0000000       132.00000     0.033724371       1147.0000       397686.00
       6.3334513      0.66706866      0.56321180      0.66666663      0.65294212
      -162.30962       203.42194       33.848526       114.74440       20.857697
       92.567909
       0.0000000       131.00000     0.048523631       1140.0000       393098.00
       6.3243866      0.71332848      0.55710959      0.64705884      0.63623959
      -169.44539       205.04219       32.316364       114.43321       20.963129
       94.305115
       0.0000000       130.00000     0.058507323       1138.0000       390235.00
       6.2971373      0.75203103      0.55926782      0.63636363      0.63621050
      -177.61113       200.22226       28.905027       114.06030       20.636381
       95.281677
       0.0000000       129.00000     0.073661387       1143.0000       387746.00
       6.3303547      0.71219963      0.56520063      0.65714288      0.65748358
      -188.90723       193.38399       36.385456       112.98623       20.789431
       97.312897
       1.0000000       129.00000     0.073661387      -1.0000000       1.0000000
       0.0000000       0.0000000      -1.0000000      -1.0000000      -1.0000000
      -1.0000000      -1.0000000      -1.0000000      -1.0000000      -1.0000000
      -1.0000000
       0.0000000       128.00000     0.083884433       1147.0000       385608.00
       6.2823877      0.70099306      0.56492960      0.62500000      0.63852471
      -197.51990       188.91350       40.003288       112.74997       20.356974
       98.428253
       1.0000000       128.00000     0.083884433      -1.0000000       1.0000000
    0.0013698002    0.0012164679      -1.0000000      -1.0000000      -1.0000000
      -1.0000000      -1.0000000      -1.0000000      -1.0000000      -1.0000000
      -1.0000000
       0.0000000       127.00000     0.099401802       1146.0000       383224.00
       6.2982502      0.59889275      0.55802643      0.63636363      0.65262395
      -209.44786       178.87248       44.202404       112.03642       20.632713
       99.912712
       1.0000000       127.00000     0.099401802      -1.0000000       1.0000000
     0.032029800      0.22472678      -1.0000000      -1.0000000      -1.0000000
      -1.0000000      -1.0000000      -1.0000000      -1.0000000      -1.0000000
      -1.0000000
       0.0000000       126.00000      0.10986994       1163.0000       382080.00
       6.3567739      0.52934468      0.56956375      0.65714288      0.64625788
      -216.45755       172.90216       47.150261       112.00531       20.748821
       100.04803
       0.0000000       125.00000      0.12575933       1142.0000       378360.00
       6.2581925      0.51408696      0.55779970      0.65714288      0.63193190
      -220.90590       174.86285       45.464268       112.94170       20.221642
       100.07336
       0.0000000       124.00000      0.14187621       1096.0000       372121.00
       6.3402090      0.75657320      0.57354814      0.62500000      0.64389867
      -234.64513       172.52931       26.798960       115.22073       20.496044
       100.08119
       1.0000000       124.00000      0.14187621      -1.0000000       1.0000000
   0.00041522394    0.0049458556      -1.0000000      -1.0000000      -1.0000000
      -1.0000000      -1.0000000      -1.0000000      -1.0000000      -1.0000000
      -1.0000000
       0.0000000       123.00000      0.15274876       1099.0000       370511.00
       6.3005152       1.3780817      0.56813490      0.64705884      0.66077960
      -253.74939       146.39748       22.224064       114.71069       21.155411
       98.580521
       0.0000000       122.00000      0.16925204       1108.0000       367693.00
       6.2679324       1.5038357      0.57886946      0.64705884      0.62638760
      -266.95728       131.30936       47.665260       116.39813       21.133293
       97.923592
       0.0000000       121.00000      0.18038526       1119.0000       365308.00
       6.2452855       1.6416270      0.58334994      0.62500000      0.63386381
      -266.38876       138.10083       57.489281       116.85741       21.327894
       97.330063
       0.0000000       120.00000      0.19728418       1127.0000       362785.00
       6.2182078       1.5369706      0.57706052      0.63636363      0.66700798
      -267.52951       139.42212       82.752861       117.25688       21.321913
       96.772202
       0.0000000       119.00000      0.21442504       1126.0000       359810.00
       6.1935830       1.3489797      0.57851493      0.58064520      0.63848710
      -265.19962       139.48868       109.37133       117.74798       21.365360
       96.939980
       0.0000000       118.00000      0.22598839       1124.0000       357740.00
       6.1976070       1.3836256      0.57990676      0.63636363      0.64688390
      -261.10492       145.37134       120.65967       118.14983       21.582447
       97.365463
       0.0000000       117.00000      0.24354018       1127.0000       353484.00
       6.1746092       1.6358002      0.56763816      0.63636363      0.63345349
      -258.37259       168.45906       121.99384       118.17598       21.882973
       99.836563
       0.0000000       116.00000      0.26134327       1154.0000       351599.00
       6.1165428       1.7166544      0.56828874      0.63636363      0.64746791
      -264.13138       175.81128       118.43263       117.61415       22.019600
       102.43897
       1.0000000       116.00000      0.26134327      -1.0000000       1.0000000
     0.024194960     0.022409761      -1.0000000      -1.0000000      -1.0000000
      -1.0000000      -1.0000000      -1.0000000      -1.0000000      -1.0000000
      -1.0000000
       0.0000000       115.00000      0.27335334       1156.0000       349043.00
       6.0905571       1.7313498      0.56820172      0.67567563      0.64975756
      -271.30264       177.14786       113.45849       116.92580       21.764017
       105.11795
       0.0000000       114.00000      0.29158324       1152.0000       345469.00
       6.0655904       1.7108111      0.55961591      0.72222221      0.65835506
      -280.97266       168.69800       119.64186       115.99301       21.939522
       109.06619
       0.0000000       113.00000      0.31007412       1164.0000       342972.00
       6.0670991       1.8283402      0.53570509      0.71794868      0.63222122
      -279.45557       165.06276       125.37343       116.09354       22.215658
       113.72211
       0.0000000       112.00000      0.32882974       1181.0000       338877.00
       6.0341024       1.7103236      0.53142709      0.73809522      0.65931356
      -287.59543       170.61093       137.58385       115.63305       22.329411
       116.17284
       1.0000000       112.00000      0.32882974      -1.0000000       2.0000000
     0.036988957      0.12526440      -1.0000000      -1.0000000      -1.0000000
      -1.0000000      -1.0000000      -1.0000000      -1.0000000      -1.0000000
      -1.0000000
       0.0000000       111.00000      0.34785384       1181.0000       336078.00
       6.0192647       1.7035402      0.54471463      0.73170733      0.65936112
      -294.86578       168.80823       142.54337       116.09013       22.131721
       117.50293
       0.0000000       110.00000      0.36068764       1177.0000       333945.00
       6.0175195       1.5948881      0.53301728      0.71794868      0.65423715
      -294.61743       170.06017       147.72789       116.85159       22.123371
       117.16979
       0.0000000       109.00000      0.38016787       1186.0000       330715.00
       6.0152173       1.2652551      0.52950335      0.74418604      0.63782012
      -302.09134       173.00597       144.81798       118.62910       21.885357
       115.14590
       1.0000000       109.00000      0.38016787      -1.0000000       3.0000000
   0.00049474818       0.0000000      -1.0000000      -1.0000000      -1.0000000
      -1.0000000      -1.0000000      -1.0000000      -1.0000000      -1.0000000
      -1.0000000
       0.0000000       108.00000      0.39992696       1181.0000       328125.00
       6.0051098      0.99966949      0.54147798      0.71794868      0.65983766
      -318.78333       149.43359       159.43002       121.46620       21.862673
       110.86539
       1.0000000       108.00000      0.39992696      -1.0000000       1.0000000
      0.17037080      0.23421067      -1.0000000      -1.0000000      -1.0000000
      -1.0000000      -1.0000000      -1.0000000      -1.0000000      -1.0000000
      -1.0000000
       0.0000000       107.00000      0.41996893       1156.0000       322408.00
       5.9793591      0.85550481      0.53190881      0.78723407      0.68862128
      -332.31946       126.19477       189.33752       126.07763       21.744110
       104.53923
       1.0000000       107.00000      0.41996893      -1.0000000       1.0000000
       0.0000000       0.0000000      -1.0000000      -1.0000000      -1.0000000
      -1.0000000      -1.0000000      -1.0000000      -1.0000000      -1.0000000
      -1.0000000
       0.0000000       106.00000      0.44029784       1077.0000       314824.00
       6.0934453      0.94902843      0.53293985      0.77777779      0.63474703
      -329.95798       102.63969       251.09137       132.44351       24.600855
       99.683197
       1.0000000       106.00000      0.44029784      -1.0000000       3.0000000
     0.033803805      0.12545969      -1.0000000      -1.0000000      -1.0000000
      -1.0000000      -1.0000000      -1.0000000      -1.0000000      -1.0000000
      -1.0000000
       0.0000000       105.00000      0.46091780      -1.0000000       311534.00
      0.46798253      0.14563634      -1.0000000      -1.0000000      -1.0000000
      -1.0000000      -1.0000000      -1.0000000       66.526550      0.77655566
       2.4060388
       2.0000000       105.00000      0.46091780       11.674861       105.00000
       5.4636312       3.5463419      0.58459187      0.71052635      0.68056679
      -363.77887       162.64752       274.04071      -1049.4744       395.60333
       805.63800
       1.0000000       105.00000      0.46091780      -1.0000000       4.0000000
    0.0052705968     0.082702911      -1.0000000      -1.0000000      -1.0000000
      -1.0000000      -1.0000000      -1.0000000      -1.0000000      -1.0000000
      -1.0000000
       0.0000000       104.00000      0.48183295       1086.0000       306966.00
       5.7293301       3.3376391      0.49657303      0.81250000      0.62794632
      -340.10941       131.34473       231.50380       133.75758       25.649427
       97.444122
       0.0000000       103.00000      0.50304753       1106.0000       303651.00
       5.5420685       3.9170787      0.52647024      0.76595747      0.68338317
      -336.58652       108.50642       239.37247       136.98714       24.852194
       97.195724
       0.0000000       102.00000      0.52456582       1115.0000       301287.00
       5.4128294       3.6775012      0.53091908      0.81632650      0.67966920
      -257.08228       123.30547       287.15482       134.05316       24.727552
       100.82603
       1.0000000       102.00000      0.52456582      -1.0000000       2.0000000
     0.024777795      0.21747626      -1.0000000      -1.0000000      -1.0000000
      -1.0000000      -1.0000000      -1.0000000      -1.0000000      -1.0000000
      -1.0000000
       0.0000000       101.00000      0.54639220       1115.0000       297580.00
       5.2144089       3.5056922      0.53715277      0.75609756      0.66140962
      -217.25815       193.54543       260.48392       130.81380       23.375244
       104.55479
       0.0000000       100.00000      0.57598084       1107.0000       293048.00
       5.0197215       2.3262780      0.52048862      0.77499998      0.63123316
      -212.99582       214.45219       217.27960       128.00456       22.010500
       109.89217
       1.0000000       100.00000      0.57598084      -1.0000000       2.0000000
     0.049319947      0.16047026      -1.0000000      -1.0000000      -1.0000000
      -1.0000000      -1.0000000      -1.0000000      -1.0000000      -1.0000000
      -1.0000000
       0.0000000       99.000000      0.59854329       1101.0000       287793.00
       4.9492059       2.5208991      0.53099018      0.72222221      0.64753562
      -221.01401       181.20110       231.55687       125.35671       21.538378
       116.70480
       1.0000000       99.000000      0.59854329      -1.0000000       1.0000000
     0.015701750     0.082126483      -1.0000000      -1.0000000      -1.0000000
      -1.0000000      -1.0000000      -1.0000000      -1.0000000      -1.0000000
      -1.0000000
       0.0000000       98.000000      0.62142873       1105.0000       284457.00
       4.8999453       2.5138495      0.52229482      0.75000000      0.61846596
      -200.56891       191.27815       212.63676       124.02125       21.711246
       120.42935
       1.0000000       98.000000      0.62142873      -1.0000000       1.0000000
     0.013996035     0.057276372      -1.0000000      -1.0000000      -1.0000000
      -1.0000000      -1.0000000      -1.0000000      -1.0000000      -1.0000000
      -1.0000000
       0.0000000       97.000000      0.64464182       1098.0000       281495.00
       4.6924973       2.6890886      0.53231543      0.65625000      0.62515175
      -256.62769       164.04515       168.26588       123.55616       20.544773
       123.05758
       1.0000000       97.000000      0.64464182      -1.0000000       1.0000000
       0.0000000       0.0000000      -1.0000000      -1.0000000      -1.0000000
      -1.0000000      -1.0000000      -1.0000000      -1.0000000      -1.0000000
      -1.0000000
       0.0000000       96.000000      0.67611039       1112.0000       278901.00
       4.5515728       2.5536747      0.52550596      0.70588237      0.61366546
      -245.03679       79.055740       210.03539       123.07205       20.382919
       126.95750
       1.0000000       96.000000      0.67611039      -1.0000000       2.0000000
     0.026489694      0.11513850      -1.0000000      -1.0000000      -1.0000000
      -1.0000000      -1.0000000      -1.0000000      -1.0000000      -1.0000000
      -1.0000000
       0.0000000       95.000000      0.70010638       1143.0000       277324.00
       4.4565978       2.8005805      0.52298099      0.67647058      0.59948707
      -218.28059       75.915878       222.88737       123.97276       20.684490
       126.03000
       1.0000000       95.000000      0.70010638      -1.0000000       2.0000000
     0.026953620      0.23986075      -1.0000000      -1.0000000      -1.0000000
      -1.0000000      -1.0000000      -1.0000000      -1.0000000      -1.0000000
      -1.0000000
       0.0000000       94.000000      0.73263615       1178.0000       275671.00
       4.3521814       2.7628961      0.51072240      0.66666669      0.55589879
      -198.19345       46.954884       242.05583       126.86667       20.843529
       120.32790
       0.0000000       93.000000      0.75744140       1180.0000       271147.00
       4.2990489       2.5536520      0.50098884      0.71794868      0.53878808
      -164.05374       71.397873       244.05682       129.07623       20.765816
       119.06131
       1.0000000       93.000000      0.75744140      -1.0000000       1.0000000
    0.0070939087     0.050464276      -1.0000000      -1.0000000      -1.0000000
      -1.0000000      -1.0000000      -1.0000000      -1.0000000      -1.0000000
      -1.0000000
       0.0000000       92.000000      0.79106826       1219.0000       267747.00
       4.1819596       2.7179079      0.50607067      0.68571424      0.55835748
      -201.10291       108.04444       202.93097       131.06113       20.544849
       113.31105
       0.0000000       91.000000      0.81671000       1236.0000       265402.00
       4.1549635       1.7461632      0.50085598      0.66666669      0.54856884
      -198.61812       82.423119       199.70049       131.54593       19.623724
       108.98802
       1.0000000       91.000000      0.81671000      -1.0000000       1.0000000
    0.0061141597     0.034912910      -1.0000000      -1.0000000      -1.0000000
      -1.0000000      -1.0000000      -1.0000000      -1.0000000      -1.0000000
      -1.0000000
       0.0000000       90.000000      0.85147089       1237.0000       260982.00
       4.0237284       1.6537787      0.49965271      0.70270270      0.56267154
      -231.64662       40.342209       183.47267       133.88051       18.423693
       105.58175
       1.0000000       90.000000      0.85147089      -1.0000000       2.0000000
    0.0020995962     0.037430413      -1.0000000      -1.0000000      -1.0000000
      -1.0000000      -1.0000000      -1.0000000      -1.0000000      -1.0000000
      -1.0000000
       0.0000000       89.000000      0.88689691       1166.0000       253017.00
       4.1304998       2.2307270      0.52146518      0.64705884      0.57704788
      -220.44617      -20.513781       217.78394       139.14938       20.363071
       98.181778
       1.0000000       89.000000      0.88689691      -1.0000000       1.0000000
    0.0048552123     0.040701896      -1.0000000      -1.0000000      -1.0000000
      -1.0000000      -1.0000000      -1.0000000      -1.0000000      -1.0000000
      -1.0000000
       0.0000000       88.000000      0.92300081       1195.0000       249630.00
       3.8651068       3.9119151      0.50119275      0.62500000      0.47951961
      -103.14825      -14.329165       270.93878       140.06032       21.232038
       92.005943
       1.0000000       88.000000      0.92300081      -1.0000000       1.0000000
    0.0089516174      0.11072305      -1.0000000      -1.0000000      -1.0000000
      -1.0000000      -1.0000000      -1.0000000      -1.0000000      -1.0000000
      -1.0000000
       0.0000000       87.000000      0.95053136       1209.0000       247043.00
       3.6460896       3.9737988      0.50683939      0.68571424      0.50583971
      -109.71519       37.323982       266.38211       139.54341       20.559418
       93.475693
       0.0000000       86.000000      0.98785281       1226.0000       242922.00
       3.4776597       3.6760712      0.48149922      0.72972977      0.50302714
      -118.32539       99.672630       240.78116       132.12634       20.291700
       98.675674
       1.0000000       86.000000      0.98785281      -1.0000000       1.0000000
     0.012930722      0.12778987      -1.0000000      -1.0000000      -1.0000000
      -1.0000000      -1.0000000      -1.0000000      -1.0000000      -1.0000000
      -1.0000000
       0.0000000       85.000000      0.99729425       1273.0000       244615.00
       3.4417825       3.7091720      0.48307842      0.71794868      0.54531968
      -135.55307       101.34557       228.82178       131.33061       20.001448
       98.963676
       0.0000000       84.000000       1.0355104       1344.0000       243510.00
       3.2274914       3.1260402      0.48536250      0.64705884      0.43406785
      -151.58472       58.969330       167.87148       127.79382       18.387932
       103.04938
       0.0000000       83.000000       1.0744579       1353.0000       238496.00
       3.0313270       3.2326000      0.43684694      0.72500002      0.47403452
      -115.05222       24.477367       138.86879       123.70611       18.042738
       111.26034
       1.0000000       83.000000       1.0744579      -1.0000000       3.0000000
     0.012936218      0.12102666      -1.0000000      -1.0000000      -1.0000000
      -1.0000000      -1.0000000      -1.0000000      -1.0000000      -1.0000000
      -1.0000000
       0.0000000       82.000000       1.1141505       1406.0000       235262.00
       2.8679290       2.9470389      0.41811374      0.61764705      0.34425801
      -87.995323       15.669174       104.38288       121.37077       17.540470
       115.81790
       1.0000000       82.000000       1.1141505      -1.0000000       1.0000000
   0.00025060892   0.00043939959      -1.0000000      -1.0000000      -1.0000000
      -1.0000000      -1.0000000      -1.0000000      -1.0000000      -1.0000000
      -1.0000000
       0.0000000       81.000000       1.1546028       1384.0000       229634.00
       2.7928517       2.2429757      0.40473697      0.69047618      0.41660166
      -72.514839       8.4122982       88.756844       120.28159       16.433683
       120.58946
       1.0000000       81.000000       1.1546028      -1.0000000       2.0000000
    0.0092514048     0.075383179      -1.0000000      -1.0000000      -1.0000000
      -1.0000000      -1.0000000      -1.0000000      -1.0000000      -1.0000000
      -1.0000000
       0.0000000       80.000000       1.2062581       1419.0000       223605.00
       2.6614690       2.2765872      0.36840332      0.65789473      0.36607736
      -49.361996       7.4437757       60.138588       121.79431       15.990138
       125.10253
       1.0000000       80.000000       1.2062581      -1.0000000       3.0000000
     0.010003163     0.073583163      -1.0000000      -1.0000000      -1.0000000
      -1.0000000      -1.0000000      -1.0000000      -1.0000000      -1.0000000
      -1.0000000
       0.0000000       79.000000       1.2484726       1389.0000       217720.00
       2.5239997       2.3232310      0.33944744      0.48484850      0.20527785
      -22.959333       8.8881102       35.208298       123.66083       16.169792
       129.44490
       1.0000000       79.000000       1.2484726      -1.0000000       5.0000000
     0.021252261      0.29839311      -1.0000000      -1.0000000      -1.0000000
      -1.0000000      -1.0000000      -1.0000000      -1.0000000      -1.0000000
      -1.0000000
       0.0000000       78.000000       1.3023784       1356.0000       209606.00
       2.3635855       2.2829547      0.32661149      0.34375006      0.16314946
      -17.806431       5.9904475       8.0058479       126.01327       15.186774
       129.95244
       0.0000000       77.000000       1.3575766       1300.0000       200181.00
       2.2240705       1.7194221      0.32114658      0.53658533      0.20659876
       14.204896      -34.676991       12.039162       131.32648       14.211675
       124.52229
       1.0000000       77.000000       1.3575766      -1.0000000       1.0000000
    0.0014522793     0.078516975      -1.0000000      -1.0000000      -1.0000000
      -1.0000000      -1.0000000      -1.0000000      -1.0000000      -1.0000000
      -1.0000000
       0.0000000       76.000000       1.4140983       1274.0000       192601.00
       2.0977268       2.0940390      0.29265654      0.48571426      0.20023163
       15.611954      -26.733294       14.511238       139.42357       12.931133
       113.96237
       1.0000000       76.000000       1.4140983      -1.0000000       1.0000000
       0.0000000       0.0000000      -1.0000000      -1.0000000      -1.0000000
      -1.0000000      -1.0000000      -1.0000000      -1.0000000      -1.0000000
      -1.0000000
       0.0000000       75.000000       1.4719748       1282.0000       186240.00
       1.7642543       4.7653170      0.32698441      0.46341461      0.24996345
       30.912617      -14.887452       12.873703       148.33501       22.530674
       99.937073
       2.0000000       75.000000       1.4719748      0.87870133       73.000000
      0.66719007       1.8223383      -1.0000000      -1.0000000      -1.0000000
      -1.0000000      -1.0000000      -1.0000000      -1.0000000      -1.0000000
      -1.0000000
       1.0000000       75.000000       1.4719748      -1.0000000       1.0000000
   0.00017947487       0.0000000      -1.0000000      -1.0000000      -1.0000000
      -1.0000000      -1.0000000      -1.0000000      -1.0000000      -1.0000000
      -1.0000000
       0.0000000       74.000000       1.5312390       1274.0000       181136.00
       1.7533854       6.2367029      0.37487707      0.86792457      0.54510313
      -244.85143      -129.11444       208.28502       149.36528       33.219292
       110.39463
       1.0000000       74.000000       1.5312390      -1.0000000       5.0000000
    0.0024186538     0.079029113      -1.0000000      -1.0000000      -1.0000000
      -1.0000000      -1.0000000      -1.0000000      -1.0000000      -1.0000000
      -1.0000000
       0.0000000       73.000000       1.6042346      -1.0000000       172771.00
      0.75929105       1.6402179      -1.0000000      -1.0000000      -1.0000000
      -1.0000000      -1.0000000      -1.0000000       117.48019       11.778523
       139.10016
       2.0000000       73.000000       1.6042346       1.5080960       71.000000
      0.52719671       5.2402964      -1.0000000      -1.0000000      -1.0000000
      -1.0000000      -1.0000000      -1.0000000      -1.0000000      -1.0000000
      -1.0000000
       1.0000000       73.000000       1.6042346      -1.0000000       4.0000000
     0.015714921      0.16525848      -1.0000000      -1.0000000      -1.0000000
      -1.0000000      -1.0000000      -1.0000000      -1.0000000      -1.0000000
      -1.0000000
       0.0000000       72.000000       1.6666696      -1.0000000       167667.00
      0.56678855      0.99740219      -1.0000000      -1.0000000      -1.0000000
      -1.0000000      -1.0000000      -1.0000000       117.76717       7.4347572
       121.94211
       1.0000000       72.000000       1.6666696      -1.0000000       2.0000000
     0.018971805      0.13535357      -1.0000000      -1.0000000      -1.0000000
      -1.0000000      -1.0000000      -1.0000000      -1.0000000      -1.0000000
      -1.0000000
       0.0000000       71.000000       1.7435706      -1.0000000       158218.00
      0.34957770      0.37386218      -1.0000000      -1.0000000      -1.0000000
      -1.0000000      -1.0000000      -1.0000000       80.096809       1.9350910
       9.0109406
       0.0000000       70.000000       1.8226893      -1.0000000       151809.00
      0.51158220       1.4300646      -1.0000000      -1.0000000      -1.0000000
      -1.0000000      -1.0000000      -1.0000000       129.38718       7.3785539
       93.517838
       0.0000000       69.000000       1.9040896      -1.0000000       144873.00
      0.43205976      0.81063831      -1.0000000      -1.0000000      -1.0000000
      -1.0000000      -1.0000000      -1.0000000       89.047966       4.5195045
       99.679565
       1.0000000       69.000000       1.9040896      -1.0000000       1.0000000
       0.0000000       0.0000000      -1.0000000      -1.0000000      -1.0000000
      -1.0000000      -1.0000000      -1.0000000      -1.0000000      -1.0000000
      -1.0000000
       0.0000000       68.000000       2.0020282      -1.0000000       172386.00
      0.38114652      0.67301607      -1.0000000      -1.0000000      -1.0000000
      -1.0000000      -1.0000000      -1.0000000       85.259644       4.3140192
       89.679779
       1.0000000       68.000000       2.0020282      -1.0000000       2.0000000
    0.0030616859   0.00022234010      -1.0000000      -1.0000000      -1.0000000
      -1.0000000      -1.0000000      -1.0000000      -1.0000000      -1.0000000
      -1.0000000
       0.0000000       67.000000       2.1032696      -1.0000000       164482.00
      0.34516755      0.68711442      -1.0000000      -1.0000000      -1.0000000
      -1.0000000      -1.0000000      -1.0000000       84.268608       4.0885558
       89.095665
       1.0000000       67.000000       2.1032696      -1.0000000       1.0000000
       0.0000000       0.0000000      -1.0000000      -1.0000000      -1.0000000
      -1.0000000      -1.0000000      -1.0000000      -1.0000000      -1.0000000
      -1.0000000
       0.0000000       66.000000       2.2079256      -1.0000000       209684.00
      0.32066822      0.70273364      -1.0000000      -1.0000000      -1.0000000
      -1.0000000      -1.0000000      -1.0000000       83.941719       4.1460176
       85.916664
       0.0000000       65.000000       2.3161108      -1.0000000       200034.00
      0.30454952      0.50406986      -1.0000000      -1.0000000      -1.0000000
      -1.0000000      -1.0000000      -1.0000000       88.668938       4.0502219
       77.352722
       1.0000000       65.000000       2.3161108      -1.0000000       2.0000000
   0.00021190342    0.0055378787      -1.0000000      -1.0000000      -1.0000000
      -1.0000000      -1.0000000      -1.0000000      -1.0000000      -1.0000000
      -1.0000000
       0.0000000       64.000000       2.4442258      -1.0000000       184732.00
      0.27474672      0.58110958      -1.0000000      -1.0000000      -1.0000000
      -1.0000000      -1.0000000      -1.0000000       95.097557       4.1331277
       68.183517
       0.0000000       63.000000       2.5772903      -1.0000000       165181.00
      0.24568874      0.55232215      -1.0000000      -1.0000000      -1.0000000
      -1.0000000      -1.0000000      -1.0000000       87.123657       3.5892551
       81.315140
       0.0000000       62.000000       2.7331426      -1.0000000       153723.00
      0.21418451      0.47691184      -1.0000000      -1.0000000      -1.0000000
      -1.0000000      -1.0000000      -1.0000000       82.735138       3.0420156
       82.047791
       0.0000000       61.000000       2.8957851      -1.0000000       141555.00
      0.18776499      0.47010744      -1.0000000      -1.0000000      -1.0000000
      -1.0000000      -1.0000000      -1.0000000       82.903778       2.8822031
       79.440918
