       0.0000000       135.00000       0.0000000       1521.0000       422233.00
       4.4844790       1.9928217      0.41878080      0.50000000      0.35775122
       50.442032      -15.250382      -90.700577       107.03116       18.813257
       78.705284
       0.0000000       134.00000    0.0095216669       1539.0000       420631.00
       4.4697256       1.9134109      0.41795045      0.48275858      0.33905971
       52.774426      -9.8578300      -88.406593       107.11271       18.761051
       78.828987
       0.0000000       133.00000     0.023974428       1550.0000       417485.00
       4.3820162       1.9468462      0.41656873      0.44827580      0.33303699
       59.999458      -10.203794      -81.525131       105.55566       18.252100
       79.903458
       0.0000000       132.00000     0.033724371       1555.0000       416887.00
       4.3959546       1.7077388      0.41472661      0.50000000      0.35117945
       62.040363      -12.525009      -79.461952       104.81602       17.976828
       80.551468
       0.0000000       131.00000     0.048523631       1565.0000       413369.00
       4.3490052       1.5839778      0.41483682      0.50000000      0.32623944
       63.062370      -18.721989      -81.494835       104.62625       17.547462
       81.945953
       1.0000000       131.00000     0.048523631      -1.0000000       1.0000000
       0.0000000       0.0000000      -1.0000000      -1.0000000      -1.0000000
      -1.0000000      -1.0000000      -1.0000000      -1.0000000      -1.0000000
      -1.0000000
       0.0000000       130.00000     0.058507323       1576.0000       411260.00
       4.3220024       1.5956490      0.41619328      0.48387092      0.34371978
       60.470325      -24.468500      -82.784203       104.96058       17.515844
       82.207970
       0.0000000       129.00000     0.073661387       1569.0000       408092.00
       4.2988558       1.8662388      0.41465744      0.51612902      0.31644446
       55.844131      -26.975555      -84.844040       105.81223       17.684996
       82.366310
       0.0000000       128.00000     0.083884433       1582.0000       406160.00
       4.2153645       1.9140847      0.41266978      0.48275858      0.30346429
       51.768501      -23.158207      -84.085457       106.47266       17.607386
       81.804085
       1.0000000       128.00000     0.083884433      -1.0000000       1.0000000
       0.0000000       0.0000000      -1.0000000      -1.0000000      -1.0000000
      -1.0000000      -1.0000000      -1.0000000      -1.0000000      -1.0000000
      -1.0000000
       0.0000000       127.00000     0.099401802       1585.0000       404084.00
       4.1906776       1.9264673      0.41575426      0.44827580      0.33155152
       50.107197      -19.282053      -85.464081       107.92551       17.492365
       81.247406
       1.0000000       127.00000     0.099401802      -1.0000000       2.0000000
    0.0099455379      0.19585066      -1.0000000      -1.0000000      -1.0000000
      -1.0000000      -1.0000000      -1.0000000      -1.0000000      -1.0000000
      -1.0000000
       0.0000000       126.00000      0.10986994       1591.0000       402415.00
       4.1517515       2.2654040      0.41607186      0.48387092      0.29919699
       51.949024      -17.495874      -83.661407       108.25065       17.742895
       81.515457
       0.0000000       125.00000      0.12575933       1598.0000       400483.00
       4.0474038       2.0019999      0.40597618      0.41379309      0.29537952
       50.680473      -13.596982      -80.762993       108.24269       17.089554
       81.760719
       0.0000000       124.00000      0.14187621       1639.0000       398828.00
       4.0147605       1.9452053      0.40491468      0.43750000      0.29038665
       44.841946      -9.5374422      -81.534958       108.04723       16.774645
       83.088547
       1.0000000       124.00000      0.14187621      -1.0000000       1.0000000
    0.0049727689     0.097925328      -1.0000000      -1.0000000      -1.0000000
      -1.0000000      -1.0000000      -1.0000000      -1.0000000      -1.0000000
      -1.0000000
       0.0000000       123.00000      0.15274876       1644.0000       397194.00
       3.9718592       1.9248892      0.39979258      0.36666667      0.26182657
       44.691875      -6.2834687      -76.387444       107.23590       16.804104
       83.730156
       1.0000000       123.00000      0.15274876      -1.0000000       2.0000000
    0.0014600480     0.016054863      -1.0000000      -1.0000000      -1.0000000
      -1.0000000      -1.0000000      -1.0000000      -1.0000000      -1.0000000
      -1.0000000
       0.0000000       122.00000      0.16925204       1626.0000       393593.00
       3.9435906       1.9217781      0.39690331      0.38709676      0.27256593
       48.821663      -15.327062      -69.325684       107.32160       16.707560
       84.510345
       0.0000000       121.00000      0.18038526       1639.0000       391240.00
       3.9337142       2.3436677      0.39313999      0.43750000      0.24723563
       44.286228      -24.712732      -67.204247       108.46071       17.143963
       84.144211
       1.0000000       121.00000      0.18038526      -1.0000000       1.0000000
    0.0039279619    0.0034188416      -1.0000000      -1.0000000      -1.0000000
      -1.0000000      -1.0000000      -1.0000000      -1.0000000      -1.0000000
      -1.0000000
       0.0000000       120.00000      0.19728418       1635.0000       387624.00
       3.8055634       2.5792398      0.38359764      0.33333331      0.24368773
       29.978292      -27.698545      -69.817848       108.75959       16.941307
       84.443512
       1.0000000       120.00000      0.19728418      -1.0000000       1.0000000
       0.0000000       0.0000000      -1.0000000      -1.0000000      -1.0000000
      -1.0000000      -1.0000000      -1.0000000      -1.0000000      -1.0000000
      -1.0000000
       0.0000000       119.00000      0.21442504       1605.0000       383694.00
       3.7294559       2.2881427      0.38653442      0.38709676      0.23764612
       25.989117      -22.436043      -71.507202       108.45827       16.684885
       86.803543
       1.0000000       119.00000      0.21442504      -1.0000000       1.0000000
       0.0000000       0.0000000      -1.0000000      -1.0000000      -1.0000000
      -1.0000000      -1.0000000      -1.0000000      -1.0000000      -1.0000000
      -1.0000000
       0.0000000       118.00000      0.22598839       1605.0000       381677.00
       3.7037442       2.2569981      0.38612127      0.38709676      0.24052472
       19.197495      -17.143400      -73.284935       107.81384       16.653660
       87.015594
       1.0000000       118.00000      0.22598839      -1.0000000       2.0000000
     0.060044535      0.16088491      -1.0000000      -1.0000000      -1.0000000
      -1.0000000      -1.0000000      -1.0000000      -1.0000000      -1.0000000
      -1.0000000
       0.0000000       117.00000      0.24354018       1590.0000       376590.00
       3.6573875       1.9109571      0.38207042      0.38709676      0.23797181
       12.005911       4.9807734      -77.296997       106.57571       16.494194
       88.945213
       0.0000000       116.00000      0.26134327       1589.0000       373217.00
       3.6020133       2.0419562      0.37485605      0.33333331      0.21234691
       21.670364       25.726887      -75.043526       107.08874       16.284184
       90.064873
       0.0000000       115.00000      0.27335334       1584.0000       370459.00
       3.5284569       1.9960414      0.37038767      0.37500006      0.22791229
       33.306492       34.696175      -68.478073       107.26296       15.745690
       91.950157
       1.0000000       115.00000      0.27335334      -1.0000000       1.0000000
   0.00039457931     0.017465273      -1.0000000      -1.0000000      -1.0000000
      -1.0000000      -1.0000000      -1.0000000      -1.0000000      -1.0000000
      -1.0000000
       0.0000000       114.00000      0.29158324       1576.0000       366810.00
       3.4890037       2.4781663      0.36908334      0.30000001      0.19562276
       46.718487       28.973644      -48.793270       107.78986       16.419386
       95.565712
       0.0000000       113.00000      0.31007412       1556.0000       362635.00
       3.3661003       2.7666669      0.36035514      0.37500006      0.18979870
       38.619419       5.5016308      -35.464657       106.48788       16.415203
       99.061966
       0.0000000       112.00000      0.32882974       1544.0000       357175.00
       3.3146408       2.1314909      0.35812497      0.32258064      0.14779410
       30.975447       6.8372931      -14.145371       105.67267       15.758602
       102.26118
       1.0000000       112.00000      0.32882974      -1.0000000       1.0000000
   0.00063373841     0.031700209      -1.0000000      -1.0000000      -1.0000000
      -1.0000000      -1.0000000      -1.0000000      -1.0000000      -1.0000000
      -1.0000000
       0.0000000       111.00000      0.34785384       1508.0000       352917.00
       3.2800546       2.0477901      0.35441864      0.39393944      0.15588674
       36.169720       9.6698370      -2.0382590       105.60858       15.753646
       105.85909
       0.0000000       110.00000      0.36068764       1501.0000       350580.00
       3.2610924       2.1743083      0.36110529      0.39393944      0.14753410
       42.432636       5.1227021      -3.2592230       106.10058       15.562458
       107.01326
       0.0000000       109.00000      0.38016787       1500.0000       347022.00
       3.1201994       2.1439910      0.36782470      0.42424244      0.13556017
       22.280510      -28.801527      -17.915958       106.11326       14.943453
       110.13768
       1.0000000       109.00000      0.38016787      -1.0000000       1.0000000
   0.00063373841     0.031700209      -1.0000000      -1.0000000      -1.0000000
      -1.0000000      -1.0000000      -1.0000000      -1.0000000      -1.0000000
      -1.0000000
       0.0000000       108.00000      0.39992696       1476.0000       343646.00
       3.0220835       1.5807736      0.35772002      0.42424244      0.21698627
      -6.9153142      -54.555779      -47.935150       106.34296       13.990890
       113.11128
       1.0000000       108.00000      0.39992696      -1.0000000       1.0000000
       0.0000000       0.0000000      -1.0000000      -1.0000000      -1.0000000
      -1.0000000      -1.0000000      -1.0000000      -1.0000000      -1.0000000
      -1.0000000
       0.0000000       107.00000      0.41996893       1466.0000       339162.00
       3.0122762       1.3125622      0.34884077      0.32352942      0.24555048
      -6.8633571      -35.382126      -82.393372       106.99543       14.016562
       116.16647
       1.0000000       107.00000      0.41996893      -1.0000000       1.0000000
   0.00019591965     0.028516114      -1.0000000      -1.0000000      -1.0000000
      -1.0000000      -1.0000000      -1.0000000      -1.0000000      -1.0000000
      -1.0000000
       0.0000000       106.00000      0.44029784       1454.0000       335996.00
       2.9602213       1.7192276      0.35509437      0.40540540      0.25253680
      0.54635930      -17.438656      -100.74806       109.45607       14.622240
       120.39214
       0.0000000       105.00000      0.46091780       1463.0000       332372.00
       2.5908804       2.2621555      0.33627066      0.52499998      0.22232504
      -2.9602463      -2.1805646      -77.871933       113.23383       12.685884
       123.93258
       1.0000000       105.00000      0.46091780      -1.0000000       2.0000000
   0.00019591965     0.028516114      -1.0000000      -1.0000000      -1.0000000
      -1.0000000      -1.0000000      -1.0000000      -1.0000000      -1.0000000
      -1.0000000
       0.0000000       104.00000      0.48183295       1459.0000       328180.00
       3.2077284       2.5696151      0.29273704      0.53846151      0.18713528
      -35.202007      -28.936113      -25.918015       117.20293       18.354204
       124.06502
       1.0000000       104.00000      0.48183295      -1.0000000       3.0000000
    0.0011322785     0.033856712      -1.0000000      -1.0000000      -1.0000000
      -1.0000000      -1.0000000      -1.0000000      -1.0000000      -1.0000000
      -1.0000000
       0.0000000       103.00000      0.50304753       1469.0000       324152.00
       1.8370626       1.1705463      0.35034856      0.14285707      0.16215470
       8.3725433       9.5833225      -10.195622       111.70126       10.984418
       125.47659
       2.0000000       103.00000      0.50304753      0.43398911       97.000000
      0.69702685      0.57584590      -1.0000000      -1.0000000      -1.0000000
      -1.0000000      -1.0000000      -1.0000000      -1.0000000      -1.0000000
      -1.0000000
       1.0000000       103.00000      0.50304753      -1.0000000       2.0000000
    0.0017315473     0.038038407      -1.0000000      -1.0000000      -1.0000000
      -1.0000000      -1.0000000      -1.0000000      -1.0000000      -1.0000000
      -1.0000000
       0.0000000       102.00000      0.52456582       1484.0000       321747.00
       1.7676615      0.83605015      0.34521654      0.17857140      0.12025533
       6.2401962       10.353623      -6.6421881       114.26010       9.6128397
       124.28719
       0.0000000       101.00000      0.54639220       1491.0000       318588.00
       1.7265387      0.61352825      0.34617260     0.037037015      0.12331002
       9.6544619       9.5106630      -6.6367846       120.74004       8.2274275
       119.07477
       1.0000000       101.00000      0.54639220      -1.0000000       2.0000000
   0.00043686996     0.042565143      -1.0000000      -1.0000000      -1.0000000
      -1.0000000      -1.0000000      -1.0000000      -1.0000000      -1.0000000
      -1.0000000
       0.0000000       100.00000      0.57598084       1463.0000       313273.00
       1.7032157      0.75764370      0.33664817      0.13793099      0.13689025
       6.5594797       9.0292454      -5.8841972       132.28302       9.4634924
       105.27784
       1.0000000       100.00000      0.57598084      -1.0000000       2.0000000
     0.011823943      0.10946416      -1.0000000      -1.0000000      -1.0000000
      -1.0000000      -1.0000000      -1.0000000      -1.0000000      -1.0000000
      -1.0000000
       0.0000000       99.000000      0.59854329       1425.0000       306640.00
       1.7639724      0.54281884      0.35108310      0.10000008      0.23593868
       12.198594       17.039186      -11.230234       141.70020       10.744136
       87.725746
       0.0000000       98.000000      0.62142873       1420.0000       302777.00
       1.8615057      0.84056687      0.37877086      0.10714287      0.35130757
       50.322933       137.57314      -104.62352       137.98737       12.040833
       93.635399
       0.0000000       97.000000      0.64464182       1437.0000       301068.00
       1.6060929      0.74355024      0.34758079      0.16666669      0.36547422
       6.2200737       7.8416615      -16.429234       119.58274       7.5587015
       124.72224
       1.0000000       97.000000      0.64464182      -1.0000000       2.0000000
   0.00091713254       0.0000000      -1.0000000      -1.0000000      -1.0000000
      -1.0000000      -1.0000000      -1.0000000      -1.0000000      -1.0000000
      -1.0000000
       0.0000000       96.000000      0.67611039       1449.0000       298153.00
       1.5461919      0.72822481      0.36375767      0.22580642      0.13933207
       9.3682404       7.2973118      -14.888123       101.50579       6.9961658
       28.995728
       1.0000000       96.000000      0.67611039      -1.0000000       2.0000000
    0.0035209535      0.10424146      -1.0000000      -1.0000000      -1.0000000
      -1.0000000      -1.0000000      -1.0000000      -1.0000000      -1.0000000
      -1.0000000
       0.0000000       95.000000      0.70010638       1467.0000       295474.00
       1.5465753      0.74188852      0.35927048      0.17241371      0.11646273
       10.198411       12.571254      -11.953349       103.32896       7.1949134
       32.675728
       0.0000000       94.000000      0.73263615       1512.0000       293871.00
       1.5130837      0.81781572      0.36512592      0.17241371      0.12535422
       11.168081       18.964443      -11.094184       101.55220       7.4333334
       42.456966
       0.0000000       93.000000      0.75744140       1549.0000       291299.00
       1.5314883       1.0011768      0.37100622      0.19999999      0.13397178
       13.599438       22.316483      -6.1423368       100.74316       7.8442149
       46.338623
       1.0000000       93.000000      0.75744140      -1.0000000       1.0000000
   0.00059143745       0.0000000      -1.0000000      -1.0000000      -1.0000000
      -1.0000000      -1.0000000      -1.0000000      -1.0000000      -1.0000000
      -1.0000000
       0.0000000       92.000000      0.79106826      -1.0000000       286309.00
       1.4658626       1.0016108      -1.0000000      -1.0000000      -1.0000000
      -1.0000000      -1.0000000      -1.0000000       95.747238       7.3756423
       53.223755
       1.0000000       92.000000      0.79106826      -1.0000000       1.0000000
    0.0015085161       0.0000000      -1.0000000      -1.0000000      -1.0000000
      -1.0000000      -1.0000000      -1.0000000      -1.0000000      -1.0000000
      -1.0000000
       0.0000000       91.000000      0.81671000      -1.0000000       285293.00
       1.4511999      0.91764879      -1.0000000      -1.0000000      -1.0000000
      -1.0000000      -1.0000000      -1.0000000       93.803314       7.4160390
       53.980854
       0.0000000       90.000000      0.85147089      -1.0000000       279827.00
       1.4209690      0.93689013      -1.0000000      -1.0000000      -1.0000000
      -1.0000000      -1.0000000      -1.0000000       93.606834       7.2848029
       57.706081
       0.0000000       89.000000      0.88689691      -1.0000000       277303.00
       1.3878597      0.94917798      -1.0000000      -1.0000000      -1.0000000
      -1.0000000      -1.0000000      -1.0000000       93.035194       7.2132511
       63.639587
       0.0000000       88.000000      0.92300081      -1.0000000       342671.00
       1.3746865      0.93084252      -1.0000000      -1.0000000      -1.0000000
      -1.0000000      -1.0000000      -1.0000000       91.902893       7.1266274
       70.451111
       1.0000000       88.000000      0.92300081      -1.0000000       1.0000000
   0.00055957533     0.022034369      -1.0000000      -1.0000000      -1.0000000
      -1.0000000      -1.0000000      -1.0000000      -1.0000000      -1.0000000
      -1.0000000
       0.0000000       87.000000      0.95053136      -1.0000000       339902.00
       1.3508410      0.83102262      -1.0000000      -1.0000000      -1.0000000
      -1.0000000      -1.0000000      -1.0000000       91.242867       7.1131864
       71.892326
       0.0000000       86.000000      0.98785281      -1.0000000       334258.00
       1.3426664      0.82097799      -1.0000000      -1.0000000      -1.0000000
      -1.0000000      -1.0000000      -1.0000000       91.389328       6.8782759
       74.671066
       1.0000000       86.000000      0.98785281      -1.0000000       1.0000000
    0.0019678352     0.036808640      -1.0000000      -1.0000000      -1.0000000
      -1.0000000      -1.0000000      -1.0000000      -1.0000000      -1.0000000
      -1.0000000
       0.0000000       85.000000      0.99729425      -1.0000000       332775.00
       1.3295257      0.82513332      -1.0000000      -1.0000000      -1.0000000
      -1.0000000      -1.0000000      -1.0000000       91.339531       6.8899570
       76.327660
       0.0000000       84.000000       1.0355104      -1.0000000       328467.00
       1.3311400      0.65241760      -1.0000000      -1.0000000      -1.0000000
      -1.0000000      -1.0000000      -1.0000000       90.867706       6.7677026
       78.879402
       0.0000000       83.000000       1.0744579      -1.0000000       322339.00
       1.3221860      0.54672831      -1.0000000      -1.0000000      -1.0000000
      -1.0000000      -1.0000000      -1.0000000       91.595917       6.5747695
       79.624779
       1.0000000       83.000000       1.0744579      -1.0000000       1.0000000
   0.00056154910       0.0000000      -1.0000000      -1.0000000      -1.0000000
      -1.0000000      -1.0000000      -1.0000000      -1.0000000      -1.0000000
      -1.0000000
       0.0000000       82.000000       1.1141505      -1.0000000       315008.00
       1.3021688      0.50423950      -1.0000000      -1.0000000      -1.0000000
      -1.0000000      -1.0000000      -1.0000000       93.807793       6.5197787
       78.733635
       0.0000000       81.000000       1.1546028      -1.0000000       307063.00
       1.2554822      0.61482668      -1.0000000      -1.0000000      -1.0000000
      -1.0000000      -1.0000000      -1.0000000       97.057411       6.1590643
       76.039925
       1.0000000       81.000000       1.1546028      -1.0000000       1.0000000
   0.00026289604     0.029711265      -1.0000000      -1.0000000      -1.0000000
      -1.0000000      -1.0000000      -1.0000000      -1.0000000      -1.0000000
      -1.0000000
       0.0000000       80.000000       1.2062581      -1.0000000       291398.00
       1.2897304      0.89354968      -1.0000000      -1.0000000      -1.0000000
      -1.0000000      -1.0000000      -1.0000000       99.833832       6.8860030
       73.181671
       0.0000000       79.000000       1.2484726      -1.0000000       285879.00
       1.1944445       1.3966866      -1.0000000      -1.0000000      -1.0000000
      -1.0000000      -1.0000000      -1.0000000       98.271599       6.8466659
       73.561592
       0.0000000       78.000000       1.3023784      -1.0000000       278138.00
       1.1294210       1.0918472      -1.0000000      -1.0000000      -1.0000000
      -1.0000000      -1.0000000      -1.0000000       97.458435       6.7166123
       79.599915
       0.0000000       77.000000       1.3575766      -1.0000000       271623.00
       1.0507371       1.2002618      -1.0000000      -1.0000000      -1.0000000
      -1.0000000      -1.0000000      -1.0000000       97.055420       6.7104769
       82.660141
       1.0000000       77.000000       1.3575766      -1.0000000       1.0000000
     0.029708449      0.14405914      -1.0000000      -1.0000000      -1.0000000
      -1.0000000      -1.0000000      -1.0000000      -1.0000000      -1.0000000
      -1.0000000
       0.0000000       76.000000       1.4140983      -1.0000000       264785.00
       1.0118780       1.1878221      -1.0000000      -1.0000000      -1.0000000
      -1.0000000      -1.0000000      -1.0000000       98.544907       7.2133341
       80.218544
       0.0000000       75.000000       1.4719748      -1.0000000       258321.00
      0.94303125       1.4290761      -1.0000000      -1.0000000      -1.0000000
      -1.0000000      -1.0000000      -1.0000000       106.04346       7.2848649
       74.477478
       1.0000000       75.000000       1.4719748      -1.0000000       1.0000000
       0.0000000       0.0000000      -1.0000000      -1.0000000      -1.0000000
      -1.0000000      -1.0000000      -1.0000000      -1.0000000      -1.0000000
      -1.0000000
       0.0000000       74.000000       1.5312390      -1.0000000       252435.00
      0.90570116       1.4467422      -1.0000000      -1.0000000      -1.0000000
      -1.0000000      -1.0000000      -1.0000000       110.79241       8.8383541
       70.087944
       0.0000000       73.000000       1.6042346      -1.0000000       243808.00
      0.85667926      0.90112489      -1.0000000      -1.0000000      -1.0000000
      -1.0000000      -1.0000000      -1.0000000       97.956306       6.7970152
       83.796204
       1.0000000       73.000000       1.6042346      -1.0000000       1.0000000
       0.0000000       0.0000000      -1.0000000      -1.0000000      -1.0000000
      -1.0000000      -1.0000000      -1.0000000      -1.0000000      -1.0000000
      -1.0000000
       0.0000000       72.000000       1.6666696      -1.0000000       232661.00
      0.85800529      0.88752127      -1.0000000      -1.0000000      -1.0000000
      -1.0000000      -1.0000000      -1.0000000       97.099602       7.1122766
       79.062958
       0.0000000       71.000000       1.7435706      -1.0000000       222021.00
      0.80639988       1.2800485      -1.0000000      -1.0000000      -1.0000000
      -1.0000000      -1.0000000      -1.0000000       97.059029       6.8269043
       76.236282
       0.0000000       70.000000       1.8226893      -1.0000000       219927.00
      0.74847591       1.1818773      -1.0000000      -1.0000000      -1.0000000
      -1.0000000      -1.0000000      -1.0000000       97.924461       6.4440737
       71.773247
       0.0000000       69.000000       1.9040896      -1.0000000       221324.00
      0.68273705       1.3545213      -1.0000000      -1.0000000      -1.0000000
      -1.0000000      -1.0000000      -1.0000000       96.689049       6.5941730
       71.398529
       0.0000000       68.000000       2.0020282      -1.0000000       209379.00
      0.64507383       1.2766968      -1.0000000      -1.0000000      -1.0000000
      -1.0000000      -1.0000000      -1.0000000       94.124298       6.6164460
       74.767464
       0.0000000       67.000000       2.1032696      -1.0000000       200185.00
      0.58670962       1.0738741      -1.0000000      -1.0000000      -1.0000000
      -1.0000000      -1.0000000      -1.0000000       90.760956       6.3733959
       79.267441
       0.0000000       66.000000       2.2079256      -1.0000000       187506.00
      0.53663361       1.2259067      -1.0000000      -1.0000000      -1.0000000
      -1.0000000      -1.0000000      -1.0000000       89.150826       5.8803802
       87.153488
       1.0000000       66.000000       2.2079256      -1.0000000       3.0000000
   0.00048212952       0.0000000      -1.0000000      -1.0000000      -1.0000000
      -1.0000000      -1.0000000      -1.0000000      -1.0000000      -1.0000000
      -1.0000000
       0.0000000       65.000000       2.3161108      -1.0000000       175910.00
      0.49836922      0.89812905      -1.0000000      -1.0000000      -1.0000000
      -1.0000000      -1.0000000      -1.0000000       90.931664       5.3270507
       87.382332
       1.0000000       65.000000       2.3161108      -1.0000000       2.0000000
   0.00098027138     0.010777298      -1.0000000      -1.0000000      -1.0000000
      -1.0000000      -1.0000000      -1.0000000      -1.0000000      -1.0000000
      -1.0000000
       0.0000000       64.000000       2.4442258      -1.0000000       160178.00
      0.46205047      0.85566014      -1.0000000      -1.0000000      -1.0000000
      -1.0000000      -1.0000000      -1.0000000       98.554611       5.3684893
       77.455719
       1.0000000       64.000000       2.4442258      -1.0000000       2.0000000
   0.00031707209   0.00054131297      -1.0000000      -1.0000000      -1.0000000
      -1.0000000      -1.0000000      -1.0000000      -1.0000000      -1.0000000
      -1.0000000
       0.0000000       63.000000       2.5772903      -1.0000000       144517.00
      0.40634176       1.3942641      -1.0000000      -1.0000000      -1.0000000
      -1.0000000      -1.0000000      -1.0000000       102.22859       5.3440452
       75.035156
       0.0000000       62.000000       2.7331426      -1.0000000       130017.00
      0.31327313       1.1524483      -1.0000000      -1.0000000      -1.0000000
      -1.0000000      -1.0000000      -1.0000000       97.731827       4.4855137
       86.596535
       1.0000000       62.000000       2.7331426      -1.0000000       4.0000000
       0.0000000       0.0000000      -1.0000000      -1.0000000      -1.0000000
      -1.0000000      -1.0000000      -1.0000000      -1.0000000      -1.0000000
      -1.0000000
       0.0000000       61.000000       2.8957851      -1.0000000       117076.00
      0.27093086      0.91093272      -1.0000000      -1.0000000      -1.0000000
      -1.0000000      -1.0000000      -1.0000000       93.454834       4.4903173
       93.870529
       1.0000000       61.000000       2.8957851      -1.0000000       2.0000000
       0.0000000       0.0000000      -1.0000000      -1.0000000      -1.0000000
      -1.0000000      -1.0000000      -1.0000000      -1.0000000      -1.0000000
      -1.0000000
